gG 259
M 150
K 299
gG 196
A 259
L 150
H 299
A 0
L 196
M 0
K 196
H 0

0.0 0.0 0.0
0.0019305019305019305 0.0011145758092463028 0.0
0.003861003861003861 0.0022291516184926056 0.0
0.005791505791505792 0.003343727427738909 0.0
0.007722007722007722 0.004458303236985211 0.0
0.009652509652509652 0.0055728790462315145 0.0
0.011583011583011584 0.006687454855477818 0.0
0.013513513513513514 0.00780203066472412 0.0
0.015444015444015444 0.008916606473970422 0.0
0.017374517374517374 0.010031182283216726 0.0
0.019305019305019305 0.011145758092463029 0.0
0.021235521235521235 0.01226033390170933 0.0
0.02316602316602317 0.013374909710955635 0.0
0.0250965250965251 0.014489485520201939 0.0
0.02702702702702703 0.01560406132944824 0.0
0.02895752895752896 0.016718637138694543 0.0
0.03088803088803089 0.017833212947940845 0.0
0.03281853281853282 0.01894778875718715 0.0
0.03474903474903475 0.02006236456643345 0.0
0.03667953667953668 0.021176940375679756 0.0
0.03861003861003861 0.022291516184926058 0.0
0.04054054054054054 0.02340609199417236 0.0
0.04247104247104247 0.02452066780341866 0.0
0.0444015444015444 0.025635243612664966 0.0
0.04633204633204634 0.02674981942191127 0.0
0.04826254826254826 0.027864395231157572 0.0
0.0501930501930502 0.028978971040403877 0.0
0.052123552123552123 0.030093546849650175 0.0
0.05405405405405406 0.03120812265889648 0.0
0.055984555984555984 0.032322698468142785 0.0
0.05791505791505792 0.03343727427738909 0.0
0.059845559845559844 0.03455185008663539 0.0
0.06177606177606178 0.03566642589588169 0.0
0.0637065637065637 0.03678100170512799 0.0
0.06563706563706564 0.0378955775143743 0.0
0.06756756756756757 0.0390101533236206 0.0
0.0694980694980695 0.0401247291328669 0.0
0.07142857142857142 0.041239304942113204 0.0
0.07335907335907337 0.04235388075135951 0.0
0.07528957528957529 0.043468456560605814 0.0
0.07722007722007722 0.044583032369852116 0.0
0.07915057915057916 0.045697608179098424 0.0
0.08108108108108109 0.04681218398834472 0.0
0.08301158301158301 0.04792675979759102 0.0
0.08494208494208494 0.04904133560683732 0.0
0.08687258687258688 0.05015591141608363 0.0
0.0888030888030888 0.05127048722532993 0.0
0.09073359073359073 0.05238506303457623 0.0
0.09266409266409267 0.05349963884382254 0.0
0.0945945945945946 0.05461421465306884 0.0
0.09652509652509653 0.055728790462315145 0.0
0.09845559845559845 0.056843366271561446 0.0
0.1003861003861004 0.057957942080807755 0.0
0.10231660231660232 0.059072517890054056 0.0
0.10424710424710425 0.06018709369930035 0.0
0.10617760617760617 0.06130166950854665 0.0
0.10810810810810811 0.06241624531779296 0.0
0.11003861003861004 0.06353082112703927 0.0
0.11196911196911197 0.06464539693628557 0.0
0.11389961389961391 0.06575997274553187 0.0
0.11583011583011583 0.06687454855477817 0.0
0.11776061776061776 0.06798912436402448 0.0
0.11969111969111969 0.06910370017327078 0.0
0.12162162162162163 0.07021827598251708 0.0
0.12355212355212356 0.07133285179176338 0.0
0.12548262548262548 0.07244742760100968 0.0
0.1274131274131274 0.07356200341025598 0.0
0.12934362934362933 0.07467657921950228 0.0
0.1312741312741313 0.0757911550287486 0.0
0.13320463320463322 0.0769057308379949 0.0
0.13513513513513514 0.0780203066472412 0.0
0.13706563706563707 0.0791348824564875 0.0
0.138996138996139 0.0802494582657338 0.0
0.14092664092664092 0.08136403407498011 0.0
0.14285714285714285 0.08247860988422641 0.0
0.1447876447876448 0.08359318569347272 0.0
0.14671814671814673 0.08470776150271903 0.0
0.14864864864864866 0.08582233731196533 0.0
0.15057915057915058 0.08693691312121163 0.0
0.1525096525096525 0.08805148893045793 0.0
0.15444015444015444 0.08916606473970423 0.0
0.15637065637065636 0.09028064054895053 0.0
0.15830115830115832 0.09139521635819685 0.0
0.16023166023166024 0.09250979216744315 0.0
0.16216216216216217 0.09362436797668944 0.0
0.1640926640926641 0.09473894378593574 0.0
0.16602316602316602 0.09585351959518204 0.0
0.16795366795366795 0.09696809540442834 0.0
0.16988416988416988 0.09808267121367464 0.0
0.17181467181467183 0.09919724702292096 0.0
0.17374517374517376 0.10031182283216726 0.0
0.17567567567567569 0.10142639864141356 0.0
0.1776061776061776 0.10254097445065986 0.0
0.17953667953667954 0.10365555025990617 0.0
0.18146718146718147 0.10477012606915247 0.0
0.1833976833976834 0.10588470187839877 0.0
0.18532818532818535 0.10699927768764508 0.0
0.18725868725868727 0.10811385349689139 0.0
0.1891891891891892 0.10922842930613769 0.0
0.19111969111969113 0.11034300511538399 0.0
0.19305019305019305 0.11145758092463029 0.0
0.19498069498069498 0.11257215673387659 0.0
0.1969111969111969 0.11368673254312289 0.0
0.19884169884169883 0.1148013083523692 0.0
0.2007722007722008 0.11591588416161551 0.0
0.20270270270270271 0.11703045997086181 0.0
0.20463320463320464 0.11814503578010811 0.0
0.20656370656370657 0.1192596115893544 0.0
0.2084942084942085 0.1203741873986007 0.0
0.21042471042471042 0.121488763207847 0.0
0.21235521235521235 0.1226033390170933 0.0
0.2142857142857143 0.12371791482633962 0.0
0.21621621621621623 0.12483249063558592 0.0
0.21814671814671815 0.12594706644483222 0.0
0.22007722007722008 0.12706164225407854 0.0
0.222007722007722 0.12817621806332483 0.0
0.22393822393822393 0.12929079387257114 0.0
0.22586872586872586 0.13040536968181743 0.0
0.22779922779922782 0.13151994549106374 0.0
0.22972972972972974 0.13263452130031006 0.0
0.23166023166023167 0.13374909710955635 0.0
0.2335907335907336 0.13486367291880264 0.0
0.23552123552123552 0.13597824872804895 0.0
0.23745173745173745 0.13709282453729524 0.0
0.23938223938223938 0.13820740034654155 0.0
0.24131274131274133 0.13932197615578787 0.0
0.24324324324324326 0.14043655196503416 0.0
0.24517374517374518 0.14155112777428047 0.0
0.2471042471042471 0.14266570358352676 0.0
0.24903474903474904 0.14378027939277307 0.0
0.25096525096525096 0.14489485520201936 0.0
0.2528957528957529 0.14600943101126568 0.0
0.2548262548262548 0.14712400682051197 0.0
0.25675675675675674 0.14823858262975828 0.0
0.25868725868725867 0.14935315843900457 0.0
0.2606177606177606 0.15046773424825088 0.0
0.2625482625482626 0.1515823100574972 0.0
0.2644787644787645 0.15269688586674351 0.0
0.26640926640926643 0.1538114616759898 0.0
0.26833976833976836 0.15492603748523612 0.0
0.2702702702702703 0.1560406132944824 0.0
0.2722007722007722 0.15715518910372872 0.0
0.27413127413127414 0.158269764912975 0.0
0.27606177606177607 0.1593843407222213 0.0
0.277992277992278 0.1604989165314676 0.0
0.2799227799227799 0.1616134923407139 0.0
0.28185328185328185 0.16272806814996021 0.0
0.28378378378378377 0.1638426439592065 0.0
0.2857142857142857 0.16495721976845282 0.0
0.2876447876447876 0.1660717955776991 0.0
0.2895752895752896 0.16718637138694545 0.0
0.29150579150579153 0.16830094719619174 0.0
0.29343629343629346 0.16941552300543805 0.0
0.2953667953667954 0.17053009881468434 0.0
0.2972972972972973 0.17164467462393065 0.0
0.29922779922779924 0.17275925043317694 0.0
0.30115830115830117 0.17387382624242326 0.0
0.3030888030888031 0.17498840205166954 0.0
0.305019305019305 0.17610297786091586 0.0
0.30694980694980695 0.17721755367016215 0.0
0.3088803088803089 0.17833212947940846 0.0
0.3108108108108108 0.17944670528865475 0.0
0.3127413127413127 0.18056128109790107 0.0
0.31467181467181465 0.18167585690714735 0.0
0.31660231660231664 0.1827904327163937 0.0
0.31853281853281856 0.18390500852563998 0.0
0.3204633204633205 0.1850195843348863 0.0
0.3223938223938224 0.1861341601441326 0.0
0.32432432432432434 0.18724873595337888 0.0
0.32625482625482627 0.1883633117626252 0.0
0.3281853281853282 0.18947788757187148 0.0
0.3301158301158301 0.1905924633811178 0.0
0.33204633204633205 0.19170703919036408 0.0
0.333976833976834 0.1928216149996104 0.0
0.3359073359073359 0.19393619080885668 0.0
0.33783783783783783 0.195050766618103 0.0
0.33976833976833976 0.1961653424273493 0.0
0.3416988416988417 0.1972799182365956 0.0
0.34362934362934366 0.19839449404584192 0.0
0.3455598455598456 0.19950906985508823 0.0
0.3474903474903475 0.20062364566433452 0.0
0.34942084942084944 0.20173822147358084 0.0
0.35135135135135137 0.20285279728282712 0.0
0.3532818532818533 0.20396737309207344 0.0
0.3552123552123552 0.20508194890131973 0.0
0.35714285714285715 0.20619652471056604 0.0
0.3590733590733591 0.20731110051981233 0.0
0.361003861003861 0.20842567632905865 0.0
0.36293436293436293 0.20954025213830493 0.0
0.36486486486486486 0.21065482794755122 0.0
0.3667953667953668 0.21176940375679754 0.0
0.3687258687258687 0.21288397956604382 0.0
0.3706563706563707 0.21399855537529017 0.0
0.3725868725868726 0.21511313118453645 0.0
0.37451737451737455 0.21622770699378277 0.0
0.3764478764478765 0.21734228280302906 0.0
0.3783783783783784 0.21845685861227537 0.0
0.3803088803088803 0.21957143442152166 0.0
0.38223938223938225 0.22068601023076798 0.0
0.3841698841698842 0.22180058604001426 0.0
0.3861003861003861 0.22291516184926058 0.0
0.38803088803088803 0.22402973765850687 0.0
0.38996138996138996 0.22514431346775318 0.0
0.3918918918918919 0.22625888927699947 0.0
0.3938223938223938 0.22737346508624579 0.0
0.39575289575289574 0.22848804089549207 0.0
0.39768339768339767 0.2296026167047384 0.0
0.39961389961389965 0.2307171925139847 0.0
0.4015444015444016 0.23183176832323102 0.0
0.4034749034749035 0.2329463441324773 0.0
0.40540540540540543 0.23406091994172362 0.0
0.40733590733590735 0.2351754957509699 0.0
0.4092664092664093 0.23629007156021622 0.0
0.4111969111969112 0.2374046473694625 0.0
0.41312741312741313 0.2385192231787088 0.0
0.41505791505791506 0.23963379898795512 0.0
0.416988416988417 0.2407483747972014 0.0
0.4189189189189189 0.24186295060644772 0.0
0.42084942084942084 0.242977526415694 0.0
0.42277992277992277 0.24409210222494032 0.0
0.4247104247104247 0.2452066780341866 0.0
0.4266409266409267 0.24632125384343295 0.0
0.4285714285714286 0.24743582965267924 0.0
0.43050193050193053 0.24855040546192556 0.0
0.43243243243243246 0.24966498127117184 0.0
0.4343629343629344 0.25077955708041816 0.0
0.4362934362934363 0.25189413288966445 0.0
0.43822393822393824 0.25300870869891073 0.0
0.44015444015444016 0.2541232845081571 0.0
0.4420849420849421 0.25523786031740336 0.0
0.444015444015444 0.25635243612664965 0.0
0.44594594594594594 0.25746701193589594 0.0
0.44787644787644787 0.2585815877451423 0.0
0.4498069498069498 0.25969616355438857 0.0
0.4517374517374517 0.26081073936363486 0.0
0.4536679536679537 0.2619253151728812 0.0
0.45559845559845563 0.2630398909821275 0.0
0.45752895752895756 0.2641544667913738 0.0
0.4594594594594595 0.2652690426006201 0.0
0.4613899613899614 0.2663836184098664 0.0
0.46332046332046334 0.2674981942191127 0.0
0.46525096525096526 0.268612770028359 0.0
0.4671814671814672 0.26972734583760527 0.0
0.4691119691119691 0.2708419216468516 0.0
0.47104247104247104 0.2719564974560979 0.0
0.47297297297297297 0.2730710732653442 0.0
0.4749034749034749 0.2741856490745905 0.0
0.4768339768339768 0.2753002248838368 0.0
0.47876447876447875 0.2764148006930831 0.0
0.48069498069498073 0.27752937650232945 0.0
0.48262548262548266 0.27864395231157574 0.0
0.4845559845559846 0.279758528120822 0.0
0.4864864864864865 0.2808731039300683 0.0
0.48841698841698844 0.28198767973931466 0.0
0.49034749034749037 0.28310225554856094 0.0
0.4922779922779923 0.28421683135780723 0.0
0.4942084942084942 0.2853314071670535 0.0
0.49613899613899615 0.28644598297629986 0.0
0.4980694980694981 0.28756055878554615 0.0
0.5 0.28867513459479244 0.0
0.4988888888888889 0.29059963549209106 0.0
0.49777777777777776 0.2925241363893897 0.0
0.49666666666666665 0.2944486372866883 0.0
0.4955555555555555 0.2963731381839869 0.0
0.49444444444444446 0.29829763908128554 0.0
0.49333333333333335 0.30022213997858416 0.0
0.4922222222222222 0.3021466408758827 0.0
0.4911111111111111 0.30407114177318134 0.0
0.49 0.30599564267047996 0.0
0.4888888888888889 0.3079201435677786 0.0
0.48777777777777775 0.3098446444650772 0.0
0.4866666666666667 0.3117691453623759 0.0
0.4855555555555556 0.31369364625967444 0.0
0.48444444444444446 0.31561814715697306 0.0
0.48333333333333334 0.3175426480542717 0.0
0.4822222222222222 0.3194671489515703 0.0
0.4811111111111111 0.3213916498488689 0.0
0.48 0.32331615074616754 0.0
0.47888888888888886 0.32524065164346616 0.0
0.47777777777777775 0.3271651525407647 0.0
0.4766666666666667 0.3290896534380634 0.0
0.47555555555555556 0.331014154335362 0.0
0.47444444444444445 0.33293865523266064 0.0
0.47333333333333333 0.3348631561299592 0.0
0.4722222222222222 0.3367876570272578 0.0
0.4711111111111111 0.33871215792455645 0.0
0.47 0.34063665882185507 0.0
0.4688888888888889 0.34256115971915374 0.0
0.4677777777777778 0.34448566061645236 0.0
0.4666666666666667 0.346410161513751 0.0
0.46555555555555556 0.3483346624110496 0.0
0.46444444444444444 0.35025916330834816 0.0
0.4633333333333333 0.3521836642056468 0.0
0.4622222222222222 0.3541081651029454 0.0
0.4611111111111111 0.35603266600024397 0.0
0.45999999999999996 0.3579571668975426 0.0
0.4588888888888889 0.35988166779484126 0.0
0.4577777777777778 0.3618061686921399 0.0
0.45666666666666667 0.3637306695894385 0.0
0.45555555555555555 0.3656551704867371 0.0
0.45444444444444443 0.36757967138403574 0.0
0.4533333333333333 0.36950417228133436 0.0
0.4522222222222222 0.371428673178633 0.0
0.45111111111111113 0.3733531740759316 0.0
0.45 0.3752776749732302 0.0
0.4488888888888889 0.3772021758705288 0.0
0.4477777777777778 0.3791266767678274 0.0
0.44666666666666666 0.38105117766512603 0.0
0.44555555555555554 0.38297567856242465 0.0
0.4444444444444444 0.38490017945972327 0.0
0.4433333333333333 0.3868246803570219 0.0
0.4422222222222222 0.3887491812543205 0.0
0.4411111111111111 0.39067368215161913 0.0
0.44 0.39259818304891775 0.0
0.4388888888888889 0.39452268394621637 0.0
0.43777777777777777 0.39644718484351493 0.0
0.43666666666666665 0.3983716857408136 0.0
0.43555555555555553 0.4002961866381122 0.0
0.4344444444444444 0.40222068753541085 0.0
0.43333333333333335 0.4041451884327094 0.0
0.4322222222222222 0.40606968933000803 0.0
0.4311111111111111 0.4079941902273067 0.0
0.43 0.40991869112460533 0.0
0.4288888888888889 0.4118431920219039 0.0
0.42777777777777776 0.4137676929192025 0.0
0.42666666666666664 0.41569219381650113 0.0
0.4255555555555556 0.41761669471379975 0.0
0.4244444444444444 0.41954119561109837 0.0
0.42333333333333334 0.421465696508397 0.0
0.4222222222222222 0.4233901974056956 0.0
0.4211111111111111 0.42531469830299423 0.0
0.42 0.42723919920029285 0.0
0.41888888888888887 0.4291637000975914 0.0
0.41777777777777775 0.4310882009948901 0.0
0.41666666666666663 0.43301270189218866 0.0
0.41555555555555557 0.43493720278948733 0.0
0.4144444444444444 0.4368617036867859 0.0
0.41333333333333333 0.4387862045840845 0.0
0.4122222222222222 0.44071070548138314 0.0
0.4111111111111111 0.44263520637868176 0.0
0.41 0.4445597072759804 0.0
0.40888888888888886 0.446484208173279 0.0
0.4077777777777778 0.4484087090705776 0.0
0.4066666666666666 0.45033320996787624 0.0
0.40555555555555556 0.45225771086517486 0.0
0.40444444444444444 0.4541822117624735 0.0
0.4033333333333333 0.4561067126597721 0.0
0.4022222222222222 0.4580312135570707 0.0
0.4011111111111111 0.4599557144543693 0.0
0.39999999999999997 0.46188021535166796 0.0
0.39888888888888885 0.4638047162489665 0.0
0.3977777777777778 0.4657292171462652 0.0
0.3966666666666666 0.46765371804356376 0.0
0.39555555555555555 0.46957821894086244 0.0
0.39444444444444443 0.471502719838161 0.0
0.3933333333333333 0.4734272207354596 0.0
0.3922222222222222 0.47535172163275824 0.0
0.3911111111111111 0.47727622253005686 0.0
0.39 0.47920072342735553 0.0
0.38888888888888884 0.48112522432465404 0.0
0.3877777777777778 0.4830497252219527 0.0
0.38666666666666666 0.48497422611925134 0.0
0.38555555555555554 0.48689872701654996 0.0
0.3844444444444444 0.4888232279138485 0.0
0.3833333333333333 0.4907477288111472 0.0
0.3822222222222222 0.49267222970844576 0.0
0.38111111111111107 0.49459673060574444 0.0
0.38 0.49652123150304306 0.0
0.37888888888888883 0.4984457324003416 0.0
0.37777777777777777 0.5003702332976403 0.0
0.37666666666666665 0.5022947341949389 0.0
0.37555555555555553 0.5042192350922374 0.0
0.3744444444444444 0.5061437359895361 0.0
0.3733333333333333 0.5080682368868348 0.0
0.37222222222222223 0.5099927377841333 0.0
0.37111111111111106 0.5119172386814319 0.0
0.37 0.5138417395787306 0.0
0.3688888888888889 0.5157662404760293 0.0
0.36777777777777776 0.5176907413733278 0.0
0.36666666666666664 0.5196152422706264 0.0
0.3655555555555555 0.5215397431679251 0.0
0.3644444444444444 0.5234642440652237 0.0
0.3633333333333333 0.5253887449625222 0.0
0.3622222222222222 0.527313245859821 0.0
0.36111111111111105 0.5292377467571195 0.0
0.36 0.5311622476544181 0.0
0.35888888888888887 0.5330867485517168 0.0
0.35777777777777775 0.5350112494490153 0.0
0.35666666666666663 0.536935750346314 0.0
0.3555555555555555 0.5388602512436126 0.0
0.35444444444444445 0.5407847521409113 0.0
0.3533333333333333 0.5427092530382098 0.0
0.3522222222222222 0.5446337539355085 0.0
0.3511111111111111 0.5465582548328071 0.0
0.35 0.5484827557301056 0.0
0.34888888888888886 0.5504072566274043 0.0
0.34777777777777774 0.5523317575247029 0.0
0.3466666666666666 0.5542562584220014 0.0
0.3455555555555555 0.5561807593193001 0.0
0.34444444444444444 0.5581052602165988 0.0
0.34333333333333327 0.5600297611138974 0.0
0.3422222222222222 0.561954262011196 0.0
0.3411111111111111 0.5638787629084946 0.0
0.33999999999999997 0.5658032638057933 0.0
0.33888888888888885 0.5677277647030918 0.0
0.33777777777777773 0.5696522656003904 0.0
0.33666666666666667 0.5715767664976891 0.0
0.3355555555555555 0.5735012673949876 0.0
0.33444444444444443 0.5754257682922863 0.0
0.3333333333333333 0.5773502691895849 0.0
0.3322185061315496 0.5754193318344357 0.0
0.3311036789297659 0.5734883944792867 0.0
0.32998885172798215 0.5715574571241376 0.0
0.3288740245261984 0.5696265197689885 0.0
0.3277591973244147 0.5676955824138393 0.0
0.326644370122631 0.5657646450586903 0.0
0.32552954292084724 0.5638337077035411 0.0
0.32441471571906355 0.5619027703483921 0.0
0.3232998885172798 0.5599718329932429 0.0
0.32218506131549607 0.5580408956380938 0.0
0.3210702341137124 0.5561099582829447 0.0
0.31995540691192864 0.5541790209277956 0.0
0.3188405797101449 0.5522480835726464 0.0
0.3177257525083612 0.5503171462174974 0.0
0.3166109253065775 0.5483862088623482 0.0
0.31549609810479373 0.5464552715071991 0.0
0.31438127090301 0.5445243341520499 0.0
0.3132664437012263 0.5425933967969009 0.0
0.31215161649944256 0.5406624594417517 0.0
0.3110367892976588 0.5387315220866026 0.0
0.30992196209587514 0.5368005847314535 0.0
0.3088071348940914 0.5348696473763044 0.0
0.30769230769230765 0.5329387100211552 0.0
0.30657748049052397 0.5310077726660062 0.0
0.3054626532887402 0.529076835310857 0.0
0.3043478260869565 0.527145897955708 0.0
0.3032329988851728 0.5252149606005589 0.0
0.30211817168338906 0.5232840232454098 0.0
0.3010033444816053 0.5213530858902606 0.0
0.29988851727982163 0.5194221485351116 0.0
0.2987736900780379 0.5174912111799624 0.0
0.29765886287625415 0.5155602738248133 0.0
0.29654403567447046 0.5136293364696642 0.0
0.2954292084726867 0.5116983991145151 0.0
0.294314381270903 0.5097674617593659 0.0
0.29319955406911924 0.5078365244042168 0.0
0.29208472686733555 0.5059055870490677 0.0
0.2909698996655518 0.5039746496939186 0.0
0.28985507246376807 0.5020437123387694 0.0
0.2887402452619844 0.5001127749836204 0.0
0.28762541806020064 0.49818183762847124 0.0
0.2865105908584169 0.4962509002733221 0.0
0.2853957636566332 0.49431996291817304 0.0
0.2842809364548495 0.49238902556302394 0.0
0.28316610925306573 0.4904580882078748 0.0
0.28205128205128205 0.48852715085272574 0.0
0.2809364548494983 0.4865962134975766 0.0
0.27982162764771457 0.48466527614242744 0.0
0.2787068004459309 0.4827343387872784 0.0
0.27759197324414714 0.48080340143212924 0.0
0.2764771460423634 0.4788724640769801 0.0
0.2753623188405797 0.47694152672183104 0.0
0.27424749163879597 0.4750105893666819 0.0
0.27313266443701223 0.47307965201153274 0.0
0.27201783723522854 0.4711487146563837 0.0
0.2709030100334448 0.4692177773012346 0.0
0.26978818283166106 0.46728683994608544 0.0
0.2686733556298774 0.4653559025909364 0.0
0.26755852842809363 0.46342496523578725 0.0
0.2664437012263099 0.4614940278806381 0.0
0.2653288740245262 0.45956309052548905 0.0
0.26421404682274247 0.4576321531703399 0.0
0.2630992196209587 0.45570121581519074 0.0
0.26198439241917504 0.4537702784600417 0.0
0.2608695652173913 0.45183934110489254 0.0
0.25975473801560756 0.4499084037497434 0.0
0.25863991081382387 0.44797746639459435 0.0
0.25752508361204013 0.44604652903944525 0.0
0.2564102564102564 0.4441155916842961 0.0
0.2552954292084727 0.44218465432914705 0.0
0.25418060200668896 0.4402537169739979 0.0
0.2530657748049052 0.43832277961884875 0.0
0.25195094760312153 0.4363918422636997 0.0
0.2508361204013378 0.43446090490855055 0.0
0.24972129319955405 0.4325299675534014 0.0
0.2486064659977703 0.43059903019825224 0.0
0.24749163879598662 0.4286680928431032 0.0
0.24637681159420288 0.42673715548795405 0.0
0.24526198439241914 0.4248062181328049 0.0
0.24414715719063543 0.42287528077765585 0.0
0.24303232998885171 0.42094434342250675 0.0
0.24191750278706797 0.4190134060673576 0.0
0.24080267558528426 0.4170824687122085 0.0
0.23968784838350055 0.4151515313570594 0.0
0.2385730211817168 0.41322059400191025 0.0
0.2374581939799331 0.41128965664676115 0.0
0.23634336677814938 0.40935871929161205 0.0
0.23522853957636564 0.4074277819364629 0.0
0.23411371237458192 0.40549684458131385 0.0
0.2329988851727982 0.4035659072261647 0.0
0.23188405797101447 0.40163496987101555 0.0
0.23076923076923075 0.39970403251586645 0.0
0.22965440356744704 0.3977730951607174 0.0
0.2285395763656633 0.39584215780556825 0.0
0.22742474916387959 0.39391122045041915 0.0
0.22630992196209587 0.39198028309527005 0.0
0.22519509476031213 0.3900493457401209 0.0
0.22408026755852842 0.3881184083849718 0.0
0.2229654403567447 0.3861874710298227 0.0
0.22185061315496096 0.38425653367467355 0.0
0.22073578595317722 0.3823255963195244 0.0
0.21962095875139354 0.38039465896437535 0.0
0.2185061315496098 0.3784637216092262 0.0
0.21739130434782605 0.3765327842540771 0.0
0.21627647714604237 0.37460184689892806 0.0
0.21516164994425863 0.3726709095437789 0.0
0.21404682274247488 0.37073997218862975 0.0
0.21293199554069117 0.36880903483348065 0.0
0.21181716833890746 0.36687809747833156 0.0
0.21070234113712372 0.3649471601231824 0.0
0.20958751393534 0.3630162227680333 0.0
0.2084726867335563 0.3610852854128842 0.0
0.20735785953177255 0.35915434805773505 0.0
0.20624303232998883 0.35722341070258595 0.0
0.20512820512820512 0.35529247334743685 0.0
0.20401337792642138 0.35336153599228776 0.0
0.20289855072463767 0.35143059863713866 0.0
0.20178372352285395 0.34949966128198956 0.0
0.2006688963210702 0.3475687239268404 0.0
0.1995540691192865 0.3456377865716913 0.0
0.19843924191750278 0.3437068492165422 0.0
0.19732441471571904 0.34177591186139306 0.0
0.19620958751393533 0.33984497450624396 0.0
0.1950947603121516 0.3379140371510948 0.0
0.19397993311036787 0.3359830997959457 0.0
0.19286510590858416 0.3340521624407966 0.0
0.19175027870680042 0.3321212250856475 0.0
0.1906354515050167 0.3301902877304984 0.0
0.189520624303233 0.3282593503753493 0.0
0.18840579710144925 0.32632841302020016 0.0
0.18729096989966554 0.32439747566505106 0.0
0.18617614269788182 0.32246653830990196 0.0
0.18506131549609808 0.3205356009547528 0.0
0.18394648829431437 0.3186046635996037 0.0
0.18283166109253063 0.31667372624445456 0.0
0.18171683389074691 0.31474278888930546 0.0
0.1806020066889632 0.31281185153415636 0.0
0.17948717948717946 0.3108809141790072 0.0
0.17837235228539575 0.30894997682385816 0.0
0.17725752508361203 0.30701903946870907 0.0
0.1761426978818283 0.3050881021135599 0.0
0.17502787068004458 0.3031571647584108 0.0
0.17391304347826086 0.3012262274032617 0.0
0.17279821627647712 0.29929529004811256 0.0
0.1716833890746934 0.29736435269296346 0.0
0.1705685618729097 0.29543341533781436 0.0
0.16945373467112596 0.2935024779826652 0.0
0.16833890746934224 0.2915715406275161 0.0
0.1672240802675585 0.28964060327236696 0.0
0.1661092530657748 0.28770966591721786 0.0
0.16499442586399107 0.2857787285620688 0.0
0.16387959866220733 0.28384779120691966 0.0
0.16276477146042362 0.28191685385177057 0.0
0.1616499442586399 0.27998591649662147 0.0
0.16053511705685616 0.2780549791414723 0.0
0.15942028985507245 0.2761240417863232 0.0
0.15830546265328874 0.2741931044311741 0.0
0.157190635451505 0.27226216707602496 0.0
0.15607580824972128 0.27033122972087587 0.0
0.15496098104793754 0.2684002923657267 0.0
0.15384615384615383 0.2664693550105776 0.0
0.1527313266443701 0.2645384176554285 0.0
0.15161649944258637 0.2626074803002794 0.0
0.15050167224080266 0.2606765429451303 0.0
0.14938684503901895 0.2587456055899812 0.0
0.1482720178372352 0.25681466823483207 0.0
0.1471571906354515 0.25488373087968297 0.0
0.14604236343366778 0.25295279352453387 0.0
0.14492753623188404 0.2510218561693847 0.0
0.14381270903010032 0.24909091881423562 0.0
0.1426978818283166 0.24715998145908652 0.0
0.14158305462653287 0.2452290441039374 0.0
0.14046822742474915 0.2432981067487883 0.0
0.1393534002229654 0.24136716939363914 0.0
0.1382385730211817 0.23943623203849004 0.0
0.13712374581939799 0.23750529468334095 0.0
0.13600891861761424 0.2355743573281918 0.0
0.13489409141583053 0.23364341997304272 0.0
0.13377926421404682 0.23171248261789362 0.0
0.13266443701226308 0.22978154526274447 0.0
0.13154960981047936 0.22785060790759537 0.0
0.13043478260869565 0.22591967055244627 0.0
0.1293199554069119 0.22398873319729712 0.0
0.1282051282051282 0.22205779584214805 0.0
0.12709030100334448 0.22012685848699895 0.0
0.12597547380156074 0.2181959211318498 0.0
0.12486064659977703 0.2162649837767007 0.0
0.12374581939799328 0.21433404642155154 0.0
0.12263099219620957 0.21240310906640245 0.0
0.12151616499442586 0.21047217171125338 0.0
0.12040133779264212 0.20854123435610422 0.0
0.1192865105908584 0.20661029700095512 0.0
0.11817168338907469 0.20467935964580602 0.0
0.11705685618729095 0.20274842229065687 0.0
0.11594202898550723 0.20081748493550777 0.0
0.11482720178372352 0.1988865475803587 0.0
0.11371237458193978 0.19695561022520955 0.0
0.11259754738015607 0.19502467287006045 0.0
0.11148272017837232 0.19309373551491132 0.0
0.11036789297658861 0.1911627981597622 0.0
0.1092530657748049 0.1892318608046131 0.0
0.10813823857302116 0.18730092344946397 0.0
0.10702341137123744 0.18536998609431488 0.0
0.10590858416945373 0.18343904873916578 0.0
0.10479375696766999 0.18150811138401662 0.0
0.10367892976588627 0.17957717402886753 0.0
0.10256410256410256 0.17764623667371843 0.0
0.10144927536231882 0.1757152993185693 0.0
0.1003344481605351 0.1737843619634202 0.0
0.09921962095875139 0.1718534246082711 0.0
0.09810479375696765 0.16992248725312195 0.0
0.09698996655518394 0.16799154989797285 0.0
0.0958751393534002 0.16606061254282373 0.0
0.09476031215161648 0.16412967518767463 0.0
0.09364548494983277 0.16219873783252553 0.0
0.09253065774804903 0.16026780047737638 0.0
0.09141583054626531 0.15833686312222728 0.0
0.0903010033444816 0.15640592576707818 0.0
0.08918617614269786 0.15447498841192905 0.0
0.08807134894091415 0.15254405105677996 0.0
0.08695652173913043 0.15061311370163086 0.0
0.08584169453734669 0.1486821763464817 0.0
0.08472686733556298 0.1467512389913326 0.0
0.08361204013377926 0.1448203016361835 0.0
0.08249721293199552 0.14288936428103438 0.0
0.08138238573021178 0.14095842692588523 0.0
0.0802675585284281 0.13902748957073618 0.0
0.07915273132664435 0.13709655221558703 0.0
0.07803790412486061 0.13516561486043788 0.0
0.07692307692307693 0.13323467750528883 0.0
0.07580824972129319 0.1313037401501397 0.0
0.07469342251950944 0.12937280279499055 0.0
0.07357859531772576 0.1274418654398415 0.0
0.07246376811594202 0.12551092808469236 0.0
0.07134894091415828 0.12357999072954322 0.0
0.07023411371237459 0.12164905337439416 0.0
0.06911928651059085 0.11971811601924502 0.0
0.06800445930880711 0.11778717866409588 0.0
0.06688963210702342 0.11585624130894683 0.0
0.06577480490523968 0.11392530395379769 0.0
0.06465997770345594 0.11199436659864855 0.0
0.06354515050167225 0.11006342924349949 0.0
0.06243032329988851 0.10813249188835035 0.0
0.06131549609810477 0.10620155453320121 0.0
0.06020066889632103 0.10427061717805207 0.0
0.059085841694537344 0.10233967982290301 0.0
0.0579710144927536 0.10040874246775387 0.0
0.05685618729096986 0.09847780511260473 0.0
0.055741360089186176 0.09654686775745568 0.0
0.054626532887402435 0.09461593040230654 0.0
0.05351170568561869 0.09268499304715738 0.0
0.05239687848383501 0.09075405569200834 0.0
0.051282051282051266 0.0888231183368592 0.0
0.050167224080267525 0.08689218098171005 0.0
0.04905239687848384 0.084961243626561 0.0
0.0479375696767001 0.08303030627141186 0.0
0.04682274247491636 0.08109936891626271 0.0
0.04570791527313267 0.07916843156111367 0.0
0.04459308807134893 0.07723749420596453 0.0
0.04347826086956519 0.07530655685081537 0.0
0.0423634336677815 0.07337561949566633 0.0
0.04124860646599776 0.07144468214051719 0.0
0.04013377926421402 0.06951374478536804 0.0
0.039018952062430334 0.067582807430219 0.0
0.03790412486064659 0.06565187007506985 0.0
0.03678929765886285 0.0637209327199207 0.0
0.035674470457079166 0.06178999536477166 0.0
0.034559643255295425 0.05985905800962251 0.0
0.03344481605351168 0.05792812065447337 0.0
0.03232998885172794 0.055997183299324224 0.0
0.031215161649944256 0.054066245944175174 0.0
0.030100334448160515 0.052135308589026035 0.0
0.028985507246376774 0.05020437123387689 0.0
0.027870680044593088 0.04827343387872784 0.0
0.026755852842809347 0.04634249652357869 0.0
0.025641025641025605 0.04441155916842955 0.0
0.02452619843924192 0.0424806218132805 0.0
0.02341137123745818 0.040549684458131355 0.0
0.022296544035674437 0.038618747102982215 0.0
0.02118171683389075 0.036687809747833165 0.0
0.02006688963210701 0.03475687239268402 0.0
0.01895206243032327 0.03282593503753488 0.0
0.017837235228539583 0.03089499768238583 0.0
0.01672240802675584 0.028964060327236685 0.0
0.0156075808249721 0.027033122972087542 0.0
0.014492753623188415 0.025102185616938492 0.0
0.013377926421404673 0.023171248261789346 0.0
0.012263099219620932 0.021240310906640202 0.0
0.011148272017837246 0.019309373551491156 0.0
0.010033444816053505 0.01737843619634201 0.0
0.008918617614269764 0.015447498841192866 0.0
0.007803790412486078 0.013516561486043818 0.0
0.006688963210702337 0.011585624130894673 0.0
0.005574136008918595 0.00965468677574553 0.0
0.004459308807134854 0.007723749420596384 0.0
0.0033444816053511683 0.005792812065447336 0.0
0.002229654403567427 0.003861874710298192 0.0
0.0011148272017836858 0.0019309373551490482 0.0
0.0 0.0 0.0
0.0 0.0 0.0022185113796931322
0.0 0.0 0.0044370227593862645
0.0 0.0 0.006655534139079398
0.0 0.0 0.008874045518772529
0.0 0.0 0.011092556898465661
0.0 0.0 0.013311068278158795
0.0 0.0 0.015529579657851927
0.0 0.0 0.017748091037545058
0.0 0.0 0.019966602417238192
0.0 0.0 0.022185113796931322
0.0 0.0 0.024403625176624453
0.0 0.0 0.02662213655631759
0.0 0.0 0.028840647936010717
0.0 0.0 0.031059159315703855
0.0 0.0 0.033277670695396985
0.0 0.0 0.035496182075090116
0.0 0.0 0.03771469345478325
0.0 0.0 0.039933204834476384
0.0 0.0 0.042151716214169514
0.0 0.0 0.044370227593862645
0.0 0.0 0.04658873897355578
0.0 0.0 0.048807250353248906
0.0 0.0 0.05102576173294204
0.0 0.0 0.05324427311263518
0.0 0.0 0.05546278449232831
0.0 0.0 0.057681295872021435
0.0 0.0 0.05989980725171457
0.0 0.0 0.06211831863140771
0.0 0.0 0.06433683001110084
0.0 0.0 0.06655534139079397
0.0 0.0 0.0687738527704871
0.0 0.0 0.07099236415018023
0.0 0.0 0.07321087552987336
0.0 0.0 0.0754293869095665
0.0 0.0 0.07764789828925962
0.0 0.0 0.07986640966895277
0.0 0.0 0.0820849210486459
0.0 0.0 0.08430343242833903
0.0 0.0 0.08652194380803216
0.0 0.0 0.08874045518772529
0.0 0.0 0.09095896656741842
0.0 0.0 0.09317747794711156
0.0 0.0 0.0953959893268047
0.0 0.0 0.09761450070649781
0.0 0.0 0.09983301208619096
0.0 0.0 0.10205152346588409
0.0 0.0 0.10427003484557722
0.0 0.0 0.10648854622527036
0.0 0.0 0.10870705760496348
0.0 0.0 0.11092556898465662
0.0 0.0 0.11314408036434974
0.0 0.0 0.11536259174404287
0.0 0.0 0.11758110312373601
0.0 0.0 0.11979961450342914
0.0 0.0 0.12201812588312227
0.0 0.0 0.12423663726281542
0.0 0.0 0.12645514864250854
0.0 0.0 0.12867366002220168
0.0 0.0 0.13089217140189482
0.0 0.0 0.13311068278158794
0.0 0.0 0.13532919416128106
0.0 0.0 0.1375477055409742
0.0 0.0 0.13976621692066735
0.0 0.0 0.14198472830036046
0.0 0.0 0.1442032396800536
0.0 0.0 0.14642175105974672
0.0 0.0 0.14864026243943987
0.0 0.0 0.150858773819133
0.0 0.0 0.15307728519882613
0.0 0.0 0.15529579657851925
0.0 0.0 0.1575143079582124
0.0 0.0 0.15973281933790553
0.0 0.0 0.16195133071759865
0.0 0.0 0.1641698420972918
0.0 0.0 0.16638835347698494
0.0 0.0 0.16860686485667806
0.0 0.0 0.1708253762363712
0.0 0.0 0.17304388761606432
0.0 0.0 0.17526239899575743
0.0 0.0 0.17748091037545058
0.0 0.0 0.17969942175514372
0.0 0.0 0.18191793313483684
0.0 0.0 0.18413644451452998
0.0 0.0 0.18635495589422313
0.0 0.0 0.18857346727391625
0.0 0.0 0.1907919786536094
0.0 0.0 0.1930104900333025
0.0 0.0 0.19522900141299562
0.0 0.0 0.19744751279268877
0.0 0.0 0.1996660241723819
0.0 0.0 0.20188453555207503
0.0 0.0 0.20410304693176817
0.0 0.0 0.20632155831146132
0.0 0.0 0.20854006969115443
0.0 0.0 0.21075858107084758
0.0 0.0 0.21297709245054072
0.0 0.0 0.2151956038302338
0.0 0.0 0.21741411520992696
0.0 0.0 0.2196326265896201
0.0 0.0 0.22185113796931324
0.0 0.0 0.22406964934900636
0.0 0.0 0.22628816072869948
0.0 0.0 0.22850667210839262
0.0 0.0 0.23072518348808574
0.0 0.0 0.2329436948677789
0.0 0.0 0.23516220624747203
0.0 0.0 0.23738071762716517
0.0 0.0 0.2395992290068583
0.0 0.0 0.24181774038655143
0.0 0.0 0.24403625176624455
0.0 0.0 0.24625476314593767
0.0 0.0 0.24847327452563084
0.0 0.0 0.2506917859053239
0.0 0.0 0.25291029728501707
0.0 0.0 0.2551288086647102
0.0 0.0 0.25734732004440336
0.0 0.0 0.25956583142409645
0.0 0.0 0.26178434280378965
0.0 0.0 0.26400285418348274
0.0 0.0 0.2662213655631759
0.0 0.0 0.268439876942869
0.0 0.0 0.2706583883225621
0.0 0.0 0.27287689970225526
0.0 0.0 0.2750954110819484
0.0 0.0 0.27731392246164155
0.0 0.0 0.2795324338413347
0.0 0.0 0.28175094522102784
0.0 0.0 0.2839694566007209
0.0 0.0 0.28618796798041407
0.0 0.0 0.2884064793601072
0.0 0.0 0.2906249907398003
0.0 0.0 0.29284350211949345
0.0 0.0 0.2950620134991866
0.0 0.0 0.29728052487887974
0.0 0.0 0.2994990362585729
0.0 0.0 0.301717547638266
0.0 0.0 0.3039360590179591
0.0 0.0 0.30615457039765226
0.0 0.0 0.3083730817773454
0.0 0.0 0.3105915931570385
0.0 0.0 0.3128101045367317
0.0 0.0 0.3150286159164248
0.0 0.0 0.3172471272961179
0.0 0.0 0.31946563867581107
0.0 0.0 0.3216841500555042
0.0 0.0 0.3239026614351973
0.0 0.0 0.32612117281489045
0.0 0.0 0.3283396841945836
0.0 0.0 0.3305581955742767
0.0 0.0 0.3327767069539699
0.0 0.0 0.33499521833366297
0.0 0.0 0.3372137297133561
0.0 0.0 0.33943224109304926
0.0 0.0 0.3416507524727424
0.0 0.0 0.3438692638524355
0.0 0.0 0.34608777523212864
0.0 0.0 0.3483062866118218
0.0 0.0 0.35052479799151487
0.0 0.0 0.35274330937120807
0.0 0.0 0.35496182075090116
0.0 0.0 0.3571803321305943
0.0 0.0 0.35939884351028745
0.0 0.0 0.3616173548899806
0.0 0.0 0.3638358662696737
0.0 0.0 0.3660543776493668
0.0 0.0 0.36827288902905997
0.0 0.0 0.37049140040875306
0.0 0.0 0.37270991178844626
0.0 0.0 0.37492842316813935
0.0 0.0 0.3771469345478325
0.0 0.0 0.37936544592752564
0.0 0.0 0.3815839573072188
0.0 0.0 0.38380246868691187
0.0 0.0 0.386020980066605
0.0 0.0 0.38823949144629816
0.0 0.0 0.39045800282599125
0.0 0.0 0.39267651420568445
0.0 0.0 0.39489502558537753
0.0 0.0 0.3971135369650707
0.0 0.0 0.3993320483447638
0.0 0.0 0.40155055972445697
0.0 0.0 0.40376907110415006
0.0 0.0 0.4059875824838432
0.0 0.0 0.40820609386353635
0.0 0.0 0.41042460524322943
0.0 0.0 0.41264311662292263
0.0 0.0 0.4148616280026157
0.0 0.0 0.41708013938230887
0.0 0.0 0.419298650762002
0.0 0.0 0.42151716214169516
0.0 0.0 0.42373567352138825
0.0 0.0 0.42595418490108145
0.0 0.0 0.42817269628077453
0.0 0.0 0.4303912076604676
0.0 0.0 0.4326097190401608
0.0 0.0 0.43482823041985397
0.0019305019305019305 0.0011145758092463028 0.43482823041985397
0.003861003861003861 0.0022291516184926056 0.43482823041985397
0.005791505791505792 0.003343727427738909 0.43482823041985397
0.007722007722007722 0.004458303236985211 0.43482823041985397
0.009652509652509652 0.0055728790462315145 0.43482823041985397
0.011583011583011584 0.006687454855477818 0.43482823041985397
0.013513513513513514 0.00780203066472412 0.43482823041985397
0.015444015444015444 0.008916606473970422 0.43482823041985397
0.017374517374517374 0.010031182283216726 0.43482823041985397
0.019305019305019305 0.011145758092463029 0.43482823041985397
0.021235521235521235 0.01226033390170933 0.43482823041985397
0.02316602316602317 0.013374909710955635 0.43482823041985397
0.0250965250965251 0.014489485520201939 0.43482823041985397
0.02702702702702703 0.01560406132944824 0.43482823041985397
0.02895752895752896 0.016718637138694543 0.43482823041985397
0.03088803088803089 0.017833212947940845 0.43482823041985397
0.03281853281853282 0.01894778875718715 0.43482823041985397
0.03474903474903475 0.02006236456643345 0.43482823041985397
0.03667953667953668 0.021176940375679756 0.43482823041985397
0.03861003861003861 0.022291516184926058 0.43482823041985397
0.04054054054054054 0.02340609199417236 0.43482823041985397
0.04247104247104247 0.02452066780341866 0.43482823041985397
0.0444015444015444 0.025635243612664966 0.43482823041985397
0.04633204633204634 0.02674981942191127 0.43482823041985397
0.04826254826254826 0.027864395231157572 0.43482823041985397
0.0501930501930502 0.028978971040403877 0.43482823041985397
0.052123552123552123 0.030093546849650175 0.43482823041985397
0.05405405405405406 0.03120812265889648 0.43482823041985397
0.055984555984555984 0.032322698468142785 0.43482823041985397
0.05791505791505792 0.03343727427738909 0.43482823041985397
0.059845559845559844 0.03455185008663539 0.43482823041985397
0.06177606177606178 0.03566642589588169 0.43482823041985397
0.0637065637065637 0.03678100170512799 0.43482823041985397
0.06563706563706564 0.0378955775143743 0.43482823041985397
0.06756756756756757 0.0390101533236206 0.43482823041985397
0.0694980694980695 0.0401247291328669 0.43482823041985397
0.07142857142857142 0.041239304942113204 0.43482823041985397
0.07335907335907337 0.04235388075135951 0.43482823041985397
0.07528957528957529 0.043468456560605814 0.43482823041985397
0.07722007722007722 0.044583032369852116 0.43482823041985397
0.07915057915057916 0.045697608179098424 0.43482823041985397
0.08108108108108109 0.04681218398834472 0.43482823041985397
0.08301158301158301 0.04792675979759102 0.43482823041985397
0.08494208494208494 0.04904133560683732 0.43482823041985397
0.08687258687258688 0.05015591141608363 0.43482823041985397
0.0888030888030888 0.05127048722532993 0.43482823041985397
0.09073359073359073 0.05238506303457623 0.43482823041985397
0.09266409266409267 0.05349963884382254 0.43482823041985397
0.0945945945945946 0.05461421465306884 0.43482823041985397
0.09652509652509653 0.055728790462315145 0.43482823041985397
0.09845559845559845 0.056843366271561446 0.43482823041985397
0.1003861003861004 0.057957942080807755 0.43482823041985397
0.10231660231660232 0.059072517890054056 0.43482823041985397
0.10424710424710425 0.06018709369930035 0.43482823041985397
0.10617760617760617 0.06130166950854665 0.43482823041985397
0.10810810810810811 0.06241624531779296 0.43482823041985397
0.11003861003861004 0.06353082112703927 0.43482823041985397
0.11196911196911197 0.06464539693628557 0.43482823041985397
0.11389961389961391 0.06575997274553187 0.43482823041985397
0.11583011583011583 0.06687454855477817 0.43482823041985397
0.11776061776061776 0.06798912436402448 0.43482823041985397
0.11969111969111969 0.06910370017327078 0.43482823041985397
0.12162162162162163 0.07021827598251708 0.43482823041985397
0.12355212355212356 0.07133285179176338 0.43482823041985397
0.12548262548262548 0.07244742760100968 0.43482823041985397
0.1274131274131274 0.07356200341025598 0.43482823041985397
0.12934362934362933 0.07467657921950228 0.43482823041985397
0.1312741312741313 0.0757911550287486 0.43482823041985397
0.13320463320463322 0.0769057308379949 0.43482823041985397
0.13513513513513514 0.0780203066472412 0.43482823041985397
0.13706563706563707 0.0791348824564875 0.43482823041985397
0.138996138996139 0.0802494582657338 0.43482823041985397
0.14092664092664092 0.08136403407498011 0.43482823041985397
0.14285714285714285 0.08247860988422641 0.43482823041985397
0.1447876447876448 0.08359318569347272 0.43482823041985397
0.14671814671814673 0.08470776150271903 0.43482823041985397
0.14864864864864866 0.08582233731196533 0.43482823041985397
0.15057915057915058 0.08693691312121163 0.43482823041985397
0.1525096525096525 0.08805148893045793 0.43482823041985397
0.15444015444015444 0.08916606473970423 0.43482823041985397
0.15637065637065636 0.09028064054895053 0.43482823041985397
0.15830115830115832 0.09139521635819685 0.43482823041985397
0.16023166023166024 0.09250979216744315 0.43482823041985397
0.16216216216216217 0.09362436797668944 0.43482823041985397
0.1640926640926641 0.09473894378593574 0.43482823041985397
0.16602316602316602 0.09585351959518204 0.43482823041985397
0.16795366795366795 0.09696809540442834 0.43482823041985397
0.16988416988416988 0.09808267121367464 0.43482823041985397
0.17181467181467183 0.09919724702292096 0.43482823041985397
0.17374517374517376 0.10031182283216726 0.43482823041985397
0.17567567567567569 0.10142639864141356 0.43482823041985397
0.1776061776061776 0.10254097445065986 0.43482823041985397
0.17953667953667954 0.10365555025990617 0.43482823041985397
0.18146718146718147 0.10477012606915247 0.43482823041985397
0.1833976833976834 0.10588470187839877 0.43482823041985397
0.18532818532818535 0.10699927768764508 0.43482823041985397
0.18725868725868727 0.10811385349689139 0.43482823041985397
0.1891891891891892 0.10922842930613769 0.43482823041985397
0.19111969111969113 0.11034300511538399 0.43482823041985397
0.19305019305019305 0.11145758092463029 0.43482823041985397
0.19498069498069498 0.11257215673387659 0.43482823041985397
0.1969111969111969 0.11368673254312289 0.43482823041985397
0.19884169884169883 0.1148013083523692 0.43482823041985397
0.2007722007722008 0.11591588416161551 0.43482823041985397
0.20270270270270271 0.11703045997086181 0.43482823041985397
0.20463320463320464 0.11814503578010811 0.43482823041985397
0.20656370656370657 0.1192596115893544 0.43482823041985397
0.2084942084942085 0.1203741873986007 0.43482823041985397
0.21042471042471042 0.121488763207847 0.43482823041985397
0.21235521235521235 0.1226033390170933 0.43482823041985397
0.2142857142857143 0.12371791482633962 0.43482823041985397
0.21621621621621623 0.12483249063558592 0.43482823041985397
0.21814671814671815 0.12594706644483222 0.43482823041985397
0.22007722007722008 0.12706164225407854 0.43482823041985397
0.222007722007722 0.12817621806332483 0.43482823041985397
0.22393822393822393 0.12929079387257114 0.43482823041985397
0.22586872586872586 0.13040536968181743 0.43482823041985397
0.22779922779922782 0.13151994549106374 0.43482823041985397
0.22972972972972974 0.13263452130031006 0.43482823041985397
0.23166023166023167 0.13374909710955635 0.43482823041985397
0.2335907335907336 0.13486367291880264 0.43482823041985397
0.23552123552123552 0.13597824872804895 0.43482823041985397
0.23745173745173745 0.13709282453729524 0.43482823041985397
0.23938223938223938 0.13820740034654155 0.43482823041985397
0.24131274131274133 0.13932197615578787 0.43482823041985397
0.24324324324324326 0.14043655196503416 0.43482823041985397
0.24517374517374518 0.14155112777428047 0.43482823041985397
0.2471042471042471 0.14266570358352676 0.43482823041985397
0.24903474903474904 0.14378027939277307 0.43482823041985397
0.25096525096525096 0.14489485520201936 0.43482823041985397
0.2528957528957529 0.14600943101126568 0.43482823041985397
0.2548262548262548 0.14712400682051197 0.43482823041985397
0.25675675675675674 0.14823858262975828 0.43482823041985397
0.25868725868725867 0.14935315843900457 0.43482823041985397
0.2606177606177606 0.15046773424825088 0.43482823041985397
0.2625482625482626 0.1515823100574972 0.43482823041985397
0.2644787644787645 0.15269688586674351 0.43482823041985397
0.26640926640926643 0.1538114616759898 0.43482823041985397
0.26833976833976836 0.15492603748523612 0.43482823041985397
0.2702702702702703 0.1560406132944824 0.43482823041985397
0.2722007722007722 0.15715518910372872 0.43482823041985397
0.27413127413127414 0.158269764912975 0.43482823041985397
0.27606177606177607 0.1593843407222213 0.43482823041985397
0.277992277992278 0.1604989165314676 0.43482823041985397
0.2799227799227799 0.1616134923407139 0.43482823041985397
0.28185328185328185 0.16272806814996021 0.43482823041985397
0.28378378378378377 0.1638426439592065 0.43482823041985397
0.2857142857142857 0.16495721976845282 0.43482823041985397
0.2876447876447876 0.1660717955776991 0.43482823041985397
0.2895752895752896 0.16718637138694545 0.43482823041985397
0.29150579150579153 0.16830094719619174 0.43482823041985397
0.29343629343629346 0.16941552300543805 0.43482823041985397
0.2953667953667954 0.17053009881468434 0.43482823041985397
0.2972972972972973 0.17164467462393065 0.43482823041985397
0.29922779922779924 0.17275925043317694 0.43482823041985397
0.30115830115830117 0.17387382624242326 0.43482823041985397
0.3030888030888031 0.17498840205166954 0.43482823041985397
0.305019305019305 0.17610297786091586 0.43482823041985397
0.30694980694980695 0.17721755367016215 0.43482823041985397
0.3088803088803089 0.17833212947940846 0.43482823041985397
0.3108108108108108 0.17944670528865475 0.43482823041985397
0.3127413127413127 0.18056128109790107 0.43482823041985397
0.31467181467181465 0.18167585690714735 0.43482823041985397
0.31660231660231664 0.1827904327163937 0.43482823041985397
0.31853281853281856 0.18390500852563998 0.43482823041985397
0.3204633204633205 0.1850195843348863 0.43482823041985397
0.3223938223938224 0.1861341601441326 0.43482823041985397
0.32432432432432434 0.18724873595337888 0.43482823041985397
0.32625482625482627 0.1883633117626252 0.43482823041985397
0.3281853281853282 0.18947788757187148 0.43482823041985397
0.3301158301158301 0.1905924633811178 0.43482823041985397
0.33204633204633205 0.19170703919036408 0.43482823041985397
0.333976833976834 0.1928216149996104 0.43482823041985397
0.3359073359073359 0.19393619080885668 0.43482823041985397
0.33783783783783783 0.195050766618103 0.43482823041985397
0.33976833976833976 0.1961653424273493 0.43482823041985397
0.3416988416988417 0.1972799182365956 0.43482823041985397
0.34362934362934366 0.19839449404584192 0.43482823041985397
0.3455598455598456 0.19950906985508823 0.43482823041985397
0.3474903474903475 0.20062364566433452 0.43482823041985397
0.34942084942084944 0.20173822147358084 0.43482823041985397
0.35135135135135137 0.20285279728282712 0.43482823041985397
0.3532818532818533 0.20396737309207344 0.43482823041985397
0.3552123552123552 0.20508194890131973 0.43482823041985397
0.35714285714285715 0.20619652471056604 0.43482823041985397
0.3590733590733591 0.20731110051981233 0.43482823041985397
0.361003861003861 0.20842567632905865 0.43482823041985397
0.36293436293436293 0.20954025213830493 0.43482823041985397
0.36486486486486486 0.21065482794755122 0.43482823041985397
0.3667953667953668 0.21176940375679754 0.43482823041985397
0.3687258687258687 0.21288397956604382 0.43482823041985397
0.3706563706563707 0.21399855537529017 0.43482823041985397
0.3725868725868726 0.21511313118453645 0.43482823041985397
0.37451737451737455 0.21622770699378277 0.43482823041985397
0.3764478764478765 0.21734228280302906 0.43482823041985397
0.3783783783783784 0.21845685861227537 0.43482823041985397
0.3803088803088803 0.21957143442152166 0.43482823041985397
0.38223938223938225 0.22068601023076798 0.43482823041985397
0.3841698841698842 0.22180058604001426 0.43482823041985397
0.3861003861003861 0.22291516184926058 0.43482823041985397
0.38803088803088803 0.22402973765850687 0.43482823041985397
0.38996138996138996 0.22514431346775318 0.43482823041985397
0.3918918918918919 0.22625888927699947 0.43482823041985397
0.3938223938223938 0.22737346508624579 0.43482823041985397
0.39575289575289574 0.22848804089549207 0.43482823041985397
0.39768339768339767 0.2296026167047384 0.43482823041985397
0.39961389961389965 0.2307171925139847 0.43482823041985397
0.4015444015444016 0.23183176832323102 0.43482823041985397
0.4034749034749035 0.2329463441324773 0.43482823041985397
0.40540540540540543 0.23406091994172362 0.43482823041985397
0.40733590733590735 0.2351754957509699 0.43482823041985397
0.4092664092664093 0.23629007156021622 0.43482823041985397
0.4111969111969112 0.2374046473694625 0.43482823041985397
0.41312741312741313 0.2385192231787088 0.43482823041985397
0.41505791505791506 0.23963379898795512 0.43482823041985397
0.416988416988417 0.2407483747972014 0.43482823041985397
0.4189189189189189 0.24186295060644772 0.43482823041985397
0.42084942084942084 0.242977526415694 0.43482823041985397
0.42277992277992277 0.24409210222494032 0.43482823041985397
0.4247104247104247 0.2452066780341866 0.43482823041985397
0.4266409266409267 0.24632125384343295 0.43482823041985397
0.4285714285714286 0.24743582965267924 0.43482823041985397
0.43050193050193053 0.24855040546192556 0.43482823041985397
0.43243243243243246 0.24966498127117184 0.43482823041985397
0.4343629343629344 0.25077955708041816 0.43482823041985397
0.4362934362934363 0.25189413288966445 0.43482823041985397
0.43822393822393824 0.25300870869891073 0.43482823041985397
0.44015444015444016 0.2541232845081571 0.43482823041985397
0.4420849420849421 0.25523786031740336 0.43482823041985397
0.444015444015444 0.25635243612664965 0.43482823041985397
0.44594594594594594 0.25746701193589594 0.43482823041985397
0.44787644787644787 0.2585815877451423 0.43482823041985397
0.4498069498069498 0.25969616355438857 0.43482823041985397
0.4517374517374517 0.26081073936363486 0.43482823041985397
0.4536679536679537 0.2619253151728812 0.43482823041985397
0.45559845559845563 0.2630398909821275 0.43482823041985397
0.45752895752895756 0.2641544667913738 0.43482823041985397
0.4594594594594595 0.2652690426006201 0.43482823041985397
0.4613899613899614 0.2663836184098664 0.43482823041985397
0.46332046332046334 0.2674981942191127 0.43482823041985397
0.46525096525096526 0.268612770028359 0.43482823041985397
0.4671814671814672 0.26972734583760527 0.43482823041985397
0.4691119691119691 0.2708419216468516 0.43482823041985397
0.47104247104247104 0.2719564974560979 0.43482823041985397
0.47297297297297297 0.2730710732653442 0.43482823041985397
0.4749034749034749 0.2741856490745905 0.43482823041985397
0.4768339768339768 0.2753002248838368 0.43482823041985397
0.47876447876447875 0.2764148006930831 0.43482823041985397
0.48069498069498073 0.27752937650232945 0.43482823041985397
0.48262548262548266 0.27864395231157574 0.43482823041985397
0.4845559845559846 0.279758528120822 0.43482823041985397
0.4864864864864865 0.2808731039300683 0.43482823041985397
0.48841698841698844 0.28198767973931466 0.43482823041985397
0.49034749034749037 0.28310225554856094 0.43482823041985397
0.4922779922779923 0.28421683135780723 0.43482823041985397
0.4942084942084942 0.2853314071670535 0.43482823041985397
0.49613899613899615 0.28644598297629986 0.43482823041985397
0.4980694980694981 0.28756055878554615 0.43482823041985397
0.5 0.28867513459479244 0.43482823041985397
0.4988888888888889 0.29059963549209106 0.43482823041985397
0.49777777777777776 0.2925241363893897 0.43482823041985397
0.49666666666666665 0.2944486372866883 0.43482823041985397
0.4955555555555555 0.2963731381839869 0.43482823041985397
0.49444444444444446 0.29829763908128554 0.43482823041985397
0.49333333333333335 0.30022213997858416 0.43482823041985397
0.4922222222222222 0.3021466408758827 0.43482823041985397
0.4911111111111111 0.30407114177318134 0.43482823041985397
0.49 0.30599564267047996 0.43482823041985397
0.4888888888888889 0.3079201435677786 0.43482823041985397
0.48777777777777775 0.3098446444650772 0.43482823041985397
0.4866666666666667 0.3117691453623759 0.43482823041985397
0.4855555555555556 0.31369364625967444 0.43482823041985397
0.48444444444444446 0.31561814715697306 0.43482823041985397
0.48333333333333334 0.3175426480542717 0.43482823041985397
0.4822222222222222 0.3194671489515703 0.43482823041985397
0.4811111111111111 0.3213916498488689 0.43482823041985397
0.48 0.32331615074616754 0.43482823041985397
0.47888888888888886 0.32524065164346616 0.43482823041985397
0.47777777777777775 0.3271651525407647 0.43482823041985397
0.4766666666666667 0.3290896534380634 0.43482823041985397
0.47555555555555556 0.331014154335362 0.43482823041985397
0.47444444444444445 0.33293865523266064 0.43482823041985397
0.47333333333333333 0.3348631561299592 0.43482823041985397
0.4722222222222222 0.3367876570272578 0.43482823041985397
0.4711111111111111 0.33871215792455645 0.43482823041985397
0.47 0.34063665882185507 0.43482823041985397
0.4688888888888889 0.34256115971915374 0.43482823041985397
0.4677777777777778 0.34448566061645236 0.43482823041985397
0.4666666666666667 0.346410161513751 0.43482823041985397
0.46555555555555556 0.3483346624110496 0.43482823041985397
0.46444444444444444 0.35025916330834816 0.43482823041985397
0.4633333333333333 0.3521836642056468 0.43482823041985397
0.4622222222222222 0.3541081651029454 0.43482823041985397
0.4611111111111111 0.35603266600024397 0.43482823041985397
0.45999999999999996 0.3579571668975426 0.43482823041985397
0.4588888888888889 0.35988166779484126 0.43482823041985397
0.4577777777777778 0.3618061686921399 0.43482823041985397
0.45666666666666667 0.3637306695894385 0.43482823041985397
0.45555555555555555 0.3656551704867371 0.43482823041985397
0.45444444444444443 0.36757967138403574 0.43482823041985397
0.4533333333333333 0.36950417228133436 0.43482823041985397
0.4522222222222222 0.371428673178633 0.43482823041985397
0.45111111111111113 0.3733531740759316 0.43482823041985397
0.45 0.3752776749732302 0.43482823041985397
0.4488888888888889 0.3772021758705288 0.43482823041985397
0.4477777777777778 0.3791266767678274 0.43482823041985397
0.44666666666666666 0.38105117766512603 0.43482823041985397
0.44555555555555554 0.38297567856242465 0.43482823041985397
0.4444444444444444 0.38490017945972327 0.43482823041985397
0.4433333333333333 0.3868246803570219 0.43482823041985397
0.4422222222222222 0.3887491812543205 0.43482823041985397
0.4411111111111111 0.39067368215161913 0.43482823041985397
0.44 0.39259818304891775 0.43482823041985397
0.4388888888888889 0.39452268394621637 0.43482823041985397
0.43777777777777777 0.39644718484351493 0.43482823041985397
0.43666666666666665 0.3983716857408136 0.43482823041985397
0.43555555555555553 0.4002961866381122 0.43482823041985397
0.4344444444444444 0.40222068753541085 0.43482823041985397
0.43333333333333335 0.4041451884327094 0.43482823041985397
0.4322222222222222 0.40606968933000803 0.43482823041985397
0.4311111111111111 0.4079941902273067 0.43482823041985397
0.43 0.40991869112460533 0.43482823041985397
0.4288888888888889 0.4118431920219039 0.43482823041985397
0.42777777777777776 0.4137676929192025 0.43482823041985397
0.42666666666666664 0.41569219381650113 0.43482823041985397
0.4255555555555556 0.41761669471379975 0.43482823041985397
0.4244444444444444 0.41954119561109837 0.43482823041985397
0.42333333333333334 0.421465696508397 0.43482823041985397
0.4222222222222222 0.4233901974056956 0.43482823041985397
0.4211111111111111 0.42531469830299423 0.43482823041985397
0.42 0.42723919920029285 0.43482823041985397
0.41888888888888887 0.4291637000975914 0.43482823041985397
0.41777777777777775 0.4310882009948901 0.43482823041985397
0.41666666666666663 0.43301270189218866 0.43482823041985397
0.41555555555555557 0.43493720278948733 0.43482823041985397
0.4144444444444444 0.4368617036867859 0.43482823041985397
0.41333333333333333 0.4387862045840845 0.43482823041985397
0.4122222222222222 0.44071070548138314 0.43482823041985397
0.4111111111111111 0.44263520637868176 0.43482823041985397
0.41 0.4445597072759804 0.43482823041985397
0.40888888888888886 0.446484208173279 0.43482823041985397
0.4077777777777778 0.4484087090705776 0.43482823041985397
0.4066666666666666 0.45033320996787624 0.43482823041985397
0.40555555555555556 0.45225771086517486 0.43482823041985397
0.40444444444444444 0.4541822117624735 0.43482823041985397
0.4033333333333333 0.4561067126597721 0.43482823041985397
0.4022222222222222 0.4580312135570707 0.43482823041985397
0.4011111111111111 0.4599557144543693 0.43482823041985397
0.39999999999999997 0.46188021535166796 0.43482823041985397
0.39888888888888885 0.4638047162489665 0.43482823041985397
0.3977777777777778 0.4657292171462652 0.43482823041985397
0.3966666666666666 0.46765371804356376 0.43482823041985397
0.39555555555555555 0.46957821894086244 0.43482823041985397
0.39444444444444443 0.471502719838161 0.43482823041985397
0.3933333333333333 0.4734272207354596 0.43482823041985397
0.3922222222222222 0.47535172163275824 0.43482823041985397
0.3911111111111111 0.47727622253005686 0.43482823041985397
0.39 0.47920072342735553 0.43482823041985397
0.38888888888888884 0.48112522432465404 0.43482823041985397
0.3877777777777778 0.4830497252219527 0.43482823041985397
0.38666666666666666 0.48497422611925134 0.43482823041985397
0.38555555555555554 0.48689872701654996 0.43482823041985397
0.3844444444444444 0.4888232279138485 0.43482823041985397
0.3833333333333333 0.4907477288111472 0.43482823041985397
0.3822222222222222 0.49267222970844576 0.43482823041985397
0.38111111111111107 0.49459673060574444 0.43482823041985397
0.38 0.49652123150304306 0.43482823041985397
0.37888888888888883 0.4984457324003416 0.43482823041985397
0.37777777777777777 0.5003702332976403 0.43482823041985397
0.37666666666666665 0.5022947341949389 0.43482823041985397
0.37555555555555553 0.5042192350922374 0.43482823041985397
0.3744444444444444 0.5061437359895361 0.43482823041985397
0.3733333333333333 0.5080682368868348 0.43482823041985397
0.37222222222222223 0.5099927377841333 0.43482823041985397
0.37111111111111106 0.5119172386814319 0.43482823041985397
0.37 0.5138417395787306 0.43482823041985397
0.3688888888888889 0.5157662404760293 0.43482823041985397
0.36777777777777776 0.5176907413733278 0.43482823041985397
0.36666666666666664 0.5196152422706264 0.43482823041985397
0.3655555555555555 0.5215397431679251 0.43482823041985397
0.3644444444444444 0.5234642440652237 0.43482823041985397
0.3633333333333333 0.5253887449625222 0.43482823041985397
0.3622222222222222 0.527313245859821 0.43482823041985397
0.36111111111111105 0.5292377467571195 0.43482823041985397
0.36 0.5311622476544181 0.43482823041985397
0.35888888888888887 0.5330867485517168 0.43482823041985397
0.35777777777777775 0.5350112494490153 0.43482823041985397
0.35666666666666663 0.536935750346314 0.43482823041985397
0.3555555555555555 0.5388602512436126 0.43482823041985397
0.35444444444444445 0.5407847521409113 0.43482823041985397
0.3533333333333333 0.5427092530382098 0.43482823041985397
0.3522222222222222 0.5446337539355085 0.43482823041985397
0.3511111111111111 0.5465582548328071 0.43482823041985397
0.35 0.5484827557301056 0.43482823041985397
0.34888888888888886 0.5504072566274043 0.43482823041985397
0.34777777777777774 0.5523317575247029 0.43482823041985397
0.3466666666666666 0.5542562584220014 0.43482823041985397
0.3455555555555555 0.5561807593193001 0.43482823041985397
0.34444444444444444 0.5581052602165988 0.43482823041985397
0.34333333333333327 0.5600297611138974 0.43482823041985397
0.3422222222222222 0.561954262011196 0.43482823041985397
0.3411111111111111 0.5638787629084946 0.43482823041985397
0.33999999999999997 0.5658032638057933 0.43482823041985397
0.33888888888888885 0.5677277647030918 0.43482823041985397
0.33777777777777773 0.5696522656003904 0.43482823041985397
0.33666666666666667 0.5715767664976891 0.43482823041985397
0.3355555555555555 0.5735012673949876 0.43482823041985397
0.33444444444444443 0.5754257682922863 0.43482823041985397
0.3333333333333333 0.5773502691895849 0.43482823041985397
0.3322185061315496 0.5754193318344357 0.43482823041985397
0.3311036789297659 0.5734883944792867 0.43482823041985397
0.32998885172798215 0.5715574571241376 0.43482823041985397
0.3288740245261984 0.5696265197689885 0.43482823041985397
0.3277591973244147 0.5676955824138393 0.43482823041985397
0.326644370122631 0.5657646450586903 0.43482823041985397
0.32552954292084724 0.5638337077035411 0.43482823041985397
0.32441471571906355 0.5619027703483921 0.43482823041985397
0.3232998885172798 0.5599718329932429 0.43482823041985397
0.32218506131549607 0.5580408956380938 0.43482823041985397
0.3210702341137124 0.5561099582829447 0.43482823041985397
0.31995540691192864 0.5541790209277956 0.43482823041985397
0.3188405797101449 0.5522480835726464 0.43482823041985397
0.3177257525083612 0.5503171462174974 0.43482823041985397
0.3166109253065775 0.5483862088623482 0.43482823041985397
0.31549609810479373 0.5464552715071991 0.43482823041985397
0.31438127090301 0.5445243341520499 0.43482823041985397
0.3132664437012263 0.5425933967969009 0.43482823041985397
0.31215161649944256 0.5406624594417517 0.43482823041985397
0.3110367892976588 0.5387315220866026 0.43482823041985397
0.30992196209587514 0.5368005847314535 0.43482823041985397
0.3088071348940914 0.5348696473763044 0.43482823041985397
0.30769230769230765 0.5329387100211552 0.43482823041985397
0.30657748049052397 0.5310077726660062 0.43482823041985397
0.3054626532887402 0.529076835310857 0.43482823041985397
0.3043478260869565 0.527145897955708 0.43482823041985397
0.3032329988851728 0.5252149606005589 0.43482823041985397
0.30211817168338906 0.5232840232454098 0.43482823041985397
0.3010033444816053 0.5213530858902606 0.43482823041985397
0.29988851727982163 0.5194221485351116 0.43482823041985397
0.2987736900780379 0.5174912111799624 0.43482823041985397
0.29765886287625415 0.5155602738248133 0.43482823041985397
0.29654403567447046 0.5136293364696642 0.43482823041985397
0.2954292084726867 0.5116983991145151 0.43482823041985397
0.294314381270903 0.5097674617593659 0.43482823041985397
0.29319955406911924 0.5078365244042168 0.43482823041985397
0.29208472686733555 0.5059055870490677 0.43482823041985397
0.2909698996655518 0.5039746496939186 0.43482823041985397
0.28985507246376807 0.5020437123387694 0.43482823041985397
0.2887402452619844 0.5001127749836204 0.43482823041985397
0.28762541806020064 0.49818183762847124 0.43482823041985397
0.2865105908584169 0.4962509002733221 0.43482823041985397
0.2853957636566332 0.49431996291817304 0.43482823041985397
0.2842809364548495 0.49238902556302394 0.43482823041985397
0.28316610925306573 0.4904580882078748 0.43482823041985397
0.28205128205128205 0.48852715085272574 0.43482823041985397
0.2809364548494983 0.4865962134975766 0.43482823041985397
0.27982162764771457 0.48466527614242744 0.43482823041985397
0.2787068004459309 0.4827343387872784 0.43482823041985397
0.27759197324414714 0.48080340143212924 0.43482823041985397
0.2764771460423634 0.4788724640769801 0.43482823041985397
0.2753623188405797 0.47694152672183104 0.43482823041985397
0.27424749163879597 0.4750105893666819 0.43482823041985397
0.27313266443701223 0.47307965201153274 0.43482823041985397
0.27201783723522854 0.4711487146563837 0.43482823041985397
0.2709030100334448 0.4692177773012346 0.43482823041985397
0.26978818283166106 0.46728683994608544 0.43482823041985397
0.2686733556298774 0.4653559025909364 0.43482823041985397
0.26755852842809363 0.46342496523578725 0.43482823041985397
0.2664437012263099 0.4614940278806381 0.43482823041985397
0.2653288740245262 0.45956309052548905 0.43482823041985397
0.26421404682274247 0.4576321531703399 0.43482823041985397
0.2630992196209587 0.45570121581519074 0.43482823041985397
0.26198439241917504 0.4537702784600417 0.43482823041985397
0.2608695652173913 0.45183934110489254 0.43482823041985397
0.25975473801560756 0.4499084037497434 0.43482823041985397
0.25863991081382387 0.44797746639459435 0.43482823041985397
0.25752508361204013 0.44604652903944525 0.43482823041985397
0.2564102564102564 0.4441155916842961 0.43482823041985397
0.2552954292084727 0.44218465432914705 0.43482823041985397
0.25418060200668896 0.4402537169739979 0.43482823041985397
0.2530657748049052 0.43832277961884875 0.43482823041985397
0.25195094760312153 0.4363918422636997 0.43482823041985397
0.2508361204013378 0.43446090490855055 0.43482823041985397
0.24972129319955405 0.4325299675534014 0.43482823041985397
0.2486064659977703 0.43059903019825224 0.43482823041985397
0.24749163879598662 0.4286680928431032 0.43482823041985397
0.24637681159420288 0.42673715548795405 0.43482823041985397
0.24526198439241914 0.4248062181328049 0.43482823041985397
0.24414715719063543 0.42287528077765585 0.43482823041985397
0.24303232998885171 0.42094434342250675 0.43482823041985397
0.24191750278706797 0.4190134060673576 0.43482823041985397
0.24080267558528426 0.4170824687122085 0.43482823041985397
0.23968784838350055 0.4151515313570594 0.43482823041985397
0.2385730211817168 0.41322059400191025 0.43482823041985397
0.2374581939799331 0.41128965664676115 0.43482823041985397
0.23634336677814938 0.40935871929161205 0.43482823041985397
0.23522853957636564 0.4074277819364629 0.43482823041985397
0.23411371237458192 0.40549684458131385 0.43482823041985397
0.2329988851727982 0.4035659072261647 0.43482823041985397
0.23188405797101447 0.40163496987101555 0.43482823041985397
0.23076923076923075 0.39970403251586645 0.43482823041985397
0.22965440356744704 0.3977730951607174 0.43482823041985397
0.2285395763656633 0.39584215780556825 0.43482823041985397
0.22742474916387959 0.39391122045041915 0.43482823041985397
0.22630992196209587 0.39198028309527005 0.43482823041985397
0.22519509476031213 0.3900493457401209 0.43482823041985397
0.22408026755852842 0.3881184083849718 0.43482823041985397
0.2229654403567447 0.3861874710298227 0.43482823041985397
0.22185061315496096 0.38425653367467355 0.43482823041985397
0.22073578595317722 0.3823255963195244 0.43482823041985397
0.21962095875139354 0.38039465896437535 0.43482823041985397
0.2185061315496098 0.3784637216092262 0.43482823041985397
0.21739130434782605 0.3765327842540771 0.43482823041985397
0.21627647714604237 0.37460184689892806 0.43482823041985397
0.21516164994425863 0.3726709095437789 0.43482823041985397
0.21404682274247488 0.37073997218862975 0.43482823041985397
0.21293199554069117 0.36880903483348065 0.43482823041985397
0.21181716833890746 0.36687809747833156 0.43482823041985397
0.21070234113712372 0.3649471601231824 0.43482823041985397
0.20958751393534 0.3630162227680333 0.43482823041985397
0.2084726867335563 0.3610852854128842 0.43482823041985397
0.20735785953177255 0.35915434805773505 0.43482823041985397
0.20624303232998883 0.35722341070258595 0.43482823041985397
0.20512820512820512 0.35529247334743685 0.43482823041985397
0.20401337792642138 0.35336153599228776 0.43482823041985397
0.20289855072463767 0.35143059863713866 0.43482823041985397
0.20178372352285395 0.34949966128198956 0.43482823041985397
0.2006688963210702 0.3475687239268404 0.43482823041985397
0.1995540691192865 0.3456377865716913 0.43482823041985397
0.19843924191750278 0.3437068492165422 0.43482823041985397
0.19732441471571904 0.34177591186139306 0.43482823041985397
0.19620958751393533 0.33984497450624396 0.43482823041985397
0.1950947603121516 0.3379140371510948 0.43482823041985397
0.19397993311036787 0.3359830997959457 0.43482823041985397
0.19286510590858416 0.3340521624407966 0.43482823041985397
0.19175027870680042 0.3321212250856475 0.43482823041985397
0.1906354515050167 0.3301902877304984 0.43482823041985397
0.189520624303233 0.3282593503753493 0.43482823041985397
0.18840579710144925 0.32632841302020016 0.43482823041985397
0.18729096989966554 0.32439747566505106 0.43482823041985397
0.18617614269788182 0.32246653830990196 0.43482823041985397
0.18506131549609808 0.3205356009547528 0.43482823041985397
0.18394648829431437 0.3186046635996037 0.43482823041985397
0.18283166109253063 0.31667372624445456 0.43482823041985397
0.18171683389074691 0.31474278888930546 0.43482823041985397
0.1806020066889632 0.31281185153415636 0.43482823041985397
0.17948717948717946 0.3108809141790072 0.43482823041985397
0.17837235228539575 0.30894997682385816 0.43482823041985397
0.17725752508361203 0.30701903946870907 0.43482823041985397
0.1761426978818283 0.3050881021135599 0.43482823041985397
0.17502787068004458 0.3031571647584108 0.43482823041985397
0.17391304347826086 0.3012262274032617 0.43482823041985397
0.17279821627647712 0.29929529004811256 0.43482823041985397
0.1716833890746934 0.29736435269296346 0.43482823041985397
0.1705685618729097 0.29543341533781436 0.43482823041985397
0.16945373467112596 0.2935024779826652 0.43482823041985397
0.16833890746934224 0.2915715406275161 0.43482823041985397
0.1672240802675585 0.28964060327236696 0.43482823041985397
0.1661092530657748 0.28770966591721786 0.43482823041985397
0.16499442586399107 0.2857787285620688 0.43482823041985397
0.16387959866220733 0.28384779120691966 0.43482823041985397
0.16276477146042362 0.28191685385177057 0.43482823041985397
0.1616499442586399 0.27998591649662147 0.43482823041985397
0.16053511705685616 0.2780549791414723 0.43482823041985397
0.15942028985507245 0.2761240417863232 0.43482823041985397
0.15830546265328874 0.2741931044311741 0.43482823041985397
0.157190635451505 0.27226216707602496 0.43482823041985397
0.15607580824972128 0.27033122972087587 0.43482823041985397
0.15496098104793754 0.2684002923657267 0.43482823041985397
0.15384615384615383 0.2664693550105776 0.43482823041985397
0.1527313266443701 0.2645384176554285 0.43482823041985397
0.15161649944258637 0.2626074803002794 0.43482823041985397
0.15050167224080266 0.2606765429451303 0.43482823041985397
0.14938684503901895 0.2587456055899812 0.43482823041985397
0.1482720178372352 0.25681466823483207 0.43482823041985397
0.1471571906354515 0.25488373087968297 0.43482823041985397
0.14604236343366778 0.25295279352453387 0.43482823041985397
0.14492753623188404 0.2510218561693847 0.43482823041985397
0.14381270903010032 0.24909091881423562 0.43482823041985397
0.1426978818283166 0.24715998145908652 0.43482823041985397
0.14158305462653287 0.2452290441039374 0.43482823041985397
0.14046822742474915 0.2432981067487883 0.43482823041985397
0.1393534002229654 0.24136716939363914 0.43482823041985397
0.1382385730211817 0.23943623203849004 0.43482823041985397
0.13712374581939799 0.23750529468334095 0.43482823041985397
0.13600891861761424 0.2355743573281918 0.43482823041985397
0.13489409141583053 0.23364341997304272 0.43482823041985397
0.13377926421404682 0.23171248261789362 0.43482823041985397
0.13266443701226308 0.22978154526274447 0.43482823041985397
0.13154960981047936 0.22785060790759537 0.43482823041985397
0.13043478260869565 0.22591967055244627 0.43482823041985397
0.1293199554069119 0.22398873319729712 0.43482823041985397
0.1282051282051282 0.22205779584214805 0.43482823041985397
0.12709030100334448 0.22012685848699895 0.43482823041985397
0.12597547380156074 0.2181959211318498 0.43482823041985397
0.12486064659977703 0.2162649837767007 0.43482823041985397
0.12374581939799328 0.21433404642155154 0.43482823041985397
0.12263099219620957 0.21240310906640245 0.43482823041985397
0.12151616499442586 0.21047217171125338 0.43482823041985397
0.12040133779264212 0.20854123435610422 0.43482823041985397
0.1192865105908584 0.20661029700095512 0.43482823041985397
0.11817168338907469 0.20467935964580602 0.43482823041985397
0.11705685618729095 0.20274842229065687 0.43482823041985397
0.11594202898550723 0.20081748493550777 0.43482823041985397
0.11482720178372352 0.1988865475803587 0.43482823041985397
0.11371237458193978 0.19695561022520955 0.43482823041985397
0.11259754738015607 0.19502467287006045 0.43482823041985397
0.11148272017837232 0.19309373551491132 0.43482823041985397
0.11036789297658861 0.1911627981597622 0.43482823041985397
0.1092530657748049 0.1892318608046131 0.43482823041985397
0.10813823857302116 0.18730092344946397 0.43482823041985397
0.10702341137123744 0.18536998609431488 0.43482823041985397
0.10590858416945373 0.18343904873916578 0.43482823041985397
0.10479375696766999 0.18150811138401662 0.43482823041985397
0.10367892976588627 0.17957717402886753 0.43482823041985397
0.10256410256410256 0.17764623667371843 0.43482823041985397
0.10144927536231882 0.1757152993185693 0.43482823041985397
0.1003344481605351 0.1737843619634202 0.43482823041985397
0.09921962095875139 0.1718534246082711 0.43482823041985397
0.09810479375696765 0.16992248725312195 0.43482823041985397
0.09698996655518394 0.16799154989797285 0.43482823041985397
0.0958751393534002 0.16606061254282373 0.43482823041985397
0.09476031215161648 0.16412967518767463 0.43482823041985397
0.09364548494983277 0.16219873783252553 0.43482823041985397
0.09253065774804903 0.16026780047737638 0.43482823041985397
0.09141583054626531 0.15833686312222728 0.43482823041985397
0.0903010033444816 0.15640592576707818 0.43482823041985397
0.08918617614269786 0.15447498841192905 0.43482823041985397
0.08807134894091415 0.15254405105677996 0.43482823041985397
0.08695652173913043 0.15061311370163086 0.43482823041985397
0.08584169453734669 0.1486821763464817 0.43482823041985397
0.08472686733556298 0.1467512389913326 0.43482823041985397
0.08361204013377926 0.1448203016361835 0.43482823041985397
0.08249721293199552 0.14288936428103438 0.43482823041985397
0.08138238573021178 0.14095842692588523 0.43482823041985397
0.0802675585284281 0.13902748957073618 0.43482823041985397
0.07915273132664435 0.13709655221558703 0.43482823041985397
0.07803790412486061 0.13516561486043788 0.43482823041985397
0.07692307692307693 0.13323467750528883 0.43482823041985397
0.07580824972129319 0.1313037401501397 0.43482823041985397
0.07469342251950944 0.12937280279499055 0.43482823041985397
0.07357859531772576 0.1274418654398415 0.43482823041985397
0.07246376811594202 0.12551092808469236 0.43482823041985397
0.07134894091415828 0.12357999072954322 0.43482823041985397
0.07023411371237459 0.12164905337439416 0.43482823041985397
0.06911928651059085 0.11971811601924502 0.43482823041985397
0.06800445930880711 0.11778717866409588 0.43482823041985397
0.06688963210702342 0.11585624130894683 0.43482823041985397
0.06577480490523968 0.11392530395379769 0.43482823041985397
0.06465997770345594 0.11199436659864855 0.43482823041985397
0.06354515050167225 0.11006342924349949 0.43482823041985397
0.06243032329988851 0.10813249188835035 0.43482823041985397
0.06131549609810477 0.10620155453320121 0.43482823041985397
0.06020066889632103 0.10427061717805207 0.43482823041985397
0.059085841694537344 0.10233967982290301 0.43482823041985397
0.0579710144927536 0.10040874246775387 0.43482823041985397
0.05685618729096986 0.09847780511260473 0.43482823041985397
0.055741360089186176 0.09654686775745568 0.43482823041985397
0.054626532887402435 0.09461593040230654 0.43482823041985397
0.05351170568561869 0.09268499304715738 0.43482823041985397
0.05239687848383501 0.09075405569200834 0.43482823041985397
0.051282051282051266 0.0888231183368592 0.43482823041985397
0.050167224080267525 0.08689218098171005 0.43482823041985397
0.04905239687848384 0.084961243626561 0.43482823041985397
0.0479375696767001 0.08303030627141186 0.43482823041985397
0.04682274247491636 0.08109936891626271 0.43482823041985397
0.04570791527313267 0.07916843156111367 0.43482823041985397
0.04459308807134893 0.07723749420596453 0.43482823041985397
0.04347826086956519 0.07530655685081537 0.43482823041985397
0.0423634336677815 0.07337561949566633 0.43482823041985397
0.04124860646599776 0.07144468214051719 0.43482823041985397
0.04013377926421402 0.06951374478536804 0.43482823041985397
0.039018952062430334 0.067582807430219 0.43482823041985397
0.03790412486064659 0.06565187007506985 0.43482823041985397
0.03678929765886285 0.0637209327199207 0.43482823041985397
0.035674470457079166 0.06178999536477166 0.43482823041985397
0.034559643255295425 0.05985905800962251 0.43482823041985397
0.03344481605351168 0.05792812065447337 0.43482823041985397
0.03232998885172794 0.055997183299324224 0.43482823041985397
0.031215161649944256 0.054066245944175174 0.43482823041985397
0.030100334448160515 0.052135308589026035 0.43482823041985397
0.028985507246376774 0.05020437123387689 0.43482823041985397
0.027870680044593088 0.04827343387872784 0.43482823041985397
0.026755852842809347 0.04634249652357869 0.43482823041985397
0.025641025641025605 0.04441155916842955 0.43482823041985397
0.02452619843924192 0.0424806218132805 0.43482823041985397
0.02341137123745818 0.040549684458131355 0.43482823041985397
0.022296544035674437 0.038618747102982215 0.43482823041985397
0.02118171683389075 0.036687809747833165 0.43482823041985397
0.02006688963210701 0.03475687239268402 0.43482823041985397
0.01895206243032327 0.03282593503753488 0.43482823041985397
0.017837235228539583 0.03089499768238583 0.43482823041985397
0.01672240802675584 0.028964060327236685 0.43482823041985397
0.0156075808249721 0.027033122972087542 0.43482823041985397
0.014492753623188415 0.025102185616938492 0.43482823041985397
0.013377926421404673 0.023171248261789346 0.43482823041985397
0.012263099219620932 0.021240310906640202 0.43482823041985397
0.011148272017837246 0.019309373551491156 0.43482823041985397
0.010033444816053505 0.01737843619634201 0.43482823041985397
0.008918617614269764 0.015447498841192866 0.43482823041985397
0.007803790412486078 0.013516561486043818 0.43482823041985397
0.006688963210702337 0.011585624130894673 0.43482823041985397
0.005574136008918595 0.00965468677574553 0.43482823041985397
0.004459308807134854 0.007723749420596384 0.43482823041985397
0.0033444816053511683 0.005792812065447336 0.43482823041985397
0.002229654403567427 0.003861874710298192 0.43482823041985397
0.0011148272017836858 0.0019309373551490482 0.43482823041985397
0.0 0.0 0.43482823041985397
0.5 0.28867513459479244 0.43482823041985397
0.5 0.28867513459479244 0.4326097190401609
0.5 0.28867513459479244 0.4303912076604677
0.5 0.28867513459479244 0.4281726962807746
0.5 0.28867513459479244 0.42595418490108145
0.5 0.28867513459479244 0.4237356735213883
0.5 0.28867513459479244 0.42151716214169516
0.5 0.28867513459479244 0.41929865076200207
0.5 0.28867513459479244 0.41708013938230887
0.5 0.28867513459479244 0.4148616280026158
0.5 0.28867513459479244 0.4126431166229227
0.5 0.28867513459479244 0.4104246052432295
0.5 0.28867513459479244 0.4082060938635364
0.5 0.28867513459479244 0.40598758248384326
0.5 0.28867513459479244 0.4037690711041501
0.5 0.28867513459479244 0.40155055972445697
0.5 0.28867513459479244 0.3993320483447639
0.5 0.28867513459479244 0.3971135369650707
0.5 0.28867513459479244 0.3948950255853776
0.5 0.28867513459479244 0.3926765142056845
0.5 0.28867513459479244 0.3904580028259913
0.5 0.28867513459479244 0.3882394914462982
0.5 0.28867513459479244 0.38602098006660507
0.5 0.28867513459479244 0.3838024686869119
0.5 0.28867513459479244 0.3815839573072188
0.5 0.28867513459479244 0.3793654459275257
0.5 0.28867513459479244 0.3771469345478325
0.5 0.28867513459479244 0.3749284231681394
0.5 0.28867513459479244 0.37270991178844626
0.5 0.28867513459479244 0.3704914004087531
0.5 0.28867513459479244 0.36827288902906
0.5 0.28867513459479244 0.3660543776493669
0.5 0.28867513459479244 0.36383586626967374
0.5 0.28867513459479244 0.3616173548899806
0.5 0.28867513459479244 0.3593988435102875
0.5 0.28867513459479244 0.3571803321305943
0.5 0.28867513459479244 0.3549618207509012
0.5 0.28867513459479244 0.35274330937120807
0.5 0.28867513459479244 0.3505247979915149
0.5 0.28867513459479244 0.34830628661182184
0.5 0.28867513459479244 0.3460877752321287
0.5 0.28867513459479244 0.34386926385243555
0.5 0.28867513459479244 0.3416507524727424
0.5 0.28867513459479244 0.33943224109304926
0.5 0.28867513459479244 0.3372137297133561
0.5 0.28867513459479244 0.334995218333663
0.5 0.28867513459479244 0.3327767069539699
0.5 0.28867513459479244 0.33055819557427674
0.5 0.28867513459479244 0.3283396841945836
0.5 0.28867513459479244 0.3261211728148905
0.5 0.28867513459479244 0.32390266143519736
0.5 0.28867513459479244 0.32168415005550427
0.5 0.28867513459479244 0.31946563867581107
0.5 0.28867513459479244 0.3172471272961179
0.5 0.28867513459479244 0.31502861591642484
0.5 0.28867513459479244 0.3128101045367317
0.5 0.28867513459479244 0.31059159315703855
0.5 0.28867513459479244 0.3083730817773454
0.5 0.28867513459479244 0.30615457039765226
0.5 0.28867513459479244 0.30393605901795917
0.5 0.28867513459479244 0.3017175476382661
0.5 0.28867513459479244 0.2994990362585729
0.5 0.28867513459479244 0.29728052487887974
0.5 0.28867513459479244 0.29506201349918665
0.5 0.28867513459479244 0.2928435021194935
0.5 0.28867513459479244 0.29062499073980036
0.5 0.28867513459479244 0.2884064793601072
0.5 0.28867513459479244 0.28618796798041407
0.5 0.28867513459479244 0.283969456600721
0.5 0.28867513459479244 0.2817509452210279
0.5 0.28867513459479244 0.2795324338413347
0.5 0.28867513459479244 0.27731392246164155
0.5 0.28867513459479244 0.27509541108194846
0.5 0.28867513459479244 0.2728768997022553
0.5 0.28867513459479244 0.27065838832256217
0.5 0.28867513459479244 0.268439876942869
0.5 0.28867513459479244 0.2662213655631759
0.5 0.28867513459479244 0.2640028541834828
0.5 0.28867513459479244 0.2617843428037897
0.5 0.28867513459479244 0.2595658314240965
0.5 0.28867513459479244 0.25734732004440336
0.5 0.28867513459479244 0.25512880866471027
0.5 0.28867513459479244 0.2529102972850171
0.5 0.28867513459479244 0.250691785905324
0.5 0.28867513459479244 0.24847327452563084
0.5 0.28867513459479244 0.24625476314593772
0.5 0.28867513459479244 0.2440362517662446
0.5 0.28867513459479244 0.2418177403865515
0.5 0.28867513459479244 0.23959922900685834
0.5 0.28867513459479244 0.23738071762716517
0.5 0.28867513459479244 0.23516220624747206
0.5 0.28867513459479244 0.23294369486777894
0.5 0.28867513459479244 0.2307251834880858
0.5 0.28867513459479244 0.22850667210839262
0.5 0.28867513459479244 0.22628816072869953
0.5 0.28867513459479244 0.22406964934900642
0.5 0.28867513459479244 0.22185113796931324
0.5 0.28867513459479244 0.21963262658962016
0.5 0.28867513459479244 0.21741411520992698
0.5 0.28867513459479244 0.21519560383023387
0.5 0.28867513459479244 0.21297709245054072
0.5 0.28867513459479244 0.2107585810708476
0.5 0.28867513459479244 0.2085400696911545
0.5 0.28867513459479244 0.20632155831146134
0.5 0.28867513459479244 0.20410304693176823
0.5 0.28867513459479244 0.20188453555207506
0.5 0.28867513459479244 0.19966602417238194
0.5 0.28867513459479244 0.1974475127926888
0.5 0.28867513459479244 0.19522900141299568
0.5 0.28867513459479244 0.19301049003330253
0.5 0.28867513459479244 0.19079197865360942
0.5 0.28867513459479244 0.1885734672739163
0.5 0.28867513459479244 0.18635495589422313
0.5 0.28867513459479244 0.18413644451453004
0.5 0.28867513459479244 0.18191793313483687
0.5 0.28867513459479244 0.17969942175514375
0.5 0.28867513459479244 0.1774809103754506
0.5 0.28867513459479244 0.1752623989957575
0.5 0.28867513459479244 0.17304388761606435
0.5 0.28867513459479244 0.17082537623637123
0.5 0.28867513459479244 0.1686068648566781
0.5 0.28867513459479244 0.16638835347698494
0.5 0.28867513459479244 0.16416984209729185
0.5 0.28867513459479244 0.16195133071759868
0.5 0.28867513459479244 0.15973281933790556
0.5 0.28867513459479244 0.15751430795821242
0.5 0.28867513459479244 0.1552957965785193
0.5 0.28867513459479244 0.15307728519882613
0.5 0.28867513459479244 0.15085877381913304
0.5 0.28867513459479244 0.14864026243943992
0.5 0.28867513459479244 0.14642175105974675
0.5 0.28867513459479244 0.14420323968005366
0.5 0.28867513459479244 0.1419847283003605
0.5 0.28867513459479244 0.13976621692066737
0.5 0.28867513459479244 0.13754770554097423
0.5 0.28867513459479244 0.1353291941612811
0.5 0.28867513459479244 0.13311068278158794
0.5 0.28867513459479244 0.13089217140189485
0.5 0.28867513459479244 0.12867366002220174
0.5 0.28867513459479244 0.12645514864250856
0.5 0.28867513459479244 0.12423663726281546
0.5 0.28867513459479244 0.1220181258831223
0.5 0.28867513459479244 0.11979961450342919
0.5 0.28867513459479244 0.11758110312373603
0.5 0.28867513459479244 0.11536259174404292
0.5 0.28867513459479244 0.11314408036434977
0.5 0.28867513459479244 0.11092556898465665
0.5 0.28867513459479244 0.10870705760496353
0.5 0.28867513459479244 0.10648854622527038
0.5 0.28867513459479244 0.10427003484557727
0.5 0.28867513459479244 0.10205152346588411
0.5 0.28867513459479244 0.099833012086191
0.5 0.28867513459479244 0.09761450070649784
0.5 0.28867513459479244 0.09539598932680474
0.5 0.28867513459479244 0.09317747794711156
0.5 0.28867513459479244 0.09095896656741846
0.5 0.28867513459479244 0.08874045518772535
0.5 0.28867513459479244 0.08652194380803219
0.5 0.28867513459479244 0.08430343242833908
0.5 0.28867513459479244 0.08208492104864593
0.5 0.28867513459479244 0.07986640966895281
0.5 0.28867513459479244 0.07764789828925965
0.5 0.28867513459479244 0.07542938690956653
0.5 0.28867513459479244 0.07321087552987338
0.5 0.28867513459479244 0.07099236415018027
0.5 0.28867513459479244 0.06877385277048716
0.5 0.28867513459479244 0.066555341390794
0.5 0.28867513459479244 0.0643368300111009
0.5 0.28867513459479244 0.06211831863140773
0.5 0.28867513459479244 0.05989980725171462
0.5 0.28867513459479244 0.05768129587202146
0.5 0.28867513459479244 0.05546278449232835
0.5 0.28867513459479244 0.05324427311263519
0.5 0.28867513459479244 0.05102576173294208
0.5 0.28867513459479244 0.04880725035324897
0.5 0.28867513459479244 0.04658873897355581
0.5 0.28867513459479244 0.0443702275938627
0.5 0.28867513459479244 0.04215171621416954
0.5 0.28867513459479244 0.03993320483447643
0.5 0.28867513459479244 0.03771469345478327
0.5 0.28867513459479244 0.03549618207509016
0.5 0.28867513459479244 0.033277670695397
0.5 0.28867513459479244 0.03105915931570389
0.5 0.28867513459479244 0.02884064793601078
0.5 0.28867513459479244 0.026622136556317618
0.5 0.28867513459479244 0.02440362517662451
0.5 0.28867513459479244 0.02218511379693135
0.5 0.28867513459479244 0.019966602417238237
0.5 0.28867513459479244 0.01774809103754508
0.5 0.28867513459479244 0.015529579657851969
0.5 0.28867513459479244 0.013311068278158809
0.5 0.28867513459479244 0.0110925568984657
0.5 0.28867513459479244 0.00887404551877254
0.5 0.28867513459479244 0.006655534139079429
0.5 0.28867513459479244 0.004437022759386318
0.5 0.28867513459479244 0.002218511379693159
0.5 0.28867513459479244 0.0
0.3333333333333333 0.5773502691895849 0.0
0.3333333333333333 0.5773502691895849 0.0022185113796931322
0.3333333333333333 0.5773502691895849 0.0044370227593862645
0.3333333333333333 0.5773502691895849 0.006655534139079398
0.3333333333333333 0.5773502691895849 0.008874045518772529
0.3333333333333333 0.5773502691895849 0.011092556898465661
0.3333333333333333 0.5773502691895849 0.013311068278158795
0.3333333333333333 0.5773502691895849 0.015529579657851927
0.3333333333333333 0.5773502691895849 0.017748091037545058
0.3333333333333333 0.5773502691895849 0.019966602417238192
0.3333333333333333 0.5773502691895849 0.022185113796931322
0.3333333333333333 0.5773502691895849 0.024403625176624453
0.3333333333333333 0.5773502691895849 0.02662213655631759
0.3333333333333333 0.5773502691895849 0.028840647936010717
0.3333333333333333 0.5773502691895849 0.031059159315703855
0.3333333333333333 0.5773502691895849 0.033277670695396985
0.3333333333333333 0.5773502691895849 0.035496182075090116
0.3333333333333333 0.5773502691895849 0.03771469345478325
0.3333333333333333 0.5773502691895849 0.039933204834476384
0.3333333333333333 0.5773502691895849 0.042151716214169514
0.3333333333333333 0.5773502691895849 0.044370227593862645
0.3333333333333333 0.5773502691895849 0.04658873897355578
0.3333333333333333 0.5773502691895849 0.048807250353248906
0.3333333333333333 0.5773502691895849 0.05102576173294204
0.3333333333333333 0.5773502691895849 0.05324427311263518
0.3333333333333333 0.5773502691895849 0.05546278449232831
0.3333333333333333 0.5773502691895849 0.057681295872021435
0.3333333333333333 0.5773502691895849 0.05989980725171457
0.3333333333333333 0.5773502691895849 0.06211831863140771
0.3333333333333333 0.5773502691895849 0.06433683001110084
0.3333333333333333 0.5773502691895849 0.06655534139079397
0.3333333333333333 0.5773502691895849 0.0687738527704871
0.3333333333333333 0.5773502691895849 0.07099236415018023
0.3333333333333333 0.5773502691895849 0.07321087552987336
0.3333333333333333 0.5773502691895849 0.0754293869095665
0.3333333333333333 0.5773502691895849 0.07764789828925962
0.3333333333333333 0.5773502691895849 0.07986640966895277
0.3333333333333333 0.5773502691895849 0.0820849210486459
0.3333333333333333 0.5773502691895849 0.08430343242833903
0.3333333333333333 0.5773502691895849 0.08652194380803216
0.3333333333333333 0.5773502691895849 0.08874045518772529
0.3333333333333333 0.5773502691895849 0.09095896656741842
0.3333333333333333 0.5773502691895849 0.09317747794711156
0.3333333333333333 0.5773502691895849 0.0953959893268047
0.3333333333333333 0.5773502691895849 0.09761450070649781
0.3333333333333333 0.5773502691895849 0.09983301208619096
0.3333333333333333 0.5773502691895849 0.10205152346588409
0.3333333333333333 0.5773502691895849 0.10427003484557722
0.3333333333333333 0.5773502691895849 0.10648854622527036
0.3333333333333333 0.5773502691895849 0.10870705760496348
0.3333333333333333 0.5773502691895849 0.11092556898465662
0.3333333333333333 0.5773502691895849 0.11314408036434974
0.3333333333333333 0.5773502691895849 0.11536259174404287
0.3333333333333333 0.5773502691895849 0.11758110312373601
0.3333333333333333 0.5773502691895849 0.11979961450342914
0.3333333333333333 0.5773502691895849 0.12201812588312227
0.3333333333333333 0.5773502691895849 0.12423663726281542
0.3333333333333333 0.5773502691895849 0.12645514864250854
0.3333333333333333 0.5773502691895849 0.12867366002220168
0.3333333333333333 0.5773502691895849 0.13089217140189482
0.3333333333333333 0.5773502691895849 0.13311068278158794
0.3333333333333333 0.5773502691895849 0.13532919416128106
0.3333333333333333 0.5773502691895849 0.1375477055409742
0.3333333333333333 0.5773502691895849 0.13976621692066735
0.3333333333333333 0.5773502691895849 0.14198472830036046
0.3333333333333333 0.5773502691895849 0.1442032396800536
0.3333333333333333 0.5773502691895849 0.14642175105974672
0.3333333333333333 0.5773502691895849 0.14864026243943987
0.3333333333333333 0.5773502691895849 0.150858773819133
0.3333333333333333 0.5773502691895849 0.15307728519882613
0.3333333333333333 0.5773502691895849 0.15529579657851925
0.3333333333333333 0.5773502691895849 0.1575143079582124
0.3333333333333333 0.5773502691895849 0.15973281933790553
0.3333333333333333 0.5773502691895849 0.16195133071759865
0.3333333333333333 0.5773502691895849 0.1641698420972918
0.3333333333333333 0.5773502691895849 0.16638835347698494
0.3333333333333333 0.5773502691895849 0.16860686485667806
0.3333333333333333 0.5773502691895849 0.1708253762363712
0.3333333333333333 0.5773502691895849 0.17304388761606432
0.3333333333333333 0.5773502691895849 0.17526239899575743
0.3333333333333333 0.5773502691895849 0.17748091037545058
0.3333333333333333 0.5773502691895849 0.17969942175514372
0.3333333333333333 0.5773502691895849 0.18191793313483684
0.3333333333333333 0.5773502691895849 0.18413644451452998
0.3333333333333333 0.5773502691895849 0.18635495589422313
0.3333333333333333 0.5773502691895849 0.18857346727391625
0.3333333333333333 0.5773502691895849 0.1907919786536094
0.3333333333333333 0.5773502691895849 0.1930104900333025
0.3333333333333333 0.5773502691895849 0.19522900141299562
0.3333333333333333 0.5773502691895849 0.19744751279268877
0.3333333333333333 0.5773502691895849 0.1996660241723819
0.3333333333333333 0.5773502691895849 0.20188453555207503
0.3333333333333333 0.5773502691895849 0.20410304693176817
0.3333333333333333 0.5773502691895849 0.20632155831146132
0.3333333333333333 0.5773502691895849 0.20854006969115443
0.3333333333333333 0.5773502691895849 0.21075858107084758
0.3333333333333333 0.5773502691895849 0.21297709245054072
0.3333333333333333 0.5773502691895849 0.2151956038302338
0.3333333333333333 0.5773502691895849 0.21741411520992696
0.3333333333333333 0.5773502691895849 0.2196326265896201
0.3333333333333333 0.5773502691895849 0.22185113796931324
0.3333333333333333 0.5773502691895849 0.22406964934900636
0.3333333333333333 0.5773502691895849 0.22628816072869948
0.3333333333333333 0.5773502691895849 0.22850667210839262
0.3333333333333333 0.5773502691895849 0.23072518348808574
0.3333333333333333 0.5773502691895849 0.2329436948677789
0.3333333333333333 0.5773502691895849 0.23516220624747203
0.3333333333333333 0.5773502691895849 0.23738071762716517
0.3333333333333333 0.5773502691895849 0.2395992290068583
0.3333333333333333 0.5773502691895849 0.24181774038655143
0.3333333333333333 0.5773502691895849 0.24403625176624455
0.3333333333333333 0.5773502691895849 0.24625476314593767
0.3333333333333333 0.5773502691895849 0.24847327452563084
0.3333333333333333 0.5773502691895849 0.2506917859053239
0.3333333333333333 0.5773502691895849 0.25291029728501707
0.3333333333333333 0.5773502691895849 0.2551288086647102
0.3333333333333333 0.5773502691895849 0.25734732004440336
0.3333333333333333 0.5773502691895849 0.25956583142409645
0.3333333333333333 0.5773502691895849 0.26178434280378965
0.3333333333333333 0.5773502691895849 0.26400285418348274
0.3333333333333333 0.5773502691895849 0.2662213655631759
0.3333333333333333 0.5773502691895849 0.268439876942869
0.3333333333333333 0.5773502691895849 0.2706583883225621
0.3333333333333333 0.5773502691895849 0.27287689970225526
0.3333333333333333 0.5773502691895849 0.2750954110819484
0.3333333333333333 0.5773502691895849 0.27731392246164155
0.3333333333333333 0.5773502691895849 0.2795324338413347
0.3333333333333333 0.5773502691895849 0.28175094522102784
0.3333333333333333 0.5773502691895849 0.2839694566007209
0.3333333333333333 0.5773502691895849 0.28618796798041407
0.3333333333333333 0.5773502691895849 0.2884064793601072
0.3333333333333333 0.5773502691895849 0.2906249907398003
0.3333333333333333 0.5773502691895849 0.29284350211949345
0.3333333333333333 0.5773502691895849 0.2950620134991866
0.3333333333333333 0.5773502691895849 0.29728052487887974
0.3333333333333333 0.5773502691895849 0.2994990362585729
0.3333333333333333 0.5773502691895849 0.301717547638266
0.3333333333333333 0.5773502691895849 0.3039360590179591
0.3333333333333333 0.5773502691895849 0.30615457039765226
0.3333333333333333 0.5773502691895849 0.3083730817773454
0.3333333333333333 0.5773502691895849 0.3105915931570385
0.3333333333333333 0.5773502691895849 0.3128101045367317
0.3333333333333333 0.5773502691895849 0.3150286159164248
0.3333333333333333 0.5773502691895849 0.3172471272961179
0.3333333333333333 0.5773502691895849 0.31946563867581107
0.3333333333333333 0.5773502691895849 0.3216841500555042
0.3333333333333333 0.5773502691895849 0.3239026614351973
0.3333333333333333 0.5773502691895849 0.32612117281489045
0.3333333333333333 0.5773502691895849 0.3283396841945836
0.3333333333333333 0.5773502691895849 0.3305581955742767
0.3333333333333333 0.5773502691895849 0.3327767069539699
0.3333333333333333 0.5773502691895849 0.33499521833366297
0.3333333333333333 0.5773502691895849 0.3372137297133561
0.3333333333333333 0.5773502691895849 0.33943224109304926
0.3333333333333333 0.5773502691895849 0.3416507524727424
0.3333333333333333 0.5773502691895849 0.3438692638524355
0.3333333333333333 0.5773502691895849 0.34608777523212864
0.3333333333333333 0.5773502691895849 0.3483062866118218
0.3333333333333333 0.5773502691895849 0.35052479799151487
0.3333333333333333 0.5773502691895849 0.35274330937120807
0.3333333333333333 0.5773502691895849 0.35496182075090116
0.3333333333333333 0.5773502691895849 0.3571803321305943
0.3333333333333333 0.5773502691895849 0.35939884351028745
0.3333333333333333 0.5773502691895849 0.3616173548899806
0.3333333333333333 0.5773502691895849 0.3638358662696737
0.3333333333333333 0.5773502691895849 0.3660543776493668
0.3333333333333333 0.5773502691895849 0.36827288902905997
0.3333333333333333 0.5773502691895849 0.37049140040875306
0.3333333333333333 0.5773502691895849 0.37270991178844626
0.3333333333333333 0.5773502691895849 0.37492842316813935
0.3333333333333333 0.5773502691895849 0.3771469345478325
0.3333333333333333 0.5773502691895849 0.37936544592752564
0.3333333333333333 0.5773502691895849 0.3815839573072188
0.3333333333333333 0.5773502691895849 0.38380246868691187
0.3333333333333333 0.5773502691895849 0.386020980066605
0.3333333333333333 0.5773502691895849 0.38823949144629816
0.3333333333333333 0.5773502691895849 0.39045800282599125
0.3333333333333333 0.5773502691895849 0.39267651420568445
0.3333333333333333 0.5773502691895849 0.39489502558537753
0.3333333333333333 0.5773502691895849 0.3971135369650707
0.3333333333333333 0.5773502691895849 0.3993320483447638
0.3333333333333333 0.5773502691895849 0.40155055972445697
0.3333333333333333 0.5773502691895849 0.40376907110415006
0.3333333333333333 0.5773502691895849 0.4059875824838432
0.3333333333333333 0.5773502691895849 0.40820609386353635
0.3333333333333333 0.5773502691895849 0.41042460524322943
0.3333333333333333 0.5773502691895849 0.41264311662292263
0.3333333333333333 0.5773502691895849 0.4148616280026157
0.3333333333333333 0.5773502691895849 0.41708013938230887
0.3333333333333333 0.5773502691895849 0.419298650762002
0.3333333333333333 0.5773502691895849 0.42151716214169516
0.3333333333333333 0.5773502691895849 0.42373567352138825
0.3333333333333333 0.5773502691895849 0.42595418490108145
0.3333333333333333 0.5773502691895849 0.42817269628077453
0.3333333333333333 0.5773502691895849 0.4303912076604676
0.3333333333333333 0.5773502691895849 0.4326097190401608
0.3333333333333333 0.5773502691895849 0.43482823041985397
