0.00001 4.688477658584671e-09
0.00500 2.344242266695230e-06
0.01000 4.688505158206194e-06
0.01500 7.032809300928977e-06
0.02000 9.377175324420047e-06
0.02500 1.172162386297762e-05
0.03000 1.406617555722453e-05
0.03500 1.641085105568982e-05
0.04000 1.875567101639297e-05
0.04500 2.110065610843575e-05
0.05000 2.344582701358254e-05
0.05500 2.579120442785888e-05
0.06000 2.813680906314074e-05
0.06500 3.048266164875675e-05
0.07000 3.282878293308082e-05
0.07500 3.517519368514492e-05
0.08000 3.752191469623693e-05
0.08500 3.986896678152655e-05
0.09000 4.221637078167038e-05
0.09500 4.456414756443963e-05
0.10000 4.691231802634376e-05
0.10500 4.926090309427077e-05
0.11000 5.160992372712000e-05
0.11500 5.395940091744313e-05
0.12000 5.630935569310644e-05
0.12500 5.865980911894478e-05
0.13000 6.101078229842201e-05
0.13500 6.336229637531311e-05
0.14000 6.571437253537749e-05
0.14500 6.806703200805850e-05
0.15000 7.042029606816642e-05
0.15500 7.277418603760182e-05
0.16000 7.512872328706546e-05
0.16500 7.748392923777621e-05
0.17000 7.983982536321911e-05
0.17500 8.219643319088577e-05
0.18000 8.455377430403953e-05
0.18500 8.691187034346200e-05
0.19000 8.927074300925910e-05
0.19500 9.163041406263847e-05
0.20000 9.399090532770850e-05
0.20500 9.635223869331593e-05
0.21000 9.871443611484511e-05
0.21500 1.010775196160824e-04
0.22000 1.034415112910752e-04
0.22500 1.058064333059776e-04
0.23000 1.081723079009596e-04
0.23500 1.105391573921039e-04
0.24000 1.129070041733046e-04
0.24500 1.152758707182222e-04
0.25000 1.176457795822123e-04
0.25500 1.200167534043002e-04
0.26000 1.223888149091663e-04
0.26500 1.247619869091194e-04
0.27000 1.271362923061555e-04
0.27500 1.295117540939580e-04
0.28000 1.318883953599683e-04
0.28500 1.342662392874495e-04
0.29000 1.366453091575977e-04
0.29500 1.390256283516425e-04
0.30000 1.414072203529854e-04
0.30500 1.437901087493562e-04
0.31000 1.461743172349926e-04
0.31500 1.485598696128403e-04
0.32000 1.509467897967820e-04
0.32500 1.533351018138839e-04
0.33000 1.557248298066515e-04
0.33500 1.581159980353422e-04
0.34000 1.605086308802931e-04
0.34500 1.629027528442530e-04
0.35000 1.652983885547573e-04
0.35500 1.676955627665386e-04
0.36000 1.700943003639468e-04
0.36500 1.724946263634015e-04
0.37000 1.748965659158978e-04
0.37500 1.773001443094912e-04
0.38000 1.797053869718592e-04
0.38500 1.821123194728799e-04
0.39000 1.845209675272380e-04
0.39500 1.869313569970333e-04
0.40000 1.893435138945067e-04
0.40500 1.917574643847117e-04
0.41000 1.941732347882463e-04
0.41500 1.965908515840461e-04
0.42000 1.990103414121879e-04
0.42500 2.014317310767420e-04
0.43000 2.038550475486431e-04
0.43500 2.062803179686298e-04
0.44000 2.087075696501838e-04
0.44500 2.111368300825537e-04
0.45000 2.135681269337795e-04
0.45500 2.160014880537891e-04
0.46000 2.184369414775171e-04
0.46500 2.208745154280572e-04
0.47000 2.233142383199094e-04
0.47500 2.257561387622159e-04
0.48000 2.282002455620468e-04
0.48500 2.306465877278159e-04
0.49000 2.330951944725904e-04
0.49500 2.355460952176153e-04
0.50000 2.379993195957636e-04
0.50500 2.404548974551134e-04
0.51000 2.429128588625457e-04
0.51500 2.453732341073774e-04
0.52000 2.478360537050943e-04
0.52500 2.503013484011311e-04
0.53000 2.527691491746165e-04
0.53500 2.552394872423728e-04
0.54000 2.577123940627496e-04
0.54500 2.601879013396846e-04
0.55000 2.626660410267430e-04
0.55500 2.651468453312379e-04
0.56000 2.676303467184331e-04
0.56500 2.701165779158096e-04
0.57000 2.726055719173521e-04
0.57500 2.750973619879698e-04
0.58000 2.775919816679465e-04
0.58500 2.800894647774816e-04
0.59000 2.825898454213008e-04
0.59500 2.850931579933162e-04
0.60000 2.875994371814099e-04
0.60500 2.901087179722489e-04
0.61000 2.926210356562267e-04
0.61500 2.951364258324281e-04
0.62000 2.976549244137424e-04
0.62500 3.001765676320046e-04
0.63000 3.027013920432655e-04
0.63500 3.052294345331553e-04
0.64000 3.077607323222274e-04
0.64500 3.102953229715885e-04
0.65000 3.128332443884592e-04
0.65500 3.153745348319333e-04
0.66000 3.179192329187435e-04
0.66500 3.204673776292212e-04
0.67000 3.230190083132849e-04
0.67500 3.255741646966178e-04
0.68000 3.281328868868112e-04
0.68500 3.306952153798208e-04
0.69000 3.332611910663703e-04
0.69500 3.358308552384901e-04
0.70000 3.384042495962911e-04
0.70500 3.409814162546970e-04
0.71000 3.435623977504525e-04
0.71500 3.461472370491483e-04
0.72000 3.487359775523966e-04
0.72500 3.513286631051958e-04
0.73000 3.539253380033518e-04
0.73500 3.565260470011242e-04
0.74000 3.591308353189302e-04
0.74500 3.617397486512138e-04
0.75000 3.643528331745101e-04
0.75500 3.669701355556268e-04
0.76000 3.695917029599585e-04
0.76500 3.722175830599861e-04
0.77000 3.748478240439668e-04
0.77500 3.774824746247332e-04
0.78000 3.801215840486868e-04
0.78500 3.827652021049659e-04
0.79000 3.854133791347998e-04
0.79500 3.880661660410274e-04
0.80000 3.907236142978232e-04
0.80500 3.933857759606065e-04
0.81000 3.960527036761036e-04
0.81500 3.987244506926737e-04
0.82000 4.014010708708673e-04
0.82500 4.040826186940307e-04
0.83000 4.067691492793340e-04
0.83500 4.094607183888403e-04
0.84000 4.121573824409641e-04
0.84500 4.148591985220243e-04
0.85000 4.175662243980722e-04
0.85500 4.202785185270399e-04
0.86000 4.229961400709947e-04
0.86500 4.257191489087943e-04
0.87000 4.284476056489165e-04
0.87500 4.311815716425273e-04
0.88000 4.339211089969366e-04
0.88500 4.366662805892066e-04
0.89000 4.394171500801602e-04
0.89500 4.421737819285998e-04
0.90000 4.449362414059056e-04
0.90500 4.477045946107929e-04
0.91000 4.504789084846615e-04
0.91500 4.532592508269219e-04
0.92000 4.560456903109389e-04
0.92500 4.588382965002570e-04
0.93000 4.616371398650274e-04
0.93500 4.644422917989369e-04
0.94000 4.672538246365668e-04
0.94500 4.700718116708754e-04
0.95000 4.728963271714300e-04
0.95500 4.757274464026248e-04
0.96000 4.785652456427210e-04
0.96500 4.814098022030203e-04
0.97000 4.842611944475400e-04
0.97500 4.871195018132438e-04
0.98000 4.899848048305538e-04
0.98500 4.928571851444834e-04
0.99000 4.957367255361164e-04
0.99500 4.986235099447633e-04
1.00000 5.015176234903741e-04
1.00500 5.044191524967078e-04
1.01000 5.073281845148393e-04
1.01500 5.102448083474622e-04
1.02000 5.131691140734245e-04
1.02500 5.161011930732057e-04
1.03000 5.190411380546471e-04
1.03500 5.219890430795948e-04
1.04000 5.249450035909165e-04
1.04500 5.279091164404261e-04
1.05000 5.308814799172064e-04
1.05500 5.338621937767983e-04
1.06000 5.368513592710262e-04
1.06500 5.398490791786438e-04
1.07000 5.428554578364934e-04
1.07500 5.458706011716816e-04
1.08000 5.488946167344833e-04
1.08500 5.519276137318448e-04
1.09000 5.549697030621056e-04
1.09500 5.580209973502412e-04
1.10000 5.610816109840951e-04
1.10500 5.641516601516726e-04
1.11000 5.672312628790389e-04
1.11500 5.703205390696414e-04
1.12000 5.734196105441846e-04
1.12500 5.765286010817036e-04
1.13000 5.796476364618194e-04
1.13500 5.827768445079007e-04
1.14000 5.859163551313833e-04
1.14500 5.890663003773367e-04
1.15000 5.922268144710575e-04
1.15500 5.953980338660141e-04
1.16000 5.985800972930727e-04
1.16500 6.017731458108957e-04
1.17000 6.049773228577951e-04
1.17500 6.081927743049009e-04
1.18000 6.114196485107754e-04
1.18500 6.146580963776566e-04
1.19000 6.179082714087600e-04
1.19500 6.211703297678508e-04
1.20000 6.244444303397213e-04
1.20500 6.277307347928121e-04
1.21000 6.310294076433884e-04
1.21500 6.343406163214722e-04
1.22000 6.376645312387171e-04
1.22500 6.410013258579540e-04
1.23000 6.443511767650682e-04
1.23500 6.477142637424587e-04
1.24000 6.510907698449829e-04
1.24500 6.544808814777556e-04
1.25000 6.578847884764159e-04
1.25500 6.613026841894667e-04
1.26000 6.647347655632407e-04
1.26500 6.681812332290815e-04
1.27000 6.716422915934160e-04
1.27500 6.751181489299354e-04
1.28000 6.786090174751101e-04
1.28500 6.821151135260471e-04
1.29000 6.856366575415275e-04
1.29500 6.891738742458757e-04
1.30000 6.927269927362003e-04
1.30500 6.962962465926253e-04
1.31000 6.998818739920114e-04
1.31500 7.034841178250308e-04
1.32000 7.071032258170542e-04
1.32500 7.107394506524499e-04
1.33000 7.143930501029450e-04
1.33500 7.180642871600504e-04
1.34000 7.217534301713184e-04
1.34500 7.254607529812012e-04
1.35000 7.291865350762384e-04
1.35500 7.329310617347566e-04
1.36000 7.366946241816379e-04
1.36500 7.404775197476483e-04
1.37000 7.442800520343546e-04
1.37500 7.481025310840439e-04
1.38000 7.519452735553105e-04
1.38500 7.558086029044338e-04
1.39000 7.596928495728708e-04
1.39500 7.635983511804546e-04
1.40000 7.675254527257717e-04
1.40500 7.714745067926717e-04
1.41000 7.754458737639095e-04
1.41500 7.794399220421983e-04
1.42000 7.834570282784856e-04
1.42500 7.874975776083940e-04
1.43000 7.915619638965321e-04
1.43500 7.956505899894277e-04
1.44000 7.997638679771801e-04
1.44500 8.039022194643570e-04
1.45000 8.080660758504480e-04
1.45500 8.122558786202103e-04
1.46000 8.164720796443140e-04
1.46500 8.207151414910932e-04
1.47000 8.249855377488375e-04
1.47500 8.292837533608030e-04
1.48000 8.336102849714535e-04
1.48500 8.379656412860845e-04
1.49000 8.423503434433552e-04
1.49500 8.467649254020267e-04
1.50000 8.512099343416941e-04
1.50500 8.556859310790695e-04
1.51000 8.601934904996665e-04
1.51500 8.647332020060029e-04
1.52000 8.693056699832821e-04
1.52500 8.739115142824935e-04
1.53000 8.785513707227234e-04
1.53500 8.832258916128427e-04
1.54000 8.879357462937288e-04
1.54500 8.926816217019292e-04
1.55000 8.974642229558816e-04
1.55500 9.022842739653142e-04
1.56000 9.071425180655652e-04
1.56500 9.120397186773577e-04
1.57000 9.169766599937990e-04
1.57500 9.219541476951987e-04
1.58000 9.269730096940093e-04
1.58500 9.320340969102747e-04
1.59000 9.371382840800905e-04
1.59500 9.422864705977595e-04
1.60000 9.474795813941472e-04
1.60500 9.527185678522870e-04
1.61000 9.580044087627292e-04
1.61500 9.633381113202361e-04
1.62000 9.687207121639736e-04
1.62500 9.741532784636170e-04
1.63000 9.796369090536499e-04
1.63500 9.851727356181453e-04
1.64000 9.907619239288429e-04
1.64500 9.964056751394612e-04
1.65000 1.002105227138906e-03
1.65500 1.007861855966819e-03
1.66000 1.013676877294559e-03
1.66500 1.019551647975331e-03
1.67000 1.025487567667068e-03
1.67500 1.031486080532409e-03
1.68000 1.037548677019554e-03
1.68500 1.043676895728970e-03
1.69000 1.049872325370273e-03
1.69500 1.056136606814794e-03
1.70000 1.062471435249608e-03
1.70500 1.068878562437480e-03
1.71000 1.075359799091067e-03
1.71500 1.081917017365459e-03
1.72000 1.088552153478424e-03
1.72500 1.095267210464715e-03
1.73000 1.102064261071990e-03
1.73500 1.108945450808458e-03
1.74000 1.115913001150123e-03
1.74500 1.122969212917966e-03
1.75000 1.130116469835593e-03
1.75500 1.137357242278522e-03
1.76000 1.144694091227360e-03
1.76500 1.152129672437459e-03
1.77000 1.159666740839356e-03
1.77500 1.167308155184757e-03
1.78000 1.175056882953831e-03
1.78500 1.182916005541780e-03
1.79000 1.190888723742173e-03
1.79500 1.198978363547833e-03
1.80000 1.207188382290501e-03
1.80500 1.215522375142177e-03
1.81000 1.223984082003622e-03
1.81500 1.232577394806226e-03
1.82000 1.241306365257273e-03
1.82500 1.250175213059094e-03
1.83000 1.259188334637079e-03
1.83500 1.268350312412364e-03
1.84000 1.277665924659885e-03
1.84500 1.287140155994770e-03
1.85000 1.296778208533916e-03
1.85500 1.306585513783452e-03
1.86000 1.316567745307913e-03
1.86500 1.326730832241699e-03
1.87000 1.337080973706504e-03
1.87500 1.347624654208729e-03
1.88000 1.358368660092485e-03
1.88500 1.369320097134790e-03
1.89000 1.380486409374778e-03
1.89500 1.391875399279018e-03
1.90000 1.403495249354307e-03
1.90500 1.415354545328932e-03
1.91000 1.427462301037394e-03
1.91500 1.439827985153777e-03
1.92000 1.452461549936508e-03
1.92500 1.465373462161491e-03
1.93000 1.478574736438887e-03
1.93500 1.492076971129924e-03
1.94000 1.505892387101871e-03
1.94500 1.520033869584202e-03
1.95000 1.534515013418115e-03
1.95500 1.549350172022690e-03
1.96000 1.564554510435686e-03
1.96500 1.580144062828564e-03
1.97000 1.596135794939664e-03
1.97500 1.612547671918218e-03
1.98000 1.629398732133373e-03
1.98500 1.646709167563267e-03
1.99000 1.664500411455141e-03
1.99500 1.682795234030034e-03
2.00000 1.701617847100871e-03
2.00500 1.720994018581175e-03
2.01000 1.740951197984767e-03
2.01500 1.761518654158071e-03
2.02000 1.782727626648540e-03
2.02500 1.804611492298923e-03
2.03000 1.827205948868810e-03
2.03500 1.850549217732294e-03
2.04000 1.874682267983746e-03
2.04500 1.899649064610768e-03
2.05000 1.925496843774897e-03
2.05500 1.952276418679616e-03
2.06000 1.980042520018965e-03
2.06500 2.008854175598001e-03
2.07000 2.038775134409780e-03
2.07500 2.069874341273949e-03
2.08000 2.102226469088953e-03
2.08500 2.135912516873281e-03
2.09000 2.171020483081783e-03
2.09500 2.207646125223043e-03
2.10000 2.245893818620385e-03
2.10500 2.285877529284851e-03
2.11000 2.327721918373773e-03
2.11500 2.371563598643640e-03
2.12000 2.417552566735316e-03
2.12500 2.465853839130192e-03
2.13000 2.516649324236606e-03
2.13500 2.570139968360341e-03
2.14000 2.626548219281964e-03
2.14500 2.686120857748122e-03
2.15000 2.749132254178629e-03
2.15500 2.815888114889964e-03
2.16000 2.886729788335552e-03
2.16500 2.962039205883783e-03
2.17000 3.042244531126379e-03
2.17500 3.127826582764322e-03
2.18000 3.219326072552190e-03
2.18500 3.317351651917697e-03
2.19000 3.422588674060323e-03
2.19500 3.535808431176379e-03
2.20000 3.657877389499923e-03
2.20500 3.789765581119565e-03
2.21000 3.932552782975402e-03
2.21500 4.087430400625462e-03
2.22000 4.255696123300023e-03
2.22500 4.438737632245585e-03
2.23000 4.638001445268787e-03
2.23500 4.854944390462224e-03
2.24000 5.090969815360972e-03
2.24500 5.347360122244883e-03
2.25000 5.625231524049133e-03
2.25500 5.925550778141010e-03
2.26000 6.249253343058848e-03
2.26500 6.597469100577503e-03
2.27000 6.971789037124626e-03
2.27500 7.374424464059623e-03
2.28000 7.808085464309938e-03
2.28500 8.275486512860322e-03
2.29000 8.778546466620801e-03
2.29500 9.317495921268078e-03
2.30000 9.890166177161468e-03
2.30500 1.049170656592599e-02
2.31000 1.111488384536441e-02
2.31500 1.175095736989063e-02
2.32000 1.239089238406948e-02
2.32500 1.302645606535896e-02
2.33000 1.365075063720983e-02
2.33500 1.425813600226963e-02
2.34000 1.484407382338402e-02
2.34500 1.540561742182905e-02
2.35000 1.594270350528917e-02
2.35500 1.645944936963343e-02
2.36000 1.696424796547263e-02
2.36500 1.746814169675883e-02
2.37000 1.798226897869561e-02
2.37500 1.851600176402664e-02
2.38000 1.907701320939971e-02
2.38500 1.967317745759318e-02
2.39000 2.031483320196396e-02
2.39500 2.101548068109300e-02
2.40000 2.178973300696012e-02
2.40500 2.264870326479696e-02
2.41000 2.359398337335038e-02
2.41500 2.461152198203335e-02
2.42000 2.566649644061101e-02
2.42500 2.670043381365689e-02
2.43000 2.763250486776500e-02
2.43500 2.836727778587515e-02
2.44000 2.880997302231374e-02
2.44500 2.888684057391941e-02
2.45000 2.856416659623919e-02
2.45500 2.785791741637998e-02
2.46000 2.682947258006244e-02
2.46500 2.556956979677453e-02
2.47000 2.417768716340616e-02
2.47500 2.274438456721690e-02
2.48000 2.134064364659592e-02
2.48500 2.001427940150797e-02
2.49000 1.879130119097025e-02
2.49500 1.767985044232796e-02
2.50000 1.667509872110585e-02
2.50500 1.576431441746341e-02
2.51000 1.493170710298454e-02
2.51500 1.416260933767131e-02
2.52000 1.344638196444648e-02
2.52500 1.277754655166314e-02
2.53000 1.215517845463193e-02
2.53500 1.158120724190131e-02
2.54000 1.105852183628288e-02
2.54500 1.058955390883968e-02
2.55000 1.017557403952837e-02
2.55500 9.816589120795456e-03
2.56000 9.511594506627443e-03
2.56500 9.258957405037573e-03
2.57000 9.056790491576105e-03
2.57500 8.903251358505839e-03
2.58000 8.796751850335720e-03
2.58500 8.736083519814395e-03
2.59000 8.720470450641562e-03
2.59500 8.749556579531482e-03
2.60000 8.823326579225882e-03
2.60500 8.941950499566637e-03
2.61000 9.105535493209050e-03
2.61500 9.313767161635950e-03
2.62000 9.565435020463076e-03
2.62500 9.857870460521079e-03
2.63000 1.018638943991776e-02
2.63500 1.054392334210044e-02
2.64000 1.092111082414964e-02
2.64500 1.130714153968144e-02
2.65000 1.169149076416445e-02
2.65500 1.206630453303911e-02
2.66000 1.242869672597944e-02
2.66500 1.278193448758025e-02
2.67000 1.313476535657889e-02
2.67500 1.349894949446649e-02
2.68000 1.388589706137490e-02
2.68500 1.430363723113483e-02
2.69000 1.475506602221687e-02
2.69500 1.523781019819069e-02
2.70000 1.574537673075536e-02
2.70500 1.626869488327922e-02
2.71000 1.679693439326182e-02
2.71500 1.731690682926052e-02
2.72000 1.781144210958397e-02
2.72500 1.825830456947851e-02
2.73000 1.863158975562436e-02
2.73500 1.890658311004440e-02
2.74000 1.906704183682633e-02
2.74500 1.911193266767271e-02
2.75000 1.905829027070570e-02
2.75500 1.893862805868973e-02
2.76000 1.879408361535082e-02
2.76500 1.866622388813496e-02
2.77000 1.859021576122318e-02
2.77500 1.859060948695576e-02
2.78000 1.867960777068126e-02
2.78500 1.885711966044367e-02
2.79000 1.911203247187305e-02
2.79500 1.942451327062189e-02
2.80000 1.976934858404147e-02
2.80500 2.012013776916946e-02
2.81000 2.045363524401150e-02
2.81500 2.075303519702440e-02
2.82000 2.100902641798029e-02
2.82500 2.121833117410541e-02
2.83000 2.138081566045958e-02
2.83500 2.149711484888702e-02
2.84000 2.156825979491919e-02
2.84500 2.159729415086010e-02
2.85000 2.159147335963685e-02
2.85500 2.156337132127253e-02
2.86000 2.153007012360042e-02
2.86500 2.151066958157932e-02
2.87000 2.152282367943417e-02
2.87500 2.157894952836513e-02
2.88000 2.168271920110287e-02
2.88500 2.182667196710780e-02
2.89000 2.199198887250704e-02
2.89500 2.215123183959039e-02
2.90000 2.227395022299612e-02
2.90500 2.233370107970741e-02
2.91000 2.231399182750465e-02
2.91500 2.221093743466124e-02
2.92000 2.203220776678976e-02
2.92500 2.179386383920221e-02
2.93000 2.151727800882941e-02
2.93500 2.122718314771732e-02
2.94000 2.095032302337393e-02
2.94500 2.071364335656754e-02
2.95000 2.054164351489272e-02
2.95500 2.045345340886168e-02
2.96000 2.046055969101345e-02
2.96500 2.056583838237390e-02
2.97000 2.076407756811329e-02
2.97500 2.104375835314908e-02
2.98000 2.138947494954114e-02
2.98500 2.178399178062836e-02
2.99000 2.220881905183492e-02
2.99500 2.264275528394632e-02
3.00000 2.305914615577677e-02
3.00500 2.342397985759835e-02
3.01000 2.369733787019483e-02
3.01500 2.383947996608344e-02
3.02000 2.382024901907629e-02
3.02500 2.362792938363480e-02
3.03000 2.327310805326396e-02
3.03500 2.278538274056401e-02
3.04000 2.220457029385913e-02
3.04500 2.157068849804955e-02
3.05000 2.091684939122569e-02
3.05500 2.026698370598043e-02
3.06000 1.963774607363224e-02
3.06500 1.904233580547321e-02
3.07000 1.849377352000118e-02
3.07500 1.800617233054069e-02
3.08000 1.759397000900545e-02
3.08500 1.727005300586312e-02
3.09000 1.704380492356496e-02
3.09500 1.691963524350393e-02
3.10000 1.689603195850396e-02
3.10500 1.696495946235116e-02
3.11000 1.711149785209361e-02
3.11500 1.731384137533530e-02
3.12000 1.754398959251642e-02
3.12500 1.776957031087055e-02
3.13000 1.795713505865718e-02
3.13500 1.807684006012479e-02
3.14000 1.810762781337206e-02
3.14500 1.804121149363988e-02
3.15000 1.788311833510221e-02
3.15500 1.765024437163738e-02
3.16000 1.736615532270157e-02
3.16500 1.705634919500561e-02
3.17000 1.674516141109072e-02
3.17500 1.645457546380154e-02
3.18000 1.620410700695779e-02
3.18500 1.601079587659244e-02
3.19000 1.588889448332628e-02
3.19500 1.584941343232540e-02
3.20000 1.589987781208444e-02
3.20500 1.604450785365698e-02
3.21000 1.628478491349998e-02
3.21500 1.662013018494345e-02
3.22000 1.704825158141424e-02
3.22500 1.756466721518707e-02
3.23000 1.816108742599839e-02
3.23500 1.882276031390762e-02
3.24000 1.952546740226220e-02
3.24500 2.023343796670782e-02
3.25000 2.089982363803882e-02
3.25500 2.147119235434176e-02
3.26000 2.189633067024661e-02
3.26500 2.213746075378525e-02
3.27000 2.217981064271361e-02
3.27500 2.203515091234580e-02
3.28000 2.173738356876283e-02
3.28500 2.133215754132417e-02
3.29000 2.086505234512525e-02
3.29500 2.037264269266670e-02
3.30000 1.987857313964276e-02
3.30500 1.939440486690994e-02
3.31000 1.892352494547085e-02
3.31500 1.846594932733849e-02
3.32000 1.802212442078814e-02
3.32500 1.759458071033817e-02
3.33000 1.718730910900402e-02
3.33500 1.680372180228764e-02
3.34000 1.644462689201045e-02
3.34500 1.610751600471955e-02
3.35000 1.578770527748164e-02
3.35500 1.548086152155762e-02
3.36000 1.518568967706856e-02
3.36500 1.490546747111179e-02
3.37000 1.464774468072279e-02
3.37500 1.442245592049853e-02
3.38000 1.423933152062302e-02
3.38500 1.410555104731390e-02
3.39000 1.402424065883686e-02
3.39500 1.399400583719029e-02
3.40000 1.400940597408863e-02
3.40500 1.406210587376794e-02
3.41000 1.414231230985669e-02
3.41500 1.424003714954639e-02
3.42000 1.434582135901869e-02
3.42500 1.445085380713808e-02
3.43000 1.454680372869558e-02
3.43500 1.462590436723889e-02
3.44000 1.468167388392285e-02
3.44500 1.471016193322991e-02
3.45000 1.471106876388256e-02
3.45500 1.468792868853951e-02
3.46000 1.464699756559143e-02
3.46500 1.459525169528339e-02
3.47000 1.453839223484547e-02
3.47500 1.447962180422622e-02
3.48000 1.441945583695821e-02
3.48500 1.435640441046825e-02
3.49000 1.428817825316442e-02
3.49500 1.421299966726803e-02
3.50000 1.413056298050700e-02
3.50500 1.404231804263910e-02
3.51000 1.395109517106454e-02
3.51500 1.386043030565189e-02
3.52000 1.377402019462687e-02
3.52500 1.369552312094193e-02
3.53000 1.362861560953175e-02
3.53500 1.357701363620932e-02
3.54000 1.354417045810882e-02
3.54500 1.353257622959587e-02
3.55000 1.354288430856256e-02
3.55500 1.357327562109329e-02
3.56000 1.361942770210357e-02
3.56500 1.367522401565326e-02
3.57000 1.373405071158265e-02
3.57500 1.379029970129402e-02
3.58000 1.384060921435728e-02
3.58500 1.388445846617377e-02
3.59000 1.392396118412477e-02
3.59500 1.396298678113138e-02
3.60000 1.400595917123850e-02
3.60500 1.405673444207201e-02
3.61000 1.411782242328596e-02
3.61500 1.419000961396706e-02
3.62000 1.427232829850394e-02
3.62500 1.436236237515878e-02
3.63000 1.445697861719269e-02
3.63500 1.455354123139335e-02
3.64000 1.465143698255846e-02
3.64500 1.475345934916905e-02
3.65000 1.486652910667859e-02
3.65500 1.500146405538772e-02
3.66000 1.517189355302392e-02
3.66500 1.539270082461493e-02
3.67000 1.567844240647897e-02
3.67500 1.604206440675796e-02
3.68000 1.649401645277866e-02
3.68500 1.704167662823254e-02
3.69000 1.768891843672797e-02
3.69500 1.843566775372254e-02
3.70000 1.927734442913515e-02
3.70500 2.020408483775711e-02
3.71000 2.119959817419511e-02
3.71500 2.223956101612786e-02
3.72000 2.328983093473114e-02
3.72500 2.430552598508588e-02
3.73000 2.523276958481968e-02
3.73500 2.601479372850069e-02
3.74000 2.660243603380243e-02
3.74500 2.696623388274303e-02
3.75000 2.710513839253104e-02
3.75500 2.704748367101427e-02
3.76000 2.684347930151873e-02
3.76500 2.655267126813761e-02
3.77000 2.623157731474141e-02
3.77500 2.592537163881612e-02
3.78000 2.566475844837380e-02
3.78500 2.546701332034856e-02
3.79000 2.533936809853576e-02
3.79500 2.528311921826653e-02
3.80000 2.529732261642954e-02
3.80500 2.538125481425587e-02
3.81000 2.553506257211761e-02
3.81500 2.575851693965773e-02
3.82000 2.604852741098976e-02
3.82500 2.639663238753071e-02
3.83000 2.678769492453132e-02
3.83500 2.720055442544510e-02
3.84000 2.761076064088159e-02
3.84500 2.799502415863162e-02
3.85000 2.833664094364604e-02
3.85500 2.863068460553253e-02
3.86000 2.888729427994879e-02
3.86500 2.913152377611537e-02
3.87000 2.939939912436888e-02
3.87500 2.973147764718823e-02
3.88000 3.016611804886429e-02
3.88500 3.073433495097361e-02
3.89000 3.145709130516439e-02
3.89500 3.234502817009206e-02
3.90000 3.340025121244098e-02
3.90500 3.461960635838544e-02
3.91000 3.599849858478216e-02
3.91500 3.753375282799634e-02
3.92000 3.922382854807516e-02
3.92500 4.106548702534617e-02
3.93000 4.304772233110258e-02
3.93500 4.514556029642562e-02
3.94000 4.731722253776410e-02
3.94500 4.950757774625054e-02
3.95000 5.165856924090933e-02
3.95500 5.372372672250576e-02
3.96000 5.568045361597223e-02
3.96500 5.753315943155090e-02
3.97000 5.930406448236138e-02
3.97500 6.101483625838819e-02
3.98000 6.266693171931174e-02
3.98500 6.422887953594957e-02
3.99000 6.563549562558718e-02
3.99500 6.679971623797838e-02
4.00000 6.763400786756002e-02
