0.00001 4.696979045680721e-09
0.00500 2.348492959578483e-06
0.01000 4.697006539984318e-06
0.01500 7.045561363625641e-06
0.02000 9.394178056072453e-06
0.02500 1.174287724763845e-05
0.03000 1.409167957496342e-05
0.03500 1.644060568259728e-05
0.04000 1.878967622458549e-05
0.04500 2.113891186605601e-05
0.05000 2.348833328480897e-05
0.05500 2.583796117290829e-05
0.06000 2.818781623827633e-05
0.06500 3.053791920629149e-05
0.07000 3.288829082138935e-05
0.07500 3.523895184866724e-05
0.08000 3.758992307549322e-05
0.08500 3.994122531311880e-05
0.09000 4.229287939829720e-05
0.09500 4.464490619490528e-05
0.10000 4.699732659557230e-05
0.10500 4.935016152331283e-05
0.11000 5.170343193316630e-05
0.11500 5.405715881384359e-05
0.12000 5.641136318937780e-05
0.12500 5.876606612078524e-05
0.13000 6.112128870773029e-05
0.13500 6.347705209020064e-05
0.14000 6.583337745018841e-05
0.14500 6.819028601338115e-05
0.15000 7.054779905086005e-05
0.15500 7.290593788080752e-05
0.16000 7.526472387022521e-05
0.16500 7.762417843666028e-05
0.17000 7.998432304994117e-05
0.17500 8.234517923392616e-05
0.18000 8.470676856826022e-05
0.18500 8.706911269014456e-05
0.19000 8.943223329611545e-05
0.19500 9.179615214383925e-05
0.20000 9.416089105391397e-05
0.20500 9.652647191168759e-05
0.21000 9.889291666908858e-05
0.21500 1.012602473464681e-04
0.22000 1.036284860344583e-04
0.22500 1.059976548958426e-04
0.23000 1.083677761674422e-04
0.23500 1.107388721620175e-04
0.24000 1.131109652701835e-04
0.24500 1.154840779623430e-04
0.25000 1.178582327906343e-04
0.25500 1.202334523908968e-04
0.26000 1.226097594846533e-04
0.26500 1.249871768811105e-04
0.27000 1.273657274791754e-04
0.27500 1.297454342694940e-04
0.28000 1.321263203365049e-04
0.28500 1.345084088605154e-04
0.29000 1.368917231197968e-04
0.29500 1.392762864926977e-04
0.30000 1.416621224597835e-04
0.30500 1.440492546059908e-04
0.31000 1.464377066228082e-04
0.31500 1.488275023104810e-04
0.32000 1.512186655802318e-04
0.32500 1.536112204565123e-04
0.33000 1.560051910792743e-04
0.33500 1.584006017062703e-04
0.34000 1.607974767153700e-04
0.34500 1.631958406069161e-04
0.35000 1.655957180060929e-04
0.35500 1.679971336653312e-04
0.36000 1.704001124667364e-04
0.36500 1.728046794245467e-04
0.37000 1.752108596876192e-04
0.37500 1.776186785419445e-04
0.38000 1.800281614131942e-04
0.38500 1.824393338692964e-04
0.39000 1.848522216230446e-04
0.39500 1.872668505347357e-04
0.40000 1.896832466148477e-04
0.40500 1.921014360267416e-04
0.41000 1.945214450894030e-04
0.41500 1.969433002802201e-04
0.42000 1.993670282377940e-04
0.42500 2.017926557647878e-04
0.43000 2.042202098308108e-04
0.43500 2.066497175753426e-04
0.44000 2.090812063106960e-04
0.44500 2.115147035250199e-04
0.45000 2.139502368853422e-04
0.45500 2.163878342406538e-04
0.46000 2.188275236250338e-04
0.46500 2.212693332608252e-04
0.47000 2.237132915618436e-04
0.47500 2.261594271366401e-04
0.48000 2.286077687918051e-04
0.48500 2.310583455353235e-04
0.49000 2.335111865799733e-04
0.49500 2.359663213467772e-04
0.50000 2.384237794685009e-04
0.50500 2.408835907932078e-04
0.51000 2.433457853878591e-04
0.51500 2.458103935419734e-04
0.52000 2.482774457713386e-04
0.52500 2.507469728217753e-04
0.53000 2.532190056729680e-04
0.53500 2.556935755423410e-04
0.54000 2.581707138890027e-04
0.54500 2.606504524177527e-04
0.55000 2.631328230831352e-04
0.55500 2.656178580935781e-04
0.56000 2.681055899155767e-04
0.56500 2.705960512779569e-04
0.57000 2.730892751761981e-04
0.57500 2.755852948768279e-04
0.58000 2.780841439218868e-04
0.58500 2.805858561334642e-04
0.59000 2.830904656183092e-04
0.59500 2.855980067725136e-04
0.60000 2.881085142862732e-04
0.60500 2.906220231487279e-04
0.61000 2.931385686528807e-04
0.61500 2.956581864005967e-04
0.62000 2.981809123076903e-04
0.62500 3.007067826090923e-04
0.63000 3.032358338641058e-04
0.63500 3.057681029617538e-04
0.64000 3.083036271262120e-04
0.64500 3.108424439223425e-04
0.65000 3.133845912613127e-04
0.65500 3.159301074063192e-04
0.66000 3.184790309784085e-04
0.66500 3.210314009623949e-04
0.67000 3.235872567128898e-04
0.67500 3.261466379604289e-04
0.68000 3.287095848177157e-04
0.68500 3.312761377859643e-04
0.69000 3.338463377613683e-04
0.69500 3.364202260416800e-04
0.70000 3.389978443328994e-04
0.70500 3.415792347560975e-04
0.71000 3.441644398543603e-04
0.71500 3.467535025998495e-04
0.72000 3.493464664010007e-04
0.72500 3.519433751098592e-04
0.73000 3.545442730295341e-04
0.73500 3.571492049218095e-04
0.74000 3.597582160148816e-04
0.74500 3.623713520112541e-04
0.75000 3.649886590957679e-04
0.75500 3.676101839437955e-04
0.76000 3.702359737295811e-04
0.76500 3.728660761347413e-04
0.77000 3.755005393569311e-04
0.77500 3.781394121186743e-04
0.78000 3.807827436763622e-04
0.78500 3.834305838294256e-04
0.79000 3.860829829296927e-04
0.79500 3.887399918909142e-04
0.80000 3.914016621984930e-04
0.80500 3.940680459193865e-04
0.81000 3.967391957122251e-04
0.81500 3.994151648376085e-04
0.82000 4.020960071686216e-04
0.82500 4.047817772015591e-04
0.83000 4.074725300668596e-04
0.83500 4.101683215402649e-04
0.84000 4.128692080541961e-04
0.84500 4.155752467093790e-04
0.85000 4.182864952866839e-04
0.85500 4.210030122592226e-04
0.86000 4.237248568046868e-04
0.86500 4.264520888179491e-04
0.87000 4.291847689239123e-04
0.87500 4.319229584906386e-04
0.88000 4.346667196427414e-04
0.88500 4.374161152750717e-04
0.89000 4.401712090666747e-04
0.89500 4.429320654950579e-04
0.90000 4.456987498507514e-04
0.90500 4.484713282521817e-04
0.91000 4.512498676608655e-04
0.91500 4.540344358969223e-04
0.92000 4.568251016549355e-04
0.92500 4.596219345201372e-04
0.93000 4.624250049849651e-04
0.93500 4.652343844659631e-04
0.94000 4.680501453210641e-04
0.94500 4.708723608672481e-04
0.95000 4.737011053985897e-04
0.95500 4.765364542047074e-04
0.96000 4.793784835896212e-04
0.96500 4.822272708910316e-04
0.97000 4.850828945000458e-04
0.97500 4.879454338813140e-04
0.98000 4.908149695936636e-04
0.98500 4.936915833111667e-04
0.99000 4.965753578447106e-04
0.99500 4.994663771640530e-04
1.00000 5.023647264203849e-04
1.00500 5.052704919694137e-04
1.01000 5.081837613949882e-04
1.01500 5.111046235332671e-04
1.02000 5.140331684974485e-04
1.02500 5.169694877030972e-04
1.03000 5.199136738940423e-04
1.03500 5.228658211689173e-04
1.04000 5.258260250083120e-04
1.04500 5.287943823025691e-04
1.05000 5.317709913802639e-04
1.05500 5.347559520373583e-04
1.06000 5.377493655670648e-04
1.06500 5.407513347904242e-04
1.07000 5.437619640876390e-04
1.07500 5.467813594301816e-04
1.08000 5.498096284136652e-04
1.08500 5.528468802915565e-04
1.09000 5.558932260096961e-04
1.09500 5.589487782417101e-04
1.10000 5.620136514252717e-04
1.10500 5.650879617993007e-04
1.11000 5.681718274420913e-04
1.11500 5.712653683104006e-04
1.12000 5.743687062795412e-04
1.12500 5.774819651844928e-04
1.13000 5.806052708620687e-04
1.13500 5.837387511941685e-04
1.14000 5.868825361521572e-04
1.14500 5.900367578423894e-04
1.15000 5.932015505529226e-04
1.15500 5.963770508014659e-04
1.16000 5.995633973845825e-04
1.16500 6.027607314282008e-04
1.17000 6.059691964394564e-04
1.17500 6.091889383599390e-04
1.18000 6.124201056203479e-04
1.18500 6.156628491966335e-04
1.19000 6.189173226676472e-04
1.19500 6.221836822743732e-04
1.20000 6.254620869807672e-04
1.20500 6.287526985362678e-04
1.21000 6.320556815400336e-04
1.21500 6.353712035069595e-04
1.22000 6.386994349355206e-04
1.22500 6.420405493775293e-04
1.23000 6.453947235098486e-04
1.23500 6.487621372081025e-04
1.24000 6.521429736225254e-04
1.24500 6.555374192559239e-04
1.25000 6.589456640438993e-04
1.25500 6.623679014373763e-04
1.26000 6.658043284874944e-04
1.26500 6.692551459329913e-04
1.27000 6.727205582901242e-04
1.27500 6.762007739452254e-04
1.28000 6.796960052499867e-04
1.28500 6.832064686195682e-04
1.29000 6.867323846336235e-04
1.29500 6.902739781403516e-04
1.30000 6.938314783636598e-04
1.30500 6.974051190135818e-04
1.31000 7.009951384000369e-04
1.31500 7.046017795500606e-04
1.32000 7.082252903286270e-04
1.32500 7.118659235632093e-04
1.33000 7.155239371721611e-04
1.33500 7.191995942971454e-04
1.34000 7.228931634396605e-04
1.34500 7.266049186018925e-04
1.35000 7.303351394319959e-04
1.35500 7.340841113740145e-04
1.36000 7.378521258225712e-04
1.36500 7.416394802825388e-04
1.37000 7.454464785338516e-04
1.37500 7.492734308016901e-04
1.38000 7.531206539321893e-04
1.38500 7.569884715739283e-04
1.39000 7.608772143654093e-04
1.39500 7.647872201287345e-04
1.40000 7.687188340697553e-04
1.40500 7.726724089849293e-04
1.41000 7.766483054751489e-04
1.41500 7.806468921667936e-04
1.42000 7.846685459403739e-04
1.42500 7.887136521669358e-04
1.43000 7.927826049526833e-04
1.43500 7.968758073920221e-04
1.44000 8.009936718294554e-04
1.44500 8.051366201306578e-04
1.45000 8.093050839630899e-04
1.45500 8.134995050865749e-04
1.46000 8.177203356542327e-04
1.46500 8.219680385242112e-04
1.47000 8.262430875826696e-04
1.47500 8.305459680784651e-04
1.48000 8.348771769700718e-04
1.48500 8.392372232852550e-04
1.49000 8.436266284939807e-04
1.49500 8.480459268952654e-04
1.50000 8.524956660184019e-04
1.50500 8.569764070393475e-04
1.51000 8.614887252128405e-04
1.51500 8.660332103209656e-04
1.52000 8.706104671389410e-04
1.52500 8.752211159188225e-04
1.53000 8.798657928920026e-04
1.53500 8.845451507913188e-04
1.54000 8.892598593936749e-04
1.54500 8.940106060841292e-04
1.55000 8.987980964423927e-04
1.55500 9.036230548528754e-04
1.56000 9.084862251392701e-04
1.56500 9.133883712249130e-04
1.57000 9.183302778201131e-04
1.57500 9.233127511377104e-04
1.58000 9.283366196383046e-04
1.58500 9.334027348064623e-04
1.59000 9.385119719595260e-04
1.59500 9.436652310905777e-04
1.60000 9.488634377472128e-04
1.60500 9.541075439479619e-04
1.61000 9.593985291381862e-04
1.61500 9.647374011875112e-04
1.62000 9.701251974307919e-04
1.62500 9.755629857549640e-04
1.63000 9.810518657340271e-04
1.63500 9.865929698147325e-04
1.64000 9.921874645555859e-04
1.64500 9.978365519219554e-04
1.65000 1.003541470640307e-03
1.65500 1.009303497614650e-03
1.66000 1.015123949408593e-03
1.66500 1.021004183796528e-03
1.67000 1.026945601387732e-03
1.67500 1.032949647327364e-03
1.68000 1.039017813078649e-03
1.68500 1.045151638290760e-03
1.69000 1.051352712757192e-03
1.69500 1.057622678469800e-03
1.70000 1.063963231773936e-03
1.70500 1.070376125630492e-03
1.71000 1.076863171991058e-03
1.71500 1.083426244292851e-03
1.72000 1.090067280080362e-03
1.72500 1.096788283761408e-03
1.73000 1.103591329505478e-03
1.73500 1.110478564293096e-03
1.74000 1.117452211125321e-03
1.74500 1.124514572403240e-03
1.75000 1.131668033488031e-03
1.75500 1.138915066452777e-03
1.76000 1.146258234038212e-03
1.76500 1.153700193825314e-03
1.77000 1.161243702638632e-03
1.77500 1.168891621195362e-03
1.78000 1.176646919016063e-03
1.78500 1.184512679614425e-03
1.79000 1.192492105984457e-03
1.79500 1.200588526405225e-03
1.80000 1.208805400584461e-03
1.80500 1.217146326164374e-03
1.81000 1.225615045614477e-03
1.81500 1.234215453538550e-03
1.82000 1.242951604424733e-03
1.82500 1.251827720870329e-03
1.83000 1.260848202315208e-03
1.83500 1.270017634320827e-03
1.84000 1.279340798434650e-03
1.84500 1.288822682683253e-03
1.85000 1.298468492741121e-03
1.85500 1.308283663826001e-03
1.86000 1.318273873376288e-03
1.86500 1.328445054570612e-03
1.87000 1.338803410755296e-03
1.87500 1.349355430850997e-03
1.88000 1.360107905816645e-03
1.88500 1.371067946255535e-03
1.89000 1.382243001256678e-03
1.89500 1.393640878572882e-03
1.90000 1.405269766246971e-03
1.90500 1.417138255807983e-03
1.91000 1.429255367171048e-03
1.91500 1.441630575387907e-03
1.92000 1.454273839409417e-03
1.92500 1.467195633037782e-03
1.93000 1.480406978264135e-03
1.93500 1.493919481207504e-03
1.94000 1.507745370893470e-03
1.94500 1.521897541136152e-03
1.95000 1.536389595815363e-03
1.95500 1.551235897872321e-03
1.96000 1.566451622382929e-03
1.96500 1.582052814107525e-03
1.97000 1.598056449961133e-03
1.97500 1.614480506898818e-03
1.98000 1.631344035768349e-03
1.98500 1.648667241747223e-03
1.99000 1.666471572054575e-03
1.99500 1.684779811712384e-03
2.00000 1.703616188225002e-03
2.00500 1.723006486154768e-03
2.01000 1.742978172694624e-03
2.01500 1.763560535480287e-03
2.02000 1.784784834046128e-03
2.02500 1.806684466514662e-03
2.03000 1.829295153323141e-03
2.03500 1.852655140036415e-03
2.04000 1.876805421579255e-03
2.04500 1.901789990549097e-03
2.05000 1.927656112650469e-03
2.05500 1.954454632733306e-03
2.06000 1.982240315430181e-03
2.06500 2.011072224985066e-03
2.07000 2.041014149563300e-03
2.07500 2.072135076147448e-03
2.08000 2.104509723077908e-03
2.08500 2.138219138415826e-03
2.09000 2.173351373618707e-03
2.09500 2.210002243561939e-03
2.10000 2.248276185752637e-03
2.10500 2.288287233713433e-03
2.11000 2.330160122017390e-03
2.11500 2.374031543391723e-03
2.12000 2.420051581741748e-03
2.12500 2.468385348945703e-03
2.13000 2.519214857896127e-03
2.13500 2.572741169559505e-03
2.14000 2.629186857799911e-03
2.14500 2.688798842297999e-03
2.15000 2.751851646899109e-03
2.15500 2.818651147724510e-03
2.16000 2.889538881589600e-03
2.16500 2.964896989297900e-03
2.17000 3.045153867860974e-03
2.17500 3.130790596757313e-03
2.18000 3.222348179785472e-03
2.18500 3.320435596214632e-03
2.19000 3.425738568125901e-03
2.19500 3.539028803687241e-03
2.20000 3.661173239130359e-03
2.20500 3.793142438436265e-03
2.21000 3.936016781091012e-03
2.21500 4.090988355271621e-03
2.22000 4.259355622397368e-03
2.22500 4.442507133800915e-03
2.23000 4.641890380070452e-03
2.23500 4.858963261981653e-03
2.24000 5.095130283102707e-03
2.24500 5.351675047092995e-03
2.25000 5.629714948004893e-03
2.25500 5.930217813081119e-03
2.26000 6.254119962558926e-03
2.26500 6.602551867032660e-03
2.27000 6.977104834019108e-03
2.27500 7.379990300033468e-03
2.28000 7.813918345581020e-03
2.28500 8.281603279544542e-03
2.29000 8.784963447259698e-03
2.29500 9.324228341607626e-03
2.30000 9.897227431244882e-03
2.30500 1.049910761377539e-02
2.31000 1.112263303340980e-02
2.31500 1.175906081216816e-02
2.32000 1.239935471128904e-02
2.32500 1.303528102331295e-02
2.33000 1.365994102605181e-02
2.33500 1.426769298669590e-02
2.34000 1.485399639232573e-02
2.34500 1.541590302079585e-02
2.35000 1.595335019151294e-02
2.35500 1.647045868642960e-02
2.36000 1.697562709807448e-02
2.36500 1.747990399405993e-02
2.37000 1.799443324783758e-02
2.37500 1.852859184817030e-02
2.38000 1.909005943371992e-02
2.38500 1.968672053126266e-02
2.39000 2.032892977817229e-02
2.39500 2.103020893388077e-02
2.40000 2.180519674391266e-02
2.40500 2.266503381555346e-02
2.41000 2.361133881824838e-02
2.41500 2.463008262256446e-02
2.42000 2.568645403647993e-02
2.42500 2.672197104319047e-02
2.43000 2.765576220368558e-02
2.43500 2.839230908221031e-02
2.44000 2.883669892423838e-02
2.44500 2.891501721280307e-02
2.45000 2.859338873519943e-02
2.45500 2.788766438317221e-02
2.46000 2.685918565890128e-02
2.46500 2.559873457520815e-02
2.47000 2.420589449375938e-02
2.47500 2.277135720403589e-02
2.48000 2.136623113032917e-02
2.48500 2.003843262900080e-02
2.49000 1.881403922604126e-02
2.49500 1.770122899846090e-02
2.50000 1.669518589262556e-02
2.50500 1.578317610287342e-02
2.51000 1.494940204255307e-02
2.51500 1.417919144876276e-02
2.52000 1.346190608244384e-02
2.52500 1.279207359628074e-02
2.53000 1.216877759916238e-02
2.53500 1.159395485048501e-02
2.54000 1.107049842492321e-02
2.54500 1.060084067203720e-02
2.55000 1.018624997869814e-02
2.55500 9.826729159498497e-03
2.56000 9.521268541667663e-03
2.56500 9.268230063579000e-03
2.57000 9.065721347269556e-03
2.57500 8.911895407665738e-03
2.58000 8.805160106701067e-03
2.58500 8.744303631092387e-03
2.59000 8.728547267204192e-03
2.59500 8.757532617198156e-03
2.60000 8.831242317884812e-03
2.60500 8.949844452544235e-03
2.61000 9.113443976340788e-03
2.61500 9.321723698080925e-03
2.62000 9.573469354966216e-03
2.62500 9.866007244211999e-03
2.63000 1.019464679234700e-02
2.63500 1.055231167902073e-02
2.64000 1.092963248817522e-02
2.64500 1.131579177539490e-02
2.65000 1.170026032812073e-02
2.65500 1.207518369153357e-02
2.66000 1.243767972537478e-02
2.66500 1.279102315668351e-02
2.67000 1.314397069060647e-02
2.67500 1.350829086759490e-02
2.68000 1.389539965640611e-02
2.68500 1.431332884864850e-02
2.69000 1.476497445686760e-02
2.69500 1.524796193454536e-02
2.70000 1.575579694945905e-02
2.70500 1.627940788468683e-02
2.71000 1.680796296324010e-02
2.71500 1.732826928034516e-02
2.72000 1.782314682846817e-02
2.72500 1.827034339830036e-02
2.73000 1.864393269473326e-02
2.73500 1.891917708561464e-02
2.74000 1.907981533441733e-02
2.74500 1.912480599687821e-02
2.75000 1.907118888495226e-02
2.75500 1.895149501238896e-02
2.76000 1.880688775447535e-02
2.76500 1.867896232153151e-02
2.77000 1.860291123681257e-02
2.77500 1.860330445064420e-02
2.78000 1.869235697130068e-02
2.78500 1.886998266527942e-02
2.79000 1.912506691315357e-02
2.79500 1.943776933430502e-02
2.80000 1.978286517202064e-02
2.80500 2.013394068136212e-02
2.81000 2.046773731338605e-02
2.81500 2.076743751723447e-02
2.82000 2.102371921654374e-02
2.82500 2.123329335523013e-02
2.83000 2.139601358037949e-02
2.83500 2.151250226094383e-02
2.84000 2.158378079512258e-02
2.84500 2.161288937345562e-02
2.85000 2.160708794938299e-02
2.85500 2.157896264733147e-02
2.86000 2.154561380058776e-02
2.86500 2.152616305783238e-02
2.87000 2.153828677713109e-02
2.87500 2.159442134989041e-02
2.88000 2.169825142208285e-02
2.88500 2.184231955739529e-02
2.89000 2.200780003738288e-02
2.89500 2.216723907998652e-02
2.90000 2.229016396981589e-02
2.90500 2.235010662440790e-02
2.91000 2.233054957974549e-02
2.91500 2.222758627553857e-02
2.92000 2.204887151280613e-02
2.92500 2.181046096844881e-02
2.93000 2.153373396075462e-02
2.93500 2.124344277795695e-02
2.94000 2.096635961515816e-02
2.94500 2.072946137112706e-02
2.95000 2.055727472243950e-02
2.95500 2.046894847305382e-02
2.96000 2.047597834850836e-02
2.96500 2.058124106955761e-02
2.97000 2.077952040552631e-02
2.97500 2.105929225730202e-02
2.98000 2.140514832018797e-02
2.98500 2.179985477327449e-02
2.99000 2.222492642333090e-02
2.99500 2.265916495019211e-02
3.00000 2.307591213586895e-02
3.00500 2.344114054649689e-02
3.01000 2.371490266500143e-02
3.01500 2.385741856011508e-02
3.02000 2.383848764916827e-02
3.02500 2.364635635906733e-02
3.03000 2.329158719614857e-02
3.03500 2.280376983840665e-02
3.04000 2.222272689807859e-02
3.04500 2.158849011621860e-02
3.05000 2.093418916899266e-02
3.05500 2.028377497590862e-02
3.06000 1.965392625803450e-02
3.06500 1.905787132339094e-02
3.07000 1.850866317468447e-02
3.07500 1.802044684056090e-02
3.08000 1.760768733197007e-02
3.08500 1.728329098754473e-02
3.09000 1.705665332983494e-02
3.09500 1.693218856924952e-02
3.10000 1.690838340872939e-02
3.10500 1.697719578597551e-02
3.11000 1.712369444395973e-02
3.11500 1.732605719640413e-02
3.12000 1.755626195069557e-02
3.12500 1.778191034415024e-02
3.13000 1.796952556993990e-02
3.13500 1.808923748691527e-02
3.14000 1.811996895155485e-02
3.14500 1.805342347489320e-02
3.15000 1.789512879624931e-02
3.15500 1.766198912468188e-02
3.16000 1.737758281200284e-02
3.16500 1.706742283259622e-02
3.17000 1.675586112713043e-02
3.17500 1.646489877149187e-02
3.18000 1.621406892536975e-02
3.18500 1.602042712247986e-02
3.19000 1.589823817250802e-02
3.19500 1.585852124168002e-02
3.20000 1.590880663816701e-02
3.20500 1.605331759623217e-02
3.21000 1.629353747130590e-02
3.21500 1.662888930438277e-02
3.22000 1.705708293202561e-02
3.22500 1.757363802091501e-02
3.23000 1.817026514041961e-02
3.23500 1.883221005812442e-02
3.24000 1.953524803350769e-02
3.24500 2.024359673829534e-02
3.25000 2.091038969512010e-02
3.25500 2.148217002558624e-02
3.26000 2.190769452296684e-02
3.26500 2.214915494982700e-02
3.27000 2.219175430299229e-02
3.27500 2.204724878669124e-02
3.28000 2.174953865174493e-02
3.28500 2.134428138934477e-02
3.29000 2.087707047728805e-02
3.29500 2.038449529050906e-02
3.30000 1.989021325996136e-02
3.30500 1.940579651789696e-02
3.31000 1.893464210382181e-02
3.31500 1.847677548895935e-02
3.32000 1.803265152193173e-02
3.32500 1.760480645972922e-02
3.33000 1.719723265241372e-02
3.33500 1.681333875020178e-02
3.34000 1.645392557750040e-02
3.34500 1.611647689386097e-02
3.35000 1.579630442863728e-02
3.35500 1.548907715043269e-02
3.36000 1.519350922771596e-02
3.36500 1.491289229669964e-02
3.37000 1.465479078002499e-02
3.37500 1.442915114375154e-02
3.38000 1.424571091503171e-02
3.38500 1.411165208288221e-02
3.39000 1.403009942454486e-02
3.39500 1.399965458300383e-02
3.40000 1.401487190542142e-02
3.40500 1.406741086615054e-02
3.41000 1.414747312154718e-02
3.41500 1.424506576567425e-02
3.42000 1.435072532063853e-02
3.42500 1.445563668069770e-02
3.43000 1.455146605418502e-02
3.43500 1.463044528036822e-02
3.44000 1.468609311557832e-02
3.44500 1.471446133587033e-02
3.45000 1.471525239077021e-02
3.45500 1.469200106581279e-02
3.46000 1.465096087426938e-02
3.46500 1.459910332653833e-02
3.47000 1.454212396631504e-02
3.47500 1.448322086385852e-02
3.48000 1.442290721860503e-02
3.48500 1.435969357428933e-02
3.49000 1.429129356819300e-02
3.49500 1.421593409598536e-02
3.50000 1.413331452511967e-02
3.50500 1.404488877108071e-02
3.51000 1.395348928108298e-02
3.51500 1.386265216528491e-02
3.52000 1.377607318730309e-02
3.52500 1.369740953924422e-02
3.53000 1.363033719749695e-02
3.53500 1.357857201872558e-02
3.54000 1.354556681316682e-02
3.54500 1.353381012251672e-02
3.55000 1.354395224979250e-02
3.55500 1.357417017819637e-02
3.56000 1.362013776949968e-02
3.56500 1.367573634986423e-02
3.57000 1.373435234877119e-02
3.57500 1.379038053823211e-02
3.58000 1.384046392242039e-02
3.58500 1.388408706280739e-02
3.59000 1.392336800715170e-02
3.59500 1.396217818354828e-02
3.60000 1.400494071173367e-02
3.60500 1.405550841798855e-02
3.61000 1.411638626764103e-02
3.61500 1.418835525371165e-02
3.62000 1.427044235671961e-02
3.62500 1.436022712134970e-02
3.63000 1.445457359494483e-02
3.63500 1.455084530727559e-02
3.64000 1.464843022567009e-02
3.64500 1.475012398725153e-02
3.65000 1.486284905932784e-02
3.65500 1.499742310362792e-02
3.66000 1.516747271611389e-02
3.66500 1.538787573536322e-02
3.67000 1.567318139792601e-02
3.67500 1.603632777349675e-02
3.68000 1.648775708944815e-02
3.68500 1.703484210084572e-02
3.69000 1.768145453227068e-02
3.69500 1.842752358505552e-02
3.70000 1.926847909861261e-02
3.70500 2.019447539071881e-02
3.71000 2.118924814242409e-02
3.71500 2.222850839437986e-02
3.72000 2.327815399019456e-02
3.72500 2.429334474794942e-02
3.73000 2.522024034200804e-02
3.73500 2.600209428692456e-02
3.74000 2.658974218602378e-02
3.74500 2.695369208493786e-02
3.75000 2.709284317291774e-02
3.75500 2.703546726463521e-02
3.76000 2.683171544633735e-02
3.76500 2.654108902913204e-02
3.77000 2.622007823996868e-02
3.77500 2.591384492733531e-02
3.78000 2.565309177919203e-02
3.78500 2.545509932892467e-02
3.79000 2.532710750366506e-02
3.79500 2.527042168875304e-02
3.80000 2.528410623828435e-02
3.80500 2.536744489533051e-02
3.81000 2.552059062782614e-02
3.81500 2.574332084666013e-02
3.82000 2.603255351085781e-02
3.82500 2.637983952297315e-02
3.83000 2.677005916491915e-02
3.83500 2.718207219162748e-02
3.84000 2.759144784884339e-02
3.84500 2.797491021253847e-02
3.85000 2.831575827910724e-02
3.85500 2.860905580400705e-02
3.86000 2.886491903063160e-02
3.86500 2.910836770664910e-02
3.87000 2.937538628938211e-02
3.87500 2.970648803758347e-02
3.88000 3.013999057272328e-02
3.88500 3.070687524946700e-02
3.89000 3.142808302774363e-02
3.89500 3.231424604795235e-02
3.90000 3.336747418464184e-02
3.90500 3.458462904461260e-02
3.91000 3.596113997538925e-02
3.91500 3.749386273203389e-02
3.92000 3.918129488965931e-02
3.92500 4.102024889556547e-02
3.93000 4.299979252857631e-02
3.93500 4.509505596339708e-02
3.94000 4.726439517726744e-02
3.94500 4.945282858178241e-02
3.95000 5.160243738210938e-02
3.95500 5.366684823611167e-02
3.96000 5.562350553160971e-02
3.96500 5.747681389298939e-02
3.97000 5.924897531744334e-02
3.97500 6.096166311416068e-02
3.98000 6.261638527582816e-02
3.98500 6.418175668689127e-02
3.99000 6.559267272554177e-02
3.99500 6.676208309606921e-02
4.00000 6.760235174128690e-02
