0.00001 1.416136639979914e-06
0.00500 7.080722408747904e-04
0.01000 1.416168007611353e-03
0.01500 2.124310828364903e-03
0.02000 2.832524235878019e-03
0.02500 3.540831769775470e-03
0.03000 4.249256978860479e-03
0.03500 4.957823423412827e-03
0.04000 5.666554677489306e-03
0.04500 6.375474331226964e-03
0.05000 7.084605993149644e-03
0.05500 7.793973292478274e-03
0.06000 8.503599881445334e-03
0.06500 9.213509437614073e-03
0.07000 9.923725666202837e-03
0.07500 1.063427230241511e-02
0.08000 1.134517311377562e-02
0.08500 1.205645190247304e-02
0.09000 1.276813250770994e-02
0.09500 1.348023880806005e-02
0.10000 1.419279472383382e-02
0.10500 1.490582421945242e-02
0.11000 1.561935130583084e-02
0.11500 1.633340004277057e-02
0.12000 1.704799454136218e-02
0.12500 1.776315896639881e-02
0.13000 1.847891753880010e-02
0.13500 1.919529453804856e-02
0.14000 1.991231430463722e-02
0.14500 2.063000124253044e-02
0.15000 2.134837982163770e-02
0.15500 2.206747458030088e-02
0.16000 2.278731012779608e-02
0.16500 2.350791114685011e-02
0.17000 2.422930239617195e-02
0.17500 2.495150871300061e-02
0.18000 2.567455501566887e-02
0.18500 2.639846630618453e-02
0.19000 2.712326767282865e-02
0.19500 2.784898429277227e-02
0.20000 2.857564143471184e-02
0.20500 2.930326446152376e-02
0.21000 3.003187883293868e-02
0.21500 3.076151010823715e-02
0.22000 3.149218394896491e-02
0.22500 3.222392612167132e-02
0.23000 3.295676250066931e-02
0.23500 3.369071907081862e-02
0.24000 3.442582193033270e-02
0.24500 3.516209729360958e-02
0.25000 3.589957149408819e-02
0.25500 3.663827098712987e-02
0.26000 3.737822235292645e-02
0.26500 3.811945229943522e-02
0.27000 3.886198766534150e-02
0.27500 3.960585542304967e-02
0.28000 4.035108268170377e-02
0.28500 4.109769669023723e-02
0.29000 4.184572484045357e-02
0.29500 4.259519467013877e-02
0.30000 4.334613386620519e-02
0.30500 4.409857026786870e-02
0.31000 4.485253186985988e-02
0.31500 4.560804682566896e-02
0.32000 4.636514345082707e-02
0.32500 4.712385022622264e-02
0.33000 4.788419580145572e-02
0.33500 4.864620899822968e-02
0.34000 4.940991881378209e-02
0.34500 5.017535442435465e-02
0.35000 5.094254518870462e-02
0.35500 5.171152065165657e-02
0.36000 5.248231054769820e-02
0.36500 5.325494480461780e-02
0.37000 5.402945354718748e-02
0.37500 5.480586710089114e-02
0.38000 5.558421599569906e-02
0.38500 5.636453096988991e-02
0.39000 5.714684297392116e-02
0.39500 5.793118317434935e-02
0.40000 5.871758295780092e-02
0.40500 5.950607393499428e-02
0.41000 6.029668794481607e-02
0.41500 6.108945705845031e-02
0.42000 6.188441358356347e-02
0.42500 6.268159006854564e-02
0.43000 6.348101930680997e-02
0.43500 6.428273434115062e-02
0.44000 6.508676846816103e-02
0.44500 6.589315524271415e-02
0.45000 6.670192848250470e-02
0.45500 6.751312227265698e-02
0.46000 6.832677097039756e-02
0.46500 6.914290920979427e-02
0.47000 6.996157190656596e-02
0.47500 7.078279426295984e-02
0.48000 7.160661177270182e-02
0.48500 7.243306022601960e-02
0.49000 7.326217571474032e-02
0.49500 7.409399463746419e-02
0.50000 7.492855370481663e-02
0.50500 7.576588994477969e-02
0.51000 7.660604070810451e-02
0.51500 7.744904367380766e-02
0.52000 7.829493685475111e-02
0.52500 7.914375860330984e-02
0.53000 7.999554761712815e-02
0.53500 8.085034294496588e-02
0.54000 8.170818399263663e-02
0.54500 8.256911052904224e-02
0.55000 8.343316269230157e-02
0.55500 8.430038099597985e-02
0.56000 8.517080633541699e-02
0.56500 8.604447999416065e-02
0.57000 8.692144365050238e-02
0.57500 8.780173938412426e-02
0.58000 8.868540968285160e-02
0.58500 8.957249744952102e-02
0.59000 9.046304600896173e-02
0.59500 9.135709911509469e-02
0.60000 9.225470095815064e-02
0.60500 9.315589617201193e-02
0.61000 9.406072984167844e-02
0.61500 9.496924751086175e-02
0.62000 9.588149518970975e-02
0.62500 9.679751936266609e-02
0.63000 9.771736699646484e-02
0.63500 9.864108554826548e-02
0.64000 9.956872297393045e-02
0.64500 1.005003277364495e-01
0.65000 1.014359488145114e-01
0.65500 1.023756357112317e-01
0.66000 1.033194384630317e-01
0.66500 1.042674076486819e-01
0.67000 1.052195943985055e-01
0.67500 1.061760504037497e-01
0.68000 1.071368279261284e-01
0.68500 1.081019798075381e-01
0.69000 1.090715594799534e-01
0.69500 1.100456209755058e-01
0.70000 1.110242189367465e-01
0.70500 1.120074086271044e-01
0.71000 1.129952459415367e-01
0.71500 1.139877874173798e-01
0.72000 1.149850902454078e-01
0.72500 1.159872122810962e-01
0.73000 1.169942120561035e-01
0.73500 1.180061487899711e-01
0.74000 1.190230824020458e-01
0.74500 1.200450735236369e-01
0.75000 1.210721835104042e-01
0.75500 1.221044744549870e-01
0.76000 1.231420091998838e-01
0.76500 1.241848513505797e-01
0.77000 1.252330652889351e-01
0.77500 1.262867161868372e-01
0.78000 1.273458700201253e-01
0.78500 1.284105935827908e-01
0.79000 1.294809545014617e-01
0.79500 1.305570212501811e-01
0.80000 1.316388631654803e-01
0.80500 1.327265504617598e-01
0.81000 1.338201542469827e-01
0.81500 1.349197465386875e-01
0.82000 1.360254002803321e-01
0.82500 1.371371893579721e-01
0.83000 1.382551886172846e-01
0.83500 1.393794738809471e-01
0.84000 1.405101219663768e-01
0.84500 1.416472107038429e-01
0.85000 1.427908189549596e-01
0.85500 1.439410266315672e-01
0.86000 1.450979147150185e-01
0.86500 1.462615652758700e-01
0.87000 1.474320614939989e-01
0.87500 1.486094876791474e-01
0.88000 1.497939292919142e-01
0.88500 1.509854729651961e-01
0.89000 1.521842065260981e-01
0.89500 1.533902190183212e-01
0.90000 1.546036007250390e-01
0.90500 1.558244431922788e-01
0.91000 1.570528392528203e-01
0.91500 1.582888830506199e-01
0.92000 1.595326700657844e-01
0.92500 1.607842971400986e-01
0.93000 1.620438625031289e-01
0.93500 1.633114657989138e-01
0.94000 1.645872081132592e-01
0.94500 1.658711920016538e-01
0.95000 1.671635215178223e-01
0.95500 1.684643022429315e-01
0.96000 1.697736413154717e-01
0.96500 1.710916474618244e-01
0.97000 1.724184310275425e-01
0.97500 1.737541040093593e-01
0.98000 1.750987800879449e-01
0.98500 1.764525746614338e-01
0.99000 1.778156048797433e-01
0.99500 1.791879896797043e-01
1.00000 1.805698498210313e-01
1.00500 1.819613079231464e-01
1.01000 1.833624885028937e-01
1.01500 1.847735180131577e-01
1.02000 1.861945248824195e-01
1.02500 1.876256395552718e-01
1.03000 1.890669945339271e-01
1.03500 1.905187244207397e-01
1.04000 1.919809659617747e-01
1.04500 1.934538580914605e-01
1.05000 1.949375419783412e-01
1.05500 1.964321610719785e-01
1.06000 1.979378611510229e-01
1.06500 1.994547903724999e-01
1.07000 2.009830993223359e-01
1.07500 2.025229410671709e-01
1.08000 2.040744712074927e-01
1.08500 2.056378479321287e-01
1.09000 2.072132320741420e-01
1.09500 2.088007871681690e-01
1.10000 2.104006795092515e-01
1.10500 2.120130782131937e-01
1.11000 2.136381552785060e-01
1.11500 2.152760856499772e-01
1.12000 2.169270472839257e-01
1.12500 2.185912212151816e-01
1.13000 2.202687916258587e-01
1.13500 2.219599459159643e-01
1.14000 2.236648747759129e-01
1.14500 2.253837722609975e-01
1.15000 2.271168358678861e-01
1.15500 2.288642666132018e-01
1.16000 2.306262691142618e-01
1.16500 2.324030516720357e-01
1.17000 2.341948263564022e-01
1.17500 2.360018090937732e-01
1.18000 2.378242197571686e-01
1.18500 2.396622822588173e-01
1.19000 2.415162246453685e-01
1.19500 2.433862791958012e-01
1.20000 2.452726825221234e-01
1.20500 2.471756756729482e-01
1.21000 2.490955042400492e-01
1.21500 2.510324184679933e-01
1.22000 2.529866733669573e-01
1.22500 2.549585288288295e-01
1.23000 2.569482497467209e-01
1.23500 2.589561061379951e-01
1.24000 2.609823732709355e-01
1.24500 2.630273317951858e-01
1.25000 2.650912678760896e-01
1.25500 2.671744733330631e-01
1.26000 2.692772457821512e-01
1.26500 2.713998887829077e-01
1.27000 2.735427119897549e-01
1.27500 2.757060313079921e-01
1.28000 2.778901690545986e-01
1.28500 2.800954541240322e-01
1.29000 2.823222221591814e-01
1.29500 2.845708157276734e-01
1.30000 2.868415845037250e-01
1.30500 2.891348854557518e-01
1.31000 2.914510830399350e-01
1.31500 2.937905493999812e-01
1.32000 2.961536645733027e-01
1.32500 2.985408167038506e-01
1.33000 3.009524022618687e-01
1.33500 3.033888262708212e-01
1.34000 3.058505025417694e-01
1.34500 3.083378539154865e-01
1.35000 3.108513125126103e-01
1.35500 3.133913199921394e-01
1.36000 3.159583278186128e-01
1.36500 3.185527975382946e-01
1.37000 3.211752010647399e-01
1.37500 3.238260209741015e-01
1.38000 3.265057508105672e-01
1.38500 3.292148954023440e-01
1.39000 3.319539711886020e-01
1.39500 3.347235065578379e-01
1.40000 3.375240421981089e-01
1.40500 3.403561314596375e-01
1.41000 3.432203407302936e-01
1.41500 3.461172498244870e-01
1.42000 3.490474523860313e-01
1.42500 3.520115563055732e-01
1.43000 3.550101841531936e-01
1.43500 3.580439736268278e-01
1.44000 3.611135780171923e-01
1.44500 3.642196666899115e-01
1.45000 3.673629255855990e-01
1.45500 3.705440577386785e-01
1.46000 3.737637838157547e-01
1.46500 3.770228426744056e-01
1.47000 3.803219919432971e-01
1.47500 3.836620086245698e-01
1.48000 3.870436897195036e-01
1.48500 3.904678528785060e-01
1.49000 3.939353370765330e-01
1.49500 3.974470033151005e-01
1.50000 4.010037353521217e-01
1.50500 4.046064404608430e-01
1.51000 4.082560502192457e-01
1.51500 4.119535213313434e-01
1.52000 4.156998364818725e-01
1.52500 4.194960052259709e-01
1.53000 4.233430649155084e-01
1.53500 4.272420816638497e-01
1.54000 4.311941513508895e-01
1.54500 4.352004006703465e-01
1.55000 4.392619882213732e-01
1.55500 4.433801056466877e-01
1.56000 4.475559788195292e-01
1.56500 4.517908690818874e-01
1.57000 4.560860745366014e-01
1.57500 4.604429313960524e-01
1.58000 4.648628153903530e-01
1.58500 4.693471432380825e-01
1.59000 4.738973741828449e-01
1.59500 4.785150115990405e-01
1.60000 4.832016046705380e-01
1.60500 4.879587501460741e-01
1.61000 4.927880941755006e-01
1.61500 4.976913342312004e-01
1.62000 5.026702211193049e-01
1.62500 5.077265610855940e-01
1.63000 5.128622180212917e-01
1.63500 5.180791157742760e-01
1.64000 5.233792405715905e-01
1.64500 5.287646435595008e-01
1.65000 5.342374434677645e-01
1.65500 5.397998294051808e-01
1.66000 5.454540637939836e-01
1.66500 5.512024854511123e-01
1.67000 5.570475128249268e-01
1.67500 5.629916473965410e-01
1.68000 5.690374772554951e-01
1.68500 5.751876808602392e-01
1.69000 5.814450309945096e-01
1.69500 5.878123989315458e-01
1.70000 5.942927588188576e-01
1.70500 6.008891922971453e-01
1.71000 6.076048933679852e-01
1.71500 6.144431735258696e-01
1.72000 6.214074671713528e-01
1.72500 6.285013373232378e-01
1.73000 6.357284816490737e-01
1.73500 6.430927388346319e-01
1.74000 6.505980953145499e-01
1.74500 6.582486923880495e-01
1.75000 6.660488337453520e-01
1.75500 6.740029934324544e-01
1.76000 6.821158242839969e-01
1.76500 6.903921668562765e-01
1.77000 6.988370588949632e-01
1.77500 7.074557453748189e-01
1.78000 7.162536891516772e-01
1.78500 7.252365822701639e-01
1.79000 7.344103579742061e-01
1.79500 7.437812034711945e-01
1.80000 7.533555735048821e-01
1.80500 7.631402047967203e-01
1.81000 7.731421314203283e-01
1.81500 7.833687011793250e-01
1.82000 7.938275930647903e-01
1.82500 8.045268358752384e-01
1.83000 8.154748280892251e-01
1.83500 8.266803590887627e-01
1.84000 8.381526318404166e-01
1.84500 8.499012871506780e-01
1.85000 8.619364296228590e-01
1.85500 8.742686554544340e-01
1.86000 8.869090822268118e-01
1.86500 8.998693808537521e-01
1.87000 9.131618098705847e-01
1.87500 9.267992522638158e-01
1.88000 9.407952550602908e-01
1.88500 9.551640719165412e-01
1.89000 9.699207089729990e-01
1.89500 9.850809742643734e-01
1.90000 1.000661531007236e+00
1.90500 1.016679955118846e+00
1.91000 1.033154797358288e+00
1.91500 1.050105650522183e+00
1.92000 1.067553222173451e+00
1.92500 1.085519413433233e+00
1.93000 1.104027404424226e+00
1.93500 1.123101747018658e+00
1.94000 1.142768465617529e+00
1.94500 1.163055166770157e+00
1.95000 1.183991158536166e+00
1.95500 1.205607580597087e+00
1.96000 1.227937546243586e+00
1.96500 1.251016297498971e+00
1.97000 1.274881374792235e+00
1.97500 1.299572802767446e+00
1.98000 1.325133294013652e+00
1.98500 1.351608472724444e+00
1.99000 1.379047120553107e+00
1.99500 1.407501447223118e+00
2.00000 1.437027388789944e+00
2.00500 1.467684936836213e+00
2.01000 1.499538502325932e+00
2.01500 1.532657318354191e+00
2.02000 1.567115886618089e+00
2.02500 1.602994473115450e+00
2.03000 1.640379659366170e+00
2.03500 1.679364956365327e+00
2.04000 1.720051489539461e+00
2.04500 1.762548764214170e+00
2.05000 1.806975522543395e+00
2.05500 1.853460704535969e+00
2.06000 1.902144527787363e+00
2.06500 1.953179702837367e+00
2.07000 2.006732803790301e+00
2.07500 2.062985817029797e+00
2.08000 2.122137894623493e+00
2.08500 2.184407343452806e+00
2.09000 2.250033886344368e+00
2.09500 2.319281237673895e+00
2.10000 2.392440043234800e+00
2.10500 2.469831242817864e+00
2.11000 2.551809924168441e+00
2.11500 2.638769749038616e+00
2.12000 2.731148046220336e+00
2.12500 2.829431683032091e+00
2.13000 2.934163846019985e+00
2.13500 3.045951883847386e+00
2.14000 3.165476390561531e+00
2.14500 3.293501735431773e+00
2.15000 3.430888275620090e+00
2.15500 3.578606518442428e+00
2.16000 3.737753527770443e+00
2.16500 3.909571888606365e+00
2.17000 4.095471545484899e+00
2.17500 4.297054798346662e+00
2.18000 4.516144648553859e+00
2.18500 4.754816498119974e+00
2.19000 5.015432856688144e+00
2.19500 5.300680114933731e+00
2.20000 5.613605477129105e+00
2.20500 5.957650653384873e+00
2.21000 6.336676726206826e+00
2.21500 6.754971620070451e+00
2.22000 7.217227942297419e+00
2.22500 7.728475321567383e+00
2.23000 8.293949541898691e+00
2.23500 8.918884233818655e+00
2.24000 9.608224748128141e+00
2.24500 1.036629248497497e+01
2.25000 1.119646802331179e+01
2.25500 1.210099007362292e+01
2.26000 1.308093563238586e+01
2.26500 1.413630265395083e+01
2.27000 1.526587562890937e+01
2.27500 1.646637330035293e+01
2.28000 1.773050677306448e+01
2.28500 1.904413987088875e+01
2.29000 2.038353919780490e+01
2.29500 2.171426686584711e+01
2.30000 2.299315672213942e+01
2.30500 2.417382806351896e+01
2.31000 2.521455508800818e+01
2.31500 2.608580207569851e+01
2.32000 2.677445459238977e+01
2.32500 2.728332739929723e+01
2.33000 2.762713429915945e+01
2.33500 2.782781829465459e+01
2.34000 2.791149774223080e+01
2.34500 2.790692283152294e+01
2.35000 2.784357978667804e+01
2.35500 2.774810970016319e+01
2.36000 2.763985930059913e+01
2.36500 2.752796202287720e+01
2.37000 2.741186493051230e+01
2.37500 2.728502611445726e+01
2.38000 2.713926899200698e+01
2.38500 2.696672394831483e+01
2.39000 2.675801225227384e+01
2.39500 2.649820337584245e+01
2.40000 2.616401395709834e+01
2.40500 2.572534216166816e+01
2.41000 2.515183405591605e+01
2.41500 2.442226420678101e+01
2.42000 2.353276957845593e+01
2.42500 2.250036118769557e+01
2.43000 2.136036392963810e+01
2.43500 2.015916036760809e+01
2.44000 1.894531665596053e+01
2.44500 1.776211945521555e+01
2.45000 1.664318733738675e+01
2.45500 1.561121979733714e+01
2.46000 1.467895125622556e+01
2.46500 1.385115564880477e+01
2.47000 1.312680880452089e+01
2.47500 1.250091041954839e+01
2.48000 1.196579585749973e+01
2.48500 1.151198289729412e+01
2.49000 1.112872469689360e+01
2.49500 1.080450475328132e+01
2.50000 1.052770603695439e+01
2.50500 1.028757982921418e+01
2.51000 1.007542021732877e+01
2.51500 9.885606018631048e+00
2.52000 9.716084933107634e+00
2.52500 9.568068229378573e+00
2.53000 9.445075289587814e+00
2.53500 9.351745156743227e+00
2.54000 9.292839304790029e+00
2.54500 9.272658152542558e+00
2.55000 9.294868308559915e+00
2.55500 9.362611710453399e+00
2.56000 9.478749509402554e+00
2.56500 9.646131660632868e+00
2.57000 9.867829939791621e+00
2.57500 1.014730453588706e+01
2.58000 1.048848839864340e+01
2.58500 1.089577289818443e+01
2.59000 1.137386805408641e+01
2.59500 1.192749506867855e+01
2.60000 1.256085342428153e+01
2.60500 1.327679846584985e+01
2.61000 1.407568482475325e+01
2.61500 1.495390252290642e+01
2.62000 1.590228645698523e+01
2.62500 1.690482679443977e+01
2.63000 1.793838918441885e+01
2.63500 1.897428762399838e+01
2.64000 1.998225136217355e+01
2.64500 2.093639054744811e+01
2.65000 2.182142291086226e+01
2.65500 2.263648834786135e+01
2.66000 2.339428631564633e+01
2.66500 2.411516954220959e+01
2.67000 2.481818042034914e+01
2.67500 2.551240524824879e+01
2.68000 2.619182776583025e+01
2.68500 2.683546198145130e+01
2.69000 2.741257134239198e+01
2.69500 2.789076060570891e+01
2.70000 2.824345030379210e+01
2.70500 2.845377636688626e+01
2.71000 2.851448137054271e+01
2.71500 2.842619306239633e+01
2.72000 2.819718024784036e+01
2.72500 2.784553710538897e+01
2.73000 2.740175499978419e+01
2.73500 2.690856773440243e+01
2.74000 2.641663738197806e+01
2.74500 2.597733287019905e+01
2.75000 2.563523061604523e+01
2.75500 2.542238811941503e+01
2.76000 2.535498504795155e+01
2.76500 2.543190141964863e+01
2.77000 2.563470779527497e+01
2.77500 2.592910611418286e+01
2.78000 2.626847516722227e+01
2.78500 2.660020218356867e+01
2.79000 2.687452589640140e+01
2.79500 2.705395011631835e+01
2.80000 2.712004188701404e+01
2.80500 2.707487932593562e+01
2.81000 2.693667324976305e+01
2.81500 2.673174958219244e+01
2.82000 2.648646273450962e+01
2.82500 2.622209157984406e+01
2.83000 2.595388902406641e+01
2.83500 2.569328723783043e+01
2.84000 2.545090148074878e+01
2.84500 2.523809089113447e+01
2.85000 2.506618074674730e+01
2.85500 2.494395596940574e+01
2.86000 2.487469600704004e+01
2.86500 2.485377072877285e+01
2.87000 2.486739602121572e+01
2.87500 2.489314451030218e+01
2.88000 2.490296116992301e+01
2.88500 2.486895109990683e+01
2.89000 2.477076692356754e+01
2.89500 2.460186313920378e+01
2.90000 2.437170129085972e+01
2.90500 2.410283648229988e+01
2.91000 2.382453263075223e+01
2.91500 2.356611552975436e+01
2.92000 2.335270631321246e+01
2.92500 2.320402526354847e+01
2.93000 2.313509574143280e+01
2.93500 2.315695158375713e+01
2.94000 2.327600231540721e+01
2.94500 2.349193443793034e+01
2.95000 2.379510187448733e+01
2.95500 2.416481830510702e+01
2.96000 2.456981060435496e+01
2.96500 2.497145185169886e+01
2.97000 2.532931910821949e+01
2.97500 2.560738323245808e+01
2.98000 2.577850433616744e+01
2.98500 2.582570242032358e+01
2.99000 2.574073231872744e+01
2.99500 2.552228840686723e+01
3.00000 2.517602968631906e+01
3.00500 2.471650566872535e+01
3.01000 2.416883827091366e+01
3.01500 2.356770526836879e+01
3.02000 2.295297177864148e+01
3.02500 2.236351063390674e+01
3.03000 2.183160415045861e+01
3.03500 2.137963593358926e+01
3.04000 2.101955722605429e+01
3.04500 2.075472697597912e+01
3.05000 2.058331660533903e+01
3.05500 2.050226209200056e+01
3.06000 2.051060346051312e+01
3.06500 2.061115798377894e+01
3.07000 2.081001293337649e+01
3.07500 2.111410483207724e+01
3.08000 2.152770402283629e+01
3.08500 2.204868869677825e+01
3.09000 2.266527378687090e+01
3.09500 2.335374710769617e+01
3.10000 2.407792476674864e+01
3.10500 2.479125002563042e+01
3.11000 2.544224602327785e+01
3.11500 2.598302532741813e+01
3.12000 2.637898400365110e+01
3.12500 2.661662459791218e+01
3.13000 2.670668639828239e+01
3.13500 2.668149606274505e+01
3.14000 2.658768421799975e+01
3.14500 2.647695132450032e+01
3.15000 2.639783247189221e+01
3.15500 2.639053160872168e+01
3.16000 2.648542037498341e+01
3.16500 2.670436966074443e+01
3.17000 2.706318841077347e+01
3.17500 2.757332953590577e+01
3.18000 2.824166545023709e+01
3.18500 2.906819148030391e+01
3.19000 3.004245670620200e+01
3.19500 3.114000165936994e+01
3.20000 3.232010314663932e+01
3.20500 3.352582304304581e+01
3.21000 3.468679794457844e+01
3.21500 3.572454816083071e+01
3.22000 3.655974145439337e+01
3.22500 3.712106486255544e+01
3.23000 3.735552475835881e+01
3.23500 3.723902578616920e+01
3.24000 3.678410385996246e+01
3.24500 3.604077847048963e+01
3.25000 3.508856810008571e+01
3.25500 3.402185450661838e+01
3.26000 3.293377226776003e+01
3.26500 3.190353539629857e+01
3.27000 3.098946345778028e+01
3.27500 3.022726287707473e+01
3.28000 2.963182908318363e+01
3.28500 2.920094029222277e+01
3.29000 2.891992441028960e+01
3.29500 2.876693369086435e+01
3.30000 2.871848312966791e+01
3.30500 2.875450033113283e+01
3.31000 2.886177197914445e+01
3.31500 2.903484216036065e+01
3.32000 2.927420451332215e+01
3.32500 2.958266559079363e+01
3.33000 2.996154119035758e+01
3.33500 3.040851444211715e+01
3.34000 3.091836307444476e+01
3.34500 3.148644391646521e+01
3.35000 3.211329601486908e+01
3.35500 3.280784380486294e+01
3.36000 3.358714961329714e+01
3.36500 3.447229534361126e+01
3.37000 3.548168615037354e+01
3.37500 3.662388781767015e+01
3.38000 3.789199619985631e+01
3.38500 3.926106774958858e+01
3.39000 4.068963155921141e+01
3.39500 4.212550801820228e+01
3.40000 4.351478407994310e+01
3.40500 4.481125734061827e+01
3.41000 4.598315329742706e+01
3.41500 4.701530810788862e+01
3.42000 4.790757012185006e+01
3.42500 4.867192758927134e+01
3.43000 4.933045568167226e+01
3.43500 4.991415616986638e+01
3.44000 5.046101553597963e+01
3.44500 5.101163073203315e+01
3.45000 5.160250222374323e+01
3.45500 5.225916896664801e+01
3.46000 5.299216262148485e+01
3.46500 5.379767162292050e+01
3.47000 5.466258401572338e+01
3.47500 5.557170815535284e+01
3.48000 5.651444942686930e+01
3.48500 5.748884727426940e+01
3.49000 5.850188042790755e+01
3.49500 5.956607724500098e+01
3.50000 6.069381356193769e+01
3.50500 6.189168489131488e+01
3.51000 6.315705168224110e+01
3.51500 6.447727304167505e+01
3.52000 6.583047337261368e+01
3.52500 6.718615972238881e+01
3.53000 6.850493982749474e+01
3.53500 6.973841224206825e+01
3.54000 7.083178692653003e+01
3.54500 7.173140078426992e+01
3.55000 7.239637883122607e+01
3.55500 7.280990590180316e+01
3.56000 7.298410749321033e+01
3.56500 7.295515000644394e+01
3.57000 7.277019953447392e+01
3.57500 7.247174623566886e+01
3.58000 7.208531537355476e+01
3.58500 7.161435013533901e+01
3.59000 7.104297869674059e+01
3.59500 7.034476176163430e+01
3.60000 6.949382345828681e+01
3.60500 6.847439600194809e+01
3.61000 6.728598285727367e+01
3.61500 6.594336915657381e+01
3.62000 6.447227818206123e+01
3.62500 6.290204725089982e+01
3.63000 6.125695459279246e+01
3.63500 5.954849300258672e+01
3.64000 5.777153779643645e+01
3.64500 5.590683976593329e+01
3.65000 5.393010902766522e+01
3.65500 5.182498870410706e+01
3.66000 4.959500954246710e+01
3.66500 4.726953705642596e+01
3.67000 4.490120909164683e+01
3.67500 4.255627431055109e+01
3.68000 4.030220409948891e+01
3.68500 3.819721913496569e+01
3.69000 3.628435454236138e+01
3.69500 3.459022149229708e+01
3.70000 3.312713404673038e+01
3.70500 3.189694833528438e+01
3.71000 3.089525062126079e+01
3.71500 3.011490180301402e+01
3.72000 2.954824093170861e+01
3.72500 2.918756841163519e+01
3.73000 2.902393433000112e+01
3.73500 2.904464762586478e+01
3.74000 2.923017766417439e+01
3.74500 2.955127627325959e+01
3.75000 2.996732323089041e+01
3.75500 3.042704455683878e+01
3.76000 3.087253462005280e+01
3.76500 3.124653389407291e+01
3.77000 3.150126924645186e+01
3.77500 3.160580919344557e+01
3.78000 3.154907914086169e+01
3.78500 3.133765107832445e+01
3.79000 3.098986633072044e+01
3.79500 3.052917317883848e+01
3.80000 2.997928800861446e+01
3.80500 2.936244101297577e+01
3.81000 2.870024040822501e+01
3.81500 2.801532096032861e+01
3.82000 2.733172565188473e+01
3.82500 2.667308218599901e+01
3.83000 2.605919779954683e+01
3.83500 2.550252258335722e+01
3.84000 2.500566328243513e+01
3.84500 2.456038955632721e+01
3.85000 2.414818096338818e+01
3.85500 2.374252759052780e+01
3.86000 2.331337090748447e+01
3.86500 2.283352208928865e+01
3.87000 2.228558147037223e+01
3.87500 2.166678913778768e+01
3.88000 2.098958975662285e+01
3.88500 2.027762226992727e+01
3.89000 1.955901897567966e+01
3.89500 1.885979937296666e+01
3.90000 1.819947485427439e+01
3.90500 1.758960453336094e+01
3.91000 1.703488469118320e+01
3.91500 1.653572788935922e+01
3.92000 1.609109434244263e+01
3.92500 1.570049191887720e+01
3.93000 1.536455062785612e+01
3.93500 1.508425008777426e+01
3.94000 1.485940842685974e+01
3.94500 1.468720122231866e+01
3.95000 1.456133342610969e+01
3.95500 1.447224181122571e+01
3.96000 1.440844961449511e+01
3.96500 1.435886232222247e+01
3.97000 1.431536487474835e+01
3.97500 1.427477213025479e+01
3.98000 1.423932856452896e+01
3.98500 1.421559975681703e+01
3.99000 1.421232317084854e+01
3.99500 1.423806718237585e+01
4.00000 1.429929831246693e+01
