0.00001 1.740319908881707e+01
0.00500 1.740323445360245e+01
0.01000 1.740334054955540e+01
0.01500 1.740351738005150e+01
0.02000 1.740376495095373e+01
0.02500 1.740408327047093e+01
0.03000 1.740447234915814e+01
0.03500 1.740493219991844e+01
0.04000 1.740546283800414e+01
0.04500 1.740606428101740e+01
0.05000 1.740673654891349e+01
0.05500 1.740747966400016e+01
0.06000 1.740829365094330e+01
0.06500 1.740917853676626e+01
0.07000 1.741013435085443e+01
0.07500 1.741116112495665e+01
0.08000 1.741225889318939e+01
0.08500 1.741342769204022e+01
0.09000 1.741466756036983e+01
0.09500 1.741597853941764e+01
0.10000 1.741736067280480e+01
0.10500 1.741881400653872e+01
0.11000 1.742033858901752e+01
0.11500 1.742193447103444e+01
0.12000 1.742360170578399e+01
0.12500 1.742534034886564e+01
0.13000 1.742715045829029e+01
0.13500 1.742903209448562e+01
0.14000 1.743098532030196e+01
0.14500 1.743301020101808e+01
0.15000 1.743510680434945e+01
0.15500 1.743727520045228e+01
0.16000 1.743951546193218e+01
0.16500 1.744182766385096e+01
0.17000 1.744421188373344e+01
0.17500 1.744666820157695e+01
0.18000 1.744919669985611e+01
0.18500 1.745179746353451e+01
0.19000 1.745447058007015e+01
0.19500 1.745721613942660e+01
0.20000 1.746003423408020e+01
0.20500 1.746292495902997e+01
0.21000 1.746588841180689e+01
0.21500 1.746892469248417e+01
0.22000 1.747203390368681e+01
0.22500 1.747521615060191e+01
0.23000 1.747847154098872e+01
0.23500 1.748180018519104e+01
0.24000 1.748520219614683e+01
0.24500 1.748867768940029e+01
0.25000 1.749222678311308e+01
0.25500 1.749584959807652e+01
0.26000 1.749954625772426e+01
0.26500 1.750331688814423e+01
0.27000 1.750716161809200e+01
0.27500 1.751108057900278e+01
0.28000 1.751507390500668e+01
0.28500 1.751914173294071e+01
0.29000 1.752328420236360e+01
0.29500 1.752750145557005e+01
0.30000 1.753179363760579e+01
0.30500 1.753616089628143e+01
0.31000 1.754060338218907e+01
0.31500 1.754512124871666e+01
0.32000 1.754971465206493e+01
0.32500 1.755438375126300e+01
0.33000 1.755912870818528e+01
0.33500 1.756394968756835e+01
0.34000 1.756884685702782e+01
0.34500 1.757382038707669e+01
0.35000 1.757887045114224e+01
0.35500 1.758399722558533e+01
0.36000 1.758920088971899e+01
0.36500 1.759448162582594e+01
0.37000 1.759983961918028e+01
0.37500 1.760527505806518e+01
0.38000 1.761078813379423e+01
0.38500 1.761637904073113e+01
0.39000 1.762204797631151e+01
0.39500 1.762779514106295e+01
0.40000 1.763362073862778e+01
0.40500 1.763952497578392e+01
0.41000 1.764550806246876e+01
0.41500 1.765157021180056e+01
0.42000 1.765771164010298e+01
0.42500 1.766393256692743e+01
0.43000 1.767023321507854e+01
0.43500 1.767661381063709e+01
0.44000 1.768307458298709e+01
0.44500 1.768961576483890e+01
0.45000 1.769623759225659e+01
0.45500 1.770294030468386e+01
0.46000 1.770972414497029e+01
0.46500 1.771658935939931e+01
0.47000 1.772353619771548e+01
0.47500 1.773056491315286e+01
0.48000 1.773767576246318e+01
0.48500 1.774486900594589e+01
0.49000 1.775214490747668e+01
0.49500 1.775950373453830e+01
0.50000 1.776694575825196e+01
0.50500 1.777447125340692e+01
0.51000 1.778208049849311e+01
0.51500 1.778977377573374e+01
0.52000 1.779755137111717e+01
0.52500 1.780541357443127e+01
0.53000 1.781336067929661e+01
0.53500 1.782139298320158e+01
0.54000 1.782951078753716e+01
0.54500 1.783771439763221e+01
0.55000 1.784600412279011e+01
0.55500 1.785438027632638e+01
0.56000 1.786284317560500e+01
0.56500 1.787139314207748e+01
0.57000 1.788003050132053e+01
0.57500 1.788875558307733e+01
0.58000 1.789756872129544e+01
0.58500 1.790647025416930e+01
0.59000 1.791546052418110e+01
0.59500 1.792453987814237e+01
0.60000 1.793370866723807e+01
0.60500 1.794296724706893e+01
0.61000 1.795231597769669e+01
0.61500 1.796175522368833e+01
0.62000 1.797128535416250e+01
0.62500 1.798090674283619e+01
0.63000 1.799061976807154e+01
0.63500 1.800042481292462e+01
0.64000 1.801032226519364e+01
0.64500 1.802031251746941e+01
0.65000 1.803039596718569e+01
0.65500 1.804057301667065e+01
0.66000 1.805084407319949e+01
0.66500 1.806120954904766e+01
0.67000 1.807166986154408e+01
0.67500 1.808222543312782e+01
0.68000 1.809287669140297e+01
0.68500 1.810362406919524e+01
0.69000 1.811446800461107e+01
0.69500 1.812540894109622e+01
0.70000 1.813644732749420e+01
0.70500 1.814758361810972e+01
0.71000 1.815881827276767e+01
0.71500 1.817015175687968e+01
0.72000 1.818158454150441e+01
0.72500 1.819311710341536e+01
0.73000 1.820474992516684e+01
0.73500 1.821648349516035e+01
0.74000 1.822831830771388e+01
0.74500 1.824025486313239e+01
0.75000 1.825229366777704e+01
0.75500 1.826443523413963e+01
0.76000 1.827668008091400e+01
0.76500 1.828902873307260e+01
0.77000 1.830148172194120e+01
0.77500 1.831403958527731e+01
0.78000 1.832670286734839e+01
0.78500 1.833947211901188e+01
0.79000 1.835234789779736e+01
0.79500 1.836533076798913e+01
0.80000 1.837842130071141e+01
0.80500 1.839162007401261e+01
0.81000 1.840492767295474e+01
0.81500 1.841834468970129e+01
0.82000 1.843187172360859e+01
0.82500 1.844550938131744e+01
0.83000 1.845925827684762e+01
0.83500 1.847311903169351e+01
0.84000 1.848709227492043e+01
0.84500 1.850117864326534e+01
0.85000 1.851537878123651e+01
0.85500 1.852969334121689e+01
0.86000 1.854412298356830e+01
0.86500 1.855866837673843e+01
0.87000 1.857333019736901e+01
0.87500 1.858810913040655e+01
0.88000 1.860300586921434e+01
0.88500 1.861802111568822e+01
0.89000 1.863315558037158e+01
0.89500 1.864840998257577e+01
0.90000 1.866378505050079e+01
0.90500 1.867928152135781e+01
0.91000 1.869490014149699e+01
0.91500 1.871064166653262e+01
0.92000 1.872650686147702e+01
0.92500 1.874249650087030e+01
0.93000 1.875861136891801e+01
0.93500 1.877485225962885e+01
0.94000 1.879121997695419e+01
0.94500 1.880771533493318e+01
0.95000 1.882433915783877e+01
0.95500 1.884109228032494e+01
0.96000 1.885797554758091e+01
0.96500 1.887498981548505e+01
0.97000 1.889213595076242e+01
0.97500 1.890941483114701e+01
0.98000 1.892682734554391e+01
0.98500 1.894437439419955e+01
0.99000 1.896205688886977e+01
0.99500 1.897987575299563e+01
1.00000 1.899783192188048e+01
1.00500 1.901592634287107e+01
1.01000 1.903415997554261e+01
1.01500 1.905253379188760e+01
1.02000 1.907104877650744e+01
1.02500 1.908970592680926e+01
1.03000 1.910850625320631e+01
1.03500 1.912745077932222e+01
1.04000 1.914654054219947e+01
1.04500 1.916577659251215e+01
1.05000 1.918515999478412e+01
1.05500 1.920469182761015e+01
1.06000 1.922437318388256e+01
1.06500 1.924420517102229e+01
1.07000 1.926418891121541e+01
1.07500 1.928432554165392e+01
1.08000 1.930461621478197e+01
1.08500 1.932506209854797e+01
1.09000 1.934566437665940e+01
1.09500 1.936642424884831e+01
1.10000 1.938734293113661e+01
1.10500 1.940842165611077e+01
1.11000 1.942966167320258e+01
1.11500 1.945106424897312e+01
1.12000 1.947263066740663e+01
1.12500 1.949436223020777e+01
1.13000 1.951626025710826e+01
1.13500 1.953832608617681e+01
1.14000 1.956056107413993e+01
1.14500 1.958296659670729e+01
1.15000 1.960554404890445e+01
1.15500 1.962829484541527e+01
1.16000 1.965122042092853e+01
1.16500 1.967432223049677e+01
1.17000 1.969760174989868e+01
1.17500 1.972106047601488e+01
1.18000 1.974469992720710e+01
1.18500 1.976852164371076e+01
1.19000 1.979252718803403e+01
1.19500 1.981671814536557e+01
1.20000 1.984109612399604e+01
1.20500 1.986566275574433e+01
1.21000 1.989041969639718e+01
1.21500 1.991536862615886e+01
1.22000 1.994051125011001e+01
1.22500 1.996584929867987e+01
1.23000 1.999138452812826e+01
1.23500 2.001711872103914e+01
1.24000 2.004305368682824e+01
1.24500 2.006919126226060e+01
1.25000 2.009553331198260e+01
1.25500 2.012208172906612e+01
1.26000 2.014883843556708e+01
1.26500 2.017580538309731e+01
1.27000 2.020298455341195e+01
1.27500 2.023037795900858e+01
1.28000 2.025798764374674e+01
1.28500 2.028581568347790e+01
1.29000 2.031386418669544e+01
1.29500 2.034213529519868e+01
1.30000 2.037063118477644e+01
1.30500 2.039935406590683e+01
1.31000 2.042830618447585e+01
1.31500 2.045748982251446e+01
1.32000 2.048690729895597e+01
1.32500 2.051656097041384e+01
1.33000 2.054645323197732e+01
1.33500 2.057658651803304e+01
1.34000 2.060696330310511e+01
1.34500 2.063758610271945e+01
1.35000 2.066845747429186e+01
1.35500 2.069958001803978e+01
1.36000 2.073095637791999e+01
1.36500 2.076258924259121e+01
1.37000 2.079448134640537e+01
1.37500 2.082663547042370e+01
1.38000 2.085905444346481e+01
1.38500 2.089174114318016e+01
1.39000 2.092469849716119e+01
1.39500 2.095792948407802e+01
1.40000 2.099143713485011e+01
1.40500 2.102522453385271e+01
1.41000 2.105929482015620e+01
1.41500 2.109365118880359e+01
1.42000 2.112829689212464e+01
1.42500 2.116323524108953e+01
1.43000 2.119846960670343e+01
1.43500 2.123400342143957e+01
1.44000 2.126984018072126e+01
1.44500 2.130598344444277e+01
1.45000 2.134243683854205e+01
1.45500 2.137920405661796e+01
1.46000 2.141628886159854e+01
1.46500 2.145369508746237e+01
1.47000 2.149142664101117e+01
1.47500 2.152948750370181e+01
1.48000 2.156788173353221e+01
1.48500 2.160661346699029e+01
1.49000 2.164568692106422e+01
1.49500 2.168510639531707e+01
1.50000 2.172487627402892e+01
1.50500 2.176500102841128e+01
1.51000 2.180548521889026e+01
1.51500 2.184633349746735e+01
1.52000 2.188755061015879e+01
1.52500 2.192914139951603e+01
1.53000 2.197111080723244e+01
1.53500 2.201346387683575e+01
1.54000 2.205620575647528e+01
1.54500 2.209934170180247e+01
1.55000 2.214287707895409e+01
1.55500 2.218681736763459e+01
1.56000 2.223116816431246e+01
1.56500 2.227593518552304e+01
1.57000 2.232112427129417e+01
1.57500 2.236674138869059e+01
1.58000 2.241279263548766e+01
1.58500 2.245928424397727e+01
1.59000 2.250622258491424e+01
1.59500 2.255361417160545e+01
1.60000 2.260146566415256e+01
1.60500 2.264978387385071e+01
1.61000 2.269857576775415e+01
1.61500 2.274784847341229e+01
1.62000 2.279760928378976e+01
1.62500 2.284786566236949e+01
1.63000 2.289862524845830e+01
1.63500 2.294989586269534e+01
1.64000 2.300168551277619e+01
1.64500 2.305400239940707e+01
1.65000 2.310685492248983e+01
1.65500 2.316025168755782e+01
1.66000 2.321420151247240e+01
1.66500 2.326871343438846e+01
1.67000 2.332379671700878e+01
1.67500 2.337946085813318e+01
1.68000 2.343571559752687e+01
1.68500 2.349257092511392e+01
1.69000 2.355003708952056e+01
1.69500 2.360812460697655e+01
1.70000 2.366684427060548e+01
1.70500 2.372620716010982e+01
1.71000 2.378622465188212e+01
1.71500 2.384690842955855e+01
1.72000 2.390827049503786e+01
1.72500 2.397032317999732e+01
1.73000 2.403307915791950e+01
1.73500 2.409655145666923e+01
1.74000 2.416075347164362e+01
1.74500 2.422569897952891e+01
1.75000 2.429140215269532e+01
1.75500 2.435787757426689e+01
1.76000 2.442514025390493e+01
1.76500 2.449320564434015e+01
1.77000 2.456208965870155e+01
1.77500 2.463180868868552e+01
1.78000 2.470237962360990e+01
1.78500 2.477381987040913e+01
1.79000 2.484614737462600e+01
1.79500 2.491938064244798e+01
1.80000 2.499353876387051e+01
1.80500 2.506864143702970e+01
1.81000 2.514470899379730e+01
1.81500 2.522176242669956e+01
1.82000 2.529982341724952e+01
1.82500 2.537891436577502e+01
1.83000 2.545905842283942e+01
1.83500 2.554027952235432e+01
1.84000 2.562260241648979e+01
1.84500 2.570605271249539e+01
1.85000 2.579065691156456e+01
1.85500 2.587644244986257e+01
1.86000 2.596343774186656e+01
1.86500 2.605167222617326e+01
1.87000 2.614117641393060e+01
1.87500 2.623198194007523e+01
1.88000 2.632412161756880e+01
1.88500 2.641762949482839e+01
1.89000 2.651254091657714e+01
1.89500 2.660889258835524e+01
1.90000 2.670672264494202e+01
1.90500 2.680607072296267e+01
1.91000 2.690697803798731e+01
1.91500 2.700948746643432e+01
1.92000 2.711364363262434e+01
1.92500 2.721949300136898e+01
1.93000 2.732708397648630e+01
1.93500 2.743646700568806e+01
1.94000 2.754769469231065e+01
1.94500 2.766082191439224e+01
1.95000 2.777590595165910e+01
1.95500 2.789300662100517e+01
1.96000 2.801218642112075e+01
1.96500 2.813351068695544e+01
1.97000 2.825704775477322e+01
1.97500 2.838286913860455e+01
1.98000 2.851104971898253e+01
1.98500 2.864166794488889e+01
1.99000 2.877480604993207e+01
1.99500 2.891055028385444e+01
2.00000 2.904899116052085e+01
2.00500 2.919022372365341e+01
2.01000 2.933434783163787e+01
2.01500 2.948146846282247e+01
2.02000 2.963169604280031e+01
2.02500 2.978514679526022e+01
2.03000 2.994194311803397e+01
2.03500 3.010221398604547e+01
2.04000 3.026609538287857e+01
2.04500 3.043373076268371e+01
2.05000 3.060527154411031e+01
2.05500 3.078087763782210e+01
2.06000 3.096071800897034e+01
2.06500 3.114497127569494e+01
2.07000 3.133382634423822e+01
2.07500 3.152748308060019e+01
2.08000 3.172615301769408e+01
2.08500 3.193006009562691e+01
2.09000 3.213944143091148e+01
2.09500 3.235454810791222e+01
2.10000 3.257564598244877e+01
2.10500 3.280301648294915e+01
2.11000 3.303695738840685e+01
2.11500 3.327778355422750e+01
2.12000 3.352582754606937e+01
2.12500 3.378144012713966e+01
2.13000 3.404499052477529e+01
2.13500 3.431686637596929e+01
2.14000 3.459747321647397e+01
2.14500 3.488723333132920e+01
2.15000 3.518658372220968e+01
2.15500 3.549597286365332e+01
2.16000 3.581585580936629e+01
2.16500 3.614668706277850e+01
2.17000 3.648891043221030e+01
2.17500 3.684294483788403e+01
2.18000 3.720916471187127e+01
2.18500 3.758787322095728e+01
2.19000 3.797926604133433e+01
2.19500 3.838338283681406e+01
2.20000 3.880004299267793e+01
2.20500 3.922876166591795e+01
2.21000 3.966864209529581e+01
2.21500 4.011824085165009e+01
2.22000 4.057540507311221e+01
2.22500 4.103708578221850e+01
2.23000 4.149914018070823e+01
2.23500 4.195614846428334e+01
2.24000 4.240128426104039e+01
2.24500 4.282628322684840e+01
2.25000 4.322153476078569e+01
2.25500 4.357625891873955e+01
2.26000 4.387862785794594e+01
2.26500 4.411560935713143e+01
2.27000 4.427237382327079e+01
2.27500 4.433141848475758e+01
2.28000 4.427204379043115e+01
2.28500 4.407114738968197e+01
2.29000 4.370611612751562e+01
2.29500 4.315978903617169e+01
2.30000 4.242629996494862e+01
2.30500 4.151563628452823e+01
2.31000 4.045463588928877e+01
2.31500 3.928333489847296e+01
2.32000 3.804776338463483e+01
2.32500 3.679217709740048e+01
2.33000 3.555378853580654e+01
2.33500 3.436102443373748e+01
2.34000 3.323380172565313e+01
2.34500 3.218351884506470e+01
2.35000 3.121201518214434e+01
2.35500 3.031093737648206e+01
2.36000 2.946350605507140e+01
2.36500 2.864907426402553e+01
2.37000 2.784860011719746e+01
2.37500 2.704815917881525e+01
2.38000 2.623876696188756e+01
2.38500 2.541336590114073e+01
2.39000 2.456400487797137e+01
2.39500 2.368229691415392e+01
2.40000 2.276403432476874e+01
2.40500 2.181590513576574e+01
2.41000 2.086051845867198e+01
2.41500 1.993642902213740e+01
2.42000 1.909222876351462e+01
2.42500 1.837667412788619e+01
2.43000 1.782861479189664e+01
2.43500 1.747027501565186e+01
2.44000 1.730555355167520e+01
2.44500 1.732272918540579e+01
2.45000 1.749955450798967e+01
2.45500 1.780861941778461e+01
2.46000 1.822162410606111e+01
2.46500 1.871211010550389e+01
2.47000 1.925681928145008e+01
2.47500 1.983611182255894e+01
2.48000 2.043389287154585e+01
2.48500 2.103740637796874e+01
2.49000 2.163712820461146e+01
2.49500 2.222684570393443e+01
2.50000 2.280384563889273e+01
2.50500 2.336897378701249e+01
2.51000 2.392626339614597e+01
2.51500 2.448195545049548e+01
2.52000 2.504304236197463e+01
2.52500 2.561576771027006e+01
2.53000 2.620456857594090e+01
2.53500 2.681170813285738e+01
2.54000 2.743751205588240e+01
2.54500 2.808092231415312e+01
2.55000 2.874008076869428e+01
2.55500 2.941276764764162e+01
2.56000 3.009663878438226e+01
2.56500 3.078927768125302e+01
2.57000 3.148810320061857e+01
2.57500 3.219017058263074e+01
2.58000 3.289189093194960e+01
2.58500 3.358868346453519e+01
2.59000 3.427457150314059e+01
2.59500 3.494174139666504e+01
2.60000 3.558010749819325e+01
2.60500 3.617697081479032e+01
2.61000 3.671692596651273e+01
2.61500 3.718225156553304e+01
2.62000 3.755407824388399e+01
2.62500 3.781459087892465e+01
2.63000 3.795027765290875e+01
2.63500 3.795571164663967e+01
2.64000 3.783664020457577e+01
2.64500 3.761066927800686e+01
2.65000 3.730416460487560e+01
2.65500 3.694544320470440e+01
2.66000 3.655633210844086e+01
2.66500 3.614543782721577e+01
2.67000 3.570601868834062e+01
2.67500 3.521942666142080e+01
2.68000 3.466284595658204e+01
2.68500 3.401849632380520e+01
2.69000 3.328096502296153e+01
2.69500 3.246005025866945e+01
2.70000 3.157852283831762e+01
2.70500 3.066684144441673e+01
2.71000 2.975832130340640e+01
2.71500 2.888711021088052e+01
2.72000 2.808830622329558e+01
2.72500 2.739732038162366e+01
2.73000 2.684619091007231e+01
2.73500 2.645734969249344e+01
2.74000 2.623768803489533e+01
2.74500 2.617572772549460e+01
2.75000 2.624276145581962e+01
2.75500 2.639691725358032e+01
2.76000 2.658850930231903e+01
2.76500 2.676560941740754e+01
2.77000 2.687962729727656e+01
2.77500 2.689107943912832e+01
2.78000 2.677536765236752e+01
2.78500 2.652746218459115e+01
2.79000 2.616355302485395e+01
2.79500 2.571792555290381e+01
2.80000 2.523500357287811e+01
2.80500 2.475891472247802e+01
2.81000 2.432437523373200e+01
2.81500 2.395204361242695e+01
2.82000 2.364922240834071e+01
2.82500 2.341434336840401e+01
2.83000 2.324230175449701e+01
2.83500 2.312792120091969e+01
2.84000 2.306637235327162e+01
2.84500 2.305129084509101e+01
2.85000 2.307246617429864e+01
2.85500 2.311475522961876e+01
2.86000 2.315884317079662e+01
2.86500 2.318364161198981e+01
2.87000 2.316992872516836e+01
2.87500 2.310484823813472e+01
2.88000 2.298643692337481e+01
2.88500 2.282650474370275e+01
2.89000 2.264988405818748e+01
2.89500 2.248921636092811e+01
2.90000 2.237677422567764e+01
2.90500 2.233666493414936e+01
2.91000 2.238054072358806e+01
2.91500 2.250777205330054e+01
2.92000 2.270861676398706e+01
2.92500 2.296783946932314e+01
2.93000 2.326684709598154e+01
2.93500 2.358395825271417e+01
2.94000 2.389382553285032e+01
2.94500 2.416753484801704e+01
2.95000 2.437446706375445e+01
2.95500 2.448609046369521e+01
2.96000 2.448091941696533e+01
2.96500 2.434915085362799e+01
2.97000 2.409520248376643e+01
2.97500 2.373691451166653e+01
2.98000 2.330167860098825e+01
2.98500 2.282148797405423e+01
2.99000 2.232944529502082e+01
2.99500 2.185884752213801e+01
3.00000 2.144357847425448e+01
3.00500 2.111728866105472e+01
3.01000 2.090993191213240e+01
3.01500 2.084267874623808e+01
3.02000 2.092381934377287e+01
3.02500 2.114777511127953e+01
3.03000 2.149752742619712e+01
3.03500 2.194924311584522e+01
3.04000 2.247742196585034e+01
3.04500 2.305920842889464e+01
3.05000 2.367699327449375e+01
3.05500 2.431884730065017e+01
3.06000 2.497681194414818e+01
3.06500 2.564370073054542e+01
3.07000 2.630958513957722e+01
3.07500 2.695917729413111e+01
3.08000 2.757085622239615e+01
3.08500 2.811751013045138e+01
3.09000 2.856907088969989e+01
3.09500 2.889660077716282e+01
3.10000 2.907772852883258e+01
3.10500 2.910279530300113e+01
3.11000 2.898026507810983e+01
3.11500 2.873927949233990e+01
3.12000 2.842747684645199e+01
3.12500 2.810371898058815e+01
3.13000 2.782752428618204e+01
3.13500 2.764846743337232e+01
3.14000 2.759871485165338e+01
3.14500 2.769042625725176e+01
3.15000 2.791783161633358e+01
3.15500 2.826225661632187e+01
3.16000 2.869772947280694e+01
3.16500 2.919512190282731e+01
3.17000 2.972378553924650e+01
3.17500 3.025090577595664e+01
3.18000 3.073980635513108e+01
3.18500 3.114879696589171e+01
3.19000 3.143181474138983e+01
3.19500 3.154138832712482e+01
3.20000 3.143370773036484e+01
3.20500 3.107497522174507e+01
3.21000 3.044784064031700e+01
3.21500 2.955676684198896e+01
3.22000 2.843160895069735e+01
3.22500 2.712896628195580e+01
3.23000 2.573037513789510e+01
3.23500 2.433567846852150e+01
3.24000 2.305059609345678e+01
3.24500 2.197035869429293e+01
3.25000 2.116435662531806e+01
3.25500 2.066712997452661e+01
3.26000 2.047804264909949e+01
3.26500 2.056804766498301e+01
3.27000 2.088981761997544e+01
3.27500 2.138783827716604e+01
3.28000 2.200665393274673e+01
3.28500 2.269689492964503e+01
3.29000 2.341934407156366e+01
3.29500 2.414719596380760e+01
3.30000 2.486631909460272e+01
3.30500 2.557328308125378e+01
3.31000 2.627140917077035e+01
3.31500 2.696589260991344e+01
3.32000 2.765958067446675e+01
3.32500 2.835087182154625e+01
3.33000 2.903441885691732e+01
3.33500 2.970414793424021e+01
3.34000 3.035697508381459e+01
3.34500 3.099504262754757e+01
3.35000 3.162477522448441e+01
3.35500 3.225258068542320e+01
3.36000 3.287883632811235e+01
3.36500 3.349275537568974e+01
3.37000 3.407028079102435e+01
3.37500 3.457586418574255e+01
3.38000 3.496779074405936e+01
3.38500 3.520596378660098e+01
3.39000 3.526049936915072e+01
3.39500 3.511891630162278e+01
3.40000 3.478955494783636e+01
3.40500 3.429984050792688e+01
3.41000 3.369015660256428e+01
3.41500 3.300614093289850e+01
3.42000 3.229248257890298e+01
3.42500 3.158948171456944e+01
3.43000 3.093128622807777e+01
3.43500 3.034381569502553e+01
3.44000 2.984153004493409e+01
3.44500 2.942425929799513e+01
3.45000 2.907648402494064e+01
3.45500 2.877073881199463e+01
3.46000 2.847467094933745e+01
3.46500 2.815921917760939e+01
3.47000 2.780476452551255e+01
3.47500 2.740319874232810e+01
3.48000 2.695569438617639e+01
3.48500 2.646739323878740e+01
3.49000 2.594096080960997e+01
3.49500 2.537125084204200e+01
3.50000 2.474301233931276e+01
3.50500 2.403225670779199e+01
3.51000 2.321009999543687e+01
3.51500 2.224693205206295e+01
3.52000 2.111536840927465e+01
3.52500 1.979204369088287e+01
3.53000 1.825970311656182e+01
3.53500 1.651119930393455e+01
3.54000 1.455541782450144e+01
3.54500 1.242247213603171e+01
3.55000 1.016380391254591e+01
3.55500 7.844260981033210e+00
3.56000 5.527613359903651e+00
3.56500 3.261240683453230e+00
3.57000 1.066586174161736e+00
3.57500 -1.061031877514921e+00
3.58000 -3.144075262252211e+00
3.58500 -5.209842874126788e+00
3.59000 -7.277765784534768e+00
3.59500 -9.350988225976597e+00
3.60000 -1.141441999343685e+01
3.60500 -1.343900404349213e+01
3.61000 -1.538985257916826e+01
3.61500 -1.723517810672214e+01
3.62000 -1.895356445270639e+01
3.62500 -2.053802217853250e+01
3.63000 -2.199572265607572e+01
3.63500 -2.334278163651324e+01
3.64000 -2.459481461280551e+01
3.64500 -2.575604859180759e+01
3.65000 -2.681125141630356e+01
3.65500 -2.772437272145406e+01
3.66000 -2.844535366245386e+01
3.66500 -2.892299789905588e+01
3.67000 -2.911891426046527e+01
3.67500 -2.901716919997674e+01
3.68000 -2.862675720211538e+01
3.68500 -2.797754727941139e+01
3.69000 -2.711268110416873e+01
3.69500 -2.608060934967186e+01
3.70000 -2.492882707444062e+01
3.70500 -2.370009075825694e+01
3.71000 -2.243108294560821e+01
3.71500 -2.115310081752150e+01
3.72000 -1.989411722810526e+01
3.72500 -1.868137493030360e+01
3.73000 -1.754360756687723e+01
3.73500 -1.651211416210600e+01
3.74000 -1.562017136367985e+01
3.74500 -1.490052756881273e+01
3.75000 -1.438102230868903e+01
3.75500 -1.407890489610401e+01
3.76000 -1.399525940149459e+01
3.76500 -1.411170272742661e+01
3.77000 -1.439141158459984e+01
3.77500 -1.478501110339856e+01
3.78000 -1.523952185869082e+01
3.78500 -1.570702077187368e+01
3.79000 -1.615006113889611e+01
3.79500 -1.654277133322428e+01
3.80000 -1.686857659788912e+01
3.80500 -1.711672791318991e+01
3.81000 -1.727993887152747e+01
3.81500 -1.735438384406491e+01
3.82000 -1.734159467836097e+01
3.82500 -1.725052735540625e+01
3.83000 -1.709811488810981e+01
3.83500 -1.690770851521467e+01
3.84000 -1.670588467365572e+01
3.84500 -1.651841873874390e+01
3.85000 -1.636594764221521e+01
3.85500 -1.625967335550635e+01
3.86000 -1.619787831337607e+01
3.86500 -1.616470146779792e+01
3.87000 -1.613260424417832e+01
3.87500 -1.606862254297169e+01
3.88000 -1.594247511894996e+01
3.88500 -1.573343171265230e+01
3.89000 -1.543352404357060e+01
3.89500 -1.504662055653550e+01
3.90000 -1.458462997901610e+01
3.90500 -1.406276495290869e+01
3.91000 -1.349552299417297e+01
3.91500 -1.289437270942565e+01
3.92000 -1.226740569714784e+01
3.92500 -1.162053577242920e+01
3.93000 -1.095933917664822e+01
3.93500 -1.029054032168143e+01
3.94000 -9.622486828292985e+00
3.94500 -8.964475739493539e+00
3.95000 -8.325200193579128e+00
3.95500 -7.710805899060976e+00
3.96000 -7.123171377872653e+00
3.96500 -6.559083925818638e+00
3.97000 -6.010832628923937e+00
3.97500 -5.468243487242874e+00
3.98000 -4.921502222961879e+00
3.98500 -4.363714460940617e+00
3.99000 -3.792370726876412e+00
3.99500 -3.209514352527130e+00
4.00000 -2.620923629607453e+00
