0.00001 1.735940660545407e+01
0.00500 1.735944192896889e+01
0.01000 1.735954790110778e+01
0.01500 1.735972452524177e+01
0.02000 1.735997180722542e+01
0.02500 1.736028975525552e+01
0.03000 1.736067837987237e+01
0.03500 1.736113769396044e+01
0.04000 1.736166771274972e+01
0.04500 1.736226845381787e+01
0.05000 1.736293993709059e+01
0.05500 1.736368218484505e+01
0.06000 1.736449522171045e+01
0.06500 1.736537907467194e+01
0.07000 1.736633377307284e+01
0.07500 1.736735934861612e+01
0.08000 1.736845583536995e+01
0.08500 1.736962326976894e+01
0.09000 1.737086169061824e+01
0.09500 1.737217113909792e+01
0.10000 1.737355165876702e+01
0.10500 1.737500329556629e+01
0.11000 1.737652609782506e+01
0.11500 1.737812011626334e+01
0.12000 1.737978540399901e+01
0.12500 1.738152201655198e+01
0.13000 1.738333001184974e+01
0.13500 1.738520945023318e+01
0.14000 1.738716039446209e+01
0.14500 1.738918290972238e+01
0.15000 1.739127706363062e+01
0.15500 1.739344292624359e+01
0.16000 1.739568057006170e+01
0.16500 1.739799007003908e+01
0.17000 1.740037150358908e+01
0.17500 1.740282495059347e+01
0.18000 1.740535049340862e+01
0.18500 1.740794821687576e+01
0.19000 1.741061820832659e+01
0.19500 1.741336055759563e+01
0.20000 1.741617535702557e+01
0.20500 1.741906270147852e+01
0.21000 1.742202268834509e+01
0.21500 1.742505541755386e+01
0.22000 1.742816099158202e+01
0.22500 1.743133951546466e+01
0.23000 1.743459109680615e+01
0.23500 1.743791584579025e+01
0.24000 1.744131387519230e+01
0.24500 1.744478530038868e+01
0.25000 1.744833023937088e+01
0.25500 1.745194881275585e+01
0.26000 1.745564114379859e+01
0.26500 1.745940735840421e+01
0.27000 1.746324758514206e+01
0.27500 1.746716195525730e+01
0.28000 1.747115060268528e+01
0.28500 1.747521366406507e+01
0.29000 1.747935127875301e+01
0.29500 1.748356358883728e+01
0.30000 1.748785073915351e+01
0.30500 1.749221287729749e+01
0.31000 1.749665015364246e+01
0.31500 1.750116272135387e+01
0.32000 1.750575073640545e+01
0.32500 1.751041435759486e+01
0.33000 1.751515374656123e+01
0.33500 1.751996906780107e+01
0.34000 1.752486048868631e+01
0.34500 1.752982817948118e+01
0.35000 1.753487231336057e+01
0.35500 1.753999306642819e+01
0.36000 1.754519061773470e+01
0.36500 1.755046514929789e+01
0.37000 1.755581684612016e+01
0.37500 1.756124589621064e+01
0.38000 1.756675249060244e+01
0.38500 1.757233682337529e+01
0.39000 1.757799909167571e+01
0.39500 1.758373949573753e+01
0.40000 1.758955823890498e+01
0.40500 1.759545552765329e+01
0.41000 1.760143157161113e+01
0.41500 1.760748658358438e+01
0.42000 1.761362077957882e+01
0.42500 1.761983437882324e+01
0.43000 1.762612760379488e+01
0.43500 1.763250068024218e+01
0.44000 1.763895383721093e+01
0.44500 1.764548730706917e+01
0.45000 1.765210132553278e+01
0.45500 1.765879613169219e+01
0.46000 1.766557196803930e+01
0.46500 1.767242908049322e+01
0.47000 1.767936771842976e+01
0.47500 1.768638813470858e+01
0.48000 1.769349058570128e+01
0.48500 1.770067533132217e+01
0.49000 1.770794263505567e+01
0.49500 1.771529276398871e+01
0.50000 1.772272598883948e+01
0.50500 1.773024258398952e+01
0.51000 1.773784282751517e+01
0.51500 1.774552700121960e+01
0.52000 1.775329539066643e+01
0.52500 1.776114828521145e+01
0.53000 1.776908597803792e+01
0.53500 1.777710876619102e+01
0.54000 1.778521695061112e+01
0.54500 1.779341083617190e+01
0.55000 1.780169073171439e+01
0.55500 1.781005695008530e+01
0.56000 1.781850980817379e+01
0.56500 1.782704962694949e+01
0.57000 1.783567673150166e+01
0.57500 1.784439145107815e+01
0.58000 1.785319411912577e+01
0.58500 1.786208507333022e+01
0.59000 1.787106465565898e+01
0.59500 1.788013321240116e+01
0.60000 1.788929109421328e+01
0.60500 1.789853865615951e+01
0.61000 1.790787625775813e+01
0.61500 1.791730426302606e+01
0.62000 1.792682304052409e+01
0.62500 1.793643296340339e+01
0.63000 1.794613440945375e+01
0.63500 1.795592776115023e+01
0.64000 1.796581340570352e+01
0.64500 1.797579173510764e+01
0.65000 1.798586314619330e+01
0.65500 1.799602804067638e+01
0.66000 1.800628682521227e+01
0.66500 1.801663991144822e+01
0.67000 1.802708771607707e+01
0.67500 1.803763066089273e+01
0.68000 1.804826917284594e+01
0.68500 1.805900368410125e+01
0.69000 1.806983463209409e+01
0.69500 1.808076245959062e+01
0.70000 1.809178761474655e+01
0.70500 1.810291055116853e+01
0.71000 1.811413172797585e+01
0.71500 1.812545160986355e+01
0.72000 1.813687066716554e+01
0.72500 1.814838937592085e+01
0.73000 1.816000821793847e+01
0.73500 1.817172768086694e+01
0.74000 1.818354825825987e+01
0.74500 1.819547044964765e+01
0.75000 1.820749476060818e+01
0.75500 1.821962170283735e+01
0.76000 1.823185179422522e+01
0.76500 1.824418555892844e+01
0.77000 1.825662352744625e+01
0.77500 1.826916623669904e+01
0.78000 1.828181423010626e+01
0.78500 1.829456805766584e+01
0.79000 1.830742827603652e+01
0.79500 1.832039544862097e+01
0.80000 1.833347014564865e+01
0.80500 1.834665294426326e+01
0.81000 1.835994442860854e+01
0.81500 1.837334518991811e+01
0.82000 1.838685582660673e+01
0.82500 1.840047694435996e+01
0.83000 1.841420915623066e+01
0.83500 1.842805308273264e+01
0.84000 1.844200935193815e+01
0.84500 1.845607859957769e+01
0.85000 1.847026146913938e+01
0.85500 1.848455861197243e+01
0.86000 1.849897068739162e+01
0.86500 1.851349836278336e+01
0.87000 1.852814231371288e+01
0.87500 1.854290322403677e+01
0.88000 1.855778178601374e+01
0.88500 1.857277870041924e+01
0.89000 1.858789467666193e+01
0.89500 1.860313043290317e+01
0.90000 1.861848669617655e+01
0.90500 1.863396420251191e+01
0.91000 1.864956369706063e+01
0.91500 1.866528593422439e+01
0.92000 1.868113167778292e+01
0.92500 1.869710170102974e+01
0.93000 1.871319678690519e+01
0.93500 1.872941772813580e+01
0.94000 1.874576532737358e+01
0.94500 1.876224039733968e+01
0.95000 1.877884376097040e+01
0.95500 1.879557625156621e+01
0.96000 1.881243871294226e+01
0.96500 1.882943199958455e+01
0.97000 1.884655697680659e+01
0.97500 1.886381452090991e+01
0.98000 1.888120551934871e+01
0.98500 1.889873087089674e+01
0.99000 1.891639148581704e+01
0.99500 1.893418828603658e+01
1.00000 1.895212220532304e+01
1.00500 1.897019418946662e+01
1.01000 1.898840519646249e+01
1.01500 1.900675619670137e+01
1.02000 1.902524817315964e+01
1.02500 1.904388212159644e+01
1.03000 1.906265905075265e+01
1.03500 1.908157998255627e+01
1.04000 1.910064595232891e+01
1.04500 1.911985800899925e+01
1.05000 1.913921721532041e+01
1.05500 1.915872464808986e+01
1.06000 1.917838139837730e+01
1.06500 1.919818857175314e+01
1.07000 1.921814728852720e+01
1.07500 1.923825868398646e+01
1.08000 1.925852390864181e+01
1.08500 1.927894412847967e+01
1.09000 1.929952052521725e+01
1.09500 1.932025429656568e+01
1.10000 1.934114665649549e+01
1.10500 1.936219883551185e+01
1.11000 1.938341208093306e+01
1.11500 1.940478765717452e+01
1.12000 1.942632684604328e+01
1.12500 1.944803094703282e+01
1.13000 1.946990127762932e+01
1.13500 1.949193917362281e+01
1.14000 1.951414598942563e+01
1.14500 1.953652309839695e+01
1.15000 1.955907189317612e+01
1.15500 1.958179378602258e+01
1.16000 1.960469020916446e+01
1.16500 1.962776261515358e+01
1.17000 1.965101247723005e+01
1.17500 1.967444128969391e+01
1.18000 1.969805056828774e+01
1.18500 1.972184185058451e+01
1.19000 1.974581669638770e+01
1.19500 1.976997668813915e+01
1.20000 1.979432343133731e+01
1.20500 1.981885855496410e+01
1.21000 1.984358371192381e+01
1.21500 1.986850057949037e+01
1.22000 1.989361085976775e+01
1.22500 1.991891628015831e+01
1.23000 1.994441859384607e+01
1.23500 1.997011958028847e+01
1.24000 1.999602104572259e+01
1.24500 2.002212482368156e+01
1.25000 2.004843277552675e+01
1.25500 2.007494679098866e+01
1.26000 2.010166878872730e+01
1.26500 2.012860071689936e+01
1.27000 2.015574455374670e+01
1.27500 2.018310230819481e+01
1.28000 2.021067602046838e+01
1.28500 2.023846776272229e+01
1.29000 2.026647963968921e+01
1.29500 2.029471378934261e+01
1.30000 2.032317238357891e+01
1.30500 2.035185762891564e+01
1.31000 2.038077176720799e+01
1.31500 2.040991707638585e+01
1.32000 2.043929587120856e+01
1.32500 2.046891050404040e+01
1.33000 2.049876336564643e+01
1.33500 2.052885688601052e+01
1.34000 2.055919353517519e+01
1.34500 2.058977582410294e+01
1.35000 2.062060630556304e+01
1.35500 2.065168757504154e+01
1.36000 2.068302227167662e+01
1.36500 2.071461307921956e+01
1.37000 2.074646272702257e+01
1.37500 2.077857399105551e+01
1.38000 2.081094969494865e+01
1.38500 2.084359271106899e+01
1.39000 2.087650596162148e+01
1.39500 2.090969241978836e+01
1.40000 2.094315511089538e+01
1.40500 2.097689711361845e+01
1.41000 2.101092156121596e+01
1.41500 2.104523164280771e+01
1.42000 2.107983060468434e+01
1.42500 2.111472175165864e+01
1.43000 2.114990844845534e+01
1.43500 2.118539412114495e+01
1.44000 2.122118225861911e+01
1.44500 2.125727641411020e+01
1.45000 2.129368020675964e+01
1.45500 2.133039732323204e+01
1.46000 2.136743151938111e+01
1.46500 2.140478662196459e+01
1.47000 2.144246653041620e+01
1.47500 2.148047521867220e+01
1.48000 2.151881673705184e+01
1.48500 2.155749521420640e+01
1.49000 2.159651485911942e+01
1.49500 2.163587996318229e+01
1.50000 2.167559490232937e+01
1.50500 2.171566413924660e+01
1.51000 2.175609222565171e+01
1.51500 2.179688380464914e+01
1.52000 2.183804361316430e+01
1.52500 2.187957648445932e+01
1.53000 2.192148735073253e+01
1.53500 2.196378124580681e+01
1.54000 2.200646330790986e+01
1.54500 2.204953878254972e+01
1.55000 2.209301302548946e+01
1.55500 2.213689150582558e+01
1.56000 2.218117980917479e+01
1.56500 2.222588364097317e+01
1.57000 2.227100882989005e+01
1.57500 2.231656133136969e+01
1.58000 2.236254723129277e+01
1.58500 2.240897274977728e+01
1.59000 2.245584424511439e+01
1.59500 2.250316821785047e+01
1.60000 2.255095131501923e+01
1.60500 2.259920033453178e+01
1.61000 2.264792222973208e+01
1.61500 2.269712411412419e+01
1.62000 2.274681326627922e+01
1.62500 2.279699713492984e+01
1.63000 2.284768334426282e+01
1.63500 2.289887969941610e+01
1.64000 2.295059419219285e+01
1.64500 2.300283500699794e+01
1.65000 2.305561052701472e+01
1.65500 2.310892934062375e+01
1.66000 2.316280024808637e+01
1.66500 2.321723226849546e+01
1.67000 2.327223464701242e+01
1.67500 2.332781686240263e+01
1.68000 2.338398863488511e+01
1.68500 2.344075993430883e+01
1.69000 2.349814098867692e+01
1.69500 2.355614229303182e+01
1.70000 2.361477461872150e+01
1.70500 2.367404902306679e+01
1.71000 2.373397685944795e+01
1.71500 2.379456978783914e+01
1.72000 2.385583978580293e+01
1.72500 2.391779915997678e+01
1.73000 2.398046055807995e+01
1.73500 2.404383698146161e+01
1.74000 2.410794179822145e+01
1.74500 2.417278875693681e+01
1.75000 2.423839200102900e+01
1.75500 2.430476608379812e+01
1.76000 2.437192598417436e+01
1.76500 2.443988712321522e+01
1.77000 2.450866538139427e+01
1.77500 2.457827711673302e+01
1.78000 2.464873918381631e+01
1.78500 2.472006895374172e+01
1.79000 2.479228433506550e+01
1.79500 2.486540379579609e+01
1.80000 2.493944638650294e+01
1.80500 2.501443176460099e+01
1.81000 2.509038021988797e+01
1.81500 2.516731270140817e+01
1.82000 2.524525084572122e+01
1.82500 2.532421700666961e+01
1.83000 2.540423428673120e+01
1.83500 2.548532657005906e+01
1.84000 2.556751855731987e+01
1.84500 2.565083580243689e+01
1.85000 2.573530475136838e+01
1.85500 2.582095278304994e+01
1.86000 2.590780825264416e+01
1.86500 2.599590053724648e+01
1.87000 2.608526008421850e+01
1.87500 2.617591846231396e+01
1.88000 2.626790841579909e+01
1.88500 2.636126392176300e+01
1.89000 2.645602025083871e+01
1.89500 2.655221403157778e+01
1.90000 2.664988331872517e+01
1.90500 2.674906766567554e+01
1.91000 2.684980820140687e+01
1.91500 2.695214771221072e+01
1.92000 2.705613072856456e+01
1.92500 2.716180361752091e+01
1.93000 2.726921468101982e+01
1.93500 2.737841426055190e+01
1.94000 2.748945484865392e+01
1.94500 2.760239120773538e+01
1.95000 2.771728049679979e+01
1.95500 2.783418240663744e+01
1.96000 2.795315930415109e+01
1.96500 2.807427638649298e+01
1.97000 2.819760184577713e+01
1.97500 2.832320704515961e+01
1.98000 2.845116670717906e+01
1.98500 2.858155911527905e+01
1.99000 2.871446632953994e+01
1.99500 2.884997441769292e+01
2.00000 2.898817370259850e+01
2.00500 2.912915902742358e+01
2.01000 2.927303003985313e+01
2.01500 2.941989149674975e+01
2.02000 2.956985359076006e+01
2.02500 2.972303230042758e+01
2.03000 2.987954976546040e+01
2.03500 3.003953468883743e+01
2.04000 3.020312276747594e+01
2.04500 3.037045715317694e+01
2.05000 3.054168894552481e+01
2.05500 3.071697771829675e+01
2.06000 3.089649208076275e+01
2.06500 3.108041027492722e+01
2.07000 3.126892080930855e+01
2.07500 3.146222312917474e+01
2.08000 3.166052832219749e+01
2.08500 3.186405985715445e+01
2.09000 3.207305435148492e+01
2.09500 3.228776236101324e+01
2.10000 3.250844918178281e+01
2.10500 3.273539564940120e+01
2.11000 3.296889891519821e+01
2.11500 3.320927317031921e+01
2.12000 3.345685027791798e+01
2.12500 3.371198025900033e+01
2.13000 3.397503155786728e+01
2.13500 3.424639098698438e+01
2.14000 3.452646321610684e+01
2.14500 3.481566962382617e+01
2.15000 3.511444626731492e+01
2.15500 3.542324064285985e+01
2.16000 3.574250679910099e+01
2.16500 3.607269821808513e+01
2.17000 3.641425768578517e+01
2.17500 3.676760312097382e+01
2.18000 3.713310800579553e+01
2.18500 3.751107465092522e+01
2.19000 3.790169802800814e+01
2.19500 3.830501732591819e+01
2.20000 3.872085178893803e+01
2.20500 3.914871690481475e+01
2.21000 3.958771689417356e+01
2.21500 4.003641018979825e+01
2.22000 4.049264695674638e+01
2.22500 4.095338275161729e+01
2.23000 4.141448120858649e+01
2.23500 4.187053127170846e+01
2.24000 4.231471803772899e+01
2.24500 4.273879169429908e+01
2.25000 4.313315948576191e+01
2.25500 4.348706281648783e+01
2.26000 4.378869895529215e+01
2.26500 4.402506507097488e+01
2.27000 4.418136605012261e+01
2.27500 4.424013937719513e+01
2.28000 4.418073104095595e+01
2.28500 4.398008645304733e+01
2.29000 4.361563594409328e+01
2.29500 4.307024849003210e+01
2.30000 4.233806500569796e+01
2.30500 4.142905165060267e+01
2.31000 4.036999863568940e+01
2.31500 3.920087700505858e+01
2.32000 3.796764671456384e+01
2.32500 3.671449797441976e+01
2.33000 3.547858534951536e+01
2.33500 3.428828300999270e+01
2.34000 3.316345874956743e+01
2.34500 3.211546861221073e+01
2.35000 3.114612469703096e+01
2.35500 3.024706917966779e+01
2.36000 2.940154191141361e+01
2.36500 2.858893129322516e+01
2.37000 2.779023538352788e+01
2.37500 2.699156581883577e+01
2.38000 2.618396943575973e+01
2.38500 2.536042053811007e+01
2.39000 2.451300536715456e+01
2.39500 2.363337731965269e+01
2.40000 2.271735957208090e+01
2.40500 2.177164273955905e+01
2.41000 2.081879375106568e+01
2.41500 1.989727515005497e+01
2.42000 1.905554771467153e+01
2.42500 1.834222299922759e+01
2.43000 1.779602277260441e+01
2.43500 1.743908537670810e+01
2.44000 1.727527721194904e+01
2.44500 1.729289559591856e+01
2.45000 1.746975047863879e+01
2.45500 1.777851310528916e+01
2.46000 1.819097626514248e+01
2.46500 1.868077671728716e+01
2.47000 1.922474938608413e+01
2.47500 1.980334286821448e+01
2.48000 2.040054397888897e+01
2.48500 2.100366811645559e+01
2.49000 2.160324623211009e+01
2.49500 2.219309557143379e+01
2.50000 2.277049795740075e+01
2.50500 2.333625301285081e+01
2.51000 2.389430841411913e+01
2.51500 2.445079289303452e+01
2.52000 2.501258125621324e+01
2.52500 2.558581675252674e+01
2.53000 2.617486917267577e+01
2.53500 2.678197213897996e+01
2.54000 2.740745444900310e+01
2.54500 2.805028365399005e+01
2.55000 2.870863892577063e+01
2.55500 2.938034106528631e+01
2.56000 3.006308435568903e+01
2.56500 3.075448594080800e+01
2.57000 3.145199272821775e+01
2.57500 3.215268275483157e+01
2.58000 3.285298560790072e+01
2.58500 3.354833586335690e+01
2.59000 3.423277036997997e+01
2.59500 3.489848850530095e+01
2.60000 3.553541855101341e+01
2.60500 3.613087783338140e+01
2.61000 3.666948126706585e+01
2.61500 3.713353330540674e+01
2.62000 3.750419719433317e+01
2.62500 3.776369740501510e+01
2.63000 3.789856687404140e+01
2.63500 3.790342380183610e+01
2.64000 3.778405331724647e+01
2.64500 3.755808344841665e+01
2.65000 3.725188166878199e+01
2.65500 3.689374969122026e+01
2.66000 3.650549356721665e+01
2.66500 3.609570695801885e+01
2.67000 3.565765119784238e+01
2.67500 3.517269284974805e+01
2.68000 3.461802635136288e+01
2.68500 3.397585617736922e+01
2.69000 3.324071241180020e+01
2.69500 3.242229156922632e+01
2.70000 3.154323268666693e+01
2.70500 3.063385869898920e+01
2.71000 2.972737135308935e+01
2.71500 2.885784318507580e+01
2.72000 2.806033777498335e+01
2.72500 2.737026603224389e+01
2.73000 2.681969182121452e+01
2.73500 2.643109208944166e+01
2.74000 2.621141903621991e+01
2.74500 2.614926883491902e+01
2.75000 2.621601961873974e+01
2.75500 2.636989289057461e+01
2.76000 2.656130058383063e+01
2.76500 2.673841158170029e+01
2.77000 2.685272497264294e+01
2.77500 2.686482933108307e+01
2.78000 2.675016962342227e+01
2.78500 2.650371951820218e+01
2.79000 2.614162721953774e+01
2.79500 2.569809521697397e+01
2.80000 2.521743774467250e+01
2.80500 2.474366654547181e+01
2.81000 2.431139416313965e+01
2.81500 2.394119757713403e+01
2.82000 2.364031940636511e+01
2.82500 2.340714565198842e+01
2.83000 2.323653248129024e+01
2.83500 2.312326861042973e+01
2.84000 2.306249657600042e+01
2.84500 2.304783386358078e+01
2.85000 2.306906078878882e+01
2.85500 2.311102854679051e+01
2.86000 2.315441424736748e+01
2.86500 2.317811773936053e+01
2.87000 2.316290678242742e+01
2.87500 2.309592563855439e+01
2.88000 2.297523232479377e+01
2.88500 2.281268392020029e+01
2.89000 2.263318302328500e+01
2.89500 2.246945372385230e+01
2.90000 2.235384868314113e+01
2.90500 2.231054024705952e+01
2.91000 2.235122581743079e+01
2.91500 2.247530476721117e+01
2.92000 2.267305601751181e+01
2.92500 2.292926497287515e+01
2.93000 2.322536184067359e+01
2.93500 2.353968908760372e+01
2.94000 2.384692069387805e+01
2.94500 2.411816167600980e+01
2.95000 2.432281550150800e+01
2.95500 2.443238703168747e+01
2.96000 2.442545271172525e+01
2.96500 2.429230443124492e+01
2.97000 2.403748580311458e+01
2.97500 2.367897926245873e+01
2.98000 2.324430797474137e+01
2.98500 2.276555098617416e+01
2.99000 2.227581664037409e+01
2.99500 2.180830440992086e+01
3.00000 2.139669695139080e+01
3.00500 2.107436803586372e+01
3.01000 2.087097102378361e+01
3.01500 2.080741098246802e+01
3.02000 2.089179237262301e+01
3.02500 2.111844798005887e+01
3.03000 2.147035779402003e+01
3.03500 2.192374734022800e+01
3.04000 2.245320291823355e+01
3.04500 2.303595512581332e+01
3.05000 2.365446169163775e+01
3.05500 2.429683394127981e+01
3.06000 2.495513122715555e+01
3.06500 2.562217385833053e+01
3.07000 2.628804255690266e+01
3.07500 2.693747145963892e+01
3.08000 2.754887854079918e+01
3.08500 2.809520606442282e+01
3.09000 2.854644914921834e+01
3.09500 2.887373442882413e+01
3.10000 2.905474723291994e+01
3.10500 2.907986909205012e+01
3.11000 2.895758182018810e+01
3.11500 2.871702044197777e+01
3.12000 2.840579641139377e+01
3.12500 2.808273452037432e+01
3.13000 2.780731878790630e+01
3.13500 2.762910325268992e+01
3.14000 2.758025228012022e+01
3.14500 2.767293821211166e+01
3.15000 2.790140627777686e+01
3.15500 2.824698365199589e+01
3.16000 2.868367193067035e+01
3.16500 2.918228286316611e+01
3.17000 2.971208281858247e+01
3.17500 3.024016636388074e+01
3.18000 3.072978500585866e+01
3.18500 3.113921465344009e+01
3.19000 3.142240759941949e+01
3.19500 3.153195791551717e+01
3.20000 3.142416646230598e+01
3.20500 3.106538271221672e+01
3.21000 3.043842572699436e+01
3.21500 2.954792737079904e+01
3.22000 2.842388066928507e+01
3.22500 2.712295693617483e+01
3.23000 2.572667098304872e+01
3.23500 2.433474403714028e+01
3.24000 2.305269629104841e+01
3.24500 2.197552788261697e+01
3.25000 2.117242240954366e+01
3.25500 2.067777921351281e+01
3.26000 2.049090522273696e+01
3.26500 2.058277417971789e+01
3.27000 2.090613610134243e+01
3.27500 2.140558460140751e+01
3.28000 2.202577686814870e+01
3.28500 2.271743908545122e+01
3.29000 2.344141503358885e+01
3.29500 2.417091354840152e+01
3.30000 2.489176732110018e+01
3.30500 2.560046743366549e+01
3.31000 2.630023065695068e+01
3.31500 2.699614341642691e+01
3.32000 2.769095990954036e+01
3.32500 2.838301502032792e+01
3.33000 2.906693332587086e+01
3.33500 2.973664722888088e+01
3.34000 3.038910828163422e+01
3.34500 3.102651600311915e+01
3.35000 3.165536492413396e+01
3.35500 3.228213555975828e+01
3.36000 3.290727090063554e+01
3.36500 3.352003401529721e+01
3.37000 3.409639498941971e+01
3.37500 3.460080509148981e+01
3.38000 3.499151895258067e+01
3.38500 3.522837827644862e+01
3.39000 3.528140787499937e+01
3.39500 3.513801060760169e+01
3.40000 3.480639635885125e+01
3.40500 3.431386228633293e+01
3.41000 3.370069040962304e+01
3.41500 3.301247250071074e+01
3.42000 3.229393728938101e+01
3.42500 3.158553295131355e+01
3.43000 3.092166932254140e+01
3.43500 3.032862206686695e+01
3.44000 2.982125528594177e+01
3.44500 2.939978821140776e+01
3.45000 2.904901208500642e+01
3.45500 2.874164608437044e+01
3.46000 2.844537466716511e+01
3.46500 2.813103270981120e+01
3.47000 2.777878535693659e+01
3.47500 2.738023954532662e+01
3.48000 2.693626216794221e+01
3.48500 2.645171412288675e+01
3.49000 2.592904268336951e+01
3.49500 2.536297098537899e+01
3.50000 2.473821082731009e+01
3.50500 2.403081123083795e+01
3.51000 2.321195901371728e+01
3.51500 2.225209432299964e+01
3.52000 2.112381555919052e+01
3.52500 1.980365059025507e+01
3.53000 1.827415919343513e+01
3.53500 1.652796877664709e+01
3.54000 1.457375226659308e+01
3.54500 1.244147227805751e+01
3.55000 1.018251345224848e+01
3.55500 7.861764675082217e+00
3.56000 5.543108646449276e+00
3.56500 3.274062748042566e+00
3.57000 1.076189899091935e+00
3.57500 -1.055106090808358e+00
3.58000 -3.142216485696916e+00
3.58500 -5.212341624379960e+00
3.59000 -7.284743105470771e+00
3.59500 -9.362307203610429e+00
3.60000 -1.142962118482895e+01
3.60500 -1.345730495577740e+01
3.61000 -1.541022936798687e+01
3.61500 -1.725651304087835e+01
3.62000 -1.897481311695324e+01
3.62500 -2.055834638640308e+01
3.63000 -2.201455261016676e+01
3.63500 -2.335980308647676e+01
3.64000 -2.460990561063267e+01
3.64500 -2.576920252551511e+01
3.65000 -2.682251635775861e+01
3.65500 -2.773381959670081e+01
3.66000 -2.845306857894903e+01
3.66500 -2.892908540612566e+01
3.67000 -2.912349986116020e+01
3.67500 -2.902039636863072e+01
3.68000 -2.862878029278169e+01
3.68500 -2.797852394738754e+01
3.69000 -2.711276693402572e+01
3.69500 -2.607995551356240e+01
3.70000 -2.492758062726297e+01
3.70500 -2.369839704688448e+01
3.71000 -2.242909023387253e+01
3.71500 -2.115096793758762e+01
3.72000 -1.989202518492067e+01
3.72500 -1.867954257247663e+01
3.73000 -1.754230990615431e+01
3.73500 -1.651170021547129e+01
3.74000 -1.562107692662437e+01
3.74500 -1.490327730207334e+01
3.75000 -1.438621530804974e+01
3.75500 -1.408717939312660e+01
3.76000 -1.400723632165419e+01
3.76500 -1.412791415267754e+01
3.77000 -1.441222621032184e+01
3.77500 -1.481057123301735e+01
3.78000 -1.526970451025803e+01
3.78500 -1.574143172827331e+01
3.79000 -1.618806744891345e+01
3.79500 -1.658357289567618e+01
3.80000 -1.691130803828720e+01
3.80500 -1.716057020806473e+01
3.81000 -1.732421358250754e+01
3.81500 -1.739860742779732e+01
3.82000 -1.738548491596304e+01
3.82500 -1.729397057865636e+01
3.83000 -1.714111276581663e+01
3.83500 -1.695032355480972e+01
3.84000 -1.674819742788957e+01
3.84500 -1.656050206963186e+01
3.85000 -1.640785727347882e+01
3.85500 -1.630144999677063e+01
3.86000 -1.623955491115249e+01
3.86500 -1.620630978304135e+01
3.87000 -1.617417765445278e+01
3.87500 -1.611019540026167e+01
3.88000 -1.598408125143726e+01
3.88500 -1.577510450407839e+01
3.89000 -1.547529844468094e+01
3.89500 -1.508853516127444e+01
3.90000 -1.462672646609183e+01
3.90500 -1.410508308239936e+01
3.91000 -1.353809135593068e+01
3.91500 -1.293719758876478e+01
3.92000 -1.231046170970130e+01
3.92500 -1.166376152313867e+01
3.93000 -1.100263920064520e+01
3.93500 -1.033379216926920e+01
3.94000 -9.665550846682555e+00
3.94500 -9.007205432844486e+00
3.95000 -8.367452318357099e+00
3.95500 -7.752450468521808e+00
3.96000 -7.164101671323531e+00
3.96500 -6.599225402263706e+00
3.97000 -6.050148150416289e+00
3.97500 -5.506731741991116e+00
3.98000 -4.959187576338663e+00
3.98500 -4.400629295987569e+00
3.99000 -3.828534187273424e+00
3.99500 -3.244912790902177e+00
4.00000 -2.655497538865446e+00
