0.00001 1.737006087119914e+01
0.00500 1.737009619704921e+01
0.01000 1.737020217619432e+01
0.01500 1.737037881200523e+01
0.02000 1.737062611033686e+01
0.02500 1.737094407938579e+01
0.03000 1.737133272969209e+01
0.03500 1.737179207414061e+01
0.04000 1.737232212796195e+01
0.04500 1.737292290873286e+01
0.05000 1.737359443637988e+01
0.05500 1.737433673317985e+01
0.06000 1.737514982376296e+01
0.06500 1.737603373511352e+01
0.07000 1.737698849657530e+01
0.07500 1.737801413985158e+01
0.08000 1.737911069901095e+01
0.08500 1.738027821048763e+01
0.09000 1.738151671308760e+01
0.09500 1.738282624799087e+01
0.10000 1.738420685875682e+01
0.10500 1.738565859132655e+01
0.11000 1.738718149402880e+01
0.11500 1.738877561758523e+01
0.12000 1.739044101511346e+01
0.12500 1.739217774213342e+01
0.13000 1.739398585657327e+01
0.13500 1.739586541877400e+01
0.14000 1.739781649149597e+01
0.14500 1.739983913992517e+01
0.15000 1.740193343167934e+01
0.15500 1.740409943681448e+01
0.16000 1.740633722783218e+01
0.16500 1.740864687968669e+01
0.17000 1.741102846979220e+01
0.17500 1.741348207803068e+01
0.18000 1.741600778675880e+01
0.18500 1.741860568081841e+01
0.19000 1.742127584754205e+01
0.19500 1.742401837676391e+01
0.20000 1.742683336082803e+01
0.20500 1.742972089459646e+01
0.21000 1.743268107546088e+01
0.21500 1.743571400335045e+01
0.22000 1.743881978074213e+01
0.22500 1.744199851267240e+01
0.23000 1.744525030674574e+01
0.23500 1.744857527314679e+01
0.24000 1.745197352465130e+01
0.24500 1.745544517663669e+01
0.25000 1.745899034709512e+01
0.25500 1.746260915664377e+01
0.26000 1.746630172853811e+01
0.26500 1.747006818868507e+01
0.27000 1.747390866565354e+01
0.27500 1.747782329068989e+01
0.28000 1.748181219773013e+01
0.28500 1.748587552341414e+01
0.29000 1.749001340709927e+01
0.29500 1.749422599087418e+01
0.30000 1.749851341957509e+01
0.30500 1.750287584079889e+01
0.31000 1.750731340491973e+01
0.31500 1.751182626510386e+01
0.32000 1.751641457732541e+01
0.32500 1.752107850038333e+01
0.33000 1.752581819591732e+01
0.33500 1.753063382842546e+01
0.34000 1.753552556527982e+01
0.34500 1.754049357674582e+01
0.35000 1.754553803599939e+01
0.35500 1.755065911914497e+01
0.36000 1.755585700523443e+01
0.36500 1.756113187628635e+01
0.37000 1.756648391730412e+01
0.37500 1.757191331629753e+01
0.38000 1.757742026430138e+01
0.38500 1.758300495539633e+01
0.39000 1.758866758672931e+01
0.39500 1.759440835853623e+01
0.40000 1.760022747416162e+01
0.40500 1.760612514008146e+01
0.41000 1.761210156592623e+01
0.41500 1.761815696450265e+01
0.42000 1.762429155181763e+01
0.42500 1.763050554710137e+01
0.43000 1.763679917283177e+01
0.43500 1.764317265475866e+01
0.44000 1.764962622192904e+01
0.44500 1.765616010671194e+01
0.45000 1.766277454482497e+01
0.45500 1.766946977535954e+01
0.46000 1.767624604080824e+01
0.46500 1.768310358709224e+01
0.47000 1.769004266358811e+01
0.47500 1.769706352315663e+01
0.48000 1.770416642217144e+01
0.48500 1.771135162054710e+01
0.49000 1.771861938177037e+01
0.49500 1.772596997292884e+01
0.50000 1.773340366474241e+01
0.50500 1.774092073159375e+01
0.51000 1.774852145156065e+01
0.51500 1.775620610644787e+01
0.52000 1.776397498181998e+01
0.52500 1.777182836703439e+01
0.53000 1.777976655527644e+01
0.53500 1.778778984359143e+01
0.54000 1.779589853292224e+01
0.54500 1.780409292814347e+01
0.55000 1.781237333809783e+01
0.55500 1.782074007563376e+01
0.56000 1.782919345764169e+01
0.56500 1.783773380509272e+01
0.57000 1.784636144307780e+01
0.57500 1.785507670084632e+01
0.58000 1.786387991184626e+01
0.58500 1.787277141376578e+01
0.59000 1.788175154857279e+01
0.59500 1.789082066255949e+01
0.60000 1.789997910638244e+01
0.60500 1.790922723510841e+01
0.61000 1.791856540825735e+01
0.61500 1.792799398984758e+01
0.62000 1.793751334844155e+01
0.62500 1.794712385719241e+01
0.63000 1.795682589389131e+01
0.63500 1.796661984101490e+01
0.64000 1.797650608577567e+01
0.64500 1.798648502017022e+01
0.65000 1.799655704103014e+01
0.65500 1.800672255007349e+01
0.66000 1.801698195395745e+01
0.66500 1.802733566433071e+01
0.67000 1.803778409788842e+01
0.67500 1.804832767642572e+01
0.68000 1.805896682689604e+01
0.68500 1.806970198146525e+01
0.69000 1.808053357757058e+01
0.69500 1.809146205798032e+01
0.70000 1.810248787085202e+01
0.70500 1.811361146979459e+01
0.71000 1.812483331392886e+01
0.71500 1.813615386795162e+01
0.72000 1.814757360219929e+01
0.72500 1.815909299271238e+01
0.73000 1.817071252130289e+01
0.73500 1.818243267562025e+01
0.74000 1.819425394922027e+01
0.74500 1.820617684163575e+01
0.75000 1.821820185844615e+01
0.75500 1.823032951135037e+01
0.76000 1.824256031823968e+01
0.76500 1.825489480327310e+01
0.77000 1.826733349695223e+01
0.77500 1.827987693619939e+01
0.78000 1.829252566443585e+01
0.78500 1.830528023166225e+01
0.79000 1.831814119453944e+01
0.79500 1.833110911647203e+01
0.80000 1.834418456769184e+01
0.80500 1.835736812534434e+01
0.81000 1.837066037357594e+01
0.81500 1.838406190362319e+01
0.82000 1.839757331390159e+01
0.82500 1.841119521010025e+01
0.83000 1.842492820527345e+01
0.83500 1.843877291993797e+01
0.84000 1.845272998216826e+01
0.84500 1.846680002769680e+01
0.85000 1.848098370001441e+01
0.85500 1.849528165047255e+01
0.86000 1.850969453838890e+01
0.86500 1.852422303115103e+01
0.87000 1.853886780432774e+01
0.87500 1.855362954177754e+01
0.88000 1.856850893576163e+01
0.88500 1.858350668705796e+01
0.89000 1.859862350507816e+01
0.89500 1.861386010798515e+01
0.90000 1.862921722281524e+01
0.90500 1.864469558560167e+01
0.91000 1.866029594149750e+01
0.91500 1.867601904490675e+01
0.92000 1.869186565961278e+01
0.92500 1.870783655891086e+01
0.93000 1.872393252574401e+01
0.93500 1.874015435284194e+01
0.94000 1.875650284285833e+01
0.94500 1.877297880851797e+01
0.95000 1.878958307275892e+01
0.95500 1.880631646888499e+01
0.96000 1.882317984071394e+01
0.96500 1.884017404273408e+01
0.97000 1.885729994026195e+01
0.97500 1.887455840960169e+01
0.98000 1.889195033821041e+01
0.98500 1.890947662486435e+01
0.99000 1.892713817982997e+01
0.99500 1.894493592503633e+01
1.00000 1.896287079425442e+01
1.00500 1.898094373327647e+01
1.01000 1.899915570010169e+01
1.01500 1.901750766512267e+01
1.02000 1.903600061131938e+01
1.02500 1.905463553445315e+01
1.03000 1.907341344326851e+01
1.03500 1.909233535969576e+01
1.04000 1.911140231905987e+01
1.04500 1.913061537029239e+01
1.05000 1.914997557614895e+01
1.05500 1.916948401343057e+01
1.06000 1.918914177320988e+01
1.06500 1.920894996106042e+01
1.07000 1.922890969729438e+01
1.07500 1.924902211720252e+01
1.08000 1.926928837129834e+01
1.08500 1.928970962557179e+01
1.09000 1.931028706174308e+01
1.09500 1.933102187752585e+01
1.10000 1.935191528689469e+01
1.10500 1.937296852035711e+01
1.11000 1.939418282523516e+01
1.11500 1.941555946594743e+01
1.12000 1.943709972430326e+01
1.12500 1.945880489980011e+01
1.13000 1.948067630992765e+01
1.13500 1.950271529047892e+01
1.14000 1.952492319586913e+01
1.14500 1.954730139946107e+01
1.15000 1.956985129389681e+01
1.15500 1.959257429144024e+01
1.16000 1.961547182432197e+01
1.16500 1.963854534509755e+01
1.17000 1.966179632700981e+01
1.17500 1.968522626436308e+01
1.18000 1.970883667290323e+01
1.18500 1.973262909020551e+01
1.19000 1.975660507607825e+01
1.19500 1.978076621296598e+01
1.20000 1.980511410637046e+01
1.20500 1.982965038527761e+01
1.21000 1.985437670259483e+01
1.21500 1.987929473560017e+01
1.22000 1.990440618639983e+01
1.22500 1.992971278240152e+01
1.23000 1.995521627679119e+01
1.23500 1.998091844903091e+01
1.24000 2.000682110536076e+01
1.24500 2.003292607931808e+01
1.25000 2.005923523226683e+01
1.25500 2.008575045394240e+01
1.26000 2.011247366300715e+01
1.26500 2.013940680762314e+01
1.27000 2.016655186603442e+01
1.27500 2.019391084717085e+01
1.28000 2.022148579126073e+01
1.28500 2.024927877046275e+01
1.29000 2.027729188951301e+01
1.29500 2.030552728638950e+01
1.30000 2.033398713299190e+01
1.30500 2.036267363584133e+01
1.31000 2.039158903679753e+01
1.31500 2.042073561379391e+01
1.32000 2.045011568159344e+01
1.32500 2.047973159256419e+01
1.33000 2.050958573747582e+01
1.33500 2.053968054631555e+01
1.34000 2.057001848912993e+01
1.34500 2.060060207688552e+01
1.35000 2.063143386235554e+01
1.35500 2.066251644103031e+01
1.36000 2.069385245205140e+01
1.36500 2.072544457917462e+01
1.37000 2.075729555175620e+01
1.37500 2.078940814576935e+01
1.38000 2.082178518484956e+01
1.38500 2.085442954136708e+01
1.39000 2.088734413753100e+01
1.39500 2.092053194652830e+01
1.40000 2.095399599368912e+01
1.40500 2.098773935769190e+01
1.41000 2.102176517180076e+01
1.41500 2.105607662513914e+01
1.42000 2.109067696400226e+01
1.42500 2.112556949320660e+01
1.43000 2.116075757748156e+01
1.43500 2.119624464290177e+01
1.44000 2.123203417836313e+01
1.44500 2.126812973710243e+01
1.45000 2.130453493826531e+01
1.45500 2.134125346852093e+01
1.46000 2.137828908372735e+01
1.46500 2.141564561064601e+01
1.47000 2.145332694871657e+01
1.47500 2.149133707187771e+01
1.48000 2.152968003045516e+01
1.48500 2.156835995310260e+01
1.49000 2.160738104881007e+01
1.49500 2.164674760897202e+01
1.50000 2.168646400952838e+01
1.50500 2.172653471316875e+01
1.51000 2.176696427161531e+01
1.51500 2.180775732797801e+01
1.52000 2.184891861918618e+01
1.52500 2.189045297850664e+01
1.53000 2.193236533814255e+01
1.53500 2.197466073192133e+01
1.54000 2.201734429807526e+01
1.54500 2.206042128211727e+01
1.55000 2.210389703981458e+01
1.55500 2.214777704026884e+01
1.56000 2.219206686910181e+01
1.56500 2.223677223175380e+01
1.57000 2.228189895689931e+01
1.57500 2.232745299998710e+01
1.58000 2.237344044690258e+01
1.58500 2.241986751776913e+01
1.59000 2.246674057088242e+01
1.59500 2.251406610679376e+01
1.60000 2.256185077254123e+01
1.60500 2.261010136604155e+01
1.61000 2.265882484064327e+01
1.61500 2.270802830985553e+01
1.62000 2.275771905225409e+01
1.62500 2.280790451657739e+01
1.63000 2.285859232701654e+01
1.63500 2.290979028871485e+01
1.64000 2.296150639348014e+01
1.64500 2.301374882572282e+01
1.65000 2.306652596863043e+01
1.65500 2.311984641058992e+01
1.66000 2.317371895186723e+01
1.66500 2.322815261155953e+01
1.67000 2.328315663483422e+01
1.67500 2.333874050046230e+01
1.68000 2.339491392866737e+01
1.68500 2.345168688930369e+01
1.69000 2.350906961037915e+01
1.69500 2.356707258694266e+01
1.70000 2.362570659034589e+01
1.70500 2.368498267791642e+01
1.71000 2.374491220303936e+01
1.71500 2.380550682569396e+01
1.72000 2.386677852344818e+01
1.72500 2.392873960294471e+01
1.73000 2.399140271190896e+01
1.73500 2.405478085169474e+01
1.74000 2.411888739040713e+01
1.74500 2.418373607662959e+01
1.75000 2.424934105378828e+01
1.75500 2.431571687518981e+01
1.76000 2.438287851976911e+01
1.76500 2.445084140858830e+01
1.77000 2.451962142212774e+01
1.77500 2.458923491841455e+01
1.78000 2.465969875203896e+01
1.78500 2.473103029410359e+01
1.79000 2.480324745317047e+01
1.79500 2.487636869725455e+01
1.80000 2.495041307693022e+01
1.80500 2.502540024961835e+01
1.81000 2.510135050512195e+01
1.81500 2.517828479249130e+01
1.82000 2.525622474829200e+01
1.82500 2.533519272637268e+01
1.83000 2.541521182921576e+01
1.83500 2.549630594098138e+01
1.84000 2.557849976234139e+01
1.84500 2.566181884722478e+01
1.85000 2.574628964159545e+01
1.85500 2.583193952439514e+01
1.86000 2.591879685079286e+01
1.86500 2.600689099788978e+01
1.87000 2.609625241305304e+01
1.87500 2.618691266504242e+01
1.88000 2.627890449813054e+01
1.88500 2.637226188941148e+01
1.89000 2.646702010952511e+01
1.89500 2.656321578702913e+01
1.90000 2.666088697667351e+01
1.90500 2.676007323186056e+01
1.91000 2.686081568157298e+01
1.91500 2.696315711210848e+01
1.92000 2.706714205395130e+01
1.92500 2.717281687416023e+01
1.93000 2.728022987468038e+01
1.93500 2.738943139700938e+01
1.94000 2.750047393368926e+01
1.94500 2.761341224713673e+01
1.95000 2.772830349636093e+01
1.95500 2.784520737215831e+01
1.96000 2.796418624143767e+01
1.96500 2.808530530135910e+01
1.97000 2.820863274403985e+01
1.97500 2.833423993264469e+01
1.98000 2.846220158971753e+01
1.98500 2.859259599870872e+01
1.99000 2.872550521970401e+01
1.99500 2.886101532044133e+01
2.00000 2.899921662378780e+01
2.00500 2.914020397291624e+01
2.01000 2.928407701551710e+01
2.01500 2.943094050846054e+01
2.02000 2.958090464439917e+01
2.02500 2.973408540188269e+01
2.03000 2.989060492062528e+01
2.03500 3.005059190361191e+01
2.04000 3.021418204776605e+01
2.04500 3.038151850489595e+01
2.05000 3.055275237459115e+01
2.05500 3.072804323063500e+01
2.06000 3.090755968230555e+01
2.06500 3.109147997161081e+01
2.07000 3.127999260707716e+01
2.07500 3.147329703397806e+01
2.08000 3.167160433999106e+01
2.08500 3.187513799390073e+01
2.09000 3.208413461315121e+01
2.09500 3.229884475357382e+01
2.10000 3.251953371121685e+01
2.10500 3.274648232169449e+01
2.11000 3.297998773634380e+01
2.11500 3.322036414631344e+01
2.12000 3.346794341476401e+01
2.12500 3.372307556270575e+01
2.13000 3.398612903444688e+01
2.13500 3.425749064245733e+01
2.14000 3.453756505649730e+01
2.14500 3.482677365516406e+01
2.15000 3.512555249563379e+01
2.15500 3.543434907419967e+01
2.16000 3.575361743950489e+01
2.16500 3.608381107360117e+01
2.17000 3.642537276246400e+01
2.17500 3.677872042487002e+01
2.18000 3.714422754296626e+01
2.18500 3.752219642742980e+01
2.19000 3.791282204990689e+01
2.19500 3.831614359927198e+01
2.20000 3.873198031980650e+01
2.20500 3.915984769925365e+01
2.21000 3.959884995823595e+01
2.21500 4.004754552952902e+01
2.22000 4.050378457818252e+01
2.22500 4.096452266078450e+01
2.23000 4.142562341150200e+01
2.23500 4.188167577438252e+01
2.24000 4.232586484617364e+01
2.24500 4.274994081454936e+01
2.25000 4.314431092391088e+01
2.25500 4.349821657873679e+01
2.26000 4.379985504802293e+01
2.26500 4.403622350083237e+01
2.27000 4.419252682410016e+01
2.27500 4.425130250269473e+01
2.28000 4.419189652582067e+01
2.28500 4.399125430553070e+01
2.29000 4.362680617277973e+01
2.29500 4.308142110368087e+01
2.30000 4.234924001302670e+01
2.30500 4.144022906002688e+01
2.31000 4.038117845504992e+01
2.31500 3.921205924142080e+01
2.32000 3.797883137412620e+01
2.32500 3.672568506256859e+01
2.33000 3.548977487099695e+01
2.33500 3.429947496914082e+01
2.34000 3.317465315053021e+01
2.34500 3.212666545913338e+01
2.35000 3.115732399419690e+01
2.35500 3.025827093160329e+01
2.36000 2.941274612298120e+01
2.36500 2.860013796971429e+01
2.37000 2.780144453074462e+01
2.37500 2.700277744317466e+01
2.38000 2.619518354424080e+01
2.38500 2.537163713835182e+01
2.39000 2.452422446727397e+01
2.39500 2.364459892809389e+01
2.40000 2.272858369738755e+01
2.40500 2.178286939011742e+01
2.41000 2.083002293485954e+01
2.41500 1.990850687447995e+01
2.42000 1.906678198644788e+01
2.42500 1.835345982442956e+01
2.43000 1.780726215678911e+01
2.43500 1.745032732510125e+01
2.44000 1.728652172963748e+01
2.44500 1.730414268800847e+01
2.45000 1.748100015036132e+01
2.45500 1.778976536205272e+01
2.46000 1.820223111253994e+01
2.46500 1.869203416107868e+01
2.47000 1.923600943216580e+01
2.47500 1.981460552258437e+01
2.48000 2.041180924762154e+01
2.48500 2.101493600568754e+01
2.49000 2.161451674804709e+01
2.49500 2.220436872037406e+01
2.50000 2.278177374577466e+01
2.50500 2.334753144725742e+01
2.51000 2.390558950134616e+01
2.51500 2.446207664004521e+01
2.52000 2.502386767010212e+01
2.52500 2.559710584045857e+01
2.53000 2.618616094182657e+01
2.53500 2.679326659649684e+01
2.54000 2.741875160198276e+01
2.54500 2.806158350947731e+01
2.55000 2.871994149076135e+01
2.55500 2.939164634673830e+01
2.56000 3.007439236053186e+01
2.56500 3.076579667594788e+01
2.57000 3.146330620054722e+01
2.57500 3.216399897122942e+01
2.58000 3.286430457523603e+01
2.58500 3.355965758848782e+01
2.59000 3.424409485975122e+01
2.59500 3.490981576654220e+01
2.60000 3.554674859053404e+01
2.60500 3.614221065795984e+01
2.61000 3.668081688344414e+01
2.61500 3.714487172028040e+01
2.62000 3.751553841434210e+01
2.62500 3.777504143674209e+01
2.63000 3.790991372401427e+01
2.63500 3.791477347654707e+01
2.64000 3.779540582319076e+01
2.64500 3.756943879213908e+01
2.65000 3.726323985693380e+01
2.65500 3.690511073059997e+01
2.66000 3.651685746477881e+01
2.66500 3.610707372085272e+01
2.67000 3.566902083312632e+01
2.67500 3.518406536469553e+01
2.68000 3.462940175318401e+01
2.68500 3.398723447325310e+01
2.69000 3.325209360891523e+01
2.69500 3.243367567473647e+01
2.70000 3.155461970774888e+01
2.70500 3.064524864284505e+01
2.71000 2.973876422695403e+01
2.71500 2.886923899621867e+01
2.72000 2.807173653071438e+01
2.72500 2.738166773991420e+01
2.73000 2.683109648822381e+01
2.73500 2.644249972323879e+01
2.74000 2.622282964430375e+01
2.74500 2.616068242483643e+01
2.75000 2.622743619809166e+01
2.75500 2.638131246702032e+01
2.76000 2.657272316509849e+01
2.76500 2.674983717559774e+01
2.77000 2.686415358705493e+01
2.77500 2.687626097395847e+01
2.78000 2.676160430274236e+01
2.78500 2.651515724192964e+01
2.79000 2.615306799555635e+01
2.79500 2.570953905303320e+01
2.80000 2.522888464835467e+01
2.80500 2.475511652418657e+01
2.81000 2.432284722414462e+01
2.81500 2.395265372756684e+01
2.82000 2.365177865326155e+01
2.82500 2.341860800228753e+01
2.83000 2.324799794181932e+01
2.83500 2.313473718788730e+01
2.84000 2.307396827695326e+01
2.84500 2.305930869448005e+01
2.85000 2.308053875600671e+01
2.85500 2.312250965666182e+01
2.86000 2.316589850623189e+01
2.86500 2.318960515359718e+01
2.87000 2.317439735848654e+01
2.87500 2.310741938300456e+01
2.88000 2.298672924437793e+01
2.88500 2.282418402190806e+01
2.89000 2.264468631441588e+01
2.89500 2.248096021204841e+01
2.90000 2.236535837636791e+01
2.90500 2.232205315353661e+01
2.91000 2.236274194553025e+01
2.91500 2.248682412535128e+01
2.92000 2.268457861406522e+01
2.92500 2.294079081610834e+01
2.93000 2.323689093871205e+01
2.93500 2.355122144842642e+01
2.94000 2.385845632532911e+01
2.94500 2.412970058582106e+01
2.95000 2.433435769732778e+01
2.95500 2.444393252110941e+01
2.96000 2.443700150231895e+01
2.96500 2.430385653058447e+01
2.97000 2.404904121880466e+01
2.97500 2.369053800215711e+01
2.98000 2.325587004617035e+01
2.98500 2.277711639712473e+01
2.99000 2.228738539870236e+01
2.99500 2.181987652354128e+01
3.00000 2.140827242827076e+01
3.00500 2.108594688401918e+01
3.01000 2.088255325127925e+01
3.01500 2.081899659741645e+01
3.02000 2.090338138318404e+01
3.02500 2.113004039443598e+01
3.03000 2.148195362045411e+01
3.03500 2.193534658698287e+01
3.04000 2.246480559357017e+01
3.04500 2.304756123795720e+01
3.05000 2.366607124873279e+01
3.05500 2.430844695134430e+01
3.06000 2.496674769804924e+01
3.06500 2.563379379774238e+01
3.07000 2.629966597235778e+01
3.07500 2.694909835851805e+01
3.08000 2.756050893036375e+01
3.08500 2.810683995183453e+01
3.09000 2.855808654155657e+01
3.09500 2.888537533310640e+01
3.10000 2.906639165613289e+01
3.10500 2.909151704121253e+01
3.11000 2.896923330243223e+01
3.11500 2.872867546465229e+01
3.12000 2.841745498216206e+01
3.12500 2.809439664728164e+01
3.13000 2.781898447940045e+01
3.13500 2.764077251758386e+01
3.14000 2.759192512751163e+01
3.14500 2.768461465127868e+01
3.15000 2.791308631807691e+01
3.15500 2.825866730277870e+01
3.16000 2.869535920122028e+01
3.16500 2.919397376267327e+01
3.17000 2.972377735613548e+01
3.17500 3.025186454848060e+01
3.18000 3.074148684643692e+01
3.18500 3.115092015887336e+01
3.19000 3.143411677851865e+01
3.19500 3.154367077698334e+01
3.20000 3.143588301465447e+01
3.20500 3.107710296368660e+01
3.21000 3.045014968548250e+01
3.21500 2.955965504386522e+01
3.22000 2.843561206425722e+01
3.22500 2.713469206033006e+01
3.23000 2.573840984381579e+01
3.23500 2.434648664224798e+01
3.24000 2.306444264858285e+01
3.24500 2.198727800098586e+01
3.25000 2.118417629738963e+01
3.25500 2.068953687961350e+01
3.26000 2.050266667592192e+01
3.26500 2.059453942881347e+01
3.27000 2.091790515514043e+01
3.27500 2.141735746865320e+01
3.28000 2.203755355754321e+01
3.28500 2.272921960565769e+01
3.29000 2.345319939324926e+01
3.29500 2.418270175615297e+01
3.30000 2.490355938559384e+01
3.30500 2.561226336358172e+01
3.31000 2.631203046100833e+01
3.31500 2.700794710338738e+01
3.32000 2.770276748820453e+01
3.32500 2.839482649952929e+01
3.33000 2.907874871447313e+01
3.33500 2.974846653577500e+01
3.34000 3.040093151574425e+01
3.34500 3.103834317340058e+01
3.35000 3.166719603956525e+01
3.35500 3.229397062932277e+01
3.36000 3.291910993328896e+01
3.36500 3.353187701993539e+01
3.37000 3.410824197485079e+01
3.37500 3.461265606643227e+01
3.38000 3.500337392568007e+01
3.38500 3.524023725631734e+01
3.39000 3.529327087027414e+01
3.39500 3.514987762700951e+01
3.40000 3.481826741126837e+01
3.40500 3.432573738082839e+01
3.41000 3.371256955547592e+01
3.41500 3.302435570739284e+01
3.42000 3.230582456651037e+01
3.42500 3.159742430858760e+01
3.43000 3.093356476966468e+01
3.43500 3.034052161347966e+01
3.44000 2.983315894156151e+01
3.44500 2.941169598538628e+01
3.45000 2.906092398649950e+01
3.45500 2.875356212231614e+01
3.46000 2.845729485026878e+01
3.46500 2.814295704653522e+01
3.47000 2.779071385551808e+01
3.47500 2.739217221381910e+01
3.48000 2.694819901428715e+01
3.48500 2.646365515499582e+01
3.49000 2.594098790919914e+01
3.49500 2.537492041298890e+01
3.50000 2.475016446490571e+01
3.50500 2.404276908681602e+01
3.51000 2.322392109671598e+01
3.51500 2.226406064195229e+01
3.52000 2.113578612335330e+01
3.52500 1.981562540919925e+01
3.53000 1.828613827699730e+01
3.53500 1.653995213485371e+01
3.54000 1.458573990959487e+01
3.54500 1.245346421609884e+01
3.55000 1.019450969568906e+01
3.55500 7.873765234454891e+00
3.56000 5.555113532520668e+00
3.56500 3.286071971837030e+00
3.57000 1.088203471855243e+00
3.57500 -1.043088157701287e+00
3.58000 -3.130194180866428e+00
3.58500 -5.200314936565460e+00
3.59000 -7.272712023628289e+00
3.59500 -9.350271716972410e+00
3.60000 -1.141758128292625e+01
3.60500 -1.344526062842719e+01
3.61000 -1.539818060525943e+01
3.61500 -1.724445983304731e+01
3.62000 -1.896275545445412e+01
3.62500 -2.054628425980004e+01
3.63000 -2.200248601013173e+01
3.63500 -2.334773200377254e+01
3.64000 -2.459783003607883e+01
3.64500 -2.575712244993418e+01
3.65000 -2.681043177190935e+01
3.65500 -2.772173049121591e+01
3.66000 -2.844097494428891e+01
3.66500 -2.891698723255928e+01
3.67000 -2.911139713877219e+01
3.67500 -2.900828908734082e+01
3.68000 -2.861666844237367e+01
3.68500 -2.796640751753637e+01
3.69000 -2.710064591432440e+01
3.69500 -2.606782989355347e+01
3.70000 -2.491545039646862e+01
3.70500 -2.368626219484431e+01
3.71000 -2.241695075017985e+01
3.71500 -2.113882381192050e+01
3.72000 -1.987987640705067e+01
3.72500 -1.866738913225928e+01
3.73000 -1.753015179350405e+01
3.73500 -1.649953742032400e+01
3.74000 -1.560890943890344e+01
3.74500 -1.489110511165976e+01
3.75000 -1.437403840476284e+01
3.75500 -1.407499776671071e+01
3.76000 -1.399504996177094e+01
3.76500 -1.411572304890545e+01
3.77000 -1.440003035216253e+01
3.77500 -1.479837060991150e+01
3.78000 -1.525749911161184e+01
3.78500 -1.572922154348646e+01
3.79000 -1.617585246740856e+01
3.79500 -1.657135310691855e+01
3.80000 -1.689908343179406e+01
3.80500 -1.714834077340019e+01
3.81000 -1.731197930927132e+01
3.81500 -1.738636830559930e+01
3.82000 -1.737324093439091e+01
3.82500 -1.728172172723712e+01
3.83000 -1.712885903397351e+01
3.83500 -1.693806493182250e+01
3.84000 -1.673593390286619e+01
3.84500 -1.654823363150185e+01
3.85000 -1.639558391101341e+01
3.85500 -1.628917169862861e+01
3.86000 -1.622727166594411e+01
3.86500 -1.619402157938901e+01
3.87000 -1.616188448103640e+01
3.87500 -1.609789724584033e+01
3.88000 -1.597177810484407e+01
3.88500 -1.576279635419791e+01
3.89000 -1.546298528041989e+01
3.89500 -1.507621697153554e+01
3.90000 -1.461440323975776e+01
3.90500 -1.409275480832856e+01
3.91000 -1.352575802296275e+01
3.91500 -1.292485918572995e+01
3.92000 -1.229811822542999e+01
3.92500 -1.165141294646638e+01
3.93000 -1.099028552041030e+01
3.93500 -1.032143337430572e+01
3.94000 -9.653186925807976e+00
3.94500 -8.994836374850681e+00
3.95000 -8.355078111998665e+00
3.95500 -7.740071102507317e+00
3.96000 -7.151717134306546e+00
3.96500 -6.586835682835109e+00
3.97000 -6.037753237100416e+00
3.97500 -5.494331623248677e+00
3.98000 -4.946782240576312e+00
3.98500 -4.388218731574669e+00
3.99000 -3.816118382562236e+00
3.99500 -3.232491734244874e+00
4.00000 -2.643071218625586e+00
