0.00001 1.205115236299683e+01
0.00500 1.205063747737533e+01
0.01000 1.204984253485406e+01
0.01500 1.204898478170496e+01
0.02000 1.204806686382607e+01
0.02500 1.204708882215582e+01
0.03000 1.204605069006069e+01
0.03500 1.204495250305992e+01
0.04000 1.204379429884938e+01
0.04500 1.204257611729783e+01
0.05000 1.204129800044311e+01
0.05500 1.203995999248785e+01
0.06000 1.203856213979520e+01
0.06500 1.203710449088418e+01
0.07000 1.203558709642495e+01
0.07500 1.203401000923372e+01
0.08000 1.203237328426763e+01
0.08500 1.203067697861920e+01
0.09000 1.202892115151075e+01
0.09500 1.202710586428857e+01
0.10000 1.202523118041683e+01
0.10500 1.202329716547128e+01
0.11000 1.202130388713283e+01
0.11500 1.201925141518088e+01
0.12000 1.201713982148642e+01
0.12500 1.201496918000490e+01
0.13000 1.201273956676911e+01
0.13500 1.201045105988151e+01
0.14000 1.200810373950669e+01
0.14500 1.200569768786344e+01
0.15000 1.200323298921680e+01
0.15500 1.200070972986958e+01
0.16000 1.199812799815416e+01
0.16500 1.199548788442375e+01
0.17000 1.199278948104352e+01
0.17500 1.199003288238169e+01
0.18000 1.198721818480032e+01
0.18500 1.198434548664596e+01
0.19000 1.198141488823995e+01
0.19500 1.197842649186896e+01
0.20000 1.197538040177487e+01
0.20500 1.197227672414478e+01
0.21000 1.196911556710075e+01
0.21500 1.196589704068940e+01
0.22000 1.196262125687129e+01
0.22500 1.195928832951020e+01
0.23000 1.195589837436222e+01
0.23500 1.195245150906458e+01
0.24000 1.194894785312458e+01
0.24500 1.194538752790806e+01
0.25000 1.194177065662788e+01
0.25500 1.193809736433225e+01
0.26000 1.193436777789284e+01
0.26500 1.193058202599285e+01
0.27000 1.192674023911470e+01
0.27500 1.192284254952791e+01
0.28000 1.191888909127660e+01
0.28500 1.191488000016688e+01
0.29000 1.191081541375418e+01
0.29500 1.190669547133039e+01
0.30000 1.190252031391089e+01
0.30500 1.189829008422140e+01
0.31000 1.189400492668483e+01
0.31500 1.188966498740784e+01
0.32000 1.188527041416734e+01
0.32500 1.188082135639697e+01
0.33000 1.187631796517329e+01
0.33500 1.187176039320201e+01
0.34000 1.186714879480400e+01
0.34500 1.186248332590121e+01
0.35000 1.185776414400257e+01
0.35500 1.185299140818960e+01
0.36000 1.184816527910216e+01
0.36500 1.184328591892388e+01
0.37000 1.183835349136761e+01
0.37500 1.183336816166076e+01
0.38000 1.182833009653050e+01
0.38500 1.182323946418894e+01
0.39000 1.181809643431819e+01
0.39500 1.181290117805528e+01
0.40000 1.180765386797710e+01
0.40500 1.180235467808519e+01
0.41000 1.179700378379045e+01
0.41500 1.179160136189785e+01
0.42000 1.178614759059096e+01
0.42500 1.178064264941647e+01
0.43000 1.177508671926869e+01
0.43500 1.176947998237384e+01
0.44000 1.176382262227449e+01
0.44500 1.175811482381365e+01
0.45000 1.175235677311918e+01
0.45500 1.174654865758777e+01
0.46000 1.174069066586910e+01
0.46500 1.173478298784991e+01
0.47000 1.172882581463795e+01
0.47500 1.172281933854596e+01
0.48000 1.171676375307561e+01
0.48500 1.171065925290132e+01
0.49000 1.170450603385413e+01
0.49500 1.169830429290549e+01
0.50000 1.169205422815105e+01
0.50500 1.168575603879438e+01
0.51000 1.167940992513069e+01
0.51500 1.167301608853054e+01
0.52000 1.166657473142344e+01
0.52500 1.166008605728160e+01
0.53000 1.165355027060346e+01
0.53500 1.164696757689736e+01
0.54000 1.164033818266516e+01
0.54500 1.163366229538576e+01
0.55000 1.162694012349873e+01
0.55500 1.162017187638793e+01
0.56000 1.161335776436498e+01
0.56500 1.160649799865290e+01
0.57000 1.159959279136973e+01
0.57500 1.159264235551197e+01
0.58000 1.158564690493831e+01
0.58500 1.157860665435313e+01
0.59000 1.157152181929011e+01
0.59500 1.156439261609593e+01
0.60000 1.155721926191376e+01
0.60500 1.155000197466702e+01
0.61000 1.154274097304296e+01
0.61500 1.153543647647644e+01
0.62000 1.152808870513352e+01
0.62500 1.152069787989529e+01
0.63000 1.151326422234159e+01
0.63500 1.150578795473477e+01
0.64000 1.149826930000358e+01
0.64500 1.149070848172692e+01
0.65000 1.148310572411784e+01
0.65500 1.147546125200740e+01
0.66000 1.146777529082861e+01
0.66500 1.146004806660049e+01
0.67000 1.145227980591205e+01
0.67500 1.144447073590647e+01
0.68000 1.143662108426513e+01
0.68500 1.142873107919189e+01
0.69000 1.142080094939722e+01
0.69500 1.141283092408259e+01
0.70000 1.140482123292470e+01
0.70500 1.139677210606000e+01
0.71000 1.138868377406899e+01
0.71500 1.138055646796084e+01
0.72000 1.137239041915788e+01
0.72500 1.136418585948030e+01
0.73000 1.135594302113077e+01
0.73500 1.134766213667921e+01
0.74000 1.133934343904764e+01
0.74500 1.133098716149503e+01
0.75000 1.132259353760227e+01
0.75500 1.131416280125720e+01
0.76000 1.130569518663969e+01
0.76500 1.129719092820678e+01
0.77000 1.128865026067800e+01
0.77500 1.128007341902064e+01
0.78000 1.127146063843512e+01
0.78500 1.126281215434051e+01
0.79000 1.125412820236006e+01
0.79500 1.124540901830682e+01
0.80000 1.123665483816940e+01
0.80500 1.122786589809769e+01
0.81000 1.121904243438881e+01
0.81500 1.121018468347302e+01
0.82000 1.120129288189984e+01
0.82500 1.119236726632412e+01
0.83000 1.118340807349228e+01
0.83500 1.117441554022867e+01
0.84000 1.116538990342192e+01
0.84500 1.115633140001149e+01
0.85000 1.114724026697419e+01
0.85500 1.113811674131091e+01
0.86000 1.112896106003341e+01
0.86500 1.111977346015114e+01
0.87000 1.111055417865823e+01
0.87500 1.110130345252056e+01
0.88000 1.109202151866292e+01
0.88500 1.108270861395623e+01
0.89000 1.107336497520495e+01
0.89500 1.106399083913447e+01
0.90000 1.105458644237869e+01
0.90500 1.104515202146773e+01
0.91000 1.103568781281559e+01
0.91500 1.102619405270809e+01
0.92000 1.101667097729074e+01
0.92500 1.100711882255687e+01
0.93000 1.099753782433577e+01
0.93500 1.098792821828099e+01
0.94000 1.097829023985866e+01
0.94500 1.096862412433599e+01
0.95000 1.095893010676989e+01
0.95500 1.094920842199557e+01
0.96000 1.093945930461544e+01
0.96500 1.092968298898790e+01
0.97000 1.091987970921646e+01
0.97500 1.091004969913876e+01
0.98000 1.090019319231585e+01
0.98500 1.089031042202150e+01
0.99000 1.088040162123160e+01
0.99500 1.087046702261378e+01
1.00000 1.086050685851700e+01
1.00500 1.085052136096135e+01
1.01000 1.084051076162787e+01
1.01500 1.083047529184858e+01
1.02000 1.082041518259657e+01
1.02500 1.081033066447615e+01
1.03000 1.080022196771316e+01
1.03500 1.079008932214546e+01
1.04000 1.077993295721336e+01
1.04500 1.076975310195027e+01
1.05000 1.075954998497355e+01
1.05500 1.074932383447519e+01
1.06000 1.073907487821290e+01
1.06500 1.072880334350114e+01
1.07000 1.071850945720229e+01
1.07500 1.070819344571792e+01
1.08000 1.069785553498027e+01
1.08500 1.068749595044367e+01
1.09000 1.067711491707621e+01
1.09500 1.066671265935140e+01
1.10000 1.065628940124008e+01
1.10500 1.064584536620229e+01
1.11000 1.063538077717942e+01
1.11500 1.062489585658626e+01
1.12000 1.061439082630330e+01
1.12500 1.060386590766911e+01
1.13000 1.059332132147286e+01
1.13500 1.058275728794684e+01
1.14000 1.057217402675919e+01
1.14500 1.056157175700667e+01
1.15000 1.055095069720764e+01
1.15500 1.054031106529497e+01
1.16000 1.052965307860925e+01
1.16500 1.051897695389194e+01
1.17000 1.050828290727875e+01
1.17500 1.049757115429308e+01
1.18000 1.048684190983949e+01
1.18500 1.047609538819742e+01
1.19000 1.046533180301486e+01
1.19500 1.045455136730228e+01
1.20000 1.044375429342652e+01
1.20500 1.043294079310484e+01
1.21000 1.042211107739912e+01
1.21500 1.041126535671006e+01
1.22000 1.040040384077159e+01
1.22500 1.038952673864527e+01
1.23000 1.037863425871494e+01
1.23500 1.036772660868124e+01
1.24000 1.035680399555648e+01
1.24500 1.034586662565942e+01
1.25000 1.033491470461030e+01
1.25500 1.032394843732581e+01
1.26000 1.031296802801426e+01
1.26500 1.030197368017084e+01
1.27000 1.029096559657295e+01
1.27500 1.027994397927561e+01
1.28000 1.026890902960705e+01
1.28500 1.025786094816425e+01
1.29000 1.024679993480868e+01
1.29500 1.023572618866219e+01
1.30000 1.022463990810276e+01
1.30500 1.021354129076063e+01
1.31000 1.020243053351431e+01
1.31500 1.019130783248678e+01
1.32000 1.018017338304177e+01
1.32500 1.016902737978004e+01
1.33000 1.015787001653591e+01
1.33500 1.014670148637377e+01
1.34000 1.013552198158466e+01
1.34500 1.012433169368301e+01
1.35000 1.011313081340342e+01
1.35500 1.010191953069758e+01
1.36000 1.009069803473108e+01
1.36500 1.007946651388072e+01
1.37000 1.006822515573139e+01
1.37500 1.005697414707342e+01
1.38000 1.004571367389983e+01
1.38500 1.003444392140374e+01
1.39000 1.002316507397578e+01
1.39500 1.001187731520167e+01
1.40000 1.000058082785987e+01
1.40500 9.989275793919171e+00
1.41000 9.977962394536588e+00
1.41500 9.966640810055127e+00
1.42000 9.955311220001787e+00
1.42500 9.943973803085532e+00
1.43000 9.932628737195381e+00
1.43500 9.921276199398566e+00
1.44000 9.909916365938752e+00
1.44500 9.898549412234397e+00
1.45000 9.887175512877075e+00
1.45500 9.875794841629929e+00
1.46000 9.864407571426280e+00
1.46500 9.853013874368106e+00
1.47000 9.841613921724782e+00
1.47500 9.830207883931809e+00
1.48000 9.818795930589607e+00
1.48500 9.807378230462346e+00
1.49000 9.795954951477002e+00
1.49500 9.784526260722247e+00
1.50000 9.773092324447564e+00
1.50500 9.761653308062419e+00
1.51000 9.750209376135446e+00
1.51500 9.738760692393667e+00
1.52000 9.727307419721917e+00
1.52500 9.715849720162142e+00
1.53000 9.704387754912949e+00
1.53500 9.692921684329038e+00
1.54000 9.681451667920843e+00
1.54500 9.669977864354170e+00
1.55000 9.658500431449831e+00
1.55500 9.647019526183501e+00
1.56000 9.635535304685455e+00
1.56500 9.624047922240488e+00
1.57000 9.612557533287806e+00
1.57500 9.601064291421050e+00
1.58000 9.589568349388339e+00
1.58500 9.578069859092285e+00
1.59000 9.566568971590325e+00
1.59500 9.555065837094704e+00
1.60000 9.543560604972907e+00
1.60500 9.532053423747872e+00
1.61000 9.520544441098389e+00
1.61500 9.509033803859520e+00
1.62000 9.497521658023027e+00
1.62500 9.486008148737939e+00
1.63000 9.474493420311024e+00
1.63500 9.462977616207500e+00
1.64000 9.451460879051648e+00
1.64500 9.439943350627487e+00
1.65000 9.428425171879592e+00
1.65500 9.416906482913804e+00
1.66000 9.405387422998146e+00
1.66500 9.393868130563719e+00
1.67000 9.382348743205556e+00
1.67500 9.370829397683629e+00
1.68000 9.359310229923924e+00
1.68500 9.347791375019408e+00
1.69000 9.336272967231201e+00
1.69500 9.324755139989682e+00
1.70000 9.313238025895687e+00
1.70500 9.301721756721713e+00
1.71000 9.290206463413183e+00
1.71500 9.278692276089789e+00
1.72000 9.267179324046763e+00
1.72500 9.255667735756292e+00
1.73000 9.244157638868916e+00
1.73500 9.232649160214986e+00
1.74000 9.221142425806173e+00
1.74500 9.209637560836912e+00
1.75000 9.198134689686025e+00
1.75500 9.186633935918303e+00
1.76000 9.175135422286093e+00
1.76500 9.163639270730977e+00
1.77000 9.152145602385467e+00
1.77500 9.140654537574690e+00
1.78000 9.129166195818181e+00
1.78500 9.117680695831663e+00
1.79000 9.106198155528784e+00
1.79500 9.094718692023065e+00
1.80000 9.083242421629720e+00
1.80500 9.071769459867523e+00
1.81000 9.060299921460803e+00
1.81500 9.048833920341352e+00
1.82000 9.037371569650437e+00
1.82500 9.025912981740765e+00
1.83000 9.014458268178615e+00
1.83500 9.003007539745749e+00
1.84000 8.991560906441642e+00
1.84500 8.980118477485554e+00
1.85000 8.968680361318601e+00
1.85500 8.957246665605972e+00
1.86000 8.945817497239137e+00
1.86500 8.934392962338009e+00
1.87000 8.922973166253165e+00
1.87500 8.911558213568137e+00
1.88000 8.900148208101665e+00
1.88500 8.888743252909965e+00
1.89000 8.877343450289098e+00
1.89500 8.865948901777282e+00
1.90000 8.854559708157201e+00
1.90500 8.843175969458457e+00
1.91000 8.831797784959907e+00
1.91500 8.820425253192081e+00
1.92000 8.809058471939622e+00
1.92500 8.797697538243753e+00
1.93000 8.786342548404686e+00
1.93500 8.774993597984162e+00
1.94000 8.763650781807904e+00
1.94500 8.752314193968168e+00
1.95000 8.740983927826242e+00
1.95500 8.729660076014984e+00
1.96000 8.718342730441423e+00
1.96500 8.707031982289291e+00
1.97000 8.695727922021643e+00
1.97500 8.684430639383420e+00
1.98000 8.673140223404115e+00
1.98500 8.661856762400337e+00
1.99000 8.650580343978504e+00
1.99500 8.639311055037481e+00
2.00000 8.628048981771229e+00
2.00500 8.616794209671490e+00
2.01000 8.605546823530517e+00
2.01500 8.594306907443659e+00
2.02000 8.583074544812209e+00
2.02500 8.571849818345999e+00
2.03000 8.560632810066242e+00
2.03500 8.549423601308158e+00
2.04000 8.538222272723829e+00
2.04500 8.527028904284853e+00
2.05000 8.515843575285182e+00
2.05500 8.504666364343864e+00
2.06000 8.493497349407837e+00
2.06500 8.482336607754700e+00
2.07000 8.471184215995532e+00
2.07500 8.460040250077650e+00
2.08000 8.448904785287485e+00
2.08500 8.437777896253342e+00
2.09000 8.426659656948249e+00
2.09500 8.415550140692758e+00
2.10000 8.404449420157821e+00
2.10500 8.393357567367593e+00
2.11000 8.382274653702272e+00
2.11500 8.371200749900989e+00
2.12000 8.360135926064626e+00
2.12500 8.349080251658657e+00
2.13000 8.338033795516040e+00
2.13500 8.326996625840097e+00
2.14000 8.315968810207329e+00
2.14500 8.304950415570332e+00
2.15000 8.293941508260612e+00
2.15500 8.282942153991579e+00
2.16000 8.271952417861261e+00
2.16500 8.260972364355341e+00
2.17000 8.250002057349949e+00
2.17500 8.239041560114568e+00
2.18000 8.228090935314917e+00
2.18500 8.217150245015853e+00
2.19000 8.206219550684235e+00
2.19500 8.195298913191854e+00
2.20000 8.184388392818272e+00
2.20500 8.173488049253747e+00
2.21000 8.162597941602115e+00
2.21500 8.151718128383671e+00
2.22000 8.140848667538084e+00
2.22500 8.129989616427224e+00
2.23000 8.119141031838172e+00
2.23500 8.108302969985964e+00
2.24000 8.097475486516579e+00
2.24500 8.086658636509778e+00
2.25000 8.075852474482023e+00
2.25500 8.065057054389330e+00
2.26000 8.054272429630146e+00
2.26500 8.043498653048278e+00
2.27000 8.032735776935688e+00
2.27500 8.021983853035449e+00
2.28000 8.011242932544572e+00
2.28500 8.000513066116891e+00
2.29000 7.989794303865917e+00
2.29500 7.979086695367727e+00
2.30000 7.968390289663787e+00
2.30500 7.957705135263843e+00
2.31000 7.947031280148772e+00
2.31500 7.936368771773397e+00
2.32000 7.925717657069389e+00
2.32500 7.915077982448071e+00
2.33000 7.904449793803250e+00
2.33500 7.893833136514107e+00
2.34000 7.883228055447940e+00
2.34500 7.872634594963086e+00
2.35000 7.862052798911670e+00
2.35500 7.851482710642446e+00
2.36000 7.840924373003626e+00
2.36500 7.830377828345649e+00
2.37000 7.819843118524043e+00
2.37500 7.809320284902134e+00
2.38000 7.798809368353909e+00
2.38500 7.788310409266789e+00
2.39000 7.777823447544376e+00
2.39500 7.767348522609284e+00
2.40000 7.756885673405833e+00
2.40500 7.746434938402886e+00
2.41000 7.735996355596529e+00
2.41500 7.725569962512948e+00
2.42000 7.715155796210988e+00
2.42500 7.704753893285053e+00
2.43000 7.694364289867768e+00
2.43500 7.683987021632703e+00
2.44000 7.673622123797109e+00
2.44500 7.663269631124612e+00
2.45000 7.652929577927941e+00
2.45500 7.642601998071611e+00
2.46000 7.632286924974594e+00
2.46500 7.621984391613044e+00
2.47000 7.611694430522943e+00
2.47500 7.601417073802788e+00
2.48000 7.591152353116231e+00
2.48500 7.580900299694766e+00
2.49000 7.570660944340339e+00
2.49500 7.560434317428012e+00
2.50000 7.550220448908584e+00
2.50500 7.540019368311240e+00
2.51000 7.529831104746107e+00
2.51500 7.519655686906946e+00
2.52000 7.509493143073668e+00
2.52500 7.499343501114975e+00
2.53000 7.489206788490965e+00
2.53500 7.479083032255649e+00
2.54000 7.468972259059547e+00
2.54500 7.458874495152254e+00
2.55000 7.448789766385000e+00
2.55500 7.438718098213164e+00
2.56000 7.428659515698822e+00
2.56500 7.418614043513288e+00
2.57000 7.408581705939604e+00
2.57500 7.398562526875068e+00
2.58000 7.388556529833744e+00
2.58500 7.378563737948917e+00
2.59000 7.368584173975607e+00
2.59500 7.358617860293031e+00
2.60000 7.348664818907102e+00
2.60500 7.338725071452788e+00
2.61000 7.328798639196707e+00
2.61500 7.318885543039426e+00
2.62000 7.308985803517966e+00
2.62500 7.299099440808231e+00
2.63000 7.289226474727363e+00
2.63500 7.279366924736198e+00
2.64000 7.269520809941619e+00
2.64500 7.259688149098979e+00
2.65000 7.249868960614447e+00
2.65500 7.240063262547389e+00
2.66000 7.230271072612707e+00
2.66500 7.220492408183213e+00
2.67000 7.210727286291946e+00
2.67500 7.200975723634498e+00
2.68000 7.191237736571358e+00
2.68500 7.181513341130202e+00
2.69000 7.171802553008192e+00
2.69500 7.162105387574281e+00
2.70000 7.152421859871470e+00
2.70500 7.142751984619119e+00
2.71000 7.133095776215185e+00
2.71500 7.123453248738453e+00
2.72000 7.113824415950829e+00
2.72500 7.104209291299550e+00
2.73000 7.094607887919395e+00
2.73500 7.085020218634924e+00
2.74000 7.075446295962673e+00
2.74500 7.065886132113336e+00
2.75000 7.056339738993987e+00
2.75500 7.046807128210219e+00
2.76000 7.037288311068335e+00
2.76500 7.027783298577502e+00
2.77000 7.018292101451891e+00
2.77500 7.008814730112797e+00
2.78000 6.999351194690836e+00
2.78500 6.989901505027981e+00
2.79000 6.980465670679729e+00
2.79500 6.971043700917152e+00
2.80000 6.961635604729045e+00
2.80500 6.952241390823966e+00
2.81000 6.942861067632318e+00
2.81500 6.933494643308403e+00
2.82000 6.924142125732476e+00
2.82500 6.914803522512805e+00
2.83000 6.905478840987683e+00
2.83500 6.896168088227450e+00
2.84000 6.886871271036508e+00
2.84500 6.877588395955347e+00
2.85000 6.868319469262498e+00
2.85500 6.859064496976542e+00
2.86000 6.849823484858094e+00
2.86500 6.840596438411732e+00
2.87000 6.831383362887999e+00
2.87500 6.822184263285288e+00
2.88000 6.812999144351847e+00
2.88500 6.803828010587655e+00
2.89000 6.794670866246354e+00
2.89500 6.785527715337163e+00
2.90000 6.776398561626746e+00
2.90500 6.767283408641170e+00
2.91000 6.758182259667681e+00
2.91500 6.749095117756657e+00
2.92000 6.740021985723446e+00
2.92500 6.730962866150170e+00
2.93000 6.721917761387644e+00
2.93500 6.712886673557148e+00
2.94000 6.703869604552254e+00
2.94500 6.694866556040678e+00
2.95000 6.685877529466016e+00
2.95500 6.676902526049619e+00
2.96000 6.667941546792290e+00
2.96500 6.658994592476127e+00
2.97000 6.650061663666259e+00
2.97500 6.641142760712592e+00
2.98000 6.632237883751573e+00
2.98500 6.623347032707925e+00
2.99000 6.614470207296372e+00
2.99500 6.605607407023344e+00
3.00000 6.596758631188700e+00
3.00500 6.587923878887428e+00
3.01000 6.579103149011341e+00
3.01500 6.570296440250744e+00
3.02000 6.561503751096099e+00
3.02500 6.552725079839724e+00
3.03000 6.543960424577404e+00
3.03500 6.535209783210068e+00
3.04000 6.526473153445398e+00
3.04500 6.517750532799492e+00
3.05000 6.509041918598445e+00
3.05500 6.500347307979960e+00
3.06000 6.491666697894987e+00
3.06500 6.483000085109254e+00
3.07000 6.474347466204918e+00
3.07500 6.465708837582062e+00
3.08000 6.457084195460319e+00
3.08500 6.448473535880395e+00
3.09000 6.439876854705632e+00
3.09500 6.431294147623534e+00
3.10000 6.422725410147294e+00
3.10500 6.414170637617319e+00
3.11000 6.405629825202742e+00
3.11500 6.397102967902932e+00
3.12000 6.388590060548967e+00
3.12500 6.380091097805128e+00
3.13000 6.371606074170377e+00
3.13500 6.363134983979834e+00
3.14000 6.354677821406217e+00
3.14500 6.346234580461299e+00
3.15000 6.337805254997357e+00
3.15500 6.329389838708599e+00
3.16000 6.320988325132587e+00
3.16500 6.312600707651666e+00
3.17000 6.304226979494354e+00
3.17500 6.295867133736746e+00
3.18000 6.287521163303917e+00
3.18500 6.279189060971289e+00
3.19000 6.270870819366024e+00
3.19500 6.262566430968380e+00
3.20000 6.254275888113049e+00
3.20500 6.245999182990540e+00
3.21000 6.237736307648515e+00
3.21500 6.229487253993097e+00
3.22000 6.221252013790224e+00
3.22500 6.213030578666958e+00
3.23000 6.204822940112773e+00
3.23500 6.196629089480897e+00
3.24000 6.188449017989561e+00
3.24500 6.180282716723329e+00
3.25000 6.172130176634330e+00
3.25500 6.163991388543543e+00
3.26000 6.155866343142102e+00
3.26500 6.147755030992466e+00
3.27000 6.139657442529746e+00
3.27500 6.131573568062881e+00
3.28000 6.123503397775908e+00
3.28500 6.115446921729179e+00
3.29000 6.107404129860538e+00
3.29500 6.099375011986585e+00
3.30000 6.091359557803837e+00
3.30500 6.083357756889931e+00
3.31000 6.075369598704802e+00
3.31500 6.067395072591877e+00
3.32000 6.059434167779229e+00
3.32500 6.051486873380743e+00
3.33000 6.043553178397252e+00
3.33500 6.035633071717730e+00
3.34000 6.027726542120364e+00
3.34500 6.019833578273773e+00
3.35000 6.011954168738055e+00
3.35500 6.004088301965928e+00
3.36000 5.996235966303864e+00
3.36500 5.988397149993158e+00
3.37000 5.980571841171053e+00
3.37500 5.972760027871818e+00
3.38000 5.964961698027799e+00
3.38500 5.957176839470553e+00
3.39000 5.949405439931875e+00
3.39500 5.941647487044851e+00
3.40000 5.933902968344948e+00
3.40500 5.926171871271021e+00
3.41000 5.918454183166387e+00
3.41500 5.910749891279826e+00
3.42000 5.903058982766631e+00
3.42500 5.895381444689624e+00
3.43000 5.887717264020143e+00
3.43500 5.880066427639068e+00
3.44000 5.872428922337837e+00
3.44500 5.864804734819403e+00
3.45000 5.857193851699222e+00
3.45500 5.849596259506259e+00
3.46000 5.842011944683944e+00
3.46500 5.834440893591127e+00
3.47000 5.826883092503047e+00
3.47500 5.819338527612302e+00
3.48000 5.811807185029735e+00
3.48500 5.804289050785457e+00
3.49000 5.796784110829716e+00
3.49500 5.789292351033838e+00
3.50000 5.781813757191165e+00
3.50500 5.774348315017952e+00
3.51000 5.766896010154269e+00
3.51500 5.759456828164926e+00
3.52000 5.752030754540340e+00
3.52500 5.744617774697448e+00
3.53000 5.737217873980569e+00
3.53500 5.729831037662285e+00
3.54000 5.722457250944329e+00
3.54500 5.715096498958424e+00
3.55000 5.707748766767147e+00
3.55500 5.700414039364803e+00
3.56000 5.693092301678238e+00
3.56500 5.685783538567700e+00
3.57000 5.678487734827666e+00
3.57500 5.671204875187669e+00
3.58000 5.663934944313137e+00
3.58500 5.656677926806164e+00
3.59000 5.649433807206393e+00
3.59500 5.642202569991735e+00
3.60000 5.634984199579243e+00
3.60500 5.627778680325872e+00
3.61000 5.620585996529252e+00
3.61500 5.613406132428506e+00
3.62000 5.606239072204994e+00
3.62500 5.599084799983103e+00
3.63000 5.591943299831013e+00
3.63500 5.584814555761427e+00
3.64000 5.577698551732382e+00
3.64500 5.570595271647933e+00
3.65000 5.563504699358940e+00
3.65500 5.556426818663792e+00
3.66000 5.549361613309145e+00
3.66500 5.542309066990633e+00
3.67000 5.535269163353608e+00
3.67500 5.528241885993840e+00
3.68000 5.521227218458255e+00
3.68500 5.514225144245602e+00
3.69000 5.507235646807192e+00
3.69500 5.500258709547569e+00
3.70000 5.493294315825199e+00
3.70500 5.486342448953175e+00
3.71000 5.479403092199886e+00
3.71500 5.472476228789684e+00
3.72000 5.465561841903557e+00
3.72500 5.458659914679814e+00
3.73000 5.451770430214712e+00
3.73500 5.444893371563150e+00
3.74000 5.438028721739272e+00
3.74500 5.431176463717159e+00
3.75000 5.424336580431432e+00
3.75500 5.417509054777916e+00
3.76000 5.410693869614242e+00
3.76500 5.403891007760503e+00
3.77000 5.397100451999855e+00
3.77500 5.390322185079142e+00
3.78000 5.383556189709502e+00
3.78500 5.376802448566957e+00
3.79000 5.370060944293076e+00
3.79500 5.363331659495498e+00
3.80000 5.356614576748574e+00
3.80500 5.349909678593929e+00
3.81000 5.343216947541064e+00
3.81500 5.336536366067926e+00
3.82000 5.329867916621489e+00
3.82500 5.323211581618311e+00
3.83000 5.316567343445119e+00
3.83500 5.309935184459344e+00
3.84000 5.303315086989724e+00
3.84500 5.296707033336800e+00
3.85000 5.290111005773512e+00
3.85500 5.283526986545703e+00
3.86000 5.276954957872707e+00
3.86500 5.270394901947828e+00
3.87000 5.263846800938916e+00
3.87500 5.257310636988881e+00
3.88000 5.250786392216202e+00
3.88500 5.244274048715472e+00
3.89000 5.237773588557888e+00
3.89500 5.231284993791760e+00
3.90000 5.224808246443062e+00
3.90500 5.218343328515875e+00
3.91000 5.211890221992910e+00
3.91500 5.205448908836019e+00
3.92000 5.199019370986673e+00
3.92500 5.192601590366429e+00
3.93000 5.186195548877447e+00
3.93500 5.179801228402934e+00
3.94000 5.173418610807651e+00
3.94500 5.167047677938368e+00
3.95000 5.160688411624318e+00
3.95500 5.154340793677694e+00
3.96000 5.148004805894065e+00
3.96500 5.141680430052877e+00
3.97000 5.135367647917872e+00
3.97500 5.129066441237551e+00
3.98000 5.122776791745618e+00
3.98500 5.116498681161404e+00
3.99000 5.110232091190328e+00
3.99500 5.103977003524323e+00
4.00000 5.097733399842262e+00
