0.00001 1.206051861677110e+01
0.00500 1.206000312865415e+01
0.01000 1.205920725480910e+01
0.01500 1.205834849540152e+01
0.02000 1.205742949942985e+01
0.02500 1.205645030788948e+01
0.03000 1.205541095419570e+01
0.03500 1.205431147391997e+01
0.04000 1.205315190481362e+01
0.04500 1.205193228680429e+01
0.05000 1.205065266199188e+01
0.05500 1.204931307464455e+01
0.06000 1.204791357119418e+01
0.06500 1.204645420023187e+01
0.07000 1.204493501250310e+01
0.07500 1.204335606090274e+01
0.08000 1.204171740046977e+01
0.08500 1.204001908838188e+01
0.09000 1.203826118394982e+01
0.09500 1.203644374861148e+01
0.10000 1.203456684592591e+01
0.10500 1.203263054156693e+01
0.11000 1.203063490331676e+01
0.11500 1.202858000105925e+01
0.12000 1.202646590677307e+01
0.12500 1.202429269452453e+01
0.13000 1.202206044046035e+01
0.13500 1.201976922280016e+01
0.14000 1.201741912182878e+01
0.14500 1.201501021988840e+01
0.15000 1.201254260137049e+01
0.15500 1.201001635270744e+01
0.16000 1.200743156236426e+01
0.16500 1.200478832082983e+01
0.17000 1.200208672060802e+01
0.17500 1.199932685620883e+01
0.18000 1.199650882413909e+01
0.18500 1.199363272289298e+01
0.19000 1.199069865294268e+01
0.19500 1.198770671672845e+01
0.20000 1.198465701864879e+01
0.20500 1.198154966505033e+01
0.21000 1.197838476421758e+01
0.21500 1.197516242636243e+01
0.22000 1.197188276361366e+01
0.22500 1.196854589000602e+01
0.23000 1.196515192146947e+01
0.23500 1.196170097581792e+01
0.24000 1.195819317273807e+01
0.24500 1.195462863377796e+01
0.25000 1.195100748233543e+01
0.25500 1.194732984364636e+01
0.26000 1.194359584477279e+01
0.26500 1.193980561459094e+01
0.27000 1.193595928377903e+01
0.27500 1.193205698480489e+01
0.28000 1.192809885191364e+01
0.28500 1.192408502111495e+01
0.29000 1.192001563017038e+01
0.29500 1.191589081858055e+01
0.30000 1.191171072757205e+01
0.30500 1.190747550008431e+01
0.31000 1.190318528075645e+01
0.31500 1.189884021591378e+01
0.32000 1.189444045355433e+01
0.32500 1.188998614333521e+01
0.33000 1.188547743655890e+01
0.33500 1.188091448615933e+01
0.34000 1.187629744668796e+01
0.34500 1.187162647429965e+01
0.35000 1.186690172673846e+01
0.35500 1.186212336332342e+01
0.36000 1.185729154493400e+01
0.36500 1.185240643399575e+01
0.37000 1.184746819446557e+01
0.37500 1.184247699181712e+01
0.38000 1.183743299302590e+01
0.38500 1.183233636655450e+01
0.39000 1.182718728233758e+01
0.39500 1.182198591176677e+01
0.40000 1.181673242767558e+01
0.40500 1.181142700432418e+01
0.41000 1.180606981738410e+01
0.41500 1.180066104392286e+01
0.42000 1.179520086238845e+01
0.42500 1.178968945259400e+01
0.43000 1.178412699570200e+01
0.43500 1.177851367420879e+01
0.44000 1.177284967192876e+01
0.44500 1.176713517397868e+01
0.45000 1.176137036676177e+01
0.45500 1.175555543795190e+01
0.46000 1.174969057647760e+01
0.46500 1.174377597250618e+01
0.47000 1.173781181742753e+01
0.47500 1.173179830383825e+01
0.48000 1.172573562552534e+01
0.48500 1.171962397745021e+01
0.49000 1.171346355573243e+01
0.49500 1.170725455763340e+01
0.50000 1.170099718154028e+01
0.50500 1.169469162694955e+01
0.51000 1.168833809445082e+01
0.51500 1.168193678571036e+01
0.52000 1.167548790345485e+01
0.52500 1.166899165145494e+01
0.53000 1.166244823450883e+01
0.53500 1.165585785842596e+01
0.54000 1.164922073001047e+01
0.54500 1.164253705704482e+01
0.55000 1.163580704827336e+01
0.55500 1.162903091338581e+01
0.56000 1.162220886300086e+01
0.56500 1.161534110864975e+01
0.57000 1.160842786275973e+01
0.57500 1.160146933863768e+01
0.58000 1.159446575045359e+01
0.58500 1.158741731322426e+01
0.59000 1.158032424279670e+01
0.59500 1.157318675583185e+01
0.60000 1.156600506978813e+01
0.60500 1.155877940290504e+01
0.61000 1.155150997418682e+01
0.61500 1.154419700338613e+01
0.62000 1.153684071098770e+01
0.62500 1.152944131819199e+01
0.63000 1.152199904689899e+01
0.63500 1.151451411969199e+01
0.64000 1.150698675982132e+01
0.64500 1.149941719118819e+01
0.65000 1.149180563832857e+01
0.65500 1.148415232639704e+01
0.66000 1.147645748115080e+01
0.66500 1.146872132893355e+01
0.67000 1.146094409665962e+01
0.67500 1.145312601179792e+01
0.68000 1.144526730235613e+01
0.68500 1.143736819686483e+01
0.69000 1.142942892436169e+01
0.69500 1.142144971437574e+01
0.70000 1.141343079691170e+01
0.70500 1.140537240243429e+01
0.71000 1.139727476185275e+01
0.71500 1.138913810650519e+01
0.72000 1.138096266814326e+01
0.72500 1.137274867891665e+01
0.73000 1.136449637135780e+01
0.73500 1.135620597836663e+01
0.74000 1.134787773319531e+01
0.74500 1.133951186943315e+01
0.75000 1.133110862099152e+01
0.75500 1.132266822208882e+01
0.76000 1.131419090723557e+01
0.76500 1.130567691121962e+01
0.77000 1.129712646909122e+01
0.77500 1.128853981614848e+01
0.78000 1.127991718792262e+01
0.78500 1.127125882016347e+01
0.79000 1.126256494882501e+01
0.79500 1.125383581005092e+01
0.80000 1.124507164016036e+01
0.80500 1.123627267563364e+01
0.81000 1.122743915309819e+01
0.81500 1.121857130931440e+01
0.82000 1.120966938116170e+01
0.82500 1.120073360562469e+01
0.83000 1.119176421977932e+01
0.83500 1.118276146077917e+01
0.84000 1.117372556584189e+01
0.84500 1.116465677223558e+01
0.85000 1.115555531726546e+01
0.85500 1.114642143826050e+01
0.86000 1.113725537256012e+01
0.86500 1.112805735750111e+01
0.87000 1.111882763040453e+01
0.87500 1.110956642856278e+01
0.88000 1.110027398922673e+01
0.88500 1.109095054959292e+01
0.89000 1.108159634679096e+01
0.89500 1.107221161787095e+01
0.90000 1.106279659979094e+01
0.90500 1.105335152940465e+01
0.91000 1.104387664344921e+01
0.91500 1.103437217853289e+01
0.92000 1.102483837112319e+01
0.92500 1.101527545753478e+01
0.93000 1.100568367391767e+01
0.93500 1.099606325624546e+01
0.94000 1.098641444030375e+01
0.94500 1.097673746167849e+01
0.95000 1.096703255574466e+01
0.95500 1.095729995765486e+01
0.96000 1.094753990232811e+01
0.96500 1.093775262443877e+01
0.97000 1.092793835840551e+01
0.97500 1.091809733838034e+01
0.98000 1.090822979823796e+01
0.98500 1.089833597156493e+01
0.99000 1.088841609164916e+01
0.99500 1.087847039146944e+01
1.00000 1.086849910368509e+01
1.00500 1.085850246062565e+01
1.01000 1.084848069428077e+01
1.01500 1.083843403629022e+01
1.02000 1.082836271793385e+01
1.02500 1.081826697012192e+01
1.03000 1.080814702338526e+01
1.03500 1.079800310786574e+01
1.04000 1.078783545330676e+01
1.04500 1.077764428904389e+01
1.05000 1.076742984399559e+01
1.05500 1.075719234665404e+01
1.06000 1.074693202507609e+01
1.06500 1.073664910687434e+01
1.07000 1.072634381920826e+01
1.07500 1.071601638877553e+01
1.08000 1.070566704180340e+01
1.08500 1.069529600404017e+01
1.09000 1.068490350074678e+01
1.09500 1.067448975668860e+01
1.10000 1.066405499612719e+01
1.10500 1.065359944281219e+01
1.11000 1.064312331997349e+01
1.11500 1.063262685031325e+01
1.12000 1.062211025599822e+01
1.12500 1.061157375865209e+01
1.13000 1.060101757934797e+01
1.13500 1.059044193860091e+01
1.14000 1.057984705636072e+01
1.14500 1.056923315200460e+01
1.15000 1.055860044433011e+01
1.15500 1.054794915154824e+01
1.16000 1.053727949127640e+01
1.16500 1.052659168053173e+01
1.17000 1.051588593572434e+01
1.17500 1.050516247265084e+01
1.18000 1.049442150648775e+01
1.18500 1.048366325178522e+01
1.19000 1.047288792246074e+01
1.19500 1.046209573179295e+01
1.20000 1.045128689241568e+01
1.20500 1.044046161631187e+01
1.21000 1.042962011480779e+01
1.21500 1.041876259856730e+01
1.22000 1.040788927758614e+01
1.22500 1.039700036118646e+01
1.23000 1.038609605801128e+01
1.23500 1.037517657601924e+01
1.24000 1.036424212247925e+01
1.24500 1.035329290396541e+01
1.25000 1.034232912635194e+01
1.25500 1.033135099480821e+01
1.26000 1.032035871379388e+01
1.26500 1.030935248705413e+01
1.27000 1.029833251761506e+01
1.27500 1.028729900777902e+01
1.28000 1.027625215912019e+01
1.28500 1.026519217248020e+01
1.29000 1.025411924796382e+01
1.29500 1.024303358493477e+01
1.30000 1.023193538201165e+01
1.30500 1.022082483706387e+01
1.31000 1.020970214720779e+01
1.31500 1.019856750880284e+01
1.32000 1.018742111744781e+01
1.32500 1.017626316797722e+01
1.33000 1.016509385445772e+01
1.33500 1.015391337018466e+01
1.34000 1.014272190767866e+01
1.34500 1.013151965868231e+01
1.35000 1.012030681415705e+01
1.35500 1.010908356427997e+01
1.36000 1.009785009844074e+01
1.36500 1.008660660523874e+01
1.37000 1.007535327248014e+01
1.37500 1.006409028717513e+01
1.38000 1.005281783553520e+01
1.38500 1.004153610297052e+01
1.39000 1.003024527408741e+01
1.39500 1.001894553268588e+01
1.40000 1.000763706175724e+01
1.40500 9.996320043481777e+00
1.41000 9.984994659226597e+00
1.41500 9.973661089543414e+00
1.42000 9.962319514166500e+00
1.42500 9.950970112010742e+00
1.43000 9.939613061169611e+00
1.43500 9.928248538913488e+00
1.44000 9.916876721687734e+00
1.44500 9.905497785111104e+00
1.45000 9.894111903974109e+00
1.45500 9.882719252237404e+00
1.46000 9.871320003030441e+00
1.46500 9.859914328649925e+00
1.47000 9.848502400558605e+00
1.47500 9.837084389383914e+00
1.48000 9.825660464916840e+00
1.48500 9.814230796110754e+00
1.49000 9.802795551080415e+00
1.49500 9.791354897100902e+00
1.50000 9.779909000606754e+00
1.50500 9.768458027191061e+00
1.51000 9.757002141604735e+00
1.51500 9.745541507755689e+00
1.52000 9.734076288708275e+00
1.52500 9.722606646682610e+00
1.53000 9.711132743054057e+00
1.53500 9.699654738352736e+00
1.54000 9.688172792263137e+00
1.54500 9.676687063623708e+00
1.55000 9.665197710426643e+00
1.55500 9.653704889817552e+00
1.56000 9.642208758095327e+00
1.56500 9.630709470712015e+00
1.57000 9.619207182272749e+00
1.57500 9.607702046535744e+00
1.58000 9.596194216412293e+00
1.58500 9.584683843966980e+00
1.59000 9.573171080417715e+00
1.59500 9.561656076136000e+00
1.60000 9.550138980647199e+00
1.60500 9.538619942630801e+00
1.61000 9.527099109920853e+00
1.61500 9.515576629506333e+00
1.62000 9.504052647531610e+00
1.62500 9.492527309296989e+00
1.63000 9.481000759259249e+00
1.63500 9.469473141032307e+00
1.64000 9.457944597387787e+00
1.64500 9.446415270255834e+00
1.65000 9.434885300725774e+00
1.65500 9.423354829047028e+00
1.66000 9.411823994629795e+00
1.66500 9.400292936046119e+00
1.67000 9.388761791030726e+00
1.67500 9.377230696481993e+00
1.68000 9.365699788463038e+00
1.68500 9.354169202202696e+00
1.69000 9.342639072096700e+00
1.69500 9.331109531708801e+00
1.70000 9.319580713771945e+00
1.70500 9.308052750189496e+00
1.71000 9.296525772036539e+00
1.71500 9.284999909561126e+00
1.72000 9.273475292185672e+00
1.72500 9.261952048508302e+00
1.73000 9.250430306304292e+00
1.73500 9.238910192527506e+00
1.74000 9.227391833311877e+00
1.74500 9.215875353972965e+00
1.75000 9.204360879009473e+00
1.75500 9.192848532104898e+00
1.76000 9.181338436129074e+00
1.76500 9.169830713139932e+00
1.77000 9.158325484385093e+00
1.77500 9.146822870303675e+00
1.78000 9.135322990528005e+00
1.78500 9.123825963885412e+00
1.79000 9.112331908400037e+00
1.79500 9.100840941294720e+00
1.80000 9.089353178992829e+00
1.80500 9.077868737120166e+00
1.81000 9.066387730506952e+00
1.81500 9.054910273189721e+00
1.82000 9.043436478413366e+00
1.82500 9.031966458633127e+00
1.83000 9.020500325516617e+00
1.83500 9.009038189945912e+00
1.84000 8.997580162019638e+00
1.84500 8.986126351055127e+00
1.85000 8.974676865590460e+00
1.85500 8.963231813386727e+00
1.86000 8.951791301430177e+00
1.86500 8.940355435934448e+00
1.87000 8.928924322342779e+00
1.87500 8.917498065330260e+00
1.88000 8.906076768806166e+00
1.88500 8.894660535916177e+00
1.89000 8.883249469044760e+00
1.89500 8.871843669817508e+00
1.90000 8.860443239103414e+00
1.90500 8.849048277017392e+00
1.91000 8.837658882922550e+00
1.91500 8.826275155432675e+00
1.92000 8.814897192414639e+00
1.92500 8.803525090990874e+00
1.93000 8.792158947541802e+00
1.93500 8.780798857708380e+00
1.94000 8.769444916394555e+00
1.94500 8.758097217769794e+00
1.95000 8.746755855271642e+00
1.95500 8.735420921608242e+00
1.96000 8.724092508760910e+00
1.96500 8.712770707986701e+00
1.97000 8.701455609821050e+00
1.97500 8.690147304080329e+00
1.98000 8.678845879864491e+00
1.98500 8.667551425559685e+00
1.99000 8.656264028840916e+00
1.99500 8.644983776674707e+00
2.00000 8.633710755321761e+00
2.00500 8.622445050339657e+00
2.01000 8.611186746585489e+00
2.01500 8.599935928218661e+00
2.02000 8.588692678703529e+00
2.02500 8.577457080812156e+00
2.03000 8.566229216627001e+00
2.03500 8.555009167543751e+00
2.04000 8.543797014273995e+00
2.04500 8.532592836848021e+00
2.05000 8.521396714617561e+00
2.05500 8.510208726258615e+00
2.06000 8.499028949774178e+00
2.06500 8.487857462497090e+00
2.07000 8.476694341092781e+00
2.07500 8.465539661562143e+00
2.08000 8.454393499244294e+00
2.08500 8.443255928819408e+00
2.09000 8.432127024311574e+00
2.09500 8.421006859091582e+00
2.10000 8.409895505879810e+00
2.10500 8.398793036748998e+00
2.11000 8.387699523127218e+00
2.11500 8.376615035800569e+00
2.12000 8.365539644916154e+00
2.12500 8.354473419984934e+00
2.13000 8.343416429884520e+00
2.13500 8.332368742862116e+00
2.14000 8.321330426537337e+00
2.14500 8.310301547905159e+00
2.15000 8.299282173338710e+00
2.15500 8.288272368592203e+00
2.16000 8.277272198803839e+00
2.16500 8.266281728498623e+00
2.17000 8.255301021591325e+00
2.17500 8.244330141389321e+00
2.18000 8.233369150595529e+00
2.18500 8.222418111311235e+00
2.19000 8.211477085039073e+00
2.19500 8.200546132685849e+00
2.20000 8.189625314565465e+00
2.20500 8.178714690401801e+00
2.21000 8.167814319331661e+00
2.21500 8.156924259907562e+00
2.22000 8.146044570100756e+00
2.22500 8.135175307304035e+00
2.23000 8.124316528334651e+00
2.23500 8.113468289437243e+00
2.24000 8.102630646286656e+00
2.24500 8.091803653990905e+00
2.25000 8.080987367094028e+00
2.25500 8.070181839578993e+00
2.26000 8.059387124870545e+00
2.26500 8.048603275838131e+00
2.27000 8.037830344798781e+00
2.27500 8.027068383519964e+00
2.28000 8.016317443222476e+00
2.28500 8.005577574583324e+00
2.29000 7.994848827738569e+00
2.29500 7.984131252286257e+00
2.30000 7.973424897289191e+00
2.30500 7.962729811277891e+00
2.31000 7.952046042253382e+00
2.31500 7.941373637690078e+00
2.32000 7.930712644538649e+00
2.32500 7.920063109228820e+00
2.33000 7.909425077672275e+00
2.33500 7.898798595265450e+00
2.34000 7.888183706892386e+00
2.34500 7.877580456927571e+00
2.35000 7.866988889238746e+00
2.35500 7.856409047189714e+00
2.36000 7.845840973643205e+00
2.36500 7.835284710963656e+00
2.37000 7.824740301020009e+00
2.37500 7.814207785188525e+00
2.38000 7.803687204355570e+00
2.38500 7.793178598920453e+00
2.39000 7.782682008798118e+00
2.39500 7.772197473421998e+00
2.40000 7.761725031746789e+00
2.40500 7.751264722251148e+00
2.41000 7.740816582940527e+00
2.41500 7.730380651349919e+00
2.42000 7.719956964546549e+00
2.42500 7.709545559132668e+00
2.43000 7.699146471248301e+00
2.43500 7.688759736573925e+00
2.44000 7.678385390333224e+00
2.44500 7.668023467295801e+00
2.45000 7.657674001779874e+00
2.45500 7.647337027655031e+00
2.46000 7.637012578344824e+00
2.46500 7.626700686829547e+00
2.47000 7.616401385648885e+00
2.47500 7.606114706904578e+00
2.48000 7.595840682263115e+00
2.48500 7.585579342958349e+00
2.49000 7.575330719794193e+00
2.49500 7.565094843147222e+00
2.50000 7.554871742969359e+00
2.50500 7.544661448790452e+00
2.51000 7.534463989720925e+00
2.51500 7.524279394454367e+00
2.52000 7.514107691270176e+00
2.52500 7.503948908036100e+00
2.53000 7.493803072210893e+00
2.53500 7.483670210846825e+00
2.54000 7.473550350592283e+00
2.54500 7.463443517694369e+00
2.55000 7.453349738001391e+00
2.55500 7.443269036965457e+00
2.56000 7.433201439645002e+00
2.56500 7.423146970707304e+00
2.57000 7.413105654431023e+00
2.57500 7.403077514708695e+00
2.58000 7.393062575049267e+00
2.58500 7.383060858580563e+00
2.59000 7.373072388051769e+00
2.59500 7.363097185835938e+00
2.60000 7.353135273932438e+00
2.60500 7.343186673969405e+00
2.61000 7.333251407206217e+00
2.61500 7.323329494535941e+00
2.62000 7.313420956487715e+00
2.62500 7.303525813229241e+00
2.63000 7.293644084569128e+00
2.63500 7.283775789959389e+00
2.64000 7.273920948497739e+00
2.64500 7.264079578930042e+00
2.65000 7.254251699652689e+00
2.65500 7.244437328714950e+00
2.66000 7.234636483821324e+00
2.66500 7.224849182333916e+00
2.67000 7.215075441274761e+00
2.67500 7.205315277328173e+00
2.68000 7.195568706843032e+00
2.68500 7.185835745835152e+00
2.69000 7.176116409989521e+00
2.69500 7.166410714662649e+00
2.70000 7.156718674884831e+00
2.70500 7.147040305362411e+00
2.71000 7.137375620480070e+00
2.71500 7.127724634303075e+00
2.72000 7.118087360579509e+00
2.72500 7.108463812742523e+00
2.73000 7.098854003912587e+00
2.73500 7.089257946899652e+00
2.74000 7.079675654205418e+00
2.74500 7.070107138025483e+00
2.75000 7.060552410251568e+00
2.75500 7.051011482473685e+00
2.76000 7.041484365982288e+00
2.76500 7.031971071770469e+00
2.77000 7.022471610536085e+00
2.77500 7.012985992683911e+00
2.78000 7.003514228327748e+00
2.78500 6.994056327292570e+00
2.79000 6.984612299116643e+00
2.79500 6.975182153053583e+00
2.80000 6.965765898074501e+00
2.80500 6.956363542870060e+00
2.81000 6.946975095852551e+00
2.81500 6.937600565157938e+00
2.82000 6.928239958647959e+00
2.82500 6.918893283912130e+00
2.83000 6.909560548269791e+00
2.83500 6.900241758772132e+00
2.84000 6.890936922204217e+00
2.84500 6.881646045086970e+00
2.85000 6.872369133679191e+00
2.85500 6.863106193979518e+00
2.86000 6.853857231728451e+00
2.86500 6.844622252410244e+00
2.87000 6.835401261254948e+00
2.87500 6.826194263240280e+00
2.88000 6.817001263093632e+00
2.88500 6.807822265293938e+00
2.89000 6.798657274073624e+00
2.89500 6.789506293420524e+00
2.90000 6.780369327079771e+00
2.90500 6.771246378555662e+00
2.91000 6.762137451113589e+00
2.91500 6.753042547781864e+00
2.92000 6.743961671353609e+00
2.92500 6.734894824388597e+00
2.93000 6.725842009215087e+00
2.93500 6.716803227931679e+00
2.94000 6.707778482409111e+00
2.94500 6.698767774292100e+00
2.95000 6.689771105001113e+00
2.95500 6.680788475734207e+00
2.96000 6.671819887468764e+00
2.96500 6.662865340963312e+00
2.97000 6.653924836759261e+00
2.97500 6.644998375182673e+00
2.98000 6.636085956346018e+00
2.98500 6.627187580149901e+00
2.99000 6.618303246284768e+00
2.99500 6.609432954232711e+00
3.00000 6.600576703269057e+00
3.00500 6.591734492464180e+00
3.01000 6.582906320685120e+00
3.01500 6.574092186597306e+00
3.02000 6.565292088666201e+00
3.02500 6.556506025159016e+00
3.03000 6.547733994146291e+00
3.03500 6.538975993503614e+00
3.04000 6.530232020913205e+00
3.04500 6.521502073865602e+00
3.05000 6.512786149661198e+00
3.05500 6.504084245411936e+00
3.06000 6.495396358042855e+00
3.06500 6.486722484293701e+00
3.07000 6.478062620720525e+00
3.07500 6.469416763697223e+00
3.08000 6.460784909417119e+00
3.08500 6.452167053894548e+00
3.09000 6.443563192966340e+00
3.09500 6.434973322293443e+00
3.10000 6.426397437362364e+00
3.10500 6.417835533486757e+00
3.11000 6.409287605808911e+00
3.11500 6.400753649301246e+00
3.12000 6.392233658767824e+00
3.12500 6.383727628845833e+00
3.13000 6.375235554007040e+00
3.13500 6.366757428559293e+00
3.14000 6.358293246647979e+00
3.14500 6.349843002257443e+00
3.15000 6.341406689212461e+00
3.15500 6.332984301179671e+00
3.16000 6.324575831669001e+00
3.16500 6.316181274035078e+00
3.17000 6.307800621478620e+00
3.17500 6.299433867047883e+00
3.18000 6.291081003640020e+00
3.18500 6.282742024002475e+00
3.19000 6.274416920734349e+00
3.19500 6.266105686287789e+00
3.20000 6.257808312969328e+00
3.20500 6.249524792941235e+00
3.21000 6.241255118222870e+00
3.21500 6.232999280692021e+00
3.22000 6.224757272086227e+00
3.22500 6.216529084004083e+00
3.23000 6.208314707906562e+00
3.23500 6.200114135118321e+00
3.24000 6.191927356828979e+00
3.24500 6.183754364094442e+00
3.25000 6.175595147838125e+00
3.25500 6.167449698852264e+00
3.26000 6.159318007799169e+00
3.26500 6.151200065212469e+00
3.27000 6.143095861498388e+00
3.27500 6.135005386936927e+00
3.28000 6.126928631683151e+00
3.28500 6.118865585768402e+00
3.29000 6.110816239101480e+00
3.29500 6.102780581469901e+00
3.30000 6.094758602541046e+00
3.30500 6.086750291863412e+00
3.31000 6.078755638867747e+00
3.31500 6.070774632868241e+00
3.32000 6.062807263063719e+00
3.32500 6.054853518538776e+00
3.33000 6.046913388264942e+00
3.33500 6.038986861101836e+00
3.34000 6.031073925798304e+00
3.34500 6.023174570993548e+00
3.35000 6.015288785218240e+00
3.35500 6.007416556895670e+00
3.36000 5.999557874342835e+00
3.36500 5.991712725771553e+00
3.37000 5.983881099289547e+00
3.37500 5.976062982901555e+00
3.38000 5.968258364510388e+00
3.38500 5.960467231918019e+00
3.39000 5.952689572826668e+00
3.39500 5.944925374839825e+00
3.40000 5.937174625463334e+00
3.40500 5.929437312106435e+00
3.41000 5.921713422082788e+00
3.41500 5.914002942611525e+00
3.42000 5.906305860818279e+00
3.42500 5.898622163736176e+00
3.43000 5.890951838306887e+00
3.43500 5.883294871381599e+00
3.44000 5.875651249722031e+00
3.44500 5.868020960001417e+00
3.45000 5.860403988805527e+00
3.45500 5.852800322633586e+00
3.46000 5.845209947899304e+00
3.46500 5.837632850931792e+00
3.47000 5.830069017976561e+00
3.47500 5.822518435196459e+00
3.48000 5.814981088672626e+00
3.48500 5.807456964405402e+00
3.49000 5.799946048315303e+00
3.49500 5.792448326243932e+00
3.50000 5.784963783954884e+00
3.50500 5.777492407134685e+00
3.51000 5.770034181393676e+00
3.51500 5.762589092266944e+00
3.52000 5.755157125215177e+00
3.52500 5.747738265625601e+00
3.53000 5.740332498812822e+00
3.53500 5.732939810019733e+00
3.54000 5.725560184418349e+00
3.54500 5.718193607110718e+00
3.55000 5.710840063129743e+00
3.55500 5.703499537440058e+00
3.56000 5.696172014938839e+00
3.56500 5.688857480456695e+00
3.57000 5.681555918758472e+00
3.57500 5.674267314544067e+00
3.58000 5.666991652449295e+00
3.58500 5.659728917046659e+00
3.59000 5.652479092846215e+00
3.59500 5.645242164296302e+00
3.60000 5.638018115784426e+00
3.60500 5.630806931637991e+00
3.61000 5.623608596125119e+00
3.61500 5.616423093455406e+00
3.62000 5.609250407780741e+00
3.62500 5.602090523196037e+00
3.63000 5.594943423740011e+00
3.63500 5.587809093395955e+00
3.64000 5.580687516092475e+00
3.64500 5.573578675704240e+00
3.65000 5.566482556052743e+00
3.65500 5.559399140907010e+00
3.66000 5.552328413984383e+00
3.66500 5.545270358951182e+00
3.67000 5.538224959423477e+00
3.67500 5.531192198967779e+00
3.68000 5.524172061101787e+00
3.68500 5.517164529295020e+00
3.69000 5.510169586969620e+00
3.69500 5.503187217500956e+00
3.70000 5.496217404218371e+00
3.70500 5.489260130405841e+00
3.71000 5.482315379302664e+00
3.71500 5.475383134104158e+00
3.72000 5.468463377962269e+00
3.72500 5.461556093986314e+00
3.73000 5.454661265243581e+00
3.73500 5.447778874760019e+00
3.74000 5.440908905520864e+00
3.74500 5.434051340471311e+00
3.75000 5.427206162517132e+00
3.75500 5.420373354525334e+00
3.76000 5.413552899324749e+00
3.76500 5.406744779706722e+00
3.77000 5.399948978425666e+00
3.77500 5.393165478199737e+00
3.78000 5.386394261711420e+00
3.78500 5.379635311608100e+00
3.79000 5.372888610502746e+00
3.79500 5.366154140974448e+00
3.80000 5.359431885569005e+00
3.80500 5.352721826799574e+00
3.81000 5.346023947147179e+00
3.81500 5.339338229061358e+00
3.82000 5.332664654960673e+00
3.82500 5.326003207233358e+00
3.83000 5.319353868237802e+00
3.83500 5.312716620303175e+00
3.84000 5.306091445729956e+00
3.84500 5.299478326790489e+00
3.85000 5.292877245729531e+00
3.85500 5.286288184764821e+00
3.86000 5.279711126087576e+00
3.86500 5.273146051863061e+00
3.87000 5.266592944231103e+00
3.87500 5.260051785306637e+00
3.88000 5.253522557180206e+00
3.88500 5.247005241918500e+00
3.89000 5.240499821564860e+00
3.89500 5.234006278139789e+00
3.90000 5.227524593641467e+00
3.90500 5.221054750046248e+00
3.91000 5.214596729309141e+00
3.91500 5.208150513364358e+00
3.92000 5.201716084125741e+00
3.92500 5.195293423487277e+00
3.93000 5.188882513323596e+00
3.93500 5.182483335490423e+00
3.94000 5.176095871825067e+00
3.94500 5.169720104146898e+00
3.95000 5.163356014257794e+00
3.95500 5.157003583942622e+00
3.96000 5.150662794969686e+00
3.96500 5.144333629091192e+00
3.97000 5.138016068043709e+00
3.97500 5.131710093548586e+00
3.98000 5.125415687312421e+00
3.98500 5.119132831027513e+00
3.99000 5.112861506372250e+00
3.99500 5.106601695011612e+00
4.00000 5.100353378597546e+00
