0.00001 -2.205722676042628e+00
0.00500 -1.102863716591893e+03
0.01000 -2.205741704822060e+03
0.01500 -3.308648237117382e+03
0.02000 -4.411597587482080e+03
0.02500 -5.514604032286615e+03
0.03000 -6.617681851056964e+03
0.03500 -7.720845327264328e+03
0.04000 -8.824108749115259e+03
0.04500 -9.927486410342663e+03
0.05000 -1.103099261099729e+04
0.05500 -1.213464165824026e+04
0.06000 -1.323844786713654e+04
0.06500 -1.434242556144943e+04
0.07000 -1.544658907443626e+04
0.07500 -1.655095274964542e+04
0.08000 -1.765553094171477e+04
0.08500 -1.876033801717151e+04
0.09000 -1.986538835523382e+04
0.09500 -2.097069634861404e+04
0.10000 -2.207627640432393e+04
0.10500 -2.318214294448152e+04
0.11000 -2.428831040712058e+04
0.11500 -2.539479324700169e+04
0.12000 -2.650160593642603e+04
0.12500 -2.760876296605134e+04
0.13000 -2.871627884571056e+04
0.13500 -2.982416810523289e+04
0.14000 -3.093244529526795e+04
0.14500 -3.204112498811252e+04
0.15000 -3.315022177854033e+04
0.15500 -3.425975028463492e+04
0.16000 -3.536972514862606e+04
0.16500 -3.648016103772892e+04
0.17000 -3.759107264498724e+04
0.17500 -3.870247469011987e+04
0.18000 -3.981438192037099e+04
0.18500 -4.092680911136407e+04
0.19000 -4.203977106796023e+04
0.19500 -4.315328262512013e+04
0.20000 -4.426735864877035e+04
0.20500 -4.538201403667424e+04
0.21000 -4.649726371930684e+04
0.21500 -4.761312266073485e+04
0.22000 -4.872960585950095e+04
0.22500 -4.984672834951313e+04
0.23000 -5.096450520093940e+04
0.23500 -5.208295152110660e+04
0.24000 -5.320208245540573e+04
0.24500 -5.432191318820196e+04
0.25000 -5.544245894375008e+04
0.25500 -5.656373498711599e+04
0.26000 -5.768575662510429e+04
0.26500 -5.880853920719076e+04
0.27000 -5.993209812646245e+04
0.27500 -6.105644882056274e+04
0.28000 -6.218160677264330e+04
0.28500 -6.330758751232322e+04
0.29000 -6.443440661665371e+04
0.29500 -6.556207971109064e+04
0.30000 -6.669062247047357e+04
0.30500 -6.782005062001222e+04
0.31000 -6.895037993628031e+04
0.31500 -7.008162624821681e+04
0.32000 -7.121380543813498e+04
0.32500 -7.234693344273888e+04
0.33000 -7.348102625414888e+04
0.33500 -7.461609992093389e+04
0.34000 -7.575217054915360e+04
0.34500 -7.688925430340790e+04
0.35000 -7.802736740789581e+04
0.35500 -7.916652614748295e+04
0.36000 -8.030674686877859e+04
0.36500 -8.144804598122122e+04
0.37000 -8.259043995817428e+04
0.37500 -8.373394533803109e+04
0.38000 -8.487857872533030e+04
0.38500 -8.602435679188023e+04
0.39000 -8.717129627789502e+04
0.39500 -8.831941399313963e+04
0.40000 -8.946872681808687e+04
0.40500 -9.061925170508448e+04
0.41000 -9.177100567953376e+04
0.41500 -9.292400584107924e+04
0.42000 -9.407826936480972e+04
0.42500 -9.523381350247233e+04
0.43000 -9.639065558369625e+04
0.43500 -9.754881301723144e+04
0.44000 -9.870830329219706e+04
0.44500 -9.986914397934484e+04
0.45000 -1.010313527323349e+05
0.45500 -1.021949472890230e+05
0.46000 -1.033599454727638e+05
0.46500 -1.045263651937264e+05
0.47000 -1.056942244502241e+05
0.47500 -1.068635413300585e+05
0.48000 -1.080343340118773e+05
0.48500 -1.092066207665488e+05
0.49000 -1.103804199585498e+05
0.49500 -1.115557500473688e+05
0.50000 -1.127326295889261e+05
0.50500 -1.139110772370087e+05
0.51000 -1.150911117447221e+05
0.51500 -1.162727519659580e+05
0.52000 -1.174560168568800e+05
0.52500 -1.186409254774243e+05
0.53000 -1.198274969928211e+05
0.53500 -1.210157506751308e+05
0.54000 -1.222057059047996e+05
0.54500 -1.233973821722346e+05
0.55000 -1.245907990793951e+05
0.55500 -1.257859763414067e+05
0.56000 -1.269829337881914e+05
0.56500 -1.281816913661198e+05
0.57000 -1.293822691396836e+05
0.57500 -1.305846872931873e+05
0.58000 -1.317889661324626e+05
0.58500 -1.329951260866034e+05
0.59000 -1.342031877097226e+05
0.59500 -1.354131716827322e+05
0.60000 -1.366250988151444e+05
0.60500 -1.378389900468984e+05
0.61000 -1.390548664502074e+05
0.61500 -1.402727492314327e+05
0.62000 -1.414926597329812e+05
0.62500 -1.427146194352266e+05
0.63000 -1.439386499584579e+05
0.63500 -1.451647730648536e+05
0.64000 -1.463930106604812e+05
0.64500 -1.476233847973232e+05
0.65000 -1.488559176753343e+05
0.65500 -1.500906316445202e+05
0.66000 -1.513275492070517e+05
0.66500 -1.525666930194030e+05
0.67000 -1.538080858945207e+05
0.67500 -1.550517508040251e+05
0.68000 -1.562977108804396e+05
0.68500 -1.575459894194524e+05
0.69000 -1.587966098822106e+05
0.69500 -1.600495958976466e+05
0.70000 -1.613049712648373e+05
0.70500 -1.625627599553976e+05
0.71000 -1.638229861159082e+05
0.71500 -1.650856740703788e+05
0.72000 -1.663508483227474e+05
0.72500 -1.676185335594153e+05
0.73000 -1.688887546518203e+05
0.73500 -1.701615366590474e+05
0.74000 -1.714369048304790e+05
0.74500 -1.727148846084840e+05
0.75000 -1.739955016311467e+05
0.75500 -1.752787817350395e+05
0.76000 -1.765647509580337e+05
0.76500 -1.778534355421572e+05
0.77000 -1.791448619364913e+05
0.77500 -1.804390568001183e+05
0.78000 -1.817360470051070e+05
0.78500 -1.830358596395516e+05
0.79000 -1.843385220106535e+05
0.79500 -1.856440616478536e+05
0.80000 -1.869525063060115e+05
0.80500 -1.882638839686387e+05
0.81000 -1.895782228511807e+05
0.81500 -1.908955514043504e+05
0.82000 -1.922158983175179e+05
0.82500 -1.935392925221537e+05
0.83000 -1.948657631953262e+05
0.83500 -1.961953397632585e+05
0.84000 -1.975280519049415e+05
0.84500 -1.988639295558067e+05
0.85000 -2.002030029114615e+05
0.85500 -2.015453024314825e+05
0.86000 -2.028908588432747e+05
0.86500 -2.042397031459960e+05
0.87000 -2.055918666145436e+05
0.87500 -2.069473808036141e+05
0.88000 -2.083062775518234e+05
0.88500 -2.096685889859066e+05
0.89000 -2.110343475249821e+05
0.89500 -2.124035858848930e+05
0.90000 -2.137763370826216e+05
0.90500 -2.151526344407816e+05
0.91000 -2.165325115921869e+05
0.91500 -2.179160024845025e+05
0.92000 -2.193031413849746e+05
0.92500 -2.206939628852463e+05
0.93000 -2.220885019062579e+05
0.93500 -2.234867937032331e+05
0.94000 -2.248888738707576e+05
0.94500 -2.262947783479438e+05
0.95000 -2.277045434236954e+05
0.95500 -2.291182057420611e+05
0.96000 -2.305358023076891e+05
0.96500 -2.319573704913823e+05
0.97000 -2.333829480357516e+05
0.97500 -2.348125730609769e+05
0.98000 -2.362462840706745e+05
0.98500 -2.376841199578729e+05
0.99000 -2.391261200110994e+05
0.99500 -2.405723239205833e+05
1.00000 -2.420227717845760e+05
1.00500 -2.434775041157880e+05
1.01000 -2.449365618479519e+05
1.01500 -2.463999863425092e+05
1.02000 -2.478678193954271e+05
1.02500 -2.493401032441435e+05
1.03000 -2.508168805746515e+05
1.03500 -2.522981945287175e+05
1.04000 -2.537840887112444e+05
1.04500 -2.552746071977751e+05
1.05000 -2.567697945421495e+05
1.05500 -2.582696957843096e+05
1.06000 -2.597743564582603e+05
1.06500 -2.612838226001923e+05
1.07000 -2.627981407567656e+05
1.07500 -2.643173579935618e+05
1.08000 -2.658415219037081e+05
1.08500 -2.673706806166767e+05
1.09000 -2.689048828072642e+05
1.09500 -2.704441777047574e+05
1.10000 -2.719886151022875e+05
1.10500 -2.735382453663777e+05
1.11000 -2.750931194466940e+05
1.11500 -2.766532888859953e+05
1.12000 -2.782188058302972e+05
1.12500 -2.797897230392506e+05
1.13000 -2.813660938967388e+05
1.13500 -2.829479724217035e+05
1.14000 -2.845354132792041e+05
1.14500 -2.861284717917112e+05
1.15000 -2.877272039506503e+05
1.15500 -2.893316664281967e+05
1.16000 -2.909419165893222e+05
1.16500 -2.925580125041167e+05
1.17000 -2.941800129603744e+05
1.17500 -2.958079774764642e+05
1.18000 -2.974419663144847e+05
1.18500 -2.990820404937179e+05
1.19000 -3.007282618043812e+05
1.19500 -3.023806928216972e+05
1.20000 -3.040393969202777e+05
1.20500 -3.057044382888439e+05
1.21000 -3.073758819452773e+05
1.21500 -3.090537937520266e+05
1.22000 -3.107382404318657e+05
1.22500 -3.124292895840250e+05
1.23000 -3.141270097006990e+05
1.23500 -3.158314701839407e+05
1.24000 -3.175427413629636e+05
1.24500 -3.192608945118503e+05
1.25000 -3.209860018676854e+05
1.25500 -3.227181366491297e+05
1.26000 -3.244573730754381e+05
1.26500 -3.262037863859461e+05
1.27000 -3.279574528600281e+05
1.27500 -3.297184498375486e+05
1.28000 -3.314868557398203e+05
1.28500 -3.332627500910784e+05
1.29000 -3.350462135404981e+05
1.29500 -3.368373278847582e+05
1.30000 -3.386361760911795e+05
1.30500 -3.404428423214467e+05
1.31000 -3.422574119559407e+05
1.31500 -3.440799716186877e+05
1.32000 -3.459106092029603e+05
1.32500 -3.477494138975370e+05
1.33000 -3.495964762136500e+05
1.33500 -3.514518880126348e+05
1.34000 -3.533157425343171e+05
1.34500 -3.551881344261427e+05
1.35000 -3.570691597730935e+05
1.35500 -3.589589161283989e+05
1.36000 -3.608575025450792e+05
1.36500 -3.627650196083426e+05
1.37000 -3.646815694688673e+05
1.37500 -3.666072558769922e+05
1.38000 -3.685421842178608e+05
1.38500 -3.704864615475260e+05
1.39000 -3.724401966300769e+05
1.39500 -3.744034999757948e+05
1.40000 -3.763764838803990e+05
1.40500 -3.783592624653940e+05
1.41000 -3.803519517195787e+05
1.41500 -3.823546695417490e+05
1.42000 -3.843675357846253e+05
1.42500 -3.863906723000660e+05
1.43000 -3.884242029856021e+05
1.43500 -3.904682538323381e+05
1.44000 -3.925229529742745e+05
1.44500 -3.945884307390968e+05
1.45000 -3.966648197004904e+05
1.45500 -3.987522547320281e+05
1.46000 -4.008508730626966e+05
1.46500 -4.029608143341182e+05
1.47000 -4.050822206595267e+05
1.47500 -4.072152366845693e+05
1.48000 -4.093600096500019e+05
1.48500 -4.115166894563432e+05
1.49000 -4.136854287305640e+05
1.49500 -4.158663828949016e+05
1.50000 -4.180597102378543e+05
1.50500 -4.202655719874712e+05
1.51000 -4.224841323870013e+05
1.51500 -4.247155587730058e+05
1.52000 -4.269600216560331e+05
1.52500 -4.292176948039468e+05
1.53000 -4.314887553280258e+05
1.53500 -4.337733837719330e+05
1.54000 -4.360717642036827e+05
1.54500 -4.383840843107182e+05
1.55000 -4.407105354982321e+05
1.55500 -4.430513129908575e+05
1.56000 -4.454066159378797e+05
1.56500 -4.477766475220974e+05
1.57000 -4.501616150725097e+05
1.57500 -4.525617301809691e+05
1.58000 -4.549772088229822e+05
1.58500 -4.574082714828330e+05
1.59000 -4.598551432832066e+05
1.59500 -4.623180541195261e+05
1.60000 -4.647972387991897e+05
1.60500 -4.672929371859357e+05
1.61000 -4.698053943495586e+05
1.61500 -4.723348607212133e+05
1.62000 -4.748815922545642e+05
1.62500 -4.774458505930364e+05
1.63000 -4.800279032434492e+05
1.63500 -4.826280237563294e+05
1.64000 -4.852464919132086e+05
1.64500 -4.878835939212273e+05
1.65000 -4.905396226153941e+05
1.65500 -4.932148776688564e+05
1.66000 -4.959096658115702e+05
1.66500 -4.986243010577625e+05
1.67000 -5.013591049426161e+05
1.67500 -5.041144067686260e+05
1.68000 -5.068905438620993e+05
1.68500 -5.096878618402985e+05
1.69000 -5.125067148897590e+05
1.69500 -5.153474660563401e+05
1.70000 -5.182104875476023e+05
1.70500 -5.210961610481360e+05
1.71000 -5.240048780485126e+05
1.71500 -5.269370401885472e+05
1.72000 -5.298930596156374e+05
1.72500 -5.328733593589512e+05
1.73000 -5.358783737203144e+05
1.73500 -5.389085486826819e+05
1.74000 -5.419643423371433e+05
1.74500 -5.450462253294522e+05
1.75000 -5.481546813271706e+05
1.75500 -5.512902075085331e+05
1.76000 -5.544533150742537e+05
1.76500 -5.576445297835676e+05
1.77000 -5.608643925158433e+05
1.77500 -5.641134598592471e+05
1.78000 -5.673923047280011e+05
1.78500 -5.707015170098838e+05
1.79000 -5.740417042457372e+05
1.79500 -5.774134923428650e+05
1.80000 -5.808175263243278e+05
1.80500 -5.842544711162704e+05
1.81000 -5.877250123755955e+05
1.81500 -5.912298573604057e+05
1.82000 -5.947697358458615e+05
1.82500 -5.983454010882397e+05
1.83000 -6.019576308402120e+05
1.83500 -6.056072284205566e+05
1.84000 -6.092950238417449e+05
1.84500 -6.130218749991247e+05
1.85000 -6.167886689256397e+05
1.85500 -6.205963231163846e+05
1.86000 -6.244457869275393e+05
1.86500 -6.283380430546233e+05
1.87000 -6.322741090953619e+05
1.87500 -6.362550392028410e+05
1.88000 -6.402819258350853e+05
1.88500 -6.443559016076610e+05
1.89000 -6.484781412564052e+05
1.89500 -6.526498637179212e+05
1.90000 -6.568723343361510e+05
1.90500 -6.611468672038745e+05
1.91000 -6.654748276488036e+05
1.91500 -6.698576348746180e+05
1.92000 -6.742967647682010e+05
1.92500 -6.787937528851519e+05
1.93000 -6.833501976267109e+05
1.93500 -6.879677636222482e+05
1.94000 -6.926481853326421e+05
1.94500 -6.973932708911154e+05
1.95000 -7.022049061994527e+05
1.95500 -7.070850592990107e+05
1.96000 -7.120357850374747e+05
1.96500 -7.170592300541007e+05
1.97000 -7.221576381079301e+05
1.97500 -7.273333557755662e+05
1.98000 -7.325888385471336e+05
1.98500 -7.379266573513913e+05
1.99000 -7.433495055433558e+05
1.99500 -7.488602063904009e+05
2.00000 -7.544617210954750e+05
2.00500 -7.601571573989313e+05
2.01000 -7.659497788033823e+05
2.01500 -7.718430144689399e+05
2.02000 -7.778404698292313e+05
2.02500 -7.839459379813713e+05
2.03000 -7.901634119058468e+05
2.03500 -7.964970975745043e+05
2.04000 -8.029514280066413e+05
2.04500 -8.095310783340597e+05
2.05000 -8.162409819355822e+05
2.05500 -8.230863476994751e+05
2.06000 -8.300726784676099e+05
2.06500 -8.372057907073848e+05
2.07000 -8.444918354449413e+05
2.07500 -8.519373204746792e+05
2.08000 -8.595491338332038e+05
2.08500 -8.673345684879386e+05
2.09000 -8.753013481378853e+05
2.09500 -8.834576539514650e+05
2.10000 -8.918121519673789e+05
2.10500 -9.003740207502027e+05
2.11000 -9.091529787110341e+05
2.11500 -9.181593102593170e+05
2.12000 -9.274038896236747e+05
2.12500 -9.368982007389310e+05
2.13000 -9.466543510054627e+05
2.13500 -9.566850759346475e+05
2.14000 -9.670037306321017e+05
2.14500 -9.776242626477391e+05
2.15000 -9.885611588167520e+05
2.15500 -9.998293561686280e+05
2.16000 -1.011444103582907e+06
2.16500 -1.023420756352117e+06
2.17000 -1.035774479839459e+06
2.17500 -1.048519830591549e+06
2.18000 -1.061670173146415e+06
2.18500 -1.075236877959121e+06
2.19000 -1.089228230150203e+06
2.19500 -1.103647960510932e+06
2.20000 -1.118493290911811e+06
2.20500 -1.133752369814241e+06
2.21000 -1.149400967948985e+06
2.21500 -1.165398323956079e+06
2.22000 -1.181682098530075e+06
2.22500 -1.198162546224060e+06
2.23000 -1.214716280111492e+06
2.23500 -1.231180391601601e+06
2.24000 -1.247348110206042e+06
2.24500 -1.262967373595428e+06
2.25000 -1.277743111112226e+06
2.25500 -1.291342151623363e+06
2.26000 -1.303396524352900e+06
2.26500 -1.313498353793351e+06
2.27000 -1.321181377560152e+06
2.27500 -1.325893583294437e+06
2.28000 -1.326980302890311e+06
2.28500 -1.323707598039279e+06
2.29000 -1.315350590280972e+06
2.29500 -1.301346869823219e+06
2.30000 -1.281479066734646e+06
2.30500 -1.256019888468034e+06
2.31000 -1.225768252700952e+06
2.31500 -1.191941037079795e+06
2.32000 -1.155952595929589e+06
2.32500 -1.119173872341570e+06
2.33000 -1.082766809364695e+06
2.33500 -1.047627383547073e+06
2.34000 -1.014391370586758e+06
2.34500 -9.834311626048118e+05
2.35000 -9.548199834212570e+05
2.35500 -9.283086654844985e+05
2.36000 -9.033784430889727e+05
2.36500 -8.793832383778184e+05
2.37000 -8.557228130625590e+05
2.37500 -8.319553818229618e+05
2.38000 -8.077934818097099e+05
2.38500 -7.830088930689594e+05
2.39000 -7.573426879468805e+05
2.39500 -7.305198586125475e+05
2.40000 -7.023983254044915e+05
2.40500 -6.731876465831422e+05
2.41000 -6.436154466855655e+05
2.41500 -6.149333158013310e+05
2.42000 -5.887296098873616e+05
2.42500 -5.666106857609954e+05
2.43000 -5.498718275342669e+05
2.43500 -5.392740354855625e+05
2.44000 -5.349828384120812e+05
2.44500 -5.366512542111177e+05
2.45000 -5.435824589685029e+05
2.45500 -5.549033470623486e+05
2.46000 -5.697041350469697e+05
2.46500 -5.871285595119712e+05
2.47000 -6.064196046947787e+05
2.47500 -6.269344701554971e+05
2.48000 -6.481433340844082e+05
2.48500 -6.696236629355599e+05
2.49000 -6.910577699631649e+05
2.49500 -7.122365865181343e+05
2.50000 -7.330670936313332e+05
2.50500 -7.535754795396604e+05
2.51000 -7.738957394876670e+05
2.51500 -7.942375455760658e+05
2.52000 -8.148375925444557e+05
2.52500 -8.359089083651343e+05
2.53000 -8.576046587538762e+05
2.53500 -8.800050707946748e+05
2.54000 -9.031248210176685e+05
2.54500 -9.269313574792856e+05
2.55000 -9.513644468264283e+05
2.55500 -9.763509594368569e+05
2.56000 -1.001812900576095e+06
2.56500 -1.027669151166579e+06
2.57000 -1.053832242301941e+06
2.57500 -1.080201400562700e+06
2.58000 -1.106652685385877e+06
2.58500 -1.133026676313902e+06
2.59000 -1.159114061274923e+06
2.59500 -1.184639769660739e+06
2.60000 -1.209247143452581e+06
2.60500 -1.232485222829205e+06
2.61000 -1.253804624110537e+06
2.61500 -1.272570401502445e+06
2.62000 -1.288102490117532e+06
2.62500 -1.299753145492277e+06
2.63000 -1.307022287817624e+06
2.63500 -1.309692974519320e+06
2.64000 -1.307943722484493e+06
2.64500 -1.302376416592075e+06
2.65000 -1.293909611467447e+06
2.65500 -1.283538178379594e+06
2.66000 -1.272031952436186e+06
2.66500 -1.259692473984955e+06
2.67000 -1.246272418998657e+06
2.67500 -1.231094551592532e+06
2.68000 -1.213326847354335e+06
2.68500 -1.192313477378493e+06
2.69000 -1.167841633447658e+06
2.69500 -1.140248500744084e+06
2.70000 -1.110344844645262e+06
2.70500 -1.079227002581987e+06
2.71000 -1.048103446101364e+06
2.71500 -1.018221977885631e+06
2.72000 -9.908743702530232e+05
2.72500 -9.673732200861004e+05
2.73000 -9.489165344085139e+05
2.73500 -9.363571873882937e+05
2.74000 -9.299810518899559e+05
2.74500 -9.293975008683916e+05
2.75000 -9.335755949621404e+05
2.75500 -9.409890179139093e+05
2.76000 -9.498103405196791e+05
2.76500 -9.581156223507534e+05
2.77000 -9.640915968696254e+05
2.77500 -9.662521633905900e+05
2.78000 -9.636575456866357e+05
2.78500 -9.560946733734320e+05
2.79000 -9.441455627471233e+05
2.79500 -9.290767361338097e+05
2.80000 -9.125453854610368e+05
2.80500 -8.962089784219622e+05
2.81000 -8.813807160930558e+05
2.81500 -8.688506782109255e+05
2.82000 -8.589079864152746e+05
2.82500 -8.515069073746739e+05
2.83000 -8.464669039849058e+05
2.83500 -8.436033974418644e+05
2.84000 -8.427435349953052e+05
2.84500 -8.436541910043735e+05
2.85000 -8.459529034009541e+05
2.85500 -8.490649864869704e+05
2.86000 -8.522512611845009e+05
2.86500 -8.546991419724877e+05
2.87000 -8.556626100440508e+05
2.87500 -8.546368638610406e+05
2.88000 -8.515358528201204e+05
2.88500 -8.468076228293249e+05
2.89000 -8.414095849774312e+05
2.89500 -8.366096979158308e+05
2.90000 -8.336700013819687e+05
2.90500 -8.335419258143370e+05
2.91000 -8.366958178295060e+05
2.91500 -8.431237048772469e+05
2.92000 -8.524596737517465e+05
2.92500 -8.641191068340032e+05
2.93000 -8.773808464741152e+05
2.93500 -8.913966137401391e+05
2.94000 -9.051671788652326e+05
2.94500 -9.175452466427630e+05
2.95000 -9.273083604766978e+05
2.95500 -9.333092571010926e+05
2.96000 -9.346740557743149e+05
2.96500 -9.309894179063496e+05
2.97000 -9.224075776180440e+05
2.97500 -9.096188033019467e+05
2.98000 -8.937004673514083e+05
2.98500 -8.759214819425985e+05
2.99000 -8.576036106375685e+05
2.99500 -8.400852657062832e+05
3.00000 -8.247375925532753e+05
3.00500 -8.129315087101988e+05
3.01000 -8.058972949738633e+05
3.01500 -8.045169963814848e+05
3.02000 -8.091550790161501e+05
3.02500 -8.196139989116309e+05
3.03000 -8.352286508775136e+05
3.03500 -8.550514300590457e+05
3.04000 -8.780604403952966e+05
3.04500 -9.033354753682440e+05
3.05000 -9.301655089687388e+05
3.05500 -9.580680957969847e+05
3.06000 -9.867207405320394e+05
3.06500 -1.015830267345385e+06
3.07000 -1.044987996545892e+06
3.07500 -1.073560703436394e+06
3.08000 -1.100648648309679e+06
3.08500 -1.125118547451704e+06
3.09000 -1.145707179106335e+06
3.09500 -1.161190609254651e+06
3.10000 -1.170611316166816e+06
3.10500 -1.173537124863851e+06
3.11000 -1.170291771281252e+06
3.11500 -1.162067880262205e+06
3.12000 -1.150842108171852e+06
3.12500 -1.139075317376037e+06
3.13000 -1.129271213373761e+06
3.13500 -1.123529496718218e+06
3.14000 -1.123227400510389e+06
3.14500 -1.128904225302655e+06
3.15000 -1.140342948288934e+06
3.15500 -1.156777681260826e+06
3.16000 -1.177127678977587e+06
3.16500 -1.200171042858936e+06
3.17000 -1.224613232590250e+06
3.17500 -1.249058799242626e+06
3.18000 -1.271938093662208e+06
3.18500 -1.291456676644684e+06
3.19000 -1.305621312755755e+06
3.19500 -1.312366055636850e+06
3.20000 -1.309770150306750e+06
3.20500 -1.296333173771780e+06
3.21000 -1.271256343040158e+06
3.21500 -1.234680107882339e+06
3.22000 -1.187846469933142e+06
3.22500 -1.133165979316222e+06
3.23000 -1.074147794595544e+06
3.23500 -1.015118936310415e+06
3.24000 -9.606881408043787e+05
3.24500 -9.150332415602892e+05
3.25000 -8.812268380297738e+05
3.25500 -8.608337913203605e+05
3.26000 -8.538859189508001e+05
3.26500 -8.591677455406920e+05
3.27000 -8.746526912455033e+05
3.27500 -8.979415072871643e+05
3.28000 -9.266231562594012e+05
3.28500 -9.585410136339992e+05
3.29000 -9.919747214427085e+05
3.29500 -1.025743574131834e+06
3.30000 -1.059222133570777e+06
3.30500 -1.092256609342946e+06
3.31000 -1.124992518883074e+06
3.31500 -1.157659514856962e+06
3.32000 -1.190383666766427e+06
3.32500 -1.223092977995441e+06
3.33000 -1.255547621318566e+06
3.33500 -1.287474207512598e+06
3.34000 -1.318732394485038e+06
3.34500 -1.349416181785244e+06
3.35000 -1.379812694906410e+06
3.35500 -1.410209280949209e+06
3.36000 -1.440621669584080e+06
3.36500 -1.470559842472772e+06
3.37000 -1.498929220750044e+06
3.37500 -1.524107348769767e+06
3.38000 -1.544182385037647e+06
3.38500 -1.557305589732060e+06
3.39000 -1.562083761140140e+06
3.39500 -1.557910877178566e+06
3.40000 -1.545130065510330e+06
3.40500 -1.524960790298650e+06
3.41000 -1.499224051799099e+06
3.41500 -1.469992747894672e+06
3.42000 -1.439308085474261e+06
3.42500 -1.409020742826724e+06
3.43000 -1.380707961621747e+06
3.43500 -1.355575502511000e+06
3.44000 -1.334305456413660e+06
3.44500 -1.316905800543504e+06
3.45000 -1.302672539963756e+06
3.45500 -1.290343097863076e+06
3.46000 -1.278420911993036e+06
3.46500 -1.265554716827314e+06
3.47000 -1.250826220657189e+06
3.47500 -1.233849435118989e+06
3.48000 -1.214669839255147e+06
3.48500 -1.193518459091932e+06
3.49000 -1.170510816289831e+06
3.49500 -1.145395644801400e+06
3.50000 -1.117444782466640e+06
3.50500 -1.085514617906749e+06
3.51000 -1.048224700998048e+06
3.51500 -1.004153085481376e+06
3.52000 -9.519755842035282e+05
3.52500 -8.905513670684766e+05
3.53000 -8.190236616618289e+05
3.53500 -7.370120754427422e+05
3.54000 -6.448982925036625e+05
3.54500 -5.440789179095651e+05
3.55000 -4.369766566163009e+05
3.55500 -3.266677630341640e+05
3.56000 -2.161924807841068e+05
3.56500 -1.078206623091666e+05
3.57000 -2.588770916664090e+03
3.57500 9.971677522140580e+04
3.58000 2.001656450658495e+05
3.58500 3.000650366550409e+05
3.59000 4.003479678698526e+05
3.59500 5.011641924825541e+05
3.60000 6.017813550164710e+05
3.60500 7.007866607432778e+05
3.61000 7.964777395573391e+05
3.61500 8.872949785121382e+05
3.62000 9.721762458178586e+05
3.62500 1.050757525357198e+06
3.63000 1.123364096870455e+06
3.63500 1.190759618437624e+06
3.64000 1.253686333957235e+06
3.64500 1.312331100540847e+06
3.65000 1.365925790000002e+06
3.65500 1.412674687229309e+06
3.66000 1.450083491281002e+06
3.66500 1.475589554117741e+06
3.67000 1.487249722831551e+06
3.67500 1.484221316213402e+06
3.68000 1.466891348853223e+06
3.68500 1.436683524530288e+06
3.69000 1.395687741009661e+06
3.69500 1.346268776288845e+06
3.70000 1.290756447494210e+06
3.70500 1.231256957273638e+06
3.71000 1.169584849226058e+06
3.71500 1.107295526860161e+06
3.72000 1.045786667878233e+06
3.72500 9.864271105011927e+05
3.73000 9.306679874344587e+05
3.73500 8.800971058897541e+05
3.74000 8.364101159895565e+05
3.74500 8.012848169569629e+05
3.75000 7.761599063133335e+05
3.75500 7.619463170021531e+05
3.76000 7.587417438416289e+05
3.76500 7.656581736625482e+05
3.77000 7.808677040485651e+05
3.77500 8.018956215295773e+05
3.78000 8.260712059253554e+05
3.78500 8.509673664034490e+05
3.79000 8.746784070148582e+05
3.79500 8.958793729874449e+05
3.80000 9.137133300002563e+05
3.80500 9.276168157135579e+05
3.81000 9.372007969125821e+05
3.81500 9.422518835228209e+05
3.82000 9.428310372197398e+05
3.82500 9.393816871925776e+05
3.83000 9.327606220846198e+05
3.83500 9.241601678911716e+05
3.84000 9.149453597013443e+05
3.84500 9.064467477297934e+05
3.85000 8.997354522188124e+05
3.85500 8.953985965202410e+05
3.86000 8.933552656242843e+05
3.86500 8.927887660316568e+05
3.87000 8.922706050776587e+05
3.87500 8.900827503386824e+05
3.88000 8.846390456505177e+05
3.88500 8.748447930559994e+05
3.89000 8.602675917753241e+05
3.89500 8.410928074516468e+05
3.90000 8.179282099200655e+05
3.90500 7.915578837626635e+05
3.91000 7.627320807571384e+05
3.91500 7.320453115317773e+05
3.92000 6.999171459195415e+05
3.92500 6.666545022086103e+05
3.93000 6.325482101741296e+05
3.93500 5.979514699257957e+05
3.94000 5.633053022411149e+05
3.94500 5.291032307716560e+05
3.95000 4.958089944708327e+05
3.95500 4.637529301745102e+05
3.96000 4.330395638061446e+05
3.96500 4.035023577435308e+05
3.97000 3.747338429072017e+05
3.97500 3.461930671328846e+05
3.98000 3.173559286709452e+05
3.98500 2.878524500807166e+05
3.99000 2.575462417465279e+05
3.99500 2.265448654025555e+05
4.00000 1.951572745952176e+05
