0.00001 1.904969919799177e-07
0.00500 4.762451171132766e-02
0.01000 1.905012115158480e-01
0.01500 4.286395938879396e-01
0.02000 7.620554844942512e-01
0.02500 1.190771042508162e+00
0.03000 1.714814763850912e+00
0.03500 2.334221485360275e+00
0.04000 3.049032389887901e+00
0.04500 3.859295012326726e+00
0.05000 4.765063246570070e+00
0.05500 5.766397353404340e+00
0.06000 6.863363969337434e+00
0.06500 8.056036116365314e+00
0.07000 9.344493212679325e+00
0.07500 1.072882108431728e+01
0.08000 1.220911197776138e+01
0.08500 1.378546457348641e+01
0.09000 1.545798400046213e+01
0.09500 1.722678185161336e+01
0.10000 1.909197620024249e+01
0.10500 2.105369161741859e+01
0.11000 2.311205919033796e+01
0.11500 2.526721654166134e+01
0.12000 2.751930784983245e+01
0.12500 2.986848387038476e+01
0.13000 3.231490195824026e+01
0.13500 3.485872609100903e+01
0.14000 3.750012689329349e+01
0.14500 4.023928166200572e+01
0.15000 4.307637439270443e+01
0.15500 4.601159580695806e+01
0.16000 4.904514338074308e+01
0.16500 5.217722137388454e+01
0.17000 5.540804086054617e+01
0.17500 5.873781976078093e+01
0.18000 6.216678287314814e+01
0.18500 6.569516190840856e+01
0.19000 6.932319552430502e+01
0.19500 7.305112936143968e+01
0.20000 7.687921608025779e+01
0.20500 8.080771539914761e+01
0.21000 8.483689413366760e+01
0.21500 8.896702623691428e+01
0.22000 9.319839284103632e+01
0.22500 9.753128229991442e+01
0.23000 1.019659902330126e+02
0.23500 1.065028195704172e+02
0.24000 1.111420805990757e+02
0.24500 1.158840910102463e+02
0.25000 1.207291759481767e+02
0.25500 1.256776680600215e+02
0.26000 1.307299075470147e+02
0.26500 1.358862422169128e+02
0.27000 1.411470275377218e+02
0.27500 1.465126266927256e+02
0.28000 1.519834106368318e+02
0.28500 1.575597581542493e+02
0.29000 1.632420559175171e+02
0.29500 1.690306985479018e+02
0.30000 1.749260886771783e+02
0.30500 1.809286370108160e+02
0.31000 1.870387623925891e+02
0.31500 1.932568918706252e+02
0.32000 1.995834607649208e+02
0.32500 2.060189127363332e+02
0.33000 2.125636998570810e+02
0.33500 2.192182826827642e+02
0.34000 2.259831303259349e+02
0.34500 2.328587205312319e+02
0.35000 2.398455397521113e+02
0.35500 2.469440832291881e+02
0.36000 2.541548550702224e+02
0.36500 2.614783683317625e+02
0.37000 2.689151451024838e+02
0.37500 2.764657165882393e+02
0.38000 2.841306231988526e+02
0.38500 2.919104146366810e+02
0.39000 2.998056499869729e+02
0.39500 3.078168978100545e+02
0.40000 3.159447362353678e+02
0.40500 3.241897530573933e+02
0.41000 3.325525458334923e+02
0.41500 3.410337219836899e+02
0.42000 3.496338988924419e+02
0.42500 3.583537040124089e+02
0.43000 3.671937749702807e+02
0.43500 3.761547596746778e+02
0.44000 3.852373164261684e+02
0.44500 3.944421140294389e+02
0.45000 4.037698319076492e+02
0.45500 4.132211602190207e+02
0.46000 4.227967999756866e+02
0.46500 4.324974631648415e+02
0.47000 4.423238728722520e+02
0.47500 4.522767634081393e+02
0.48000 4.623568804355013e+02
0.48500 4.725649811009083e+02
0.49000 4.829018341678154e+02
0.49500 4.933682201524401e+02
0.50000 5.039649314622539e+02
0.50500 5.146927725371330e+02
0.51000 5.255525599932168e+02
0.51500 5.365451227695307e+02
0.52000 5.476713022774128e+02
0.52500 5.589319525528110e+02
0.53000 5.703279404115002e+02
0.53500 5.818601456072681e+02
0.54000 5.935294609931311e+02
0.54500 6.053367926856499e+02
0.55000 6.172830602323785e+02
0.55500 6.293691967825390e+02
0.56000 6.415961492609539e+02
0.56500 6.539648785453289e+02
0.57000 6.664763596469234e+02
0.57500 6.791315818947107e+02
0.58000 6.919315491230503e+02
0.58500 7.048772798629939e+02
0.59000 7.179698075372577e+02
0.59500 7.312101806589599e+02
0.60000 7.445994630341794e+02
0.60500 7.581387339684371e+02
0.61000 7.718290884771565e+02
0.61500 7.856716375001994e+02
0.62000 7.996675081205541e+02
0.62500 8.138178437872732e+02
0.63000 8.281238045427311e+02
0.63500 8.425865672543052e+02
0.64000 8.572073258505674e+02
0.64500 8.719872915620897e+02
0.65000 8.869276931669392e+02
0.65500 9.020297772410041e+02
0.66000 9.172948084131904e+02
0.66500 9.327240696256649e+02
0.67000 9.483188623991964e+02
0.67500 9.640805071037345e+02
0.68000 9.800103432343319e+02
0.68500 9.961097296925235e+02
0.69000 1.012380045073285e+03
0.69500 1.028822687957700e+03
0.70000 1.045439077211433e+03
0.70500 1.062230652289189e+03
0.71000 1.079198873545233e+03
0.71500 1.096345222550140e+03
0.72000 1.113671202413926e+03
0.72500 1.131178338115651e+03
0.73000 1.148868176839704e+03
0.73500 1.166742288318877e+03
0.74000 1.184802265184382e+03
0.74500 1.203049723323026e+03
0.75000 1.221486302241624e+03
0.75500 1.240113665438858e+03
0.76000 1.258933500784796e+03
0.76500 1.277947520908155e+03
0.77000 1.297157463591575e+03
0.77500 1.316565092175028e+03
0.78000 1.336172195967611e+03
0.78500 1.355980590667867e+03
0.79000 1.375992118792846e+03
0.79500 1.396208650116170e+03
0.80000 1.416632082115220e+03
0.80500 1.437264340427747e+03
0.81000 1.458107379318093e+03
0.81500 1.479163182153248e+03
0.82000 1.500433761889017e+03
0.82500 1.521921161566499e+03
0.83000 1.543627454819149e+03
0.83500 1.565554746390703e+03
0.84000 1.587705172664190e+03
0.84500 1.610080902202331e+03
0.85000 1.632684136299617e+03
0.85500 1.655517109546303e+03
0.86000 1.678582090404712e+03
0.86500 1.701881381798032e+03
0.87000 1.725417321712044e+03
0.87500 1.749192283810006e+03
0.88000 1.773208678061097e+03
0.88500 1.797468951382723e+03
0.89000 1.821975588297062e+03
0.89500 1.846731111602205e+03
0.90000 1.871738083058262e+03
0.90500 1.896999104088825e+03
0.91000 1.922516816498219e+03
0.91500 1.948293903204852e+03
0.92000 1.974333088991229e+03
0.92500 2.000637141270940e+03
0.93000 2.027208870873143e+03
0.93500 2.054051132844975e+03
0.94000 2.081166827272379e+03
0.94500 2.108558900119824e+03
0.95000 2.136230344089444e+03
0.95500 2.164184199500092e+03
0.96000 2.192423555186891e+03
0.96500 2.220951549421765e+03
0.97000 2.249771370855591e+03
0.97500 2.278886259482538e+03
0.98000 2.308299507627181e+03
0.98500 2.338014460955043e+03
0.99000 2.368034519507205e+03
0.99500 2.398363138759644e+03
1.00000 2.429003830708018e+03
1.00500 2.459960164978535e+03
1.01000 2.491235769965770e+03
1.01500 2.522834333998039e+03
1.02000 2.554759606531231e+03
1.02500 2.587015399371832e+03
1.03000 2.619605587930040e+03
1.03500 2.652534112503764e+03
1.04000 2.685804979594425e+03
1.04500 2.719422263255562e+03
1.05000 2.753390106475008e+03
1.05500 2.787712722591830e+03
1.06000 2.822394396748881e+03
1.06500 2.857439487382142e+03
1.07000 2.892852427747825e+03
1.07500 2.928637727488435e+03
1.08000 2.964799974238978e+03
1.08500 3.001343835274405e+03
1.09000 3.038274059199638e+03
1.09500 3.075595477683395e+03
1.10000 3.113313007237265e+03
1.10500 3.151431651041182e+03
1.11000 3.189956500816971e+03
1.11500 3.228892738751288e+03
1.12000 3.268245639469539e+03
1.12500 3.308020572062304e+03
1.13000 3.348223002166013e+03
1.13500 3.388858494099431e+03
1.14000 3.429932713057829e+03
1.14500 3.471451427366576e+03
1.15000 3.513420510796121e+03
1.15500 3.555845944940193e+03
1.16000 3.598733821659436e+03
1.16500 3.642090345592377e+03
1.17000 3.685921836736053e+03
1.17500 3.730234733098478e+03
1.18000 3.775035593425351e+03
1.18500 3.820331100003398e+03
1.19000 3.866128061542857e+03
1.19500 3.912433416141775e+03
1.20000 3.959254234334833e+03
1.20500 4.006597722229449e+03
1.21000 4.054471224732176e+03
1.21500 4.102882228868397e+03
1.22000 4.151838367198502e+03
1.22500 4.201347421333745e+03
1.23000 4.251417325555360e+03
1.23500 4.302056170540347e+03
1.24000 4.353272207197608e+03
1.24500 4.405073850618375e+03
1.25000 4.457469684144840e+03
1.25500 4.510468463561105e+03
1.26000 4.564079121410844e+03
1.26500 4.618310771446120e+03
1.27000 4.673172713211966e+03
1.27500 4.728674436771794e+03
1.28000 4.784825627578324e+03
1.28500 4.841636171495754e+03
1.29000 4.899116159978252e+03
1.29500 4.957275895410764e+03
1.30000 5.016125896617884e+03
1.30500 5.075676904547202e+03
1.31000 5.135939888133352e+03
1.31500 5.196926050349713e+03
1.32000 5.258646834454750e+03
1.32500 5.321113930440110e+03
1.33000 5.384339281688451e+03
1.33500 5.448335091848777e+03
1.34000 5.513113831937620e+03
1.34500 5.578688247674811e+03
1.35000 5.645071367062927e+03
1.35500 5.712276508219769e+03
1.36000 5.780317287474015e+03
1.36500 5.849207627734049e+03
1.37000 5.918961767141127e+03
1.37500 5.989594268017959e+03
1.38000 6.061120026124522e+03
1.38500 6.133554280233627e+03
1.39000 6.206912622038946e+03
1.39500 6.281211006409249e+03
1.40000 6.356465762002761e+03
1.40500 6.432693602256648e+03
1.41000 6.509911636767102e+03
1.41500 6.588137383076199e+03
1.42000 6.667388778882560e+03
1.42500 6.747684194693838e+03
1.43000 6.829042446939460e+03
1.43500 6.911482811563339e+03
1.44000 6.995025038117285e+03
1.44500 7.079689364376371e+03
1.45000 7.165496531499084e+03
1.45500 7.252467799756043e+03
1.46000 7.340624964852072e+03
1.46500 7.429990374867968e+03
1.47000 7.520586947849407e+03
1.47500 7.612438190071885e+03
1.48000 7.705568215012164e+03
1.48500 7.800001763058127e+03
1.49000 7.895764221990672e+03
1.49500 7.992881648272948e+03
1.50000 8.091380789184328e+03
1.50500 8.191289105838057e+03
1.51000 8.292634797123959e+03
1.51500 8.395446824619781e+03
1.52000 8.499754938516706e+03
1.52500 8.605589704607592e+03
1.53000 8.712982532388542e+03
1.53500 8.821965704327906e+03
1.54000 8.932572406358890e+03
1.54500 9.044836759656020e+03
1.55000 9.158793853758245e+03
1.55500 9.274479781105709e+03
1.56000 9.391931673060402e+03
1.56500 9.511187737485196e+03
1.57000 9.632287297960309e+03
1.57500 9.755270834720228e+03
1.58000 9.880180027399456e+03
1.58500 1.000705779968007e+04
1.59000 1.013594836594068e+04
1.59500 1.026689728001050e+04
1.60000 1.039995148614048e+04
1.60500 1.053515937230840e+04
1.61000 1.067257082598342e+04
1.61500 1.081223729248183e+04
1.62000 1.095421183605521e+04
1.62500 1.109854920385993e+04
1.63000 1.124530589296683e+04
1.63500 1.139454022057958e+04
1.64000 1.154631239764114e+04
1.64500 1.170068460601889e+04
1.65000 1.185772107947189e+04
1.65500 1.201748818861589e+04
1.66000 1.218005453011699e+04
1.66500 1.234549102035906e+04
1.67000 1.251387099384672e+04
1.67500 1.268527030662363e+04
1.68000 1.285976744500334e+04
1.68500 1.303744363993213e+04
1.69000 1.321838298732279e+04
1.69500 1.340267257472395e+04
1.70000 1.359040261471351e+04
1.70500 1.378166658543202e+04
1.71000 1.397656137870225e+04
1.71500 1.417518745621184e+04
1.72000 1.437764901427107e+04
1.72500 1.458405415769414e+04
1.73000 1.479451508339335e+04
1.73500 1.500914827431836e+04
1.74000 1.522807470441944e+04
1.74500 1.545142005536599e+04
1.75000 1.567931494580477e+04
1.75500 1.591189517400436e+04
1.76000 1.614930197479600e+04
1.76500 1.639168229179236e+04
1.77000 1.663918906594240e+04
1.77500 1.689198154156486e+04
1.78000 1.715022559109343e+04
1.78500 1.741409405986600e+04
1.79000 1.768376713239956e+04
1.79500 1.795943272170989e+04
1.80000 1.824128688336447e+04
1.80500 1.852953425609902e+04
1.81000 1.882438853098191e+04
1.81500 1.912607295128012e+04
1.82000 1.943482084536665e+04
1.82500 1.975087619521219e+04
1.83000 2.007449424322714e+04
1.83500 2.040594214046684e+04
1.84000 2.074549963948141e+04
1.84500 2.109345983539029e+04
1.85000 2.145012995908911e+04
1.85500 2.181583222685684e+04
1.86000 2.219090475103226e+04
1.86500 2.257570251686781e+04
1.87000 2.297059843115948e+04
1.87500 2.337598444878850e+04
1.88000 2.379227278391389e+04
1.88500 2.421989721321641e+04
1.89000 2.465931447933594e+04
1.89500 2.511100580346486e+04
1.90000 2.557547851697716e+04
1.90500 2.605326782299122e+04
1.91000 2.654493869990599e+04
1.91500 2.705108796022248e+04
1.92000 2.757234647938771e+04
1.92500 2.810938161099370e+04
1.93000 2.866289980645825e+04
1.93500 2.923364945932212e+04
1.94000 2.982242399656447e+04
1.94500 3.043006524188528e+04
1.95000 3.105746707878098e+04
1.95500 3.170557944448734e+04
1.96000 3.237541268953869e+04
1.96500 3.306804234185752e+04
1.97000 3.378461431901070e+04
1.97500 3.452635063764049e+04
1.98000 3.529455567518748e+04
1.98500 3.609062304599184e+04
1.99000 3.691604316181262e+04
1.99500 3.777241155591028e+04
2.00000 3.866143806025987e+04
2.00500 3.958495693743412e+04
2.01000 4.054493808245630e+04
2.01500 4.154349942577168e+04
2.02000 4.258292068677934e+04
2.02500 4.366565864850766e+04
2.03000 4.479436414850624e+04
2.03500 4.597190100944196e+04
2.04000 4.720136716591718e+04
2.04500 4.848611828249934e+04
2.05000 4.982979420284012e+04
2.05500 5.123634862223765e+04
2.06000 5.271008243745234e+04
2.06500 5.425568129968954e+04
2.07000 5.587825798139397e+04
2.07500 5.758340026725739e+04
2.08000 5.937722519742572e+04
2.08500 6.126644062972422e+04
2.09000 6.325841525178048e+04
2.09500 6.536125836800432e+04
2.10000 6.758391101606516e+04
2.10500 6.993625023934506e+04
2.11000 7.242920866337956e+04
2.11500 7.507491190410369e+04
2.12000 7.788683678321229e+04
2.12500 8.087999385113074e+04
2.13000 8.407113833072968e+04
2.13500 8.747901430323829e+04
2.14000 9.112463776596436e+04
2.14500 9.503162509540936e+04
2.15000 9.922657442986834e+04
2.15500 1.037395084968298e+05
2.16000 1.086043883615227e+05
2.16500 1.138597082988638e+05
2.17000 1.195491822073514e+05
2.17500 1.257225312167764e+05
2.18000 1.324363796264218e+05
2.18500 1.397552608413405e+05
2.19000 1.477527247081789e+05
2.19500 1.565125198722724e+05
2.20000 1.661297956851505e+05
2.20500 1.767122229039000e+05
2.21000 1.883808656115393e+05
2.21500 2.012705448134803e+05
2.22000 2.155293202414750e+05
2.22500 2.313166013096978e+05
2.23000 2.487993347756143e+05
2.23500 2.681458112747855e+05
2.24000 2.895170429809284e+05
2.24500 3.130565295745383e+05
2.25000 3.388804577754999e+05
2.25500 3.670712863822073e+05
2.26000 3.976767589355193e+05
2.26500 4.307120319265589e+05
2.27000 4.661552072506080e+05
2.27500 5.039208416618504e+05
2.28000 5.437996937244304e+05
2.28500 5.853700924147279e+05
2.29000 6.279109230726761e+05
2.29500 6.703642161122062e+05
2.30000 7.113926902583900e+05
2.30500 7.495477787020914e+05
2.31000 7.835130821422265e+05
2.31500 8.123405880413176e+05
2.32000 8.355868190399425e+05
2.32500 8.533029649568440e+05
2.33000 8.659139231041345e+05
2.33500 8.740756195293679e+05
2.34000 8.785813130434691e+05
2.34500 8.803143095521919e+05
2.35000 8.801889173044100e+05
2.35500 8.790372460248459e+05
2.36000 8.774670028441068e+05
2.36500 8.757661772822146e+05
2.37000 8.739164053360408e+05
2.37500 8.717078372682249e+05
2.38000 8.688765284719368e+05
2.38500 8.651661828998686e+05
2.39000 8.602698692074280e+05
2.39500 8.536992691835036e+05
2.40000 8.446923805914955e+05
2.40500 8.322603474442321e+05
2.41000 8.153980424163181e+05
2.41500 7.933887229373385e+05
2.42000 7.660751436296856e+05
2.42500 7.339799482617602e+05
2.43000 6.982290024843757e+05
2.43500 6.603198732010316e+05
2.44000 6.218342770715705e+05
2.44500 5.841933551430686e+05
2.45000 5.485112619993875e+05
2.45500 5.155506013081378e+05
2.46000 4.857503232905082e+05
2.46500 4.592888433718254e+05
2.47000 4.361532126753477e+05
2.47500 4.161978277831426e+05
2.48000 3.991868561128983e+05
2.48500 3.848216449310553e+05
2.49000 3.727586317241739e+05
2.49500 3.626255309747656e+05
2.50000 3.540435781177648e+05
2.50500 3.466601426029878e+05
2.51000 3.401886758151122e+05
2.51500 3.344446478938186e+05
2.52000 3.293629972799611e+05
2.52500 3.249889606254551e+05
2.53000 3.214466530744586e+05
2.53500 3.188993176282909e+05
2.54000 3.175156285577435e+05
2.54500 3.174497569114933e+05
2.55000 3.188352895678816e+05
2.55500 3.217887671555053e+05
2.56000 3.264179062129675e+05
2.56500 3.328308067300911e+05
2.57000 3.411440040687519e+05
2.57500 3.514883141048129e+05
2.58000 3.640118911969058e+05
2.58500 3.788798885170605e+05
2.59000 3.962697425449453e+05
2.59500 4.163605472958955e+05
2.60000 4.393144198681677e+05
2.60500 4.652475057212376e+05
2.61000 4.941889199435195e+05
2.61500 5.260284112961140e+05
2.62000 5.604589729094419e+05
2.62500 5.969294366686895e+05
2.63000 6.346322728502570e+05
2.63500 6.725569455154255e+05
2.64000 7.096289220150049e+05
2.64500 7.449213991019649e+05
2.65000 7.778787417748530e+05
2.65500 8.084562873740188e+05
2.66000 8.370943300648367e+05
2.66500 8.645109447263455e+05
2.67000 8.913826192090530e+05
2.67500 9.180327065923701e+05
2.68000 9.442425416306540e+05
2.68500 9.692511592824246e+05
2.69000 9.919391190175798e+05
2.69500 1.011118578828575e+06
2.70000 1.025804210561496e+06
2.70500 1.035357052609326e+06
2.71000 1.039483812641057e+06
2.71500 1.038177226896592e+06
2.72000 1.031709780019990e+06
2.72500 1.020716343798849e+06
2.73000 1.006291927722088e+06
2.73500 9.899901548145933e+05
2.74000 9.736683664368073e+05
2.74500 9.592236348590547e+05
2.75000 9.483155794293814e+05
2.75500 9.421518620673314e+05
2.76000 9.413592701182720e+05
2.76500 9.459254929755193e+05
2.77000 9.551929388133488e+05
2.77500 9.679066983784278e+05
2.78000 9.823417957215080e+05
2.78500 9.965362472611865e+05
2.79000 1.008620933668061e+06
2.79500 1.017174490375881e+06
2.80000 1.021483486605692e+06
2.80500 1.021603466952330e+06
2.81000 1.018200347599010e+06
2.81500 1.012252239207684e+06
2.82000 1.004745415760050e+06
2.82500 9.964803632017402e+05
2.83000 9.880338908411490e+05
2.83500 9.798412037357688e+05
2.84000 9.723093738986469e+05
2.84500 9.658767979283915e+05
2.85000 9.609836303177519e+05
2.85500 9.579755098215583e+05
2.86000 9.569886300134402e+05
2.86500 9.578552344871917e+05
2.87000 9.600529143278000e+05
2.87500 9.627212813890981e+05
2.88000 9.647758905292706e+05
2.88500 9.651309630249653e+05
2.89000 9.629866323804678e+05
2.89500 9.580750469400074e+05
2.90000 9.507510361205211e+05
2.90500 9.418836411724463e+05
2.91000 9.326105878109819e+05
2.91500 9.240799011529702e+05
2.92000 9.172823391799160e+05
2.92500 9.130029124653876e+05
2.93000 9.118468125759730e+05
2.93500 9.142657614780827e+05
2.94000 9.205315649349168e+05
2.94500 9.306514152681334e+05
2.95000 9.442620753375178e+05
2.95500 9.605588598312422e+05
2.96000 9.783099772482667e+05
2.96500 9.959819176312520e+05
2.97000 1.011959024256204e+06
2.97500 1.024790601988100e+06
2.98000 1.033372602440074e+06
2.98500 1.037001634342718e+06
2.99000 1.035321062920924e+06
2.99500 1.028251618022761e+06
3.00000 1.015994740163403e+06
3.00500 9.991127725183140e+05
3.01000 9.786000509720331e+05
3.01500 9.558452310855348e+05
3.02000 9.324570321333779e+05
3.02500 9.100145205931497e+05
3.03000 8.898385970775704e+05
3.03500 8.728547180887125e+05
3.04000 8.595677441185636e+05
3.04500 8.501338022480066e+05
3.05000 8.444970882150265e+05
3.05500 8.425505346186991e+05
3.06000 8.442728580701600e+05
3.06500 8.497982528989981e+05
3.07000 8.593967134038581e+05
3.07500 8.733750004637935e+05
3.08000 8.919312765453727e+05
3.08500 9.149995847839658e+05
3.09000 9.421117315121368e+05
3.09500 9.722997839596157e+05
3.10000 1.004069349400722e+06
3.10500 1.035483046370364e+06
3.11000 1.064385132863123e+06
3.11500 1.088756424076739e+06
3.12000 1.107122358282453e+06
3.12500 1.118886319700599e+06
3.13000 1.124468534286231e+06
3.13500 1.125202492095412e+06
3.14000 1.123034564190214e+06
3.14500 1.120138152224479e+06
3.15000 1.118566439632777e+06
3.15500 1.120032088325541e+06
3.16000 1.125840625417424e+06
3.16500 1.136943828023773e+06
3.17000 1.154040861106780e+06
3.17500 1.177649097852975e+06
3.18000 1.208093052912030e+06
3.18500 1.245404446311202e+06
3.19000 1.289166732767792e+06
3.19500 1.338358485335694e+06
3.20000 1.391251608037549e+06
3.20500 1.445407970041014e+06
3.21000 1.497794411317755e+06
3.21500 1.545007829972774e+06
3.22000 1.583587082007283e+06
3.22500 1.610397574736502e+06
3.23000 1.623081496873831e+06
3.23500 1.620524341005187e+06
3.24000 1.603201657676277e+06
3.24500 1.573228578735103e+06
3.25000 1.534023347997111e+06
3.25500 1.489676404147313e+06
3.26000 1.444248885360061e+06
3.26500 1.401215589928404e+06
3.27000 1.363153530155834e+06
3.27500 1.331659188741020e+06
3.28000 1.307420428576005e+06
3.28500 1.290372720211963e+06
3.29000 1.279899927032954e+06
3.29500 1.275063911865028e+06
3.30000 1.274847979829660e+06
3.30500 1.278380837031415e+06
3.31000 1.285091194801199e+06
3.31500 1.294750135297804e+06
3.32000 1.307392981245559e+06
3.32500 1.323158639044239e+06
3.33000 1.342119992143919e+06
3.33500 1.364187309201392e+06
3.34000 1.389139697949307e+06
3.34500 1.416780918661017e+06
3.35000 1.447147012816363e+06
3.35500 1.480652608350635e+06
3.36000 1.518082553193957e+06
3.36500 1.560408234125040e+06
3.37000 1.608485365136522e+06
3.37500 1.662727903566979e+06
3.38000 1.722848734530195e+06
3.38500 1.787737468516563e+06
3.39000 1.855523326712862e+06
3.39500 1.923835315926056e+06
3.40000 1.990209123577790e+06
3.40500 2.052519108031204e+06
3.41000 2.109289018393815e+06
3.41500 2.159797118540581e+06
3.42000 2.204008235025843e+06
3.42500 2.242446471418946e+06
3.43000 2.276104566596227e+06
3.43500 2.306393671692919e+06
3.44000 2.335056492264312e+06
3.44500 2.363966927333347e+06
3.45000 2.394819684262837e+06
3.45500 2.428809840601120e+06
3.46000 2.466440852772617e+06
3.46500 2.507550461919308e+06
3.47000 2.551541259931249e+06
3.47500 2.597715095429228e+06
3.48000 2.645584928543069e+06
3.48500 2.695065632004510e+06
3.49000 2.746491224284898e+06
3.49500 2.800458513319928e+06
3.50000 2.857560496723019e+06
3.50500 2.918120966128194e+06
3.51000 2.982029443961832e+06
3.51500 3.048701845492058e+06
3.52000 3.117113416197425e+06
3.52500 3.185824899507974e+06
3.53000 3.252966250135368e+06
3.53500 3.316228416607746e+06
3.54000 3.372985103030215e+06
3.54500 3.420649013358316e+06
3.55000 3.457229099879005e+06
3.55500 3.481873892921413e+06
3.56000 3.495113329344696e+06
3.56500 3.498633512598099e+06
3.57000 3.494658516761032e+06
3.57500 3.485200237478564e+06
3.58000 3.471465011053931e+06
3.58500 3.453601133193353e+06
3.59000 3.430825060648081e+06
3.59500 3.401837942331932e+06
3.60000 3.365361098815255e+06
3.60500 3.320599070909086e+06
3.61000 3.267493748783034e+06
3.61500 3.206730014264672e+06
3.62000 3.139529368932689e+06
3.62500 3.067296466308025e+06
3.63000 2.991196815883009e+06
3.63500 2.911777282065112e+06
3.64000 2.828774149057406e+06
3.64500 2.741229767227294e+06
3.65000 2.647933814267176e+06
3.65500 2.548059472055456e+06
3.66000 2.441754666752554e+06
3.66500 2.330441957803190e+06
3.67000 2.216700722806863e+06
3.67500 2.103797360584568e+06
3.68000 1.995076621737421e+06
3.68500 1.893442849896492e+06
3.69000 1.801062280440271e+06
3.69500 1.719296379165826e+06
3.70000 1.648802176247377e+06
3.70500 1.589718799688303e+06
3.71000 1.541872969950593e+06
3.71500 1.504954023378464e+06
3.72000 1.478623261878862e+06
3.72500 1.462537989748310e+06
3.73000 1.456290704505484e+06
3.73500 1.459283530162743e+06
3.74000 1.470571077190262e+06
3.74500 1.488713158441468e+06
3.75000 1.511688059967724e+06
3.75500 1.536924998887181e+06
3.76000 1.561503974983482e+06
3.76500 1.582522132072652e+06
3.77000 1.597542298055749e+06
3.77500 1.604969681209097e+06
3.78000 1.604210853259807e+06
3.78500 1.595567888678393e+06
3.79000 1.579944661626311e+06
3.79500 1.558510690267312e+06
3.80000 1.532455506002750e+06
3.80500 1.502898950934518e+06
3.81000 1.470934970587305e+06
3.81500 1.437716005327878e+06
3.82000 1.404472947997792e+06
3.82500 1.372421792346809e+06
3.83000 1.342588055778652e+06
3.83500 1.315623044452636e+06
3.84000 1.291672953909522e+06
3.84500 1.270324160109610e+06
3.85000 1.250627903124024e+06
3.85500 1.231216130349604e+06
3.86000 1.210529397720017e+06
3.86500 1.187149374616258e+06
3.87000 1.160160027230735e+06
3.87500 1.129403752811396e+06
3.88000 1.095515783064064e+06
3.88500 1.059719716913820e+06
3.89000 1.023480640475627e+06
3.89500 9.881605082641643e+05
3.90000 9.547868445851464e+05
3.90500 9.239746931107134e+05
3.91000 8.959812439740980e+05
3.91500 8.708393525285139e+05
3.92000 8.485054008757207e+05
3.92500 8.289644067492398e+05
3.93000 8.122605784453859e+05
3.93500 7.984567996712520e+05
3.94000 7.875546582393626e+05
3.94500 7.794154590222590e+05
3.95000 7.737153356100564e+05
3.95500 7.699548537337204e+05
3.96000 7.675300732526795e+05
3.96500 7.658543542719260e+05
3.97000 7.644971867022411e+05
3.97500 7.632894859215136e+05
3.98000 7.623520038569112e+05
3.98500 7.620377322287536e+05
3.99000 7.628180006976452e+05
3.99500 7.651574027988396e+05
4.00000 7.694097417003763e+05
