0.00001 -2.202969592203139e+00
0.00500 -1.101487172228467e+03
0.01000 -2.202988601432840e+03
0.01500 -3.304518545376523e+03
0.02000 -4.406091263397982e+03
0.02500 -5.507721017198601e+03
0.03000 -6.609422071630759e+03
0.03500 -7.711208695486441e+03
0.04000 -8.813095162286298e+03
0.04500 -9.915095751069384e+03
0.05000 -1.101722474718369e+04
0.05500 -1.211949644307741e+04
0.06000 -1.322192513909133e+04
0.06500 -1.432452514425219e+04
0.07000 -1.542731077706732e+04
0.07500 -1.653029636632031e+04
0.08000 -1.763349625186854e+04
0.08500 -1.873692478544173e+04
0.09000 -1.984059633144258e+04
0.09500 -2.094452526774865e+04
0.10000 -2.204872598651655e+04
0.10500 -2.315321289498772e+04
0.11000 -2.425800041629647e+04
0.11500 -2.536310299028023e+04
0.12000 -2.646853507429191e+04
0.12500 -2.757431114401488e+04
0.13000 -2.868044569428030e+04
0.13500 -2.978695323988703e+04
0.14000 -3.089384831642463e+04
0.14500 -3.200114548109890e+04
0.15000 -3.310885931356058e+04
0.15500 -3.421700441673683e+04
0.16000 -3.532559541766643e+04
0.16500 -3.643464696833802e+04
0.17000 -3.754417374653180e+04
0.17500 -3.865419045666482e+04
0.18000 -3.976471183064011e+04
0.18500 -4.087575262869944e+04
0.19000 -4.198732764028036e+04
0.19500 -4.309945168487663e+04
0.20000 -4.421213961290381e+04
0.20500 -4.532540630656837e+04
0.21000 -4.643926668074160e+04
0.21500 -4.755373568383830e+04
0.22000 -4.866882829869971e+04
0.22500 -4.978455954348164e+04
0.23000 -5.090094447254756e+04
0.23500 -5.201799817736675e+04
0.24000 -5.313573578741759e+04
0.24500 -5.425417247109654e+04
0.25000 -5.537332343663245e+04
0.25500 -5.649320393300645e+04
0.26000 -5.761382925087794e+04
0.26500 -5.873521472351652e+04
0.27000 -5.985737572773940e+04
0.27500 -6.098032768485633e+04
0.28000 -6.210408606161975e+04
0.28500 -6.322866637118173e+04
0.29000 -6.435408417405839e+04
0.29500 -6.548035507910048e+04
0.30000 -6.660749474447068e+04
0.30500 -6.773551887862907e+04
0.31000 -6.886444324132505e+04
0.31500 -6.999428364459770e+04
0.32000 -7.112505595378244e+04
0.32500 -7.225677608852723e+04
0.33000 -7.338946002381499e+04
0.33500 -7.452312379099587e+04
0.34000 -7.565778347882630e+04
0.34500 -7.679345523451854e+04
0.35000 -7.793015526479662e+04
0.35500 -7.906789983696300e+04
0.36000 -8.020670527997334e+04
0.36500 -8.134658798552121e+04
0.37000 -8.248756440913152e+04
0.37500 -8.362965107126383e+04
0.38000 -8.477286455842682e+04
0.38500 -8.591722152429969e+04
0.39000 -8.706273869086747e+04
0.39500 -8.820943284956398e+04
0.40000 -8.935732086242724e+04
0.40500 -9.050641966326445e+04
0.41000 -9.165674625882901e+04
0.41500 -9.280831773000852e+04
0.42000 -9.396115123302380e+04
0.42500 -9.511526400064035e+04
0.43000 -9.627067334339206e+04
0.43500 -9.742739665081547e+04
0.44000 -9.858545139269854e+04
0.44500 -9.974485512034106e+04
0.45000 -1.009056254678278e+05
0.45500 -1.020677801533153e+05
0.46000 -1.032313369803320e+05
0.46500 -1.043963138390915e+05
0.47000 -1.055627287078212e+05
0.47500 -1.067305996541036e+05
0.48000 -1.078999448362323e+05
0.48500 -1.090707825045840e+05
0.49000 -1.102431310030044e+05
0.49500 -1.114170087702091e+05
0.50000 -1.125924343412016e+05
0.50500 -1.137694263487057e+05
0.51000 -1.149480035246153e+05
0.51500 -1.161281847014594e+05
0.52000 -1.173099888138851e+05
0.52500 -1.184934349001575e+05
0.53000 -1.196785421036762e+05
0.53500 -1.208653296745114e+05
0.54000 -1.220538169709558e+05
0.54500 -1.232440234610961e+05
0.55000 -1.244359687244049e+05
0.55500 -1.256296724533488e+05
0.56000 -1.268251544550176e+05
0.56500 -1.280224346527737e+05
0.57000 -1.292215330879215e+05
0.57500 -1.304224699213969e+05
0.58000 -1.316252654354778e+05
0.58500 -1.328299400355173e+05
0.59000 -1.340365142516979e+05
0.59500 -1.352450087408070e+05
0.60000 -1.364554442880374e+05
0.60500 -1.376678418088084e+05
0.61000 -1.388822223506122e+05
0.61500 -1.400986070948835e+05
0.62000 -1.413170173588938e+05
0.62500 -1.425374745976707e+05
0.63000 -1.437600004059421e+05
0.63500 -1.449846165201070e+05
0.64000 -1.462113448202315e+05
0.64500 -1.474402073320735e+05
0.65000 -1.486712262291326e+05
0.65500 -1.499044238347304e+05
0.66000 -1.511398226241157e+05
0.66500 -1.523774452266036e+05
0.67000 -1.536173144277384e+05
0.67500 -1.548594531714921e+05
0.68000 -1.561038845624894e+05
0.68500 -1.573506318682660e+05
0.69000 -1.585997185215598e+05
0.69500 -1.598511681226313e+05
0.70000 -1.611050044416197e+05
0.70500 -1.623612514209335e+05
0.71000 -1.636199331776722e+05
0.71500 -1.648810740060866e+05
0.72000 -1.661446983800732e+05
0.72500 -1.674108309557053e+05
0.73000 -1.686794965738012e+05
0.73500 -1.699507202625312e+05
0.74000 -1.712245272400622e+05
0.74500 -1.725009429172433e+05
0.75000 -1.737799929003295e+05
0.75500 -1.750617029937492e+05
0.76000 -1.763460992029103e+05
0.76500 -1.776332077370533e+05
0.77000 -1.789230550121433e+05
0.77500 -1.802156676538109e+05
0.78000 -1.815110725003346e+05
0.78500 -1.828092966056732e+05
0.79000 -1.841103672425416e+05
0.79500 -1.854143119055390e+05
0.80000 -1.867211583143225e+05
0.80500 -1.880309344168330e+05
0.81000 -1.893436683925723e+05
0.81500 -1.906593886559318e+05
0.82000 -1.919781238595750e+05
0.82500 -1.932999028978743e+05
0.83000 -1.946247549104041e+05
0.83500 -1.959527092854887e+05
0.84000 -1.972837956638115e+05
0.84500 -1.986180439420797e+05
0.85000 -1.999554842767530e+05
0.85500 -2.012961470878308e+05
0.86000 -2.026400630627042e+05
0.86500 -2.039872631600729e+05
0.87000 -2.053377786139266e+05
0.87500 -2.066916409375927e+05
0.88000 -2.080488819278559e+05
0.88500 -2.094095336691447e+05
0.89000 -2.107736285377909e+05
0.89500 -2.121411992063606e+05
0.90000 -2.135122786480646e+05
0.90500 -2.148869001412382e+05
0.91000 -2.162650972739034e+05
0.91500 -2.176469039484127e+05
0.92000 -2.190323543861691e+05
0.92500 -2.204214831324329e+05
0.93000 -2.218143250612131e+05
0.93500 -2.232109153802450e+05
0.94000 -2.246112896360590e+05
0.94500 -2.260154837191369e+05
0.95000 -2.274235338691648e+05
0.95500 -2.288354766803781e+05
0.96000 -2.302513491070067e+05
0.96500 -2.316711884688182e+05
0.97000 -2.330950324567619e+05
0.97500 -2.345229191387189e+05
0.98000 -2.359548869653586e+05
0.98500 -2.373909747761025e+05
0.99000 -2.388312218052012e+05
0.99500 -2.402756676879249e+05
1.00000 -2.417243524668709e+05
1.00500 -2.431773165983906e+05
1.01000 -2.446346009591381e+05
1.01500 -2.460962468527470e+05
1.02000 -2.475622960166306e+05
1.02500 -2.490327906289174e+05
1.03000 -2.505077733155205e+05
1.03500 -2.519872871573432e+05
1.04000 -2.534713756976258e+05
1.04500 -2.549600829494388e+05
1.05000 -2.564534534033212e+05
1.05500 -2.579515320350732e+05
1.06000 -2.594543643137026e+05
1.06500 -2.609619962095295e+05
1.07000 -2.624744742024568e+05
1.07500 -2.639918452904036e+05
1.08000 -2.655141569979158e+05
1.08500 -2.670414573849457e+05
1.09000 -2.685737950558174e+05
1.09500 -2.701112191683702e+05
1.10000 -2.716537794433007e+05
1.10500 -2.732015261736872e+05
1.11000 -2.747545102347239e+05
1.11500 -2.763127830936518e+05
1.12000 -2.778763968199022e+05
1.12500 -2.794454040954549e+05
1.13000 -2.810198582254176e+05
1.13500 -2.825998131488257e+05
1.14000 -2.841853234496839e+05
1.14500 -2.857764443682380e+05
1.15000 -2.873732318124947e+05
1.15500 -2.889757423699908e+05
1.16000 -2.905840333198240e+05
1.16500 -2.921981626449421e+05
1.17000 -2.938181890447099e+05
1.17500 -2.954441719477509e+05
1.18000 -2.970761715250807e+05
1.18500 -2.987142487035283e+05
1.19000 -3.003584651794665e+05
1.19500 -3.020088834328511e+05
1.20000 -3.036655667415790e+05
1.20500 -3.053285791961746e+05
1.21000 -3.069979857148157e+05
1.21500 -3.086738520587074e+05
1.22000 -3.103562448478095e+05
1.22500 -3.120452315769359e+05
1.23000 -3.137408806322277e+05
1.23500 -3.154432613080192e+05
1.24000 -3.171524438240966e+05
1.24500 -3.188684993433795e+05
1.25000 -3.205914999900139e+05
1.25500 -3.223215188679086e+05
1.26000 -3.240586300797170e+05
1.26500 -3.258029087462835e+05
1.27000 -3.275544310265605e+05
1.27500 -3.293132741380208e+05
1.28000 -3.310795163775728e+05
1.28500 -3.328532371429906e+05
1.29000 -3.346345169548877e+05
1.29500 -3.364234374792358e+05
1.30000 -3.382200815504535e+05
1.30500 -3.400245331950845e+05
1.31000 -3.418368776560774e+05
1.31500 -3.436572014176856e+05
1.32000 -3.454855922310161e+05
1.32500 -3.473221391402347e+05
1.33000 -3.491669325094591e+05
1.33500 -3.510200640503567e+05
1.34000 -3.528816268504637e+05
1.34500 -3.547517154022668e+05
1.35000 -3.566304256330499e+05
1.35500 -3.585178549355467e+05
1.36000 -3.604141021994175e+05
1.36500 -3.623192678435818e+05
1.37000 -3.642334538494284e+05
1.37500 -3.661567637949432e+05
1.38000 -3.680893028897702e+05
1.38500 -3.700311780112529e+05
1.39000 -3.719824977414755e+05
1.39500 -3.739433724053472e+05
1.40000 -3.759139141097601e+05
1.40500 -3.778942367838623e+05
1.41000 -3.798844562204724e+05
1.41500 -3.818846901186961e+05
1.42000 -3.838950581277663e+05
1.42500 -3.859156818921595e+05
1.43000 -3.879466850980340e+05
1.43500 -3.899881935210325e+05
1.44000 -3.920403350754997e+05
1.44500 -3.941032398651703e+05
1.45000 -3.961770402353689e+05
1.45500 -3.982618708267896e+05
1.46000 -4.003578686309056e+05
1.46500 -4.024651730470689e+05
1.47000 -4.045839259413664e+05
1.47500 -4.067142717072953e+05
1.48000 -4.088563573283193e+05
1.48500 -4.110103324423992e+05
1.49000 -4.131763494085326e+05
1.49500 -4.153545633754291e+05
1.50000 -4.175451323523526e+05
1.50500 -4.197482172822604e+05
1.51000 -4.219639821172899e+05
1.51500 -4.241925938967091e+05
1.52000 -4.264342228274207e+05
1.52500 -4.286890423671140e+05
1.53000 -4.309572293101834e+05
1.53500 -4.332389638765101e+05
1.54000 -4.355344298032376e+05
1.54500 -4.378438144396422e+05
1.55000 -4.401673088452520e+05
1.55500 -4.425051078913199e+05
1.56000 -4.448574103658090e+05
1.56500 -4.472244190820328e+05
1.57000 -4.496063409910945e+05
1.57500 -4.520033872982959e+05
1.58000 -4.544157735836842e+05
1.58500 -4.568437199269038e+05
1.59000 -4.592874510365509e+05
1.59500 -4.617471963842217e+05
1.60000 -4.642231903434535e+05
1.60500 -4.667156723337848e+05
1.61000 -4.692248869701494e+05
1.61500 -4.717510842178542e+05
1.62000 -4.742945195533822e+05
1.62500 -4.768554541312862e+05
1.63000 -4.794341549574566e+05
1.63500 -4.820308950690483e+05
1.64000 -4.846459537213756e+05
1.64500 -4.872796165821051e+05
1.65000 -4.899321759330814e+05
1.65500 -4.926039308801495e+05
1.66000 -4.952951875713575e+05
1.66500 -4.980062594239300e+05
1.67000 -5.007374673604545e+05
1.67500 -5.034891400547040e+05
1.68000 -5.062616141875925e+05
1.68500 -5.090552347137434e+05
1.69000 -5.118703551392175e+05
1.69500 -5.147073378109394e+05
1.70000 -5.175665542184250e+05
1.70500 -5.204483853084462e+05
1.71000 -5.233532218132634e+05
1.71500 -5.262814645931673e+05
1.72000 -5.292335249940400e+05
1.72500 -5.322098252207475e+05
1.73000 -5.352107987271901e+05
1.73500 -5.382368906238984e+05
1.74000 -5.412885581041208e+05
1.74500 -5.443662708894059e+05
1.75000 -5.474705116957353e+05
1.75500 -5.506017767213483e+05
1.76000 -5.537605761574580e+05
1.76500 -5.569474347231317e+05
1.77000 -5.601628922257103e+05
1.77500 -5.634075041482126e+05
1.78000 -5.666818422652698e+05
1.78500 -5.699864952892418e+05
1.79000 -5.733220695482703e+05
1.79500 -5.766891896981525e+05
1.80000 -5.800884994700298e+05
1.80500 -5.835206624560374e+05
1.81000 -5.869863629352036e+05
1.81500 -5.904863067420366e+05
1.82000 -5.940212221804205e+05
1.82500 -5.975918609856205e+05
1.83000 -6.011989993373903e+05
1.83500 -6.048434389273976e+05
1.84000 -6.085260080844158e+05
1.84500 -6.122475629609546e+05
1.85000 -6.160089887853254e+05
1.85500 -6.198112011833520e+05
1.86000 -6.236551475743415e+05
1.86500 -6.275418086461842e+05
1.87000 -6.314721999148934e+05
1.87500 -6.354473733742479e+05
1.88000 -6.394684192416474e+05
1.88500 -6.435364678067842e+05
1.89000 -6.476526913901906e+05
1.89500 -6.518183064193416e+05
1.90000 -6.560345756305252e+05
1.90500 -6.603028104053919e+05
1.91000 -6.646243732517714e+05
1.91500 -6.690006804391321e+05
1.92000 -6.734332047998596e+05
1.92500 -6.779234787084681e+05
1.93000 -6.824730972518079e+05
1.93500 -6.870837216044205e+05
1.94000 -6.917570826242984e+05
1.94500 -6.964949846856365e+05
1.95000 -7.012993097664118e+05
1.95500 -7.061720218101941e+05
1.96000 -7.111151713830823e+05
1.96500 -7.161309006484617e+05
1.97000 -7.212214486840308e+05
1.97500 -7.263891571676085e+05
1.98000 -7.316364764603090e+05
1.98500 -7.369659721179710e+05
1.99000 -7.423803318641445e+05
1.99500 -7.478823730605113e+05
2.00000 -7.534750507133144e+05
2.00500 -7.591614660571991e+05
2.01000 -7.649448757607776e+05
2.01500 -7.708287018012083e+05
2.02000 -7.768165420580154e+05
2.02500 -7.829121816792996e+05
2.03000 -7.891196052760932e+05
2.03500 -7.954430100029877e+05
2.04000 -8.018868195848742e+05
2.04500 -8.084556993505204e+05
2.05000 -8.151545723333713e+05
2.05500 -8.219886364978529e+05
2.06000 -8.289633831448966e+05
2.06500 -8.360846165425779e+05
2.07000 -8.433584748153094e+05
2.07500 -8.507914521064899e+05
2.08000 -8.583904220027206e+05
2.08500 -8.661626621698652e+05
2.09000 -8.741158800984767e+05
2.09500 -8.822582397837958e+05
2.10000 -8.905983890666142e+05
2.10500 -8.991454872273001e+05
2.11000 -9.079092322442052e+05
2.11500 -9.168998868838121e+05
2.12000 -9.261283024623212e+05
2.12500 -9.356059386783235e+05
2.13000 -9.453448773262220e+05
2.13500 -9.553578269088937e+05
2.14000 -9.656581141078321e+05
2.14500 -9.762596566485458e+05
2.15000 -9.871769101972473e+05
2.15500 -9.984247793819692e+05
2.16000 -1.010018479638357e+06
2.16500 -1.021973332069535e+06
2.17000 -1.034304467546244e+06
2.17500 -1.047026408459209e+06
2.18000 -1.060152486432235e+06
2.18500 -1.073694041508354e+06
2.19000 -1.087659332631389e+06
2.19500 -1.102052071006724e+06
2.20000 -1.116869468675145e+06
2.20500 -1.132099678225155e+06
2.21000 -1.147718493963026e+06
2.21500 -1.163685204595810e+06
2.22000 -1.179937556182793e+06
2.22500 -1.196385934576069e+06
2.23000 -1.212907142331258e+06
2.23500 -1.229338531723455e+06
2.24000 -1.245473677489981e+06
2.24500 -1.261060958171287e+06
2.25000 -1.275805848248940e+06
2.25500 -1.289375832881943e+06
2.26000 -1.301403717819967e+06
2.26500 -1.311482541261649e+06
2.27000 -1.319147117859829e+06
2.27500 -1.323846698270007e+06
2.28000 -1.324928050097837e+06
2.28500 -1.321658750991758e+06
2.29000 -1.313315319139820e+06
2.29500 -1.299336334586805e+06
2.30000 -1.279504717126654e+06
2.30500 -1.254092589008159e+06
2.31000 -1.223897454679747e+06
2.31500 -1.190134224661604e+06
2.32000 -1.154215111841243e+06
2.32500 -1.117509042456017e+06
2.33000 -1.081176163412417e+06
2.33500 -1.046110808044266e+06
2.34000 -1.012947202409494e+06
2.34500 -9.820563889833289e+05
2.35000 -9.535107082260932e+05
2.35500 -9.270608252736491e+05
2.36000 -9.021885578101353e+05
2.36500 -8.782489292990642e+05
2.37000 -8.546429581742845e+05
2.37500 -8.309300026992706e+05
2.38000 -8.068236014475937e+05
2.38500 -7.820965621236785e+05
2.39000 -7.564911699503736e+05
2.39500 -7.297337368561229e+05
2.40000 -7.016832059677375e+05
2.40500 -6.725492511988223e+05
2.41000 -6.430581615088851e+05
2.41500 -6.144585557999684e+05
2.42000 -5.883345260917660e+05
2.42500 -5.662876832356729e+05
2.43000 -5.496090826896444e+05
2.43500 -5.390568377623081e+05
2.44000 -5.347953254672193e+05
2.44500 -5.364780764417757e+05
2.45000 -5.434100635548845e+05
2.45500 -5.547207850537420e+05
2.46000 -5.695034551879774e+05
2.46500 -5.869049200964560e+05
2.47000 -6.061712270598856e+05
2.47500 -6.266625087564741e+05
2.48000 -6.478516753449538e+05
2.48500 -6.693186050056601e+05
2.49000 -6.907474932164067e+05
2.49500 -7.119303218301770e+05
2.50000 -7.327739581397866e+05
2.50500 -7.533030861492555e+05
2.51000 -7.736488541166506e+05
2.51500 -7.940171629832828e+05
2.52000 -8.146407266909315e+05
2.52500 -8.357291493033022e+05
2.53000 -8.574332710693369e+05
2.53500 -8.798322623652861e+05
2.54000 -9.029408507535822e+05
2.54500 -9.267273041023592e+05
2.55000 -9.511326172086117e+05
2.55500 -9.760850101336732e+05
2.56000 -1.001507775270756e+06
2.56500 -1.027320924947474e+06
2.57000 -1.053437937207593e+06
2.57500 -1.079758811361667e+06
2.58000 -1.106160236045912e+06
2.58500 -1.132483316461970e+06
2.59000 -1.158519206503809e+06
2.59500 -1.183993287873315e+06
2.60000 -1.208549389917165e+06
2.60500 -1.231737127788516e+06
2.61000 -1.253007836868165e+06
2.61500 -1.271727491156203e+06
2.62000 -1.287217191410158e+06
2.62500 -1.298830614253881e+06
2.63000 -1.306069294302100e+06
2.63500 -1.308717928309634e+06
2.64000 -1.306956423795860e+06
2.64500 -1.301387507046299e+06
2.65000 -1.292929854472964e+06
2.65500 -1.282577850829888e+06
2.66000 -1.271100637861333e+06
2.66500 -1.258799348713173e+06
2.67000 -1.245426818325037e+06
2.67500 -1.230306387138376e+06
2.68000 -1.212606452818183e+06
2.68500 -1.191670689351410e+06
2.69000 -1.167284270728248e+06
2.69500 -1.139780735594087e+06
2.70000 -1.109966084069503e+06
2.70500 -1.078931709613864e+06
2.71000 -1.047881916206408e+06
2.71500 -1.018061704770410e+06
2.72000 -9.907615176850928e+05
2.72500 -9.672938711410629e+05
2.73000 -9.488576374543906e+05
2.73500 -9.363072773314649e+05
2.74000 -9.299308455971500e+05
2.74500 -9.293404116224558e+05
2.75000 -9.335081613555817e+05
2.75500 -9.409112244090530e+05
2.76000 -9.497258011213357e+05
2.76500 -9.580315812751557e+05
2.77000 -9.640186681720924e+05
2.77500 -9.662037081762915e+05
2.78000 -9.636486093083926e+05
2.78500 -9.561405077592768e+05
2.79000 -9.442599303850951e+05
2.79500 -9.292703535448090e+05
2.80000 -9.128248967136830e+05
2.80500 -8.965766879951872e+05
2.81000 -8.818350199808881e+05
2.81500 -8.693868756713871e+05
2.82000 -8.595190772047946e+05
2.82500 -8.521841144510580e+05
2.83000 -8.471999143951187e+05
2.83500 -8.443805114638977e+05
2.84000 -8.435519173998885e+05
2.84500 -8.444802449045177e+05
2.85000 -8.467826087318303e+05
2.85500 -8.498840308250617e+05
2.86000 -8.530449469991249e+05
2.86500 -8.554522411778567e+05
2.87000 -8.563594134307300e+05
2.87500 -8.552616021845993e+05
2.88000 -8.520734996903442e+05
2.88500 -8.472449044965693e+05
2.89000 -8.417358915582405e+05
2.89500 -8.368175828452229e+05
2.90000 -8.337551052124501e+05
2.90500 -8.335024104814933e+05
2.91000 -8.365316054629312e+05
2.91500 -8.428358532913432e+05
2.92000 -8.520500770280302e+05
2.92500 -8.635904896489845e+05
2.93000 -8.767368673540723e+05
2.93500 -8.906418933921129e+05
2.94000 -9.043072083633072e+05
2.94500 -9.165863028589099e+05
2.95000 -9.262576507261362e+05
2.95500 -9.321754818948008e+05
2.96000 -9.334684350348955e+05
2.96500 -9.297270197843949e+05
2.97000 -9.211085799511407e+05
2.97500 -9.083091796152970e+05
2.98000 -8.924115930364684e+05
2.98500 -8.746883333680521e+05
2.99000 -8.564615631206143e+05
2.99500 -8.390659381073341e+05
3.00000 -8.238646378999481e+05
3.00500 -8.122175071455501e+05
3.01000 -8.053427212406656e+05
3.01500 -8.041115617634489e+05
3.02000 -8.088809004669981e+05
3.02500 -8.194495003066772e+05
3.03000 -8.351520936183513e+05
3.03500 -8.550433641145284e+05
3.04000 -8.781048557721733e+05
3.04500 -9.034198088290865e+05
3.05000 -9.302798793023032e+05
3.05500 -9.582042357980839e+05
3.06000 -9.868710781785169e+05
3.06500 -1.015987473127754e+06
3.07000 -1.045145088171641e+06
3.07500 -1.073711577332924e+06
3.08000 -1.100788787094986e+06
3.08500 -1.125245657036609e+06
3.09000 -1.145821584457937e+06
3.09500 -1.161295316812990e+06
3.10000 -1.170711706721077e+06
3.10500 -1.173640290646790e+06
3.11000 -1.170405583605514e+06
3.11500 -1.162199969744858e+06
3.12000 -1.150999014042009e+06
3.12500 -1.139262052014524e+06
3.13000 -1.129491365747442e+06
3.13500 -1.123785803190885e+06
3.14000 -1.123522523648046e+06
3.14500 -1.129241374197223e+06
3.15000 -1.140725992511745e+06
3.15500 -1.157210568950128e+06
3.16000 -1.177613241560595e+06
3.16500 -1.200709568282355e+06
3.17000 -1.225201371958448e+06
3.17500 -1.249689308543853e+06
3.18000 -1.272600606813224e+06
3.18500 -1.292139334989618e+06
3.19000 -1.306312856334879e+06
3.19500 -1.313057987115493e+06
3.20000 -1.310458707066029e+06
3.20500 -1.297020923672296e+06
3.21000 -1.271953173524241e+06
3.21500 -1.235403260536612e+06
3.22000 -1.188619236633194e+06
3.22500 -1.134014878490808e+06
3.23000 -1.075098527622976e+06
3.23500 -1.016192020549143e+06
3.24000 -9.618954837161050e+05
3.24500 -9.163767406772999e+05
3.25000 -8.826993618791703e+05
3.25500 -8.624220158828611e+05
3.26000 -8.555739634648948e+05
3.26500 -8.609405690302501e+05
3.27000 -8.764985902464358e+05
3.27500 -8.998534755529610e+05
3.28000 -9.285991344855343e+05
3.28500 -9.605831647961668e+05
3.29000 -9.940879123869871e+05
3.29500 -1.027933319445870e+06
3.30000 -1.061492379016396e+06
3.30500 -1.094607823525844e+06
3.31000 -1.127420519078402e+06
3.31500 -1.160155247077022e+06
3.32000 -1.192933880898205e+06
3.32500 -1.225681522998319e+06
3.33000 -1.258157011285144e+06
3.33500 -1.290087160388069e+06
3.34000 -1.321333148355520e+06
3.34500 -1.351991478977156e+06
3.35000 -1.382352367605896e+06
3.35500 -1.412706396806575e+06
3.36000 -1.443072232556679e+06
3.36500 -1.472962093472901e+06
3.37000 -1.501282620805877e+06
3.37500 -1.526411339527980e+06
3.38000 -1.546435015447584e+06
3.38500 -1.559502093762322e+06
3.39000 -1.564215190595636e+06
3.39500 -1.559962949344510e+06
3.40000 -1.547082468195566e+06
3.40500 -1.526787259425020e+06
3.41000 -1.500893551391399e+06
3.41500 -1.471472002119148e+06
3.42000 -1.440565505190484e+06
3.42500 -1.410031429235904e+06
3.43000 -1.381459002793150e+06
3.43500 -1.356070391111897e+06
3.44000 -1.334566406419334e+06
3.44500 -1.316973158086235e+06
3.45000 -1.302601239062531e+06
3.45500 -1.290196881625766e+06
3.46000 -1.278265519779482e+06
3.46500 -1.265451321830753e+06
3.47000 -1.250826176208995e+06
3.47500 -1.233990998944009e+06
3.48000 -1.214977125412672e+06
3.48500 -1.194002521646911e+06
3.49000 -1.171172517826174e+06
3.49500 -1.146229718807358e+06
3.50000 -1.118444194801886e+06
3.50500 -1.086674081020476e+06
3.51000 -1.049542243994145e+06
3.51500 -1.005629099185274e+06
3.52000 -9.536096376607887e+05
3.52500 -8.923379523513141e+05
3.53000 -8.209484318103070e+05
3.53500 -7.390499093183569e+05
3.54000 -6.470138389359082e+05
3.54500 -5.462294906856576e+05
3.55000 -4.391166759568506e+05
3.55500 -3.287534297359528e+05
3.56000 -2.181852126419026e+05
3.56500 -1.096883210472534e+05
3.57000 -4.304829121695786e+03
3.57500 9.817484462326625e+04
3.58000 1.988170631252255e+05
3.58500 2.989243417268325e+05
3.59000 3.994215602152054e+05
3.59500 5.004460100510448e+05
3.60000 6.012496831109114e+05
3.60500 7.004040300350627e+05
3.61000 7.961948168370056e+05
3.61500 8.870576789980263e+05
3.62000 9.719338497591611e+05
3.62500 1.050469172972983e+06
3.63000 1.123001870408204e+06
3.63500 1.190307978620476e+06
3.64000 1.253139087359801e+06
3.64500 1.311687676392420e+06
3.65000 1.365188294468206e+06
3.65500 1.411846355260617e+06
3.66000 1.449168316867059e+06
3.66500 1.474592456410579e+06
3.67000 1.486176675882479e+06
3.67500 1.483079207626666e+06
3.68000 1.465687633837719e+06
3.68500 1.435425853291295e+06
3.69000 1.394383692997806e+06
3.69500 1.344925743175039e+06
3.70000 1.289381646569336e+06
3.70500 1.229857550357057e+06
3.71000 1.168168173082684e+06
3.71500 1.105869476560506e+06
3.72000 1.044360280648622e+06
3.72500 9.850113572228093e+05
3.73000 9.292767021552860e+05
3.73500 8.787478972599226e+05
3.74000 8.351250293878681e+05
3.74500 8.000904622656553e+05
3.75000 7.750867529856683e+05
3.75500 7.610269300916359e+05
3.76000 7.580079390193552e+05
3.76500 7.651373892628091e+05
3.77000 7.805791973360535e+05
3.77500 8.018472263790483e+05
3.78000 8.262572956479985e+05
3.78500 8.513684808664232e+05
3.79000 8.752628379924167e+05
3.79500 8.966067553514026e+05
3.80000 9.145398048092728e+05
3.80500 9.285007254739708e+05
3.81000 9.381075260498314e+05
3.81500 9.431566811083389e+05
3.82000 9.437193977733701e+05
3.82500 9.402477173463653e+05
3.83000 9.336043441956810e+05
3.83500 9.249847403524570e+05
3.84000 9.157548841081505e+05
3.84500 9.072449441123037e+05
3.85000 9.005251690432293e+05
3.85500 8.961819170806495e+05
3.86000 8.941338806429951e+05
3.86500 8.935643130431188e+05
3.87000 8.930448131487824e+05
3.87500 8.908574062418051e+05
3.88000 8.854159154444112e+05
3.88500 8.756256259224719e+05
3.89000 8.610542251275117e+05
3.89500 8.418872760651247e+05
3.90000 8.187327174185626e+05
3.90500 7.923745403611140e+05
3.91000 7.635624159718137e+05
3.91500 7.328896848759979e+05
3.92000 7.007742474484538e+05
3.92500 6.675211153812009e+05
3.93000 6.334193053445184e+05
3.93500 5.988205705979347e+05
3.94000 5.641649964181171e+05
3.94500 5.299457161621369e+05
3.95000 4.966266131128307e+05
3.95500 4.645387016527230e+05
3.96000 4.337877220262377e+05
3.96500 4.042088323950861e+05
3.97000 3.753965464707679e+05
3.97500 3.468118196940786e+05
3.98000 3.179319231982570e+05
3.98500 2.883873119757504e+05
3.99000 2.580408899201929e+05
3.99500 2.269984584518092e+05
4.00000 1.955664996956332e+05
