G 37
M 22
K 43
G 0

0.0 0.0 0.0
0.013513513513513514 -0.007802030664724674 0.0
0.02702702702702703 -0.015604061329449349 0.0
0.04054054054054054 -0.02340609199417402 0.0
0.05405405405405406 -0.031208122658898697 0.0
0.06756756756756757 -0.03901015332362337 0.0
0.08108108108108109 -0.04681218398834804 0.0
0.0945945945945946 -0.054614214653072715 0.0
0.10810810810810811 -0.062416245317797395 0.0
0.12162162162162163 -0.07021827598252206 0.0
0.13513513513513514 -0.07802030664724674 0.0
0.14864864864864866 -0.08582233731197142 0.0
0.16216216216216217 -0.09362436797669609 0.0
0.17567567567567569 -0.10142639864142076 0.0
0.1891891891891892 -0.10922842930614543 0.0
0.20270270270270271 -0.11703045997087011 0.0
0.21621621621621623 -0.12483249063559479 0.0
0.22972972972972974 -0.13263452130031947 0.0
0.24324324324324326 -0.14043655196504412 0.0
0.2567567567567568 -0.14823858262976883 0.0
0.2702702702702703 -0.15604061329449348 0.0
0.28378378378378377 -0.16384264395921813 0.0
0.2972972972972973 -0.17164467462394284 0.0
0.31081081081081086 -0.17944670528866752 0.0
0.32432432432432434 -0.18724873595339217 0.0
0.33783783783783783 -0.19505076661811682 0.0
0.35135135135135137 -0.20285279728284153 0.0
0.3648648648648649 -0.2106548279475662 0.0
0.3783783783783784 -0.21845685861229086 0.0
0.3918918918918919 -0.22625888927701554 0.0
0.40540540540540543 -0.23406091994174022 0.0
0.41891891891891897 -0.2418629506064649 0.0
0.43243243243243246 -0.24966498127118958 0.0
0.44594594594594594 -0.2574670119359142 0.0
0.4594594594594595 -0.26526904260063894 0.0
0.472972972972973 -0.2730710732653636 0.0
0.4864864864864865 -0.28087310393008824 0.0
0.5 -0.2886751345948129 0.0
0.5075757575757576 -0.27555353756777595 0.0
0.5151515151515151 -0.26243194054073904 0.0
0.5227272727272727 -0.24931034351370204 0.0
0.5303030303030303 -0.2361887464866651 0.0
0.5378787878787878 -0.22306714945962816 0.0
0.5454545454545454 -0.20994555243259122 0.0
0.553030303030303 -0.19682395540555425 0.0
0.5606060606060606 -0.1837023583785173 0.0
0.5681818181818181 -0.17058076135148031 0.0
0.5757575757575757 -0.15745916432444337 0.0
0.5833333333333333 -0.14433756729740643 0.0
0.5909090909090908 -0.1312159702703695 0.0
0.5984848484848485 -0.11809437324333259 0.0
0.6060606060606061 -0.10497277621629567 0.0
0.6136363636363636 -0.0918511791892587 0.0
0.6212121212121212 -0.07872958216222171 0.0
0.6287878787878788 -0.06560798513518475 0.0
0.6363636363636364 -0.05248638810814782 0.0
0.6439393939393939 -0.03936479108111089 0.0
0.6515151515151515 -0.02624319405407396 0.0
0.6590909090909091 -0.013121597027036913 0.0
0.6666666666666666 1.5641182083243394e-17 0.0
0.6511627906976744 1.71034427600934e-19 0.0
0.6356589147286822 -6.71150824651388e-18 0.0
0.6201550387596899 -2.218165590215634e-17 0.0
0.6046511627906976 1.7859347673459028e-17 0.0
0.5891472868217054 2.389200017816568e-18 0.0
0.5736434108527131 -1.3080947637825892e-17 0.0
0.5581395348837209 -1.9963490311940706e-17 0.0
0.5426356589147286 2.0077513263674662e-17 0.0
0.5271317829457364 4.607365608032202e-18 0.0
0.5116279069767442 -2.275177066082612e-18 0.0
0.49612403100775193 -1.7745324721725072e-17 0.0
0.48062015503875966 2.2295678853890296e-17 0.0
0.4651162790697674 6.825531198247836e-18 0.0
0.44961240310077516 2.3404761648998113e-17 0.0
0.43410852713178294 -1.5527159131509438e-17 0.0
0.41860465116279066 -3.241731171522984e-18 0.0
0.4031007751937984 9.04369678846347e-18 0.0
0.38759689922480617 -2.132648376415167e-18 0.0
0.37209302325581395 -1.3308993541293804e-17 0.0
0.3565891472868217 -1.02356558130735e-18 0.0
0.3410852713178294 1.1261862378679104e-17 0.0
0.3255813953488372 8.5517213800467e-20 0.0
0.31007751937984496 -1.109082795107817e-17 0.0
0.2945736434108527 1.194600008908284e-18 0.0
0.2790697674418604 1.3480027968894738e-17 0.0
0.2635658914728682 2.303682804016101e-18 0.0
0.24806201550387597 -8.872662360862536e-18 0.0
0.2325581395348837 3.412765599123918e-18 0.0
0.21705426356589141 -1.2057382056518542e-17 0.0
0.2015503875968992 4.521848394231735e-18 0.0
0.18604651162790697 -6.654496770646902e-18 0.0
0.1705426356589147 5.630931189339552e-18 0.0
0.15503875968992242 4.038571341511549e-18 0.0
0.13953488372093015 2.446211493683546e-18 0.0
0.12403100775193798 -4.436331180431268e-18 0.0
0.10852713178294571 -6.028691028259271e-18 0.0
0.09302325581395343 -6.821569721800455e-19 0.0
0.07751937984496127 -6.25805742387631e-19 0.0
0.06201550387596899 -2.218165590215634e-18 0.0
0.046511627906976716 -3.4107848609002274e-19 0.0
0.03100775193798444 1.5360086180355885e-18 0.0
0.015503875968992165 -5.63512297924145e-20 0.0
0.0 0.0 0.0
