0.00001 2.632089121689175e+00
0.01200 2.631964589990615e+00
0.02400 2.631732446189840e+00
0.03600 2.631456780910598e+00
0.04800 2.631147769108549e+00
0.06000 2.630807969984233e+00
0.07200 2.630438208728893e+00
0.08400 2.630038824691671e+00
0.09600 2.629609992935096e+00
0.10800 2.629151824754682e+00
0.12000 2.628664404508487e+00
0.13200 2.628147804887524e+00
0.14400 2.627602093892440e+00
0.15600 2.627027338277026e+00
0.16800 2.626423605356793e+00
0.18000 2.625790964007442e+00
0.19200 2.625129485238190e+00
0.20400 2.624439242530729e+00
0.21600 2.623720312043332e+00
0.22800 2.622972772734387e+00
0.24000 2.622196706436117e+00
0.25200 2.621392197896522e+00
0.26400 2.620559334800462e+00
0.27600 2.619698207776638e+00
0.28800 2.618808910394796e+00
0.30000 2.617891539155950e+00
0.31200 2.616946193477506e+00
0.32400 2.615972975674532e+00
0.33600 2.614971990938058e+00
0.34800 2.613943347311023e+00
0.36000 2.612887155662285e+00
0.37200 2.611803529659040e+00
0.38400 2.610692585737868e+00
0.39600 2.609554443074578e+00
0.40800 2.608389223553007e+00
0.42000 2.607197051732862e+00
0.43200 2.605978054816689e+00
0.44400 2.604732362616053e+00
0.45600 2.603460107516964e+00
0.46800 2.602161424444621e+00
0.48000 2.600836450827489e+00
0.49200 2.599485326560773e+00
0.50400 2.598108193969294e+00
0.51600 2.596705197769833e+00
0.52800 2.595276485032925e+00
0.54000 2.593822205144172e+00
0.55200 2.592342509765076e+00
0.56400 2.590837552793421e+00
0.57600 2.589307490323233e+00
0.58800 2.587752480604329e+00
0.60000 2.586172684001487e+00
0.61200 2.584568262953258e+00
0.62400 2.582939381930436e+00
0.63600 2.581286207394205e+00
0.64800 2.579608907753998e+00
0.66000 2.577907653325067e+00
0.67200 2.576182616285806e+00
0.68400 2.574433970634831e+00
0.69600 2.572661892147843e+00
0.70800 2.570866558334296e+00
0.72000 2.569048148393884e+00
0.73200 2.567206843172873e+00
0.74400 2.565342825120287e+00
0.75600 2.563456278243987e+00
0.76800 2.561547388066632e+00
0.78000 2.559616341581566e+00
0.79200 2.557663327208645e+00
0.80400 2.555688534750010e+00
0.81600 2.553692155345838e+00
0.82800 2.551674381430081e+00
0.84000 2.549635406686210e+00
0.85200 2.547575426002997e+00
0.86400 2.545494635430323e+00
0.87600 2.543393232135060e+00
0.88800 2.541271414357021e+00
0.90000 2.539129381365009e+00
0.91200 2.536967333412974e+00
0.92400 2.534785471696297e+00
0.93600 2.532583998308209e+00
0.94800 2.530363116196381e+00
0.96000 2.528123029119671e+00
0.97200 2.525863941605071e+00
0.98400 2.523586058904847e+00
0.99600 2.521289586953901e+00
1.00800 2.518974732327363e+00
1.02000 2.516641702198423e+00
1.03200 2.514290704296426e+00
1.04400 2.511921946865235e+00
1.05600 2.509535638621878e+00
1.06800 2.507131988715490e+00
1.08000 2.504711206686568e+00
1.09200 2.502273502426538e+00
1.10400 2.499819086137661e+00
1.11600 2.497348168293279e+00
1.12800 2.494860959598408e+00
1.14000 2.492357670950711e+00
1.15200 2.489838513401830e+00
1.16400 2.487303698119105e+00
1.17600 2.484753436347690e+00
1.18800 2.482187939373072e+00
1.20000 2.479607418483997e+00
1.21200 2.477012084935819e+00
1.22400 2.474402149914272e+00
1.23600 2.471777824499683e+00
1.24800 2.469139319631628e+00
1.26000 2.466486846074029e+00
1.27200 2.463820614380722e+00
1.28400 2.461140834861475e+00
1.29600 2.458447717548479e+00
1.30800 2.455741472163321e+00
1.32000 2.453022308084424e+00
1.33200 2.450290434314986e+00
1.34400 2.447546059451396e+00
1.35600 2.444789391652159e+00
1.36800 2.442020638607303e+00
1.38000 2.439240007508303e+00
1.39200 2.436447705018500e+00
1.40400 2.433643937244038e+00
1.41600 2.430828909705307e+00
1.42800 2.428002827308898e+00
1.44000 2.425165894320088e+00
1.45200 2.422318314335825e+00
1.46400 2.419460290258247e+00
1.47600 2.416592024268723e+00
1.48800 2.413713717802405e+00
1.50000 2.410825571523318e+00
1.51200 2.407927785299967e+00
1.52400 2.405020558181469e+00
1.53600 2.402104088374215e+00
1.54800 2.399178573219047e+00
1.56000 2.396244209168974e+00
1.57200 2.393301191767396e+00
1.58400 2.390349715626866e+00
1.59600 2.387389974408359e+00
1.60800 2.384422160801076e+00
1.62000 2.381446466502755e+00
1.63200 2.378463082200509e+00
1.64400 2.375472197552169e+00
1.65600 2.372474001168150e+00
1.66800 2.369468680593827e+00
1.68000 2.366456422292406e+00
1.69200 2.363437411628319e+00
1.70400 2.360411832851112e+00
1.71600 2.357379869079828e+00
1.72800 2.354341702287899e+00
1.74000 2.351297513288520e+00
1.75200 2.348247481720518e+00
1.76400 2.345191786034702e+00
1.77600 2.342130603480700e+00
1.78800 2.339064110094271e+00
1.80000 2.335992480685090e+00
1.81200 2.332915888825001e+00
1.82400 2.329834506836744e+00
1.83600 2.326748505783129e+00
1.84800 2.323658055456674e+00
1.86000 2.320563324369695e+00
1.87200 2.317464479744837e+00
1.88400 2.314361687506052e+00
1.89600 2.311255112270007e+00
1.90800 2.308144917337932e+00
1.92000 2.305031264687884e+00
1.93200 2.301914314967440e+00
1.94400 2.298794227486800e+00
1.95600 2.295671160212307e+00
1.96800 2.292545269760360e+00
1.98000 2.289416711391740e+00
1.99200 2.286285639006320e+00
2.00400 2.283152205138164e+00
2.01600 2.280016560951013e+00
2.02800 2.276878856234142e+00
2.04000 2.273739239398594e+00
2.05200 2.270597857473771e+00
2.06400 2.267454856104391e+00
2.07600 2.264310379547797e+00
2.08800 2.261164570671610e+00
2.10000 2.258017570951728e+00
2.11200 2.254869520470659e+00
2.12400 2.251720557916182e+00
2.13600 2.248570820580338e+00
2.14800 2.245420444358731e+00
2.16000 2.242269563750146e+00
2.17200 2.239118311856476e+00
2.18400 2.235966820382941e+00
2.19600 2.232815219638609e+00
2.20800 2.229663638537204e+00
2.22000 2.226512204598192e+00
2.23200 2.223361043948153e+00
2.24400 2.220210281322414e+00
2.25600 2.217060040066957e+00
2.26800 2.213910442140574e+00
2.28000 2.210761608117293e+00
2.29200 2.207613657189036e+00
2.30400 2.204466707168526e+00
2.31600 2.201320874492436e+00
2.32800 2.198176274224754e+00
2.34000 2.195033020060394e+00
2.35200 2.191891224329009e+00
2.36400 2.188750997999025e+00
2.37600 2.185612450681891e+00
2.38800 2.182475690636520e+00
2.40000 2.179340824773936e+00
2.41200 2.176207958662113e+00
2.42400 2.173077196531001e+00
2.43600 2.169948641277732e+00
2.44800 2.166822394472010e+00
2.46000 2.163698556361664e+00
2.47200 2.160577225878375e+00
2.48400 2.157458500643562e+00
2.49600 2.154342476974427e+00
2.50800 2.151229249890149e+00
2.52000 2.148118913118231e+00
2.53200 2.145011559100982e+00
2.54400 2.141907279002144e+00
2.55600 2.138806162713646e+00
2.56800 2.135708298862493e+00
2.58000 2.132613774817775e+00
2.59200 2.129522676697797e+00
2.60400 2.126435089377320e+00
2.61600 2.123351096494921e+00
2.62800 2.120270780460455e+00
2.64000 2.117194222462615e+00
2.65200 2.114121502476602e+00
2.66400 2.111052699271872e+00
2.67600 2.107987890419993e+00
2.68800 2.104927152302573e+00
2.70000 2.101870560119274e+00
2.71200 2.098818187895906e+00
2.72400 2.095770108492599e+00
2.73600 2.092726393612038e+00
2.74800 2.089687113807770e+00
2.76000 2.086652338492576e+00
2.77200 2.083622135946896e+00
2.78400 2.080596573327323e+00
2.79600 2.077575716675136e+00
2.80800 2.074559630924894e+00
2.82000 2.071548379913073e+00
2.83200 2.068542026386743e+00
2.84400 2.065540632012292e+00
2.85600 2.062544257384181e+00
2.86800 2.059552962033738e+00
2.88000 2.056566804437982e+00
2.89200 2.053585842028474e+00
2.90400 2.050610131200194e+00
2.91600 2.047639727320442e+00
2.92800 2.044674684737759e+00
2.94000 2.041715056790866e+00
2.95200 2.038760895817615e+00
2.96400 2.035812253163954e+00
2.97600 2.032869179192907e+00
2.98800 2.029931723293550e+00
3.00000 2.026999933890006e+00
3.01200 2.024073858450429e+00
3.02400 2.021153543496002e+00
3.03600 2.018239034609921e+00
3.04800 2.015330376446384e+00
3.06000 2.012427612739573e+00
3.07200 2.009530786312621e+00
3.08400 2.006639939086581e+00
3.09600 2.003755112089372e+00
3.10800 2.000876345464718e+00
3.12000 1.998003678481070e+00
3.13200 1.995137149540509e+00
3.14400 1.992276796187635e+00
3.15600 1.989422655118428e+00
3.16800 1.986574762189092e+00
3.18000 1.983733152424876e+00
3.19200 1.980897860028863e+00
3.20400 1.978068918390742e+00
3.21600 1.975246360095542e+00
3.22800 1.972430216932343e+00
3.24000 1.969620519902954e+00
3.25200 1.966817299230555e+00
3.26400 1.964020584368313e+00
3.27600 1.961230404007955e+00
3.28800 1.958446786088311e+00
3.30000 1.955669757803817e+00
3.31200 1.952899345612980e+00
3.32400 1.950135575246803e+00
3.33600 1.947378471717175e+00
3.34800 1.944628059325206e+00
3.36000 1.941884361669540e+00
3.37200 1.939147401654603e+00
3.38400 1.936417201498827e+00
3.39600 1.933693782742811e+00
3.40800 1.930977166257452e+00
3.42000 1.928267372252014e+00
3.43200 1.925564420282167e+00
3.44400 1.922868329257961e+00
3.45600 1.920179117451762e+00
3.46800 1.917496802506138e+00
3.48000 1.914821401441689e+00
3.49200 1.912152930664830e+00
3.50400 1.909491405975526e+00
3.51600 1.906836842574972e+00
3.52800 1.904189255073218e+00
3.54000 1.901548657496747e+00
3.55200 1.898915063295997e+00
3.56400 1.896288485352830e+00
3.57600 1.893668935987945e+00
3.58800 1.891056426968243e+00
3.60000 1.888450969514129e+00
3.61200 1.885852574306764e+00
3.62400 1.883261251495262e+00
3.63600 1.880677010703830e+00
3.64800 1.878099861038852e+00
3.66000 1.875529811095915e+00
3.67200 1.872966868966786e+00
3.68400 1.870411042246327e+00
3.69600 1.867862338039347e+00
3.70800 1.865320762967414e+00
3.72000 1.862786323175596e+00
3.73200 1.860259024339147e+00
3.74400 1.857738871670143e+00
3.75600 1.855225869924052e+00
3.76800 1.852720023406256e+00
3.78000 1.850221335978504e+00
3.79200 1.847729811065317e+00
3.80400 1.845245451660337e+00
3.81600 1.842768260332607e+00
3.82800 1.840298239232807e+00
3.84000 1.837835390099423e+00
3.85200 1.835379714264865e+00
3.86400 1.832931212661526e+00
3.87600 1.830489885827780e+00
3.88800 1.828055733913930e+00
3.90000 1.825628756688090e+00
3.91200 1.823208953542024e+00
3.92400 1.820796323496912e+00
3.93600 1.818390865209068e+00
3.94800 1.815992576975606e+00
3.96000 1.813601456740041e+00
3.97200 1.811217502097835e+00
3.98400 1.808840710301894e+00
3.99600 1.806471078268002e+00
4.00800 1.804108602580204e+00
4.02000 1.801753279496127e+00
4.03200 1.799405104952260e+00
4.04400 1.797064074569160e+00
4.05600 1.794730183656617e+00
4.06800 1.792403427218763e+00
4.08000 1.790083799959120e+00
4.09200 1.787771296285602e+00
4.10400 1.785465910315457e+00
4.11600 1.783167635880159e+00
4.12800 1.780876466530249e+00
4.14000 1.778592395540116e+00
4.15200 1.776315415912730e+00
4.16400 1.774045520384328e+00
4.17600 1.771782701429034e+00
4.18800 1.769526951263442e+00
4.20000 1.767278261851136e+00
4.21200 1.765036624907170e+00
4.22400 1.762802031902486e+00
4.23600 1.760574474068289e+00
4.24800 1.758353942400369e+00
4.26000 1.756140427663374e+00
4.27200 1.753933920395033e+00
4.28400 1.751734410910330e+00
4.29600 1.749541889305630e+00
4.30800 1.747356345462755e+00
4.32000 1.745177769053011e+00
4.33200 1.743006149541172e+00
4.34400 1.740841476189409e+00
4.35600 1.738683738061182e+00
4.36800 1.736532924025072e+00
4.38000 1.734389022758580e+00
4.39200 1.732252022751871e+00
4.40400 1.730121912311475e+00
4.41600 1.727998679563943e+00
4.42800 1.725882312459458e+00
4.44000 1.723772798775401e+00
4.45200 1.721670126119874e+00
4.46400 1.719574281935175e+00
4.47600 1.717485253501234e+00
4.48800 1.715403027939005e+00
4.50000 1.713327592213812e+00
4.51200 1.711258933138658e+00
4.52400 1.709197037377485e+00
4.53600 1.707141891448398e+00
4.54800 1.705093481726848e+00
4.56000 1.703051794448766e+00
4.57200 1.701016815713666e+00
4.58400 1.698988531487703e+00
4.59600 1.696966927606692e+00
4.60800 1.694951989779085e+00
4.62000 1.692943703588914e+00
4.63200 1.690942054498692e+00
4.64400 1.688947027852273e+00
4.65600 1.686958608877678e+00
4.66800 1.684976782689885e+00
4.68000 1.683001534293574e+00
4.69200 1.681032848585841e+00
4.70400 1.679070710358876e+00
4.71600 1.677115104302599e+00
4.72800 1.675166015007268e+00
4.74000 1.673223426966044e+00
4.75200 1.671287324577522e+00
4.76400 1.669357692148235e+00
4.77600 1.667434513895112e+00
4.78800 1.665517773947909e+00
4.80000 1.663607456351605e+00
4.81200 1.661703545068763e+00
4.82400 1.659806023981859e+00
4.83600 1.657914876895580e+00
4.84800 1.656030087539083e+00
4.86000 1.654151639568229e+00
4.87200 1.652279516567786e+00
4.88400 1.650413702053590e+00
4.89600 1.648554179474687e+00
4.90800 1.646700932215440e+00
4.92000 1.644853943597599e+00
4.93200 1.643013196882355e+00
4.94400 1.641178675272348e+00
4.95600 1.639350361913660e+00
4.96800 1.637528239897767e+00
4.98000 1.635712292263470e+00
4.99200 1.633902501998797e+00
5.00400 1.632098852042871e+00
5.01600 1.630301325287754e+00
5.02800 1.628509904580269e+00
5.04000 1.626724572723781e+00
5.05200 1.624945312479965e+00
5.06400 1.623172106570540e+00
5.07600 1.621404937678978e+00
5.08800 1.619643788452186e+00
5.10000 1.617888641502165e+00
5.11200 1.616139479407644e+00
5.12400 1.614396284715680e+00
5.13600 1.612659039943247e+00
5.14800 1.610927727578793e+00
5.16000 1.609202330083766e+00
5.17200 1.607482829894134e+00
5.18400 1.605769209421860e+00
5.19600 1.604061451056372e+00
5.20800 1.602359537165998e+00
5.22000 1.600663450099382e+00
5.23200 1.598973172186881e+00
5.24400 1.597288685741930e+00
5.25600 1.595609973062396e+00
5.26800 1.593937016431908e+00
5.28000 1.592269798121151e+00
5.29200 1.590608300389166e+00
5.30400 1.588952505484601e+00
5.31600 1.587302395646961e+00
5.32800 1.585657953107827e+00
5.34000 1.584019160092059e+00
5.35200 1.582385998818979e+00
5.36400 1.580758451503532e+00
5.37600 1.579136500357431e+00
5.38800 1.577520127590276e+00
5.40000 1.575909315410666e+00
5.41200 1.574304046027276e+00
5.42400 1.572704301649932e+00
5.43600 1.571110064490657e+00
5.44800 1.569521316764701e+00
5.46000 1.567938040691555e+00
5.47200 1.566360218495948e+00
5.48400 1.564787832408824e+00
5.49600 1.563220864668303e+00
5.50800 1.561659297520622e+00
5.52000 1.560103113221071e+00
5.53200 1.558552294034894e+00
5.54400 1.557006822238190e+00
5.55600 1.555466680118790e+00
5.56800 1.553931849977119e+00
5.58000 1.552402314127042e+00
5.59200 1.550878054896698e+00
5.60400 1.549359054629317e+00
5.61600 1.547845295684017e+00
5.62800 1.546336760436593e+00
5.64000 1.544833431280292e+00
5.65200 1.543335290626564e+00
5.66400 1.541842320905812e+00
5.67600 1.540354504568112e+00
5.68800 1.538871824083941e+00
5.70000 1.537394261944865e+00
5.71200 1.535921800664236e+00
5.72400 1.534454422777864e+00
5.73600 1.532992110844678e+00
5.74800 1.531534847447374e+00
5.76000 1.530082615193054e+00
5.77200 1.528635396713846e+00
5.78400 1.527193174667514e+00
5.79600 1.525755931738062e+00
5.80800 1.524323650636313e+00
5.82000 1.522896314100489e+00
5.83200 1.521473904896772e+00
5.84400 1.520056405819853e+00
5.85600 1.518643799693477e+00
5.86800 1.517236069370964e+00
5.88000 1.515833197735734e+00
5.89200 1.514435167701807e+00
5.90400 1.513041962214302e+00
5.91600 1.511653564249920e+00
5.92800 1.510269956817421e+00
5.94000 1.508891122958085e+00
5.95200 1.507517045746168e+00
5.96400 1.506147708289344e+00
5.97600 1.504783093729138e+00
5.98800 1.503423185241354e+00
6.00000 1.502067966036488e+00
