  300.00 -8.00000  1.95989e-80  2.57001e-80  2.57001e-80 -2.01484e-80 -2.01484e-80  2.34139e-80
  300.00 -7.97395  5.31883e-80  6.97479e-80  6.97479e-80 -5.46785e-80 -5.46785e-80  6.35425e-80
  300.00 -7.94790  1.44339e-79  1.89281e-79  1.89281e-79 -1.48379e-79 -1.48379e-79  1.72439e-79
  300.00 -7.92184  3.91678e-79  5.13647e-79  5.13647e-79 -4.02635e-79 -4.02635e-79  4.67936e-79
  300.00 -7.89579  1.06281e-78  1.39381e-78  1.39381e-78 -1.09252e-78 -1.09252e-78  1.26975e-78
  300.00 -7.86974  2.88380e-78  3.78200e-78  3.78200e-78 -2.96434e-78 -2.96434e-78  3.44532e-78
  300.00 -7.84369  7.82442e-78  1.02617e-77  1.02617e-77 -8.04277e-78 -8.04277e-78  9.34807e-78
  300.00 -7.81764  2.12285e-77  2.78419e-77  2.78419e-77 -2.18205e-77 -2.18205e-77  2.53626e-77
  300.00 -7.79158  5.75927e-77  7.55365e-77  7.55365e-77 -5.91973e-77 -5.91973e-77  6.88091e-77
  300.00 -7.76553  1.56241e-76  2.04925e-76  2.04925e-76 -1.60590e-76 -1.60590e-76  1.86671e-76
  300.00 -7.73948  4.23839e-76  5.55920e-76  5.55920e-76 -4.35627e-76 -4.35627e-76  5.06394e-76
  300.00 -7.71343  1.14970e-75  1.50803e-75  1.50803e-75 -1.18165e-75 -1.18165e-75  1.37366e-75
  300.00 -7.68737  3.11853e-75  4.09058e-75  4.09058e-75 -3.20512e-75 -3.20512e-75  3.72604e-75
  300.00 -7.66132  8.45849e-75  1.10953e-74  1.10953e-74 -8.69315e-75 -8.69315e-75  1.01064e-74
  300.00 -7.63527  2.29411e-74  3.00935e-74  3.00935e-74 -2.35770e-74 -2.35770e-74  2.74107e-74
  300.00 -7.60922  6.22177e-74  8.16176e-74  8.16176e-74 -6.39407e-74 -6.39407e-74  7.43405e-74
  300.00 -7.58317  1.68730e-73  2.21347e-73  2.21347e-73 -1.73398e-73 -1.73398e-73  2.01608e-73
  300.00 -7.55711  4.57559e-73  6.00262e-73  6.00262e-73 -4.70207e-73 -4.70207e-73  5.46724e-73
  300.00 -7.53106  1.24074e-72  1.62774e-72  1.62774e-72 -1.27500e-72 -1.27500e-72  1.48254e-72
  300.00 -7.50501  3.36426e-72  4.41376e-72  4.41376e-72 -3.45709e-72 -3.45709e-72  4.01996e-72
  300.00 -7.47896  9.12174e-72  1.19676e-71  1.19676e-71 -9.37320e-72 -9.37320e-72  1.08997e-71
  300.00 -7.45291  2.47310e-71  3.24478e-71  3.24478e-71 -2.54121e-71 -2.54121e-71  2.95518e-71
  300.00 -7.42685  6.70476e-71  8.79710e-71  8.79710e-71 -6.88924e-71 -6.88924e-71  8.01180e-71
  300.00 -7.40080  1.81761e-70  2.38490e-70  2.38490e-70 -1.86757e-70 -1.86757e-70  2.17196e-70
  300.00 -7.37475  4.92713e-70  6.46512e-70  6.46512e-70 -5.06243e-70 -5.06243e-70  5.88778e-70
  300.00 -7.34870  1.33556e-69  1.75250e-69  1.75250e-69 -1.37220e-69 -1.37220e-69  1.59598e-69
  300.00 -7.32265  3.62000e-69  4.75026e-69  4.75026e-69 -3.71921e-69 -3.71921e-69  4.32591e-69
  300.00 -7.29659  9.81137e-69  1.28751e-68  1.28751e-68 -1.00800e-68 -1.00800e-68  1.17247e-68
  300.00 -7.27054  2.65904e-68  3.48948e-68  3.48948e-68 -2.73177e-68 -2.73177e-68  3.17764e-68
  300.00 -7.24449  7.20602e-68  9.45682e-68  9.45682e-68 -7.40290e-68 -7.40290e-68  8.61153e-68
  300.00 -7.21844  1.95272e-67  2.56274e-67  2.56274e-67 -2.00602e-67 -2.00602e-67  2.33363e-67
  300.00 -7.19238  5.29127e-67  6.94444e-67  6.94444e-67 -5.43553e-67 -5.43553e-67  6.32348e-67
  300.00 -7.16633  1.43369e-66  1.88168e-66  1.88168e-66 -1.47273e-66 -1.47273e-66  1.71339e-66
  300.00 -7.14028  3.88437e-66  5.09831e-66  5.09831e-66 -3.99005e-66 -3.99005e-66  4.64225e-66
  300.00 -7.11423  1.05235e-65  1.38128e-65  1.38128e-65 -1.08095e-65 -1.08095e-65  1.25769e-65
  300.00 -7.08818  2.85086e-65  3.74205e-65  3.74205e-65 -2.92824e-65 -2.92824e-65  3.40718e-65
  300.00 -7.06212  7.72258e-65  1.01370e-64  1.01370e-64 -7.93196e-65 -7.93196e-65  9.22970e-65
  300.00 -7.03607  2.09181e-64  2.74591e-64  2.74591e-64 -2.14846e-64 -2.14846e-64  2.50007e-64
  300.00 -7.01002  5.66569e-64  7.43759e-64  7.43759e-64 -5.81895e-64 -5.81895e-64  6.77159e-64
  300.00 -6.98397  1.53446e-63  2.01442e-63  2.01442e-63 -1.57592e-63 -1.57592e-63  1.83400e-63
  300.00 -6.95792  4.15557e-63  5.45558e-63  5.45558e-63 -4.26772e-63 -4.26772e-63  4.96685e-63
  300.00 -6.93186  1.12532e-62  1.47742e-62  1.47742e-62 -1.15565e-62 -1.15565e-62  1.34504e-62
  300.00 -6.90581  3.04715e-62  4.00070e-62  4.00070e-62 -3.12919e-62 -3.12919e-62  3.64215e-62
  300.00 -6.87976  8.25054e-62  1.08328e-61  1.08328e-61 -8.47237e-62 -8.47237e-62  9.86170e-62
  300.00 -6.85371  2.23378e-61  2.93301e-61  2.93301e-61 -2.29376e-61 -2.29376e-61  2.67003e-61
  300.00 -6.82766  6.04739e-61  7.94069e-61  7.94069e-61 -6.20958e-61 -6.20958e-61  7.22854e-61
  300.00 -6.80160  1.63706e-60  2.14967e-60  2.14967e-60 -1.68091e-60 -1.68091e-60  1.95684e-60
  300.00 -6.77555  4.43131e-60  5.81910e-60  5.81910e-60 -4.54985e-60 -4.54985e-60  5.29698e-60
  300.00 -6.74950  1.19941e-59  1.57510e-59  1.57510e-59 -1.23145e-59 -1.23145e-59  1.43374e-59
  300.00 -6.72345  3.24617e-59  4.26313e-59  4.26313e-59 -3.33277e-59 -3.33277e-59  3.88045e-59
  300.00 -6.69739  8.78503e-59  1.15377e-58  1.15377e-58 -9.01908e-59 -9.01908e-59  1.05017e-58
  300.00 -6.67134  2.37729e-58  3.12231e-58  3.12231e-58 -2.44054e-58 -2.44054e-58  2.84189e-58
  300.00 -6.64529  6.43265e-58  8.44890e-58  8.44890e-58 -6.60355e-58 -6.60355e-58  7.68991e-58
  300.00 -6.61924  1.74046e-57  2.28608e-57  2.28608e-57 -1.78663e-57 -1.78663e-57  2.08067e-57
  300.00 -6.59319  4.70873e-57  6.18515e-57  6.18515e-57 -4.83347e-57 -4.83347e-57  5.62924e-57
  300.00 -6.56713  1.27382e-56  1.67330e-56  1.67330e-56 -1.30752e-56 -1.30752e-56  1.52287e-56
  300.00 -6.54108  3.44573e-56  4.52653e-56  4.52653e-56 -3.53675e-56 -3.53675e-56  4.11948e-56
  300.00 -6.51503  9.32005e-56  1.22439e-55  1.22439e-55 -9.56586e-56 -9.56586e-56  1.11426e-55
  300.00 -6.48898  2.52069e-55  3.31163e-55  3.31163e-55 -2.58707e-55 -2.58707e-55  3.01368e-55
  300.00 -6.46293  6.81688e-55  8.95626e-55  8.95626e-55 -6.99612e-55 -6.99612e-55  8.15024e-55
  300.00 -6.43687  1.84338e-54  2.42201e-54  2.42201e-54 -1.89177e-54 -1.89177e-54  2.20398e-54
  300.00 -6.41082  4.98434e-54  6.54921e-54  6.54921e-54 -5.11499e-54 -5.11499e-54  5.95949e-54
  300.00 -6.38477  1.34761e-53  1.77078e-53  1.77078e-53 -1.38287e-53 -1.38287e-53  1.61129e-53
  300.00 -6.35872  3.64319e-53  4.78744e-53  4.78744e-53 -3.73837e-53 -3.73837e-53  4.35611e-53
  300.00 -6.33267  9.84831e-53  1.29421e-52  1.29421e-52 -1.01052e-52 -1.01052e-52  1.17757e-52
  300.00 -6.30661  2.66197e-52  3.49838e-52  3.49838e-52 -2.73128e-52 -2.73128e-52  3.18300e-52
  300.00 -6.28056  7.19457e-52  9.45561e-52  9.45561e-52 -7.38158e-52 -7.38158e-52  8.60296e-52
  300.00 -6.25451  1.94432e-51  2.55549e-51  2.55549e-51 -1.99477e-51 -1.99477e-51  2.32498e-51
  300.00 -6.22846  5.25399e-51  6.90586e-51  6.90586e-51 -5.39008e-51 -5.39008e-51  6.28275e-51
  300.00 -6.20240  1.41961e-50  1.86604e-50  1.86604e-50 -1.45632e-50 -1.45632e-50  1.69762e-50
  300.00 -6.17635  3.83540e-50  5.04177e-50  5.04177e-50 -3.93438e-50 -3.93438e-50  4.58658e-50
  300.00 -6.15030  1.03612e-49  1.36208e-49  1.36208e-49 -1.06281e-49 -1.06281e-49  1.23907e-49
  300.00 -6.12425  2.79875e-49  3.67945e-49  3.67945e-49 -2.87071e-49 -2.87071e-49  3.34704e-49
  300.00 -6.09820  7.55920e-49  9.93844e-49  9.93844e-49 -7.75319e-49 -7.75319e-49  9.04029e-49
  300.00 -6.07214  2.04148e-48  2.68417e-48  2.68417e-48 -2.09376e-48 -2.09376e-48  2.44152e-48
  300.00 -6.04609  5.51275e-48  7.24868e-48  7.24868e-48 -5.65366e-48 -5.65366e-48  6.59317e-48
  300.00 -6.02004  1.48849e-47  1.95732e-47  1.95732e-47 -1.52647e-47 -1.52647e-47  1.78026e-47
  300.00 -5.99399  4.01865e-47  5.28470e-47  5.28470e-47 -4.12096e-47 -4.12096e-47  4.80647e-47
  300.00 -5.96794  1.08484e-46  1.42670e-46  1.42670e-46 -1.11240e-46 -1.11240e-46  1.29755e-46
  300.00 -5.94188  2.92824e-46  3.85122e-46  3.85122e-46 -3.00248e-46 -3.00248e-46  3.50246e-46
  300.00 -5.91583  7.90313e-46  1.03948e-45  1.03948e-45 -8.10305e-46 -8.10305e-46  9.45314e-46
  300.00 -5.88978  2.13276e-45  2.80534e-45  2.80534e-45 -2.18660e-45 -2.18660e-45  2.55112e-45
  300.00 -5.86373  5.75490e-45  7.57019e-45  7.57019e-45 -5.89983e-45 -5.89983e-45  6.88392e-45
  300.00 -5.83768  1.55268e-44  2.04258e-44  2.04258e-44 -1.59169e-44 -1.59169e-44  1.85734e-44
  300.00 -5.81162  4.18867e-44  5.51061e-44  5.51061e-44 -4.29367e-44 -4.29367e-44  5.01067e-44
  300.00 -5.78557  1.12984e-43  1.48652e-43  1.48652e-43 -1.15810e-43 -1.15810e-43  1.35160e-43
  300.00 -5.75952  3.04725e-43  4.00949e-43  4.00949e-43 -3.12328e-43 -3.12328e-43  3.64545e-43
  300.00 -5.73347  8.21760e-43  1.08132e-42  1.08132e-42 -8.42213e-43 -8.42213e-43  9.83104e-43
  300.00 -5.70741  2.21579e-42  2.91586e-42  2.91586e-42 -2.27080e-42 -2.27080e-42  2.65090e-42
  300.00 -5.68136  5.97387e-42  7.86185e-42  7.86185e-42 -6.12181e-42 -6.12181e-42  7.14717e-42
  300.00 -5.65531  1.61038e-41  2.11947e-41  2.11947e-41 -1.65016e-41 -1.65016e-41  1.92672e-41
  300.00 -5.62926  4.34054e-41  5.71313e-41  5.71313e-41 -4.44747e-41 -4.44747e-41  5.19334e-41
  300.00 -5.60321  1.16977e-40  1.53980e-40  1.53980e-40 -1.19852e-40 -1.19852e-40  1.39964e-40
  300.00 -5.57715  3.15211e-40  4.14949e-40  4.14949e-40 -3.22935e-40 -3.22935e-40  3.77164e-40
  300.00 -5.55110  8.49263e-40  1.11807e-39  1.11807e-39 -8.70014e-40 -8.70014e-40  1.01621e-39
  300.00 -5.52505  2.28782e-39  3.01218e-39  3.01218e-39 -2.34356e-39 -2.34356e-39  2.73764e-39
  300.00 -5.49900  6.16227e-39  8.11395e-39  8.11395e-39 -6.31197e-39 -6.31197e-39  7.37408e-39
  300.00 -5.47295  1.65957e-38  2.18535e-38  2.18535e-38 -1.69977e-38 -1.69977e-38  1.98599e-38
  300.00 -5.44689  4.46878e-38  5.88503e-38  5.88503e-38 -4.57669e-38 -4.57669e-38  5.34791e-38
  300.00 -5.42084  1.20314e-37  1.58457e-37  1.58457e-37 -1.23211e-37 -1.23211e-37  1.43988e-37
  300.00 -5.39479  3.23875e-37  4.26588e-37  4.26588e-37 -3.31648e-37 -3.31648e-37  3.87616e-37
  300.00 -5.36874  8.71712e-37  1.14826e-36  1.14826e-36 -8.92564e-37 -8.92564e-37  1.04330e-36
  300.00 -5.34269  2.34585e-36  3.09032e-36  3.09032e-36 -2.40178e-36 -2.40178e-36  2.80771e-36
  300.00 -5.31663  6.31185e-36  8.31570e-36  8.31570e-36 -6.46184e-36 -6.46184e-36  7.55483e-36
  300.00 -5.29058  1.69802e-35  2.23730e-35  2.23730e-35 -1.73823e-35 -1.73823e-35  2.03248e-35
  300.00 -5.26453  4.56728e-35  6.01835e-35  6.01835e-35 -4.67506e-35 -4.67506e-35  5.46709e-35
  300.00 -5.23848  1.22828e-34  1.61867e-34  1.61867e-34 -1.25717e-34 -1.25717e-34  1.47033e-34
  300.00 -5.21242  3.30267e-34  4.35277e-34  4.35277e-34 -3.38005e-34 -3.38005e-34  3.95364e-34
  300.00 -5.18637  8.87884e-34  1.17030e-33  1.17030e-33 -9.08607e-34 -9.08607e-34  1.06293e-33
  300.00 -5.16032  2.38654e-33  3.14596e-33  3.14596e-33 -2.44203e-33 -2.44203e-33  2.85715e-33
  300.00 -5.13427  6.41363e-33  8.45532e-33  8.45532e-33 -6.56216e-33 -6.56216e-33  7.67865e-33
  300.00 -5.10822  1.72329e-32  2.27210e-32  2.27210e-32 -1.76304e-32 -1.76304e-32  2.06327e-32
  300.00 -5.08216  4.62945e-32  6.10441e-32  6.10441e-32 -4.73579e-32 -4.73579e-32  5.54301e-32
  300.00 -5.05611  1.24342e-31  1.63975e-31  1.63975e-31 -1.27186e-31 -1.27186e-31  1.48885e-31
  300.00 -5.03006  3.33902e-31  4.40379e-31  4.40379e-31 -3.41507e-31 -3.41507e-31  3.99827e-31
  300.00 -5.00401  8.96468e-31  1.18247e-30  1.18247e-30 -9.16795e-31 -9.16795e-31  1.07351e-30
  300.00 -4.97796  2.40637e-30  3.17442e-30  3.17442e-30 -2.46068e-30 -2.46068e-30  2.88172e-30
  300.00 -4.95190  6.45799e-30  8.52019e-30  8.52019e-30 -6.60308e-30 -6.60308e-30  7.73406e-30
  300.00 -4.92585  1.73277e-29  2.28635e-29  2.28635e-29 -1.77151e-29 -1.77151e-29  2.07525e-29
  300.00 -4.89980  4.64825e-29  6.13399e-29  6.13399e-29 -4.75167e-29 -4.75167e-29  5.56724e-29
  300.00 -4.87375  1.24664e-28  1.64531e-28  1.64531e-28 -1.27424e-28 -1.27424e-28  1.49318e-28
  300.00 -4.84770  3.34269e-28  4.41220e-28  4.41220e-28 -3.41630e-28 -3.41630e-28  4.00395e-28
  300.00 -4.82164  8.96085e-28  1.18294e-27  1.18294e-27 -9.15714e-28 -9.15714e-28  1.07340e-27
  300.00 -4.79559  2.40159e-27  3.17080e-27  3.17080e-27 -2.45391e-27 -2.45391e-27  2.87697e-27
  300.00 -4.76954  6.43494e-27  8.49711e-27  8.49711e-27 -6.57434e-27 -6.57434e-27  7.70909e-27
  300.00 -4.74349  1.72378e-26  2.27650e-26  2.27650e-26 -1.76091e-26 -1.76091e-26  2.06521e-26
  300.00 -4.71743  4.61647e-26  6.09754e-26  6.09754e-26 -4.71530e-26 -4.71530e-26  5.53114e-26
  300.00 -4.69138  1.23602e-25  1.63279e-25  1.63279e-25 -1.26232e-25 -1.26232e-25  1.48100e-25
  300.00 -4.66533  3.30845e-25  4.37113e-25  4.37113e-25 -3.37840e-25 -3.37840e-25  3.96441e-25
  300.00 -4.63928  8.85334e-25  1.16988e-24  1.16988e-24 -9.03931e-25 -9.03931e-25  1.06093e-24
  300.00 -4.61323  2.36847e-24  3.13016e-24  3.13016e-24 -2.41789e-24 -2.41789e-24  2.83840e-24
  300.00 -4.58717  6.33442e-24  8.37283e-24  8.37283e-24 -6.46567e-24 -6.46567e-24  7.59168e-24
  300.00 -4.56112  1.69363e-23  2.23899e-23  2.23899e-23 -1.72847e-23 -1.72847e-23  2.02991e-23
  300.00 -4.53507  4.52690e-23  5.98556e-23  5.98556e-23 -4.61934e-23 -4.61934e-23  5.42608e-23
  300.00 -4.50902  1.20962e-22  1.59966e-22  1.59966e-22 -1.23414e-22 -1.23414e-22  1.44999e-22
  300.00 -4.48297  3.23120e-22  4.27380e-22  4.27380e-22 -3.29616e-22 -3.29616e-22  3.87352e-22
  300.00 -4.45691  8.62854e-22  1.14147e-21  1.14147e-21 -8.80060e-22 -8.80060e-22  1.03445e-21
  300.00 -4.43086  2.30339e-21  3.04769e-21  3.04769e-21 -2.34894e-21 -2.34894e-21  2.76166e-21
  300.00 -4.40481  6.14683e-21  8.13457e-21  8.13457e-21 -6.26731e-21 -6.26731e-21  7.37029e-21
  300.00 -4.37876  1.63977e-20  2.17045e-20  2.17045e-20 -1.67162e-20 -1.67162e-20  1.96630e-20
  300.00 -4.35271  4.37282e-20  5.78910e-20  5.78910e-20 -4.45695e-20 -4.45695e-20  5.24397e-20
  300.00 -4.32665  1.16568e-19  1.54353e-19  1.54353e-19 -1.18789e-19 -1.18789e-19  1.39802e-19
  300.00 -4.30060  3.10624e-19  4.11396e-19  4.11396e-19 -3.16482e-19 -3.16482e-19  3.72564e-19
  300.00 -4.27455  8.27413e-19  1.09607e-18  1.09607e-18 -8.42853e-19 -8.42853e-19  9.92485e-19
  300.00 -4.24850  2.20311e-18  2.91908e-18  2.91908e-18 -2.24377e-18 -2.24377e-18  2.64286e-18
  300.00 -4.22244  5.86371e-18  7.77103e-18  7.77103e-18 -5.97070e-18 -5.97070e-18  7.03473e-18
  300.00 -4.19639  1.56000e-17  2.06791e-17  2.06791e-17 -1.58813e-17 -1.58813e-17  1.87171e-17
  300.00 -4.17034  4.14849e-17  5.50045e-17  5.50045e-17 -4.22236e-17 -4.22236e-17  4.97787e-17
  300.00 -4.14429  1.10271e-16  1.46243e-16  1.46243e-16 -1.12209e-16 -1.12209e-16  1.32329e-16
  300.00 -4.11824  2.92975e-16  3.88645e-16  3.88645e-16 -2.98055e-16 -2.98055e-16  3.51614e-16
  300.00 -4.09218  7.78027e-16  1.03235e-15  1.03235e-15 -7.91325e-16 -7.91325e-16  9.33842e-16
  300.00 -4.06613  2.06512e-15  2.74091e-15  2.74091e-15 -2.09990e-15 -2.09990e-15  2.47896e-15
  300.00 -4.04008  5.47870e-15  7.27354e-15  7.27354e-15 -5.56951e-15 -5.56951e-15  6.57727e-15
  300.00 -4.01403  1.45272e-14  1.92918e-14  1.92918e-14 -1.47641e-14 -1.47641e-14  1.74420e-14
  300.00 -3.98798  3.84992e-14  5.11412e-14  5.11412e-14 -3.91162e-14 -3.91162e-14  4.62292e-14
  300.00 -3.96192  1.01972e-13  1.35497e-13  1.35497e-13 -1.03576e-13 -1.03576e-13  1.22460e-13
  300.00 -3.93587  2.69934e-13  3.58793e-13  3.58793e-13 -2.74101e-13 -2.74101e-13  3.24208e-13
  300.00 -3.90982  7.14128e-13  9.49517e-13  9.49517e-13 -7.24929e-13 -7.24929e-13  8.57819e-13
  300.00 -3.88377  1.88811e-12  2.51130e-12  2.51130e-12 -1.91605e-12 -1.91605e-12  2.26830e-12
  300.00 -3.85772  4.98882e-12  6.63775e-12  6.63775e-12 -5.06099e-12 -5.06099e-12  5.99417e-12
  300.00 -3.83166  1.31729e-11  1.75332e-11  1.75332e-11 -1.33589e-11 -1.33589e-11  1.58297e-11
  300.00 -3.80561  3.47589e-11  4.62815e-11  4.62815e-11 -3.52371e-11 -3.52371e-11  4.17751e-11
  300.00 -3.77956  9.16515e-11  1.22081e-10  1.22081e-10 -9.28780e-11 -9.28780e-11  1.10168e-10
  300.00 -3.75351  2.41485e-10  3.21792e-10  3.21792e-10 -2.44622e-10 -2.44622e-10  2.90316e-10
  300.00 -3.72745  6.35780e-10  8.47565e-10  8.47565e-10 -6.43780e-10 -6.43780e-10  7.64460e-10
  300.00 -3.70140  1.67253e-09  2.23064e-09  2.23064e-09 -1.69286e-09 -1.69286e-09  2.01137e-09
  300.00 -3.67535  4.39619e-09  5.86583e-09  5.86583e-09 -4.44770e-09 -4.44770e-09  5.28772e-09
  300.00 -3.64930  1.15452e-08  1.54120e-08  1.54120e-08 -1.16751e-08 -1.16751e-08  1.38890e-08
  300.00 -3.62325  3.02922e-08  4.04578e-08  4.04578e-08 -3.06184e-08 -3.06184e-08  3.64484e-08
  300.00 -3.59719  7.94050e-08  1.06107e-07  1.06107e-07 -8.02200e-08 -8.02200e-08  9.55603e-08
  300.00 -3.57114  2.07938e-07  2.78012e-07  2.78012e-07 -2.09962e-07 -2.09962e-07  2.50293e-07
  300.00 -3.54509  5.43963e-07  7.27683e-07  7.27683e-07 -5.48955e-07 -5.48955e-07  6.54899e-07
  300.00 -3.51904  1.42145e-06  1.90266e-06  1.90266e-06 -1.43367e-06 -1.43367e-06  1.71171e-06
  300.00 -3.49299  3.71023e-06  4.96932e-06  4.96932e-06 -3.73984e-06 -3.73984e-06  4.46885e-06
  300.00 -3.46693  9.67274e-06  1.29636e-05  1.29636e-05 -9.74369e-06 -9.74369e-06  1.16532e-05
  300.00 -3.44088  2.51856e-05  3.37773e-05  3.37773e-05 -2.53532e-05 -2.53532e-05  3.03498e-05
  300.00 -3.41483  6.54910e-05  8.78951e-05  8.78951e-05 -6.58798e-05 -6.58798e-05  7.89400e-05
  300.00 -3.38878  1.70061e-04  2.28411e-04  2.28411e-04 -1.70942e-04 -1.70942e-04  2.05040e-04
  300.00 -3.36273  4.40952e-04  5.92717e-04  5.92717e-04 -4.42882e-04 -4.42882e-04  5.31798e-04
  300.00 -3.33667  1.14157e-03  1.53576e-03  1.53576e-03 -1.14560e-03 -1.14560e-03  1.37717e-03
  300.00 -3.31062  2.95055e-03  3.97291e-03  3.97291e-03 -2.95828e-03 -2.95828e-03  3.56060e-03
  300.00 -3.28457  7.61283e-03  1.02603e-02  1.02603e-02 -7.62547e-03 -7.62547e-03  9.18986e-03
  300.00 -3.25852  1.96059e-02  2.64506e-02  2.64506e-02 -1.96183e-02 -1.96183e-02  2.36756e-02
  300.00 -3.23246  5.03935e-02  6.80586e-02  6.80586e-02 -5.03703e-02 -5.03703e-02  6.08761e-02
  300.00 -3.20641  1.29257e-01  1.74764e-01  1.74764e-01 -1.29045e-01 -1.29045e-01  1.56204e-01
  300.00 -3.18036  3.30795e-01  4.47800e-01  4.47800e-01 -3.29838e-01 -3.29838e-01  3.99925e-01
  300.00 -3.15431  8.44553e-01  1.14475e+00  1.14475e+00 -8.40966e-01 -8.40966e-01  1.02149e+00
  300.00 -3.12826  2.15070e+00  2.91922e+00  2.91922e+00 -2.13842e+00 -2.13842e+00  2.60248e+00
  300.00 -3.10220  5.46175e+00  7.42448e+00  7.42448e+00 -5.42193e+00 -5.42193e+00  6.61233e+00
  300.00 -3.07615  1.38290e+01  1.88288e+01  1.88288e+01 -1.37045e+01 -1.37045e+01  1.67511e+01
  300.00 -3.05010  3.49021e+01  4.76034e+01  4.76034e+01 -3.45224e+01 -3.45224e+01  4.23005e+01
  300.00 -3.02405  8.77796e+01  1.19949e+02  1.19949e+02 -8.66450e+01 -8.66450e+01  1.06451e+02
  300.00 -2.99800  2.19929e+02  3.01145e+02  3.01145e+02 -2.16592e+02 -2.16592e+02  2.66880e+02
  300.00 -2.97194  5.48736e+02  7.53060e+02  7.53060e+02 -5.39050e+02 -5.39050e+02  6.66342e+02
  300.00 -2.94589  1.36289e+03  1.87497e+03  1.87497e+03 -1.33509e+03 -1.33509e+03  1.65622e+03
  300.00 -2.91984  3.36800e+03  4.64601e+03  4.64601e+03 -3.28898e+03 -3.28898e+03  4.09615e+03
  300.00 -2.89379  8.27673e+03  1.14517e+04  1.14517e+04 -8.05413e+03 -8.05413e+03  1.00749e+04
  300.00 -2.86774  2.02137e+04  2.80611e+04  2.80611e+04 -1.95917e+04 -1.95917e+04  2.46284e+04
  300.00 -2.84168  4.90239e+04  6.83108e+04  6.83108e+04 -4.72991e+04 -4.72991e+04  5.97914e+04
  300.00 -2.81563  1.17965e+05  1.65069e+05  1.65069e+05 -1.13218e+05 -1.13218e+05  1.44034e+05
  300.00 -2.78958  2.81332e+05  3.95559e+05  3.95559e+05 -2.68360e+05 -2.68360e+05  3.43918e+05
  300.00 -2.76353  6.64104e+05  9.38900e+05  9.38900e+05 -6.28922e+05 -6.28922e+05  8.12920e+05
  300.00 -2.73747  1.54923e+06  2.20435e+06  2.20435e+06 -1.45455e+06 -1.45455e+06  1.89919e+06
  300.00 -2.71142  3.56471e+06  5.11056e+06  5.11056e+06 -3.31198e+06 -3.31198e+06  4.37731e+06
  300.00 -2.68537  8.07163e+06  1.16771e+07  1.16771e+07 -7.40327e+06 -7.40327e+06  9.93098e+06
  300.00 -2.65932  1.79382e+07  2.62353e+07  2.62353e+07 -1.61898e+07 -1.61898e+07  2.21198e+07
  300.00 -2.63327  3.90167e+07  5.78093e+07  5.78093e+07 -3.45030e+07 -3.45030e+07  4.82210e+07
  300.00 -2.60721  8.28330e+07  1.24558e+08  1.24558e+08 -7.13709e+07 -7.13709e+07  1.02511e+08
  300.00 -2.58116  1.71262e+08  2.61523e+08  2.61523e+08 -1.42744e+08 -1.42744e+08  2.11582e+08
  300.00 -2.55511  3.44236e+08  5.32926e+08  5.32926e+08 -2.75006e+08 -2.75006e+08  4.21745e+08
  300.00 -2.52906  6.71346e+08  1.04923e+09  1.04923e+09 -5.07925e+08 -5.07925e+08  8.06730e+08
  300.00 -2.50301  1.26594e+09  1.98601e+09  1.98601e+09 -8.91866e+08 -8.91866e+08  1.47005e+09
  300.00 -2.47695  2.29464e+09  3.59519e+09  3.59519e+09 -1.46668e+09 -1.46668e+09  2.53043e+09
  300.00 -2.45090  3.97106e+09  6.18870e+09  6.18870e+09 -2.20814e+09 -2.20814e+09  4.07235e+09
  300.00 -2.42485  6.53539e+09  1.00661e+10  1.00661e+10 -2.95843e+09 -2.95843e+09  6.04787e+09
  300.00 -2.39880  1.02414e+10  1.53799e+10  1.53799e+10 -3.41856e+09 -3.41856e+09  8.16216e+09
  300.00 -2.37275  1.53415e+10  2.20176e+10  2.20176e+10 -3.27197e+09 -3.27197e+09  9.87623e+09
  300.00 -2.34669  2.20400e+10  2.96897e+10  2.96897e+10 -2.34753e+09 -2.34753e+09  1.06573e+10
  300.00 -2.32064  3.05471e+10  3.83560e+10  3.83560e+10 -6.25921e+08 -6.25921e+08  1.02905e+10
  300.00 -2.29459  4.12639e+10  4.85982e+10  4.85982e+10  1.85552e+09  1.85552e+09  8.82233e+09
  300.00 -2.26854  5.44441e+10  6.08957e+10  6.08957e+10  4.85285e+09  4.85285e+09  6.12991e+09
  300.00 -2.24248  6.88275e+10  7.36781e+10  7.36781e+10  7.69089e+09  7.69089e+09  1.62970e+09
  300.00 -2.21643  8.05215e+10  8.24048e+10  8.24048e+10  9.68941e+09  9.68941e+09 -5.20815e+09
  300.00 -2.19038  8.46074e+10  8.22489e+10  8.22489e+10  1.06756e+10  1.06756e+10 -1.31315e+10
  300.00 -2.16433  7.95048e+10  7.31993e+10  7.31993e+10  1.06393e+10  1.06393e+10 -1.85329e+10
  300.00 -2.13828  6.89338e+10  6.08245e+10  6.08245e+10  9.55259e+09  9.55259e+09 -1.88645e+10
  300.00 -2.11222  5.82244e+10  5.06492e+10  5.06492e+10  7.70801e+09  7.70801e+09 -1.52849e+10
  300.00 -2.08617  4.99435e+10  4.41445e+10  4.41445e+10  5.59906e+09  5.59906e+09 -1.05306e+10
  300.00 -2.06012  4.38519e+10  3.99351e+10  3.99351e+10  3.70400e+09  3.70400e+09 -6.51295e+09
  300.00 -2.03407  3.91021e+10  3.65598e+10  3.65598e+10  2.39881e+09  2.39881e+09 -3.92357e+09
  300.00 -2.00802  3.52943e+10  3.35772e+10  3.35772e+10  1.77903e+09  1.77903e+09 -2.62318e+09
  300.00 -1.98196  3.22772e+10  3.10491e+10  3.10491e+10  1.64754e+09  1.64754e+09 -2.15578e+09
  300.00 -1.95591  2.98488e+10  2.89569e+10  2.89569e+10  1.71456e+09  1.71456e+09 -2.07724e+09
  300.00 -1.92986  2.77927e+10  2.71583e+10  2.71583e+10  1.78543e+09  1.78543e+09 -2.08565e+09
  300.00 -1.90381  2.60072e+10  2.55567e+10  2.55567e+10  1.80589e+09  1.80589e+09 -2.04952e+09
  300.00 -1.87776  2.44930e+10  2.41500e+10  2.41500e+10  1.79712e+09  1.79712e+09 -1.96621e+09
  300.00 -1.85170  2.32400e+10  2.29438e+10  2.29438e+10  1.77892e+09  1.77892e+09 -1.87913e+09
  300.00 -1.82565  2.21675e+10  2.18859e+10  2.18859e+10  1.74335e+09  1.74335e+09 -1.80936e+09
  300.00 -1.79960  2.11680e+10  2.08961e+10  2.08961e+10  1.67139e+09  1.67139e+09 -1.73672e+09
  300.00 -1.77355  2.01878e+10  1.99389e+10  1.99389e+10  1.55525e+09  1.55525e+09 -1.62197e+09
  300.00 -1.74749  1.92560e+10  1.90496e+10  1.90496e+10  1.40262e+09  1.40262e+09 -1.43958e+09
  300.00 -1.72144  1.84372e+10  1.82885e+10  1.82885e+10  1.22657e+09  1.22657e+09 -1.19427e+09
  300.00 -1.69539  1.77608e+10  1.76749e+10  1.76749e+10  1.03675e+09  1.03675e+09 -9.15290e+08
  300.00 -1.66934  1.71915e+10  1.71613e+10  1.71613e+10  8.39638e+08  8.39638e+08 -6.39517e+08
  300.00 -1.64329  1.66562e+10  1.66656e+10  1.66656e+10  6.43257e+08  6.43257e+08 -3.96009e+08
  300.00 -1.61723  1.61001e+10  1.61292e+10  1.61292e+10  4.58551e+08  4.58551e+08 -1.98066e+08
  300.00 -1.59118  1.55225e+10  1.55521e+10  1.55521e+10  2.95326e+08  2.95326e+08 -4.39309e+07
  300.00 -1.56513  1.49667e+10  1.49811e+10  1.49811e+10  1.57331e+08  1.57331e+08  7.67848e+07
  300.00 -1.53908  1.44786e+10  1.44667e+10  1.44667e+10  4.15603e+07  4.15603e+07  1.76130e+08
  300.00 -1.51303  1.40696e+10  1.40258e+10  1.40258e+10 -5.78176e+07 -5.78176e+07  2.63549e+08
  300.00 -1.48697  1.37099e+10  1.36345e+10  1.36345e+10 -1.44388e+08 -1.44388e+08  3.44092e+08
  300.00 -1.46092  1.33515e+10  1.32506e+10  1.32506e+10 -2.16909e+08 -2.16909e+08  4.17707e+08
  300.00 -1.43487  1.29620e+10  1.28448e+10  1.28448e+10 -2.70610e+08 -2.70610e+08  4.79421e+08
  300.00 -1.40882  1.25425e+10  1.24183e+10  1.24183e+10 -3.01000e+08 -3.01000e+08  5.21136e+08
  300.00 -1.38277  1.21195e+10  1.19941e+10  1.19941e+10 -3.07315e+08 -3.07315e+08  5.35004e+08
  300.00 -1.35671  1.17199e+10  1.15940e+10  1.15940e+10 -2.93487e+08 -2.93487e+08  5.17004e+08
  300.00 -1.33066  1.13480e+10  1.12170e+10  1.12170e+10 -2.66672e+08 -2.66672e+08  4.69055e+08
  300.00 -1.30461  1.09815e+10  1.08378e+10  1.08378e+10 -2.34791e+08 -2.34791e+08  3.98931e+08
  300.00 -1.27856  1.05865e+10  1.04223e+10  1.04223e+10 -2.04455e+08 -2.04455e+08  3.18096e+08
  300.00 -1.25251  1.01412e+10  9.95232e+09  9.95232e+09 -1.79893e+08 -1.79893e+08  2.38279e+08
  300.00 -1.22645  9.65017e+09  9.43841e+09  9.43841e+09 -1.62951e+08 -1.62951e+08  1.68269e+08
  300.00 -1.20040  9.14138e+09  8.91438e+09  8.91438e+09 -1.53721e+08 -1.53721e+08  1.12420e+08
  300.00 -1.17435  8.64684e+09  8.41599e+09  8.41599e+09 -1.51200e+08 -1.51200e+08  7.11068e+07
  300.00 -1.14830  8.18222e+09  7.95952e+09  7.95952e+09 -1.53608e+08 -1.53608e+08  4.20553e+07
  300.00 -1.12224  7.73779e+09  7.53349e+09  7.53349e+09 -1.58550e+08 -1.58550e+08  2.14488e+07
  300.00 -1.09619  7.28571e+09  7.10727e+09  7.10727e+09 -1.63457e+08 -1.63457e+08  4.65996e+06
  300.00 -1.07014  6.79834e+09  6.65054e+09  6.65054e+09 -1.66521e+08 -1.66521e+08 -1.27477e+07
  300.00 -1.04409  6.26598e+09  6.15128e+09  6.15128e+09 -1.67615e+08 -1.67615e+08 -3.34600e+07
  300.00 -1.01804  5.70234e+09  5.62087e+09  5.62087e+09 -1.68305e+08 -1.68305e+08 -5.71069e+07
  300.00 -0.99198  5.13461e+09  5.08380e+09  5.08380e+09 -1.70572e+08 -1.70572e+08 -8.05080e+07
  300.00 -0.96593  4.58531e+09  4.56017e+09  4.56017e+09 -1.74998e+08 -1.74998e+08 -9.97656e+07
  300.00 -0.93988  4.05872e+09  4.05324e+09  4.05324e+09 -1.79723e+08 -1.79723e+08 -1.12976e+08
  300.00 -0.91383  3.54015e+09  3.54956e+09  3.54956e+09 -1.81090e+08 -1.81090e+08 -1.21716e+08
  300.00 -0.88778  3.00837e+09  3.03076e+09  3.03076e+09 -1.75780e+08 -1.75780e+08 -1.30044e+08
  300.00 -0.86172  2.45351e+09  2.48921e+09  2.48921e+09 -1.63085e+08 -1.63085e+08 -1.41221e+08
  300.00 -0.83567  1.88816e+09  1.93692e+09  1.93692e+09 -1.45374e+08 -1.45374e+08 -1.54353e+08
  300.00 -0.80962  1.34275e+09  1.40078e+09  1.40078e+09 -1.25864e+08 -1.25864e+08 -1.63823e+08
  300.00 -0.78357  8.49327e+08  9.08884e+08  9.08884e+08 -1.05008e+08 -1.05008e+08 -1.61724e+08
  300.00 -0.75752  4.31948e+08  4.83585e+08  4.83585e+08 -7.85149e+07 -7.85149e+07 -1.39480e+08
  300.00 -0.73146  1.23720e+08  1.58720e+08  1.58720e+08 -3.98130e+07 -3.98130e+07 -8.63497e+07
  300.00 -0.70541  1.01358e+07  2.20302e+07  2.20302e+07  1.15372e+07  1.15372e+07  5.28831e+06
  300.00 -0.67936  2.23444e+08  2.10031e+08  2.10031e+08  5.86786e+07  5.86786e+07  1.18804e+08
  300.00 -0.65331  8.01839e+08  7.66802e+08  7.66802e+08  7.11462e+07  7.11462e+07  2.07958e+08
  300.00 -0.62725  1.59764e+09  1.54820e+09  1.54820e+09  3.17872e+07  3.17872e+07  2.36829e+08
  300.00 -0.60120  2.43769e+09  2.38375e+09  2.38375e+09 -4.25641e+07 -4.25641e+07  2.13835e+08
  300.00 -0.57515  3.29963e+09  3.25732e+09  3.25732e+09 -1.21199e+08 -1.21199e+08  1.71757e+08
  300.00 -0.54910  4.29097e+09  4.27963e+09  4.27963e+09 -1.91412e+08 -1.91412e+08  1.31118e+08
  300.00 -0.52305  5.52495e+09  5.55888e+09  5.55888e+09 -2.53367e+08 -2.53367e+08  9.43024e+07
  300.00 -0.49699  7.04234e+09  7.12539e+09  7.12539e+09 -3.01115e+08 -3.01115e+08  6.08173e+07
  300.00 -0.47094  8.82764e+09  8.95435e+09  8.95435e+09 -3.22484e+08 -3.22484e+08  3.55952e+07
  300.00 -0.44489  1.08852e+10  1.10454e+10  1.10454e+10 -3.14264e+08 -3.14264e+08  2.33140e+07
  300.00 -0.41884  1.33139e+10  1.34963e+10  1.34963e+10 -2.89241e+08 -2.89241e+08  1.96336e+07
  300.00 -0.39279  1.63024e+10  1.64951e+10  1.64951e+10 -2.63604e+08 -2.63604e+08  1.09404e+07
  300.00 -0.36673  2.00322e+10  2.02221e+10  2.02221e+10 -2.41949e+08 -2.41948e+08 -1.85934e+07
  300.00 -0.34068  2.46096e+10  2.47827e+10  2.47827e+10 -2.18500e+08 -2.18500e+08 -8.09050e+07
  300.00 -0.31463  3.01374e+10  3.02824e+10  3.02824e+10 -1.90218e+08 -1.90218e+08 -1.82960e+08
  300.00 -0.28858  3.68864e+10  3.69998e+10  3.69998e+10 -1.64190e+08 -1.64190e+08 -3.29953e+08
  300.00 -0.26253  4.54120e+10  4.54990e+10  4.54990e+10 -1.51403e+08 -1.51403e+08 -5.27852e+08
  300.00 -0.23647  5.65170e+10  5.65816e+10  5.65816e+10 -1.58030e+08 -1.58030e+08 -7.78594e+08
  300.00 -0.21042  7.12476e+10  7.12795e+10  7.12795e+10 -1.85533e+08 -1.85533e+08 -1.07013e+09
  300.00 -0.18437  9.12701e+10  9.12513e+10  9.12513e+10 -2.30422e+08 -2.30422e+08 -1.37832e+09
  300.00 -0.15832  1.19395e+11  1.19332e+11  1.19332e+11 -2.75435e+08 -2.75435e+08 -1.68080e+09
  300.00 -0.13226  1.59675e+11  1.59629e+11  1.59629e+11 -3.01019e+08 -3.01019e+08 -1.94599e+09
  300.00 -0.10621  2.17432e+11  2.17533e+11  2.17533e+11 -3.28458e+08 -3.28458e+08 -2.11190e+09
  300.00 -0.08016  2.97420e+11  2.97885e+11  2.97885e+11 -4.34400e+08 -4.34400e+08 -2.11942e+09
  300.00 -0.05411  3.93909e+11  3.94960e+11  3.94960e+11 -7.08462e+08 -7.08462e+08 -1.88661e+09
  300.00 -0.02806  4.77397e+11  4.78959e+11  4.78959e+11 -1.11119e+09 -1.11119e+09 -1.21203e+09
  300.00 -0.00200  5.03027e+11  5.04500e+11  5.04500e+11 -1.42581e+09 -1.42581e+09 -1.35985e+08
  300.00  0.02405  4.48847e+11  4.49574e+11  4.49574e+11 -1.48282e+09 -1.48282e+09  7.70946e+08
  300.00  0.05010  3.40108e+11  3.40084e+11  3.40084e+11 -1.27876e+09 -1.27876e+09  1.08747e+09
  300.00  0.07615  2.24124e+11  2.23778e+11  2.23778e+11 -9.37115e+08 -9.37115e+08  9.31570e+08
  300.00  0.10220  1.32518e+11  1.32174e+11  1.32174e+11 -6.02043e+08 -6.02043e+08  6.20547e+08
  300.00  0.12826  7.22858e+10  7.20474e+10  7.20474e+10 -3.50062e+08 -3.50062e+08  3.54645e+08
  300.00  0.15431  3.71366e+10  3.69966e+10  3.69966e+10 -1.89017e+08 -1.89017e+08  1.83789e+08
  300.00  0.18036  1.82293e+10  1.81545e+10  1.81545e+10 -9.65206e+07 -9.65206e+07  8.92838e+07
  300.00  0.20641  8.63563e+09  8.59807e+09  8.59807e+09 -4.72028e+07 -4.72028e+07  4.14932e+07
  300.00  0.23246  3.97616e+09  3.95813e+09  3.95813e+09 -2.23050e+07 -2.23050e+07  1.86849e+07
  300.00  0.25852  1.78878e+09  1.78041e+09  1.78041e+09 -1.02506e+07 -1.02506e+07  8.22074e+06
  300.00  0.28457  7.89404e+08  7.85617e+08  7.85617e+08 -4.60409e+06 -4.60409e+06  3.55316e+06
  300.00  0.31062  3.42790e+08  3.41113e+08  3.41113e+08 -2.02889e+06 -2.02889e+06  1.51424e+06
  300.00  0.33667  1.46826e+08  1.46096e+08  1.46096e+08 -8.79854e+05 -8.79854e+05  6.37886e+05
  300.00  0.36273  6.21541e+07  6.18408e+07  6.18408e+07 -3.76405e+05 -3.76405e+05  2.66097e+05
  300.00  0.38878  2.60445e+07  2.59117e+07  2.59117e+07 -1.59161e+05 -1.59161e+05  1.10068e+05
  300.00  0.41483  1.08169e+07  1.07612e+07  1.07612e+07 -6.66260e+04 -6.66260e+04  4.51925e+04
  300.00  0.44088  4.45755e+06  4.43440e+06  4.43440e+06 -2.76459e+04 -2.76459e+04  1.84338e+04
  300.00  0.46693  1.82424e+06  1.81469e+06  1.81469e+06 -1.13831e+04 -1.13831e+04  7.47504e+03
  300.00  0.49299  7.41962e+05  7.38053e+05  7.38053e+05 -4.65495e+03 -4.65495e+03  3.01522e+03
  300.00  0.51904  3.00105e+05  2.98515e+05  2.98515e+05 -1.89197e+03 -1.89197e+03  1.21046e+03
  300.00  0.54509  1.20779e+05  1.20136e+05  1.20136e+05 -7.64769e+02 -7.64769e+02  4.83835e+02
  300.00  0.57114  4.83881e+04  4.81290e+04  4.81290e+04 -3.07606e+02 -3.07606e+02  1.92631e+02
  300.00  0.59719  1.93059e+04  1.92020e+04  1.92020e+04 -1.23171e+02 -1.23171e+02  7.64152e+01
  300.00  0.62325  7.67356e+03  7.63213e+03  7.63213e+03 -4.91184e+01 -4.91184e+01  3.02125e+01
  300.00  0.64930  3.03945e+03  3.02298e+03  3.02298e+03 -1.95142e+01 -1.95142e+01  1.19085e+01
  300.00  0.67535  1.20006e+03  1.19353e+03  1.19353e+03 -7.72617e+00 -7.72617e+00  4.68049e+00
  300.00  0.70140  4.72417e+02  4.69840e+02  4.69840e+02 -3.04929e+00 -3.04929e+00  1.83476e+00
  300.00  0.72745  1.85462e+02  1.84448e+02  1.84448e+02 -1.19994e+00 -1.19994e+00  7.17459e-01
  300.00  0.75351  7.26235e+01  7.22251e+01  7.22251e+01 -4.70911e-01 -4.70911e-01  2.79911e-01
  300.00  0.77956  2.83704e+01  2.82144e+01  2.82144e+01 -1.84340e-01 -1.84340e-01  1.08971e-01
  300.00  0.80561  1.10583e+01  1.09973e+01  1.09973e+01 -7.19904e-02 -7.19904e-02  4.23377e-02
  300.00  0.83166  4.30137e+00  4.27761e+00  4.27761e+00 -2.80525e-02 -2.80525e-02  1.64181e-02
  300.00  0.85772  1.66985e+00  1.66060e+00  1.66060e+00 -1.09087e-02 -1.09087e-02  6.35547e-03
  300.00  0.88377  6.47066e-01  6.43477e-01  6.43477e-01 -4.23381e-03 -4.23381e-03  2.45609e-03
  300.00  0.90982  2.50305e-01  2.48914e-01  2.48914e-01 -1.64020e-03 -1.64020e-03  9.47662e-04
  300.00  0.93587  9.66675e-02  9.61295e-02  9.61295e-02 -6.34335e-04 -6.34335e-04  3.65101e-04
  300.00  0.96192  3.72753e-02  3.70675e-02  3.70675e-02 -2.44926e-04 -2.44926e-04  1.40461e-04
  300.00  0.98798  1.43525e-02  1.42724e-02  1.42724e-02 -9.44248e-05 -9.44248e-05  5.39653e-05
  300.00  1.01403  5.51864e-03  5.48778e-03  5.48778e-03 -3.63502e-05 -3.63502e-05  2.07071e-05
  300.00  1.04008  2.11917e-03  2.10730e-03  2.10730e-03 -1.39743e-05 -1.39743e-05  7.93588e-06
  300.00  1.06613  8.12748e-04  8.08192e-04  8.08192e-04 -5.36519e-06 -5.36519e-06  3.03786e-06
  300.00  1.09218  3.11336e-04  3.09589e-04  3.09589e-04 -2.05732e-06 -2.05732e-06  1.16161e-06
  300.00  1.11824  1.19127e-04  1.18458e-04  1.18458e-04 -7.87961e-07 -7.87961e-07  4.43709e-07
  300.00  1.14429  4.55325e-05  4.52764e-05  4.52764e-05 -3.01452e-07 -3.01452e-07  1.69316e-07
  300.00  1.17034  1.73854e-05  1.72875e-05  1.72875e-05 -1.15203e-07 -1.15203e-07  6.45475e-08
  300.00  1.19639  6.63159e-06  6.59420e-06  6.59420e-06 -4.39810e-08 -4.39810e-08  2.45846e-08
  300.00  1.22244  2.52721e-06  2.51294e-06  2.51294e-06 -1.67741e-08 -1.67741e-08  9.35567e-09
  300.00  1.24850  9.62209e-07  9.56774e-07  9.56774e-07 -6.39153e-09 -6.39153e-09  3.55810e-09
  300.00  1.27455  3.66029e-07  3.63960e-07  3.63960e-07 -2.43324e-09 -2.43324e-09  1.35434e-09
  300.00  1.30060  1.39109e-07  1.38324e-07  1.38324e-07 -9.25584e-10 -9.25584e-10  5.21320e-10
  300.00  1.32665  5.27880e-08  5.24941e-08  5.24941e-08 -3.51954e-10 -3.51954e-10  2.17688e-10
  300.00  1.35271  1.99106e-08  1.98119e-08  1.98119e-08 -1.34165e-10 -1.34165e-10  1.37399e-10
  300.00  1.37876  7.22007e-09  7.21829e-09  7.21829e-09 -5.22424e-11 -5.22424e-11  1.97062e-10
  300.00  1.40481  1.97157e-09  2.06569e-09  2.06569e-09 -2.21882e-11 -2.21882e-11  3.61189e-10
  300.00  1.43086  2.49824e-11  1.45433e-10  1.45433e-10 -5.27848e-12 -5.27848e-12  1.44867e-10
  300.00  1.45691  8.43764e-10  7.34605e-10  7.34605e-10  1.01948e-11  1.01948e-11 -5.02439e-10
  300.00  1.48297  3.36654e-09  3.04533e-09  3.04533e-09  2.49316e-11  2.49316e-11 -1.33004e-09
  300.00  1.50902  9.17788e-09  8.38603e-09  8.38603e-09  6.16241e-11  6.16241e-11 -3.34382e-09
  300.00  1.53507  2.37865e-08  2.17861e-08  2.17861e-08  1.57261e-10  1.57261e-10 -8.48515e-09
  300.00  1.56112  6.11183e-08  5.60520e-08  5.60520e-08  4.02703e-10  4.02703e-10 -2.15207e-08
  300.00  1.58717  1.56574e-07  1.43772e-07  1.43772e-07  1.02948e-09  1.02948e-09 -5.44447e-08
  300.00  1.61323  4.00205e-07  3.67957e-07  3.67957e-07  2.62485e-09  2.62485e-09 -1.37330e-07
  300.00  1.63928  1.02062e-06  9.39665e-07  9.39665e-07  6.67222e-09  6.67222e-09 -3.45305e-07
  300.00  1.66533  2.59674e-06  2.39425e-06  2.39425e-06  1.69025e-08  1.69025e-08 -8.65359e-07
  300.00  1.69138  6.59075e-06  6.08619e-06  6.08619e-06  4.26533e-08  4.26533e-08 -2.16114e-06
  300.00  1.71743  1.66857e-05  1.54334e-05  1.54334e-05  1.07163e-07  1.07163e-07 -5.37770e-06
  300.00  1.74349  4.21326e-05  3.90370e-05  3.90370e-05  2.67880e-07  2.67881e-07 -1.33315e-05
  300.00  1.76954  1.06101e-04  9.84807e-05  9.84807e-05  6.65726e-07  6.65727e-07 -3.29212e-05
  300.00  1.79559  2.66449e-04  2.47769e-04  2.47769e-04  1.64315e-06  1.64315e-06 -8.09715e-05
  300.00  1.82164  6.67214e-04  6.21620e-04  6.21620e-04  4.02299e-06  4.02299e-06 -1.98337e-04
  300.00  1.84770  1.66588e-03  1.55506e-03  1.55506e-03  9.75505e-06  9.75505e-06 -4.83778e-04
  300.00  1.87375  4.14681e-03  3.87857e-03  3.87857e-03  2.33800e-05  2.33800e-05 -1.17496e-03
  300.00  1.89980  1.02908e-02  9.64410e-03  9.64410e-03  5.52384e-05  5.52385e-05 -2.84116e-03
  300.00  1.92585  2.54573e-02  2.39043e-02  2.39043e-02  1.28188e-04  1.28188e-04 -6.83967e-03
  300.00  1.95190  6.27729e-02  5.90567e-02  5.90567e-02  2.90691e-04  2.90692e-04 -1.63910e-02
  300.00  1.97796  1.54273e-01  1.45410e-01  1.45410e-01  6.39196e-04  6.39196e-04 -3.90999e-02
  300.00  2.00401  3.77852e-01  3.56784e-01  3.56784e-01  1.34579e-03  1.34579e-03 -9.28335e-02
  300.00  2.03006  9.22190e-01  8.72252e-01  8.72252e-01  2.65141e-03  2.65141e-03 -2.19357e-01
  300.00  2.05611  2.24249e+00  2.12444e+00  2.12444e+00  4.64900e-03  4.64900e-03 -5.15780e-01
  300.00  2.08216  5.43237e+00  5.15402e+00  5.15402e+00  6.22747e-03  6.22747e-03 -1.20665e+00
  300.00  2.10822  1.31076e+01  1.24529e+01  1.24529e+01  1.14106e-03  1.14107e-03 -2.80820e+00
  300.00  2.13427  3.14951e+01  2.99593e+01  2.99593e+01 -3.49673e-02 -3.49673e-02 -6.50004e+00
  300.00  2.16032  7.53458e+01  7.17527e+01  7.17527e+01 -1.84450e-01 -1.84450e-01 -1.49603e+01
  300.00  2.18637  1.79415e+02  1.71036e+02  1.71036e+02 -7.04256e-01 -7.04256e-01 -3.42275e+01
  300.00  2.21242  4.25133e+02  4.05665e+02  4.05665e+02 -2.35382e+00 -2.35382e+00 -7.78184e+01
  300.00  2.23848  1.00212e+03  9.57088e+02  9.57088e+02 -7.28767e+00 -7.28767e+00 -1.75752e+02
  300.00  2.26453  2.34910e+03  2.24546e+03  2.24546e+03 -2.14165e+01 -2.14165e+01 -3.94137e+02
  300.00  2.29058  5.47401e+03  5.23699e+03  5.23699e+03 -6.04898e+01 -6.04898e+01 -8.77262e+02
  300.00  2.31663  1.26754e+04  1.21373e+04  1.21373e+04 -1.65374e+02 -1.65374e+02 -1.93701e+03
  300.00  2.34269  2.91534e+04  2.79416e+04  2.79416e+04 -4.39496e+02 -4.39496e+02 -4.24057e+03
  300.00  2.36874  6.65712e+04  6.38692e+04  6.38692e+04 -1.13836e+03 -1.13836e+03 -9.19964e+03
  300.00  2.39479  1.50851e+05  1.44892e+05  1.44892e+05 -2.87817e+03 -2.87817e+03 -1.97662e+04
  300.00  2.42084  3.39041e+05  3.26060e+05  3.26060e+05 -7.10959e+03 -7.10959e+03 -4.20369e+04
  300.00  2.44689  7.55377e+05  7.27490e+05  7.27490e+05 -1.71636e+04 -1.71636e+04 -8.84394e+04
  300.00  2.47295  1.66736e+06  1.60839e+06  1.60839e+06 -4.04924e+04 -4.04924e+04 -1.83962e+05
  300.00  2.49900  3.64400e+06  3.52148e+06  3.52148e+06 -9.33174e+04 -9.33174e+04 -3.78140e+05
  300.00  2.52505  7.87986e+06  7.63039e+06  7.63039e+06 -2.09926e+05 -2.09926e+05 -7.67732e+05
  300.00  2.55110  1.68473e+07  1.63509e+07  1.63509e+07 -4.60515e+05 -4.60515e+05 -1.53892e+06
  300.00  2.57715  3.55849e+07  3.46231e+07  3.46231e+07 -9.83842e+05 -9.83842e+05 -3.04442e+06
  300.00  2.60321  7.41871e+07  7.23816e+07  7.23816e+07 -2.04352e+06 -2.04352e+06 -5.94193e+06
  300.00  2.62926  1.52502e+08  1.49241e+08  1.49241e+08 -4.11789e+06 -4.11789e+06 -1.14373e+07
  300.00  2.65531  3.08742e+08  3.03127e+08  3.03127e+08 -8.02839e+06 -8.02839e+06 -2.17010e+07
  300.00  2.68136  6.14731e+08  6.05658e+08  6.05658e+08 -1.50914e+07 -1.50914e+07 -4.05580e+07
  300.00  2.70741  1.20179e+09  1.18840e+09  1.18840e+09 -2.72292e+07 -2.72292e+07 -7.45720e+07
  300.00  2.73347  2.30229e+09  2.28525e+09  2.28525e+09 -4.68807e+07 -4.68807e+07 -1.34621e+08
  300.00  2.75952  4.31139e+09  4.29571e+09  4.29571e+09 -7.63994e+07 -7.63994e+07 -2.37882e+08
  300.00  2.78557  7.86776e+09  7.86796e+09  7.86796e+09 -1.16438e+08 -1.16438e+08 -4.09612e+08
  300.00  2.81162  1.39354e+10  1.39831e+10  1.39831e+10 -1.62735e+08 -1.62735e+08 -6.82890e+08
  300.00  2.83768  2.38307e+10  2.39826e+10  2.39826e+10 -2.01157e+08 -2.01157e+08 -1.09214e+09
  300.00  2.86373  3.90737e+10  3.94130e+10  3.94130e+10 -2.02640e+08 -2.02640e+08 -1.65323e+09
  300.00  2.88978  6.08651e+10  6.14819e+10  6.14819e+10 -1.23475e+08 -1.23475e+08 -2.32362e+09
  300.00  2.91583  8.89988e+10  8.99351e+10  8.99351e+10  7.84600e+07  7.84600e+07 -2.95152e+09
  300.00  2.94188  1.20454e+11  1.21628e+11  1.21628e+11  3.99547e+08  3.99547e+08 -3.26402e+09
  300.00  2.96794  1.49086e+11  1.50246e+11  1.50246e+11  7.30254e+08  7.30254e+08 -2.96902e+09
  300.00  2.99399  1.68354e+11  1.69142e+11  1.69142e+11  8.74345e+08  8.74345e+08 -1.95699e+09
  300.00  3.02004  1.75862e+11  1.76062e+11  1.76062e+11  7.48157e+08  7.48157e+08 -4.41535e+08
  300.00  3.04609  1.74426e+11  1.74169e+11  1.74169e+11  5.26728e+08  5.26728e+08  1.07657e+09
  300.00  3.07214  1.68379e+11  1.67955e+11  1.67955e+11  4.27514e+08  4.27514e+08  2.08673e+09
  300.00  3.09820  1.60890e+11  1.60447e+11  1.60447e+11  4.74708e+08  4.74708e+08  2.49563e+09
  300.00  3.12425  1.54500e+11  1.54034e+11  1.54034e+11  5.84106e+08  5.84106e+08  2.60588e+09
  300.00  3.15030  1.51379e+11  1.50868e+11  1.50868e+11  6.98018e+08  6.98018e+08  2.68735e+09
  300.00  3.17635  1.52479e+11  1.51945e+11  1.51945e+11  7.93334e+08  7.93334e+08  2.80097e+09
  300.00  3.20240  1.57203e+11  1.56718e+11  1.56718e+11  8.82073e+08  8.82073e+08  2.89884e+09
  300.00  3.22846  1.63796e+11  1.63454e+11  1.63454e+11  1.00831e+09  1.00831e+09  2.92423e+09
  300.00  3.25451  1.69936e+11  1.69816e+11  1.69816e+11  1.19183e+09  1.19183e+09  2.85075e+09
  300.00  3.28056  1.73681e+11  1.73783e+11  1.73783e+11  1.39060e+09  1.39060e+09  2.68356e+09
  300.00  3.30661  1.74308e+11  1.74520e+11  1.74520e+11  1.54253e+09  1.54253e+09  2.46378e+09
  300.00  3.33267  1.72162e+11  1.72318e+11  1.72318e+11  1.62266e+09  1.62266e+09  2.27411e+09
  300.00  3.35872  1.67908e+11  1.67886e+11  1.67886e+11  1.63428e+09  1.63428e+09  2.17907e+09
  300.00  3.38477  1.61958e+11  1.61737e+11  1.61737e+11  1.55478e+09  1.55478e+09  2.17466e+09
  300.00  3.41082  1.54293e+11  1.53961e+11  1.53961e+11  1.32508e+09  1.32508e+09  2.20145e+09
  300.00  3.43687  1.44300e+11  1.43976e+11  1.43976e+11  9.01688e+08  9.01688e+08  2.13346e+09
  300.00  3.46293  1.30364e+11  1.30130e+11  1.30130e+11  3.10190e+08  3.10190e+08  1.77582e+09
  300.00  3.48898  1.10375e+11  1.10281e+11  1.10281e+11 -3.35019e+08 -3.35019e+08  1.02003e+09
  300.00  3.51503  8.43671e+10  8.44399e+10  8.44399e+10 -8.37184e+08 -8.37184e+08  9.84332e+07
  300.00  3.54108  5.67372e+10  5.69510e+10  5.69510e+10 -1.00292e+09 -1.00292e+09 -5.03662e+08
  300.00  3.56713  3.34881e+10  3.37687e+10  3.37687e+10 -8.35968e+08 -8.35968e+08 -5.91720e+08
  300.00  3.59319  1.78837e+10  1.81422e+10  1.81422e+10 -5.49229e+08 -5.49229e+08 -4.11943e+08
  300.00  3.61924  9.36081e+09  9.53683e+09  9.53683e+09 -3.27350e+08 -3.27350e+08 -2.33383e+08
  300.00  3.64529  5.28479e+09  5.37368e+09  5.37368e+09 -2.04973e+08 -2.04973e+08 -1.27527e+08
  300.00  3.67134  3.31620e+09  3.34475e+09  3.34475e+09 -1.42961e+08 -1.42961e+08 -7.19837e+07
  300.00  3.69739  2.21914e+09  2.21533e+09  2.21533e+09 -1.06020e+08 -1.06020e+08 -4.34984e+07
  300.00  3.72345  1.50312e+09  1.48685e+09  1.48685e+09 -7.84061e+07 -7.84061e+07 -2.93139e+07
  300.00  3.74950  1.00244e+09  9.85861e+08  9.85861e+08 -5.59296e+07 -5.59296e+07 -2.17371e+07
  300.00  3.77555  6.47211e+08  6.36156e+08  6.36156e+08 -3.79548e+07 -3.79548e+07 -1.64706e+07
  300.00  3.80160  3.91421e+08  3.86988e+08  3.86988e+08 -2.41601e+07 -2.41601e+07 -1.19363e+07
  300.00  3.82766  2.10338e+08  2.10690e+08  2.10690e+08 -1.41799e+07 -1.41799e+07 -8.08440e+06
  300.00  3.85371  9.36434e+07  9.59583e+07  9.59583e+07 -7.51794e+06 -7.51794e+06 -5.11852e+06
  300.00  3.87976  2.99214e+07  3.20077e+07  3.20077e+07 -3.38603e+06 -3.38603e+06 -2.87047e+06
  300.00  3.90581  3.52062e+06  4.37723e+06  4.37723e+06 -9.12042e+05 -9.12042e+05 -1.00588e+06
  300.00  3.93186  2.02804e+06  1.48654e+06  1.48654e+06  5.61722e+05  5.61722e+05  6.17781e+05
  300.00  3.95792  2.04675e+07  1.86640e+07  1.86640e+07  1.43025e+06  1.43025e+06  1.87518e+06
  300.00  3.98397  5.80767e+07  5.51854e+07  5.51854e+07  1.96845e+06  1.96845e+06  2.50866e+06
  300.00  4.01002  1.12298e+08  1.08544e+08  1.08544e+08  2.45054e+06  2.45054e+06  2.33591e+06
  300.00  4.03607  1.76194e+08  1.72001e+08  1.72001e+08  3.11619e+06  3.11619e+06  1.36797e+06
  300.00  4.06212  2.41683e+08  2.37757e+08  2.37757e+08  4.06667e+06  4.06667e+06 -2.44596e+05
  300.00  4.08818  3.04773e+08  3.02015e+08  3.02015e+08  5.25568e+06  5.25568e+06 -2.33394e+06
  300.00  4.11423  3.67461e+08  3.66778e+08  3.66778e+08  6.58489e+06  6.58489e+06 -4.78063e+06
  300.00  4.14028  4.35203e+08  4.37335e+08  4.37335e+08  7.98437e+06  7.98437e+06 -7.50441e+06
  300.00  4.16633  5.12630e+08  5.18025e+08  5.18025e+08  9.41174e+06  9.41174e+06 -1.04213e+07
  300.00  4.19238  6.00293e+08  6.09032e+08  6.09032e+08  1.08066e+07  1.08066e+07 -1.34125e+07
  300.00  4.21844  6.93849e+08  7.05622e+08  7.05622e+08  1.20638e+07  1.20638e+07 -1.63368e+07
  300.00  4.24449  7.85941e+08  8.00136e+08  8.00136e+08  1.30532e+07  1.30532e+07 -1.90781e+07
  300.00  4.27054  8.69841e+08  8.85729e+08  8.85729e+08  1.36727e+07  1.36727e+07 -2.15871e+07
  300.00  4.29659  9.42775e+08  9.59727e+08  9.59727e+08  1.38970e+07  1.38970e+07 -2.38843e+07
  300.00  4.32265  1.00706e+09  1.02468e+09  1.02468e+09  1.37866e+07  1.37866e+07 -2.60282e+07
  300.00  4.34870  1.06868e+09  1.08679e+09  1.08679e+09  1.34528e+07  1.34528e+07 -2.80741e+07
  300.00  4.37475  1.13432e+09  1.15292e+09  1.15292e+09  1.30033e+07  1.30033e+07 -3.00412e+07
  300.00  4.40080  1.20864e+09  1.22776e+09  1.22776e+09  1.24961e+07  1.24961e+07 -3.18961e+07
  300.00  4.42685  1.29250e+09  1.31210e+09  1.31210e+09  1.19206e+07  1.19206e+07 -3.35538e+07
  300.00  4.45291  1.38274e+09  1.40269e+09  1.40269e+09  1.12054e+07  1.12054e+07 -3.48982e+07
  300.00  4.47896  1.47335e+09  1.49340e+09  1.49340e+09  1.02477e+07  1.02477e+07 -3.58173e+07
  300.00  4.50501  1.55765e+09  1.57747e+09  1.57747e+09  8.95149e+06  8.95149e+06 -3.62397e+07
  300.00  4.53106  1.63061e+09  1.64989e+09  1.64989e+09  7.26332e+06  7.26332e+06 -3.61563e+07
  300.00  4.55711  1.69060e+09  1.70908e+09  1.70908e+09  5.19052e+06  5.19052e+06 -3.56218e+07
  300.00  4.58317  1.73972e+09  1.75718e+09  1.75718e+09  2.79764e+06  2.79764e+06 -3.47361e+07
  300.00  4.60922  1.78262e+09  1.79891e+09  1.79891e+09  1.85987e+05  1.85988e+05 -3.36162e+07
  300.00  4.63527  1.82454e+09  1.83954e+09  1.83954e+09 -2.53091e+06 -2.53091e+06 -3.23678e+07
  300.00  4.66132  1.86875e+09  1.88237e+09  1.88237e+09 -5.24373e+06 -5.24373e+06 -3.10664e+07
  300.00  4.68737  1.91415e+09  1.92638e+09  1.92638e+09 -7.85092e+06 -7.85092e+06 -2.97485e+07
  300.00  4.71343  1.95278e+09  1.96377e+09  1.96377e+09 -1.02520e+07 -1.02520e+07 -2.84182e+07
  300.00  4.73948  1.96697e+09  1.97717e+09  1.97717e+09 -1.23358e+07 -1.23358e+07 -2.70634e+07
  300.00  4.76553  1.92608e+09  1.93638e+09  1.93638e+09 -1.39642e+07 -1.39642e+07 -2.56761e+07
  300.00  4.79158  1.78427e+09  1.79604e+09  1.79604e+09 -1.49397e+07 -1.49397e+07 -2.42431e+07
  300.00  4.81764  1.48612e+09  1.50060e+09  1.50060e+09 -1.49344e+07 -1.49344e+07 -2.26200e+07
  300.00  4.84369  9.97199e+08  1.01387e+09  1.01387e+09 -1.33643e+07 -1.33643e+07 -2.01157e+07
  300.00  4.86974  3.89782e+08  4.03716e+08  4.03716e+08 -9.20370e+06 -9.20370e+06 -1.46097e+07
  300.00  4.89579  2.11535e+06  3.53875e+06  3.53875e+06 -7.26777e+05 -7.26777e+05 -1.52126e+06
  300.00  4.92184  5.94059e+08  5.76201e+08  5.76201e+08  1.46461e+07  1.46461e+07  2.54335e+07
  300.00  4.94790  3.22287e+09  3.19798e+09  3.19798e+09  3.91563e+07  3.91563e+07  6.90889e+07
  300.00  4.97395  8.58094e+09  8.58354e+09  8.58354e+09  7.01207e+07  7.01207e+07  1.24292e+08
  300.00  5.00000  1.62910e+10  1.63498e+10  1.63498e+10  9.47760e+07  9.47760e+07  1.83418e+08
