0.00001 2.338315570382352e-08
0.01200 3.367230470287241e-02
0.02400 1.346959450521371e-01
0.03600 3.030911024968782e-01
0.04800 5.388914218779662e-01
0.06000 8.421440250733843e-01
0.07200 1.212909530115145e+00
0.08400 1.651262075791310e+00
0.09600 2.157289351750431e+00
0.10800 2.731092634129746e+00
0.12000 3.372786826732200e+00
0.13200 4.082500507781593e+00
0.14400 4.860375982288744e+00
0.15600 5.706569340066062e+00
0.16800 6.621250519431460e+00
0.18000 7.604603376647091e+00
0.19200 8.656825761142292e+00
0.20400 9.778129596574271e+00
0.21600 1.096874096778479e+01
0.22800 1.222890021371472e+01
0.24000 1.355886202634333e+01
0.25200 1.495889555572343e+01
0.26400 1.642928452118822e+01
0.27600 1.797032732880977e+01
0.28800 1.958233719519465e+01
0.30000 2.126564227770649e+01
0.31200 2.302058581121003e+01
0.32400 2.484752625143706e+01
0.33600 2.674683742507872e+01
0.34800 2.871890868671531e+01
0.36000 3.076414508269788e+01
0.37200 3.288296752210502e+01
0.38400 3.507581295489926e+01
0.39600 3.734313455741822e+01
0.40800 3.968540192533737e+01
0.42000 4.210310127425085e+01
0.43200 4.459673564802051e+01
0.44400 4.716682513505117e+01
0.45600 4.981390709265675e+01
0.46800 5.253853637968817e+01
0.48000 5.534128559760261e+01
0.49200 5.822274534015723e+01
0.50400 6.118352445192415e+01
0.51600 6.422425029582429e+01
0.52800 6.734556902989161e+01
0.54000 7.054814589348413e+01
0.55200 7.383266550316674e+01
0.56400 7.719983215850250e+01
0.57600 8.065037015799467e+01
0.58800 8.418502412543360e+01
0.60000 8.780455934691096e+01
0.61200 9.150976211877459e+01
0.62400 9.530144010680942e+01
0.63600 9.918042271693520e+01
0.64800 1.031475614777307e+02
0.66000 1.072037304350988e+02
0.67200 1.113498265594042e+02
0.68400 1.155867701654240e+02
0.69600 1.199155053454648e+02
0.70800 1.243370004160197e+02
0.72000 1.288522483783416e+02
0.73200 1.334622673933304e+02
0.74400 1.381681012711516e+02
0.75600 1.429708199760054e+02
0.76800 1.478715201464942e+02
0.78000 1.528713256320501e+02
0.79200 1.579713880458958e+02
0.80400 1.631728873350391e+02
0.81600 1.684770323678121e+02
0.82800 1.738850615394945e+02
0.84000 1.793982433965702e+02
0.85200 1.850178772801976e+02
0.86400 1.907452939894902e+02
0.87600 1.965818564652299e+02
0.88800 2.025289604946552e+02
0.90000 2.085880354380005e+02
0.91200 2.147605449774781e+02
0.92400 2.210479878894256e+02
0.93600 2.274518988403759e+02
0.94800 2.339738492078246e+02
0.96000 2.406154479265113e+02
0.97200 2.473783423610571e+02
0.98400 2.542642192058304e+02
0.99600 2.612748054129666e+02
1.00800 2.684118691494752e+02
1.02000 2.756772207844232e+02
1.03200 2.830727139072362e+02
1.04400 2.906002463781605e+02
1.05600 2.982617614120140e+02
1.06800 3.060592486963793e+02
1.08000 3.139947455454289e+02
1.09200 3.220703380906543e+02
1.10400 3.302881625097862e+02
1.11600 3.386504062952722e+02
1.12800 3.471593095637241e+02
1.14000 3.558171664078006e+02
1.15200 3.646263262920705e+02
1.16400 3.735891954944499e+02
1.17600 3.827082385948786e+02
1.18800 3.919859800129744e+02
1.20000 4.014250055964791e+02
1.21200 4.110279642623804e+02
1.22400 4.207975696926846e+02
1.23600 4.307366020868949e+02
1.24800 4.408479099733327e+02
1.26000 4.511344120815598e+02
1.27200 4.615990992782144e+02
1.28400 4.722450365687226e+02
1.29600 4.830753651674172e+02
1.30800 4.940933046387458e+02
1.32000 5.053021551123271e+02
1.33200 5.167052995747824e+02
1.34400 5.283062062413742e+02
1.35600 5.401084310106246e+02
1.36800 5.521156200052420e+02
1.38000 5.643315122028503e+02
1.39200 5.767599421601068e+02
1.40400 5.894048428340877e+02
1.41600 6.022702485048522e+02
1.42800 6.153602978034327e+02
1.44000 6.286792368495511e+02
1.45200 6.422314225036893e+02
1.46400 6.560213257383028e+02
1.47600 6.700535351331815e+02
1.48800 6.843327605002718e+02
1.50000 6.988638366434574e+02
1.51200 7.136517272591160e+02
1.52400 7.287015289835455e+02
1.53600 7.440184755936350e+02
1.54800 7.596079423675048e+02
1.56000 7.754754506121477e+02
1.57200 7.916266723655099e+02
1.58400 8.080674352807345e+02
1.59600 8.248037277008029e+02
1.60800 8.418417039321398e+02
1.62000 8.591876897262562e+02
1.63200 8.768481879789030e+02
1.64400 8.948298846568081e+02
1.65600 9.131396549625211e+02
1.66800 9.317845697484449e+02
1.68000 9.507719021918293e+02
1.69200 9.701091347429924e+02
1.70400 9.898039663598121e+02
1.71600 1.009864320042211e+03
1.72800 1.030298350681062e+03
1.74000 1.051114453236862e+03
1.75200 1.072321271264212e+03
1.76400 1.093927705799198e+03
1.77600 1.115942924627678e+03
1.78800 1.138376371953400e+03
1.80000 1.161237778486217e+03
1.81200 1.184537171971519e+03
1.82400 1.208284888183503e+03
1.83600 1.232491582406093e+03
1.84800 1.257168241426710e+03
1.86000 1.282326196069713e+03
1.87200 1.307977134297803e+03
1.88400 1.334133114911494e+03
1.89600 1.360806581878531e+03
1.90800 1.388010379327132e+03
1.92000 1.415757767238988e+03
1.93200 1.444062437880231e+03
1.94400 1.472938533010953e+03
1.95600 1.502400661916473e+03
1.96800 1.532463920306247e+03
1.98000 1.563143910129349e+03
1.99200 1.594456760358518e+03
2.00400 1.626419148798365e+03
2.01600 1.659048324976708e+03
2.02800 1.692362134182298e+03
2.04000 1.726379042716101e+03
2.05200 1.761118164428091e+03
2.06400 1.796599288616360e+03
2.07600 1.832842909370549e+03
2.08800 1.869870256447553e+03
2.10000 1.907703327773300e+03
2.11200 1.946364923671390e+03
2.12400 1.985878682926348e+03
2.13600 2.026269120797162e+03
2.14800 2.067561669105072e+03
2.16000 2.109782718528973e+03
2.17200 2.152959663251298e+03
2.18400 2.197120948108386e+03
2.19600 2.242296118410717e+03
2.20800 2.288515872611231e+03
2.22000 2.335812118013619e+03
2.23200 2.384218029727547e+03
2.24400 2.433768113094065e+03
2.25600 2.484498269822348e+03
2.26800 2.536445868098176e+03
2.28000 2.589649816946063e+03
2.29200 2.644150645149951e+03
2.30400 2.699990585062798e+03
2.31600 2.757213661663509e+03
2.32800 2.815865787249766e+03
2.34000 2.875994862189100e+03
2.35200 2.937650882187518e+03
2.36400 3.000886052575006e+03
2.37600 3.065754910152434e+03
2.38800 3.132314453193259e+03
2.40000 3.200624280247771e+03
2.41200 3.270746738457832e+03
2.42400 3.342747082156273e+03
2.43600 3.416693642598933e+03
2.44800 3.492658009758895e+03
2.46000 3.570715227203133e+03
2.47200 3.650944001173078e+03
2.48400 3.733426925102510e+03
2.49600 3.818250720932215e+03
2.50800 3.905506498720700e+03
2.52000 3.995290036207291e+03
2.53200 4.087702080159751e+03
2.54400 4.182848671536025e+03
2.55600 4.280841496711734e+03
2.56800 4.381798267275215e+03
2.58000 4.485843131174154e+03
2.59200 4.593107118317187e+03
2.60400 4.703728624095163e+03
2.61600 4.817853934697552e+03
2.62800 4.935637798566019e+03
2.64000 5.057244048859435e+03
2.65200 5.182846282412278e+03
2.66400 5.312628601364251e+03
2.67600 5.446786424437431e+03
2.68800 5.585527375755754e+03
2.70000 5.729072260160860e+03
2.71200 5.877656135203082e+03
2.72400 6.031529491406098e+03
2.73600 6.190959554054617e+03
2.74800 6.356231721678983e+03
2.76000 6.527651158661715e+03
2.77200 6.705544562031747e+03
2.78400 6.890262125620937e+03
2.79600 7.082179728428401e+03
2.80800 7.281701378390786e+03
2.82000 7.489261947933254e+03
2.83200 7.705330243861065e+03
2.84400 7.930412461566297e+03
2.85600 8.165056082456050e+03
2.86800 8.409854284311752e+03
2.88000 8.665450947419331e+03
2.89200 8.932546355344599e+03
2.90400 9.211903708912494e+03
2.91600 9.504356596240945e+03
2.92800 9.810817591832898e+03
2.94000 1.013228819537780e+04
2.95200 1.046987036821965e+04
2.96400 1.082477998528607e+04
2.97600 1.119836259649665e+04
2.98800 1.159211198949550e+04
3.00000 1.200769217210610e+04
3.01200 1.244696355801167e+04
3.02400 1.291201435651885e+04
3.03600 1.340519845618268e+04
3.04800 1.392918148012866e+04
3.06000 1.448699721799477e+04
3.07200 1.508211736408393e+04
3.08400 1.571853850090093e+04
3.09600 1.640089169430881e+04
3.10800 1.713458211630529e+04
3.12000 1.792596910869681e+04
3.13200 1.878260157292933e+04
3.14400 1.971353039884841e+04
3.15600 2.072973035051474e+04
3.16800 2.184468114822702e+04
3.18000 2.307518658592157e+04
3.19200 2.444256171086249e+04
3.20400 2.597441341606854e+04
3.21600 2.770743050858071e+04
3.22800 2.969201724030311e+04
3.24000 3.200063304493460e+04
3.25200 3.474464287230054e+04
3.26400 3.811473381714452e+04
3.27600 4.250711874397570e+04
3.28800 4.913409426378163e+04
3.30000 6.549009394960287e+04
3.31200 9.014128142993148e+04
3.32400 9.634969934084070e+04
3.33600 9.905442948960378e+04
3.34800 1.045478544034473e+05
3.36000 1.199837065182946e+05
3.37200 1.302282260003324e+05
3.38400 1.310137965211774e+05
3.39600 1.326509489159515e+05
3.40800 1.425250762500090e+05
3.42000 1.562410268886021e+05
3.43200 1.646823608272824e+05
3.44400 1.676274219165951e+05
3.45600 1.689156817469014e+05
3.46800 1.749362062399808e+05
3.48000 1.870846737853260e+05
3.49200 2.025277853271023e+05
3.50400 2.145574935901851e+05
3.51600 2.235812145483187e+05
3.52800 2.302603924418084e+05
3.54000 2.388239002408755e+05
3.55200 2.544734305694858e+05
3.56400 2.722480292346784e+05
3.57600 2.926917058848915e+05
3.58800 3.252098535219263e+05
3.60000 3.415977242115495e+05
3.61200 3.447026114901653e+05
3.62400 3.534680142845600e+05
3.63600 3.726111392152403e+05
3.64800 3.971401664939736e+05
3.66000 4.265447854649916e+05
3.67200 4.682602219655449e+05
3.68400 5.454518535989331e+05
3.69600 7.036397905158312e+05
3.70800 7.853738188024160e+05
3.72000 8.663225491927417e+05
3.73200 9.386889055237096e+05
3.74400 1.134268925521038e+06
3.75600 1.160021189582684e+06
3.76800 9.287139050046242e+05
3.78000 7.997152857923196e+05
3.79200 7.138008637964115e+05
3.80400 6.562864633708405e+05
3.81600 6.117490914006373e+05
3.82800 5.727559050400666e+05
3.84000 5.377229364859516e+05
3.85200 5.068854827472231e+05
3.86400 4.803950226210218e+05
3.87600 4.578068067518505e+05
3.88800 4.383599205168329e+05
3.90000 4.213675267761310e+05
3.91200 4.062865443927353e+05
3.92400 3.926168875261701e+05
3.93600 3.798777502938947e+05
3.94800 3.676773293345906e+05
3.96000 3.557830585210631e+05
3.97200 3.441409950885292e+05
3.98400 3.328419825318966e+05
3.99600 3.220511478717066e+05
4.00800 3.119255230717093e+05
4.02000 3.025471179202361e+05
4.03200 2.938929211897407e+05
4.04400 2.858482847322697e+05
4.05600 2.782513298197127e+05
4.06800 2.709459720462568e+05
4.08000 2.638248986703253e+05
4.09200 2.568527643972224e+05
4.10400 2.500663042537446e+05
4.11600 2.435531661818649e+05
4.12800 2.374172774404194e+05
4.14000 2.317429125188531e+05
4.15200 2.265688406046784e+05
4.16400 2.218785159456959e+05
4.17600 2.176059074853580e+05
4.18800 2.136521362559981e+05
4.20000 2.099061549508008e+05
4.21200 2.062629686695095e+05
4.22400 2.026353047251590e+05
4.23600 1.989584945159992e+05
4.24800 1.951915366876893e+05
4.26000 1.913177396478362e+05
4.27200 1.873459637251085e+05
4.28400 1.833105640426912e+05
4.29600 1.792672360884070e+05
4.30800 1.752837869388939e+05
4.32000 1.714277831301481e+05
4.33200 1.677547485330132e+05
4.34400 1.643001492456755e+05
4.35600 1.610766065433476e+05
4.36800 1.580759447483752e+05
4.38000 1.552745657739822e+05
4.39200 1.526403264665957e+05
4.40400 1.501393167990426e+05
4.41600 1.477413714870863e+05
4.42800 1.454235846897884e+05
4.44000 1.431715127610178e+05
4.45200 1.409782101990072e+05
4.46400 1.388417277003819e+05
4.47600 1.367620380528641e+05
4.48800 1.347383638951315e+05
4.50000 1.327675524193053e+05
4.51200 1.308436657671538e+05
4.52400 1.289585706942212e+05
4.53600 1.271031382927146e+05
4.54800 1.252686680193560e+05
4.56000 1.234482222146349e+05
4.57200 1.216376273289562e+05
4.58400 1.198359703102498e+05
4.59600 1.180455254230074e+05
4.60800 1.162711835221480e+05
4.62000 1.145195677624399e+05
4.63200 1.127980513578604e+05
4.64400 1.111138431473089e+05
4.65600 1.094732295456938e+05
4.66800 1.078810147626650e+05
4.68000 1.063401973949804e+05
4.69200 1.048519269461823e+05
4.70400 1.034157590510289e+05
4.71600 1.020301663180363e+05
4.72800 1.006931921424893e+05
4.74000 9.940309670001880e+04
4.75200 9.815885745647490e+04
4.76400 9.696044165025745e+04
4.77600 9.580883773101878e+04
4.78800 9.470588953636207e+04
4.80000 9.365400720150751e+04
4.81200 9.265583317730596e+04
4.82400 9.171392910451954e+04
4.83600 9.083052907695048e+04
4.84800 9.000738291658350e+04
4.86000 8.924569172444126e+04
4.87200 8.854611836118317e+04
4.88400 8.790884098785678e+04
4.89600 8.733361491366263e+04
4.90800 8.681982367722249e+04
4.92000 8.636653595216387e+04
4.93200 8.597263151925411e+04
4.94400 8.563709847501232e+04
4.95600 8.535961451475827e+04
4.96800 8.514149676557549e+04
4.98000 8.498704523900803e+04
4.99200 8.490524293432411e+04
5.00400 8.491175366996959e+04
5.01600 8.503122451842413e+04
5.02800 8.530010427540395e+04
5.04000 8.577061588746383e+04
5.05200 8.651739883511334e+04
5.06400 8.765043342299236e+04
5.07600 8.934400209685277e+04
5.08800 9.191385057329985e+04
5.10000 9.607870633296450e+04
5.11200 1.041409390965134e+05
5.12400 1.229064349299073e+05
5.13600 1.313631098582953e+05
5.14800 1.271214801998558e+05
5.16000 1.362762228836956e+05
5.17200 1.514767285149310e+05
5.18400 1.563082995099654e+05
5.19600 1.545493479349432e+05
5.20800 1.570473286035543e+05
5.22000 1.640550010848454e+05
5.23200 1.729180823641663e+05
5.24400 1.779796681917409e+05
5.25600 1.825521325095327e+05
5.26800 1.899854622825469e+05
5.28000 1.933117568642372e+05
5.29200 1.895439698575727e+05
5.30400 1.862630600009412e+05
5.31600 1.860009244903252e+05
5.32800 1.781170771038880e+05
5.34000 1.740715122926664e+05
5.35200 1.707485710026133e+05
5.36400 1.680619771197799e+05
5.37600 1.657952398594090e+05
5.38800 1.633845560044247e+05
5.40000 1.606691080012384e+05
5.41200 1.580102523009402e+05
5.42400 1.557272468407861e+05
5.43600 1.538876295365640e+05
5.44800 1.523899765928978e+05
5.46000 1.510731843154764e+05
5.47200 1.497912331053236e+05
5.48400 1.484420863669455e+05
5.49600 1.469611911243803e+05
5.50800 1.453099213124490e+05
5.52000 1.434784317961459e+05
5.53200 1.414926624402796e+05
5.54400 1.394040739832170e+05
5.55600 1.372665451508469e+05
5.56800 1.351225182772572e+05
5.58000 1.329966391816167e+05
5.59200 1.308947263773394e+05
5.60400 1.288241950972394e+05
5.61600 1.268234810278714e+05
5.62800 1.249711162755713e+05
5.64000 1.233901033655563e+05
5.65200 1.224393304904135e+05
5.66400 1.236623703311261e+05
5.67600 1.206687719114279e+05
5.68800 1.201563148997819e+05
5.70000 1.202918521044104e+05
5.71200 1.199754511707683e+05
5.72400 1.193638104788300e+05
5.73600 1.190197573707235e+05
5.74800 1.188364645547635e+05
5.76000 1.186457385498513e+05
5.77200 1.183443466395523e+05
5.78400 1.178683618479787e+05
5.79600 1.171121095658344e+05
5.80800 1.159150427157943e+05
5.82000 1.143592506557926e+05
5.83200 1.127189020772782e+05
5.84400 1.111297256234437e+05
5.85600 1.096122455330274e+05
5.86800 1.081660639056207e+05
5.88000 1.068053717490140e+05
5.89200 1.055635108845571e+05
5.90400 1.044797884502844e+05
5.91600 1.035691334750568e+05
5.92800 1.027876677111215e+05
5.94000 1.020647323302492e+05
5.95200 1.014045979879973e+05
5.96400 1.008661997168673e+05
5.97600 1.004713058265358e+05
5.98800 1.001951891719547e+05
6.00000 9.999121906921508e+04
