-12.00000 3.431092808810781e-35
-11.98579 1.420196028783851e-34
-11.97157 5.832981523785738e-34
-11.95736 2.382171376086473e-33
-11.94314 9.699819367732992e-33
-11.92893 3.951017566836226e-32
-11.91471 1.616290528318459e-31
-11.90050 6.669460610577350e-31
-11.88629 2.788304901045084e-30
-11.87207 1.185683740700831e-29
-11.85786 5.142927386982841e-29
-11.84364 2.278743820842515e-28
-11.82943 1.031823250183363e-27
-11.81522 4.779065339806323e-27
-11.80100 2.275381272232429e-26
-11.78679 1.130708083045672e-25
-11.77257 6.060517049348332e-25
-11.75836 3.674669237113932e-24
-11.74414 2.602356065935386e-23
-11.72993 2.110278693957552e-22
-11.71572 1.846657662799380e-21
-11.70150 1.646502027302276e-20
-11.68729 1.441227835458288e-19
-11.67307 1.213725373773809e-18
-11.65886 9.730719005874185e-18
-11.64464 7.384226879404170e-17
-11.63043 5.285366747497578e-16
-11.61622 3.559396097231309e-15
-11.60200 2.250798816883049e-14
-11.58779 1.334122564125452e-13
-11.57357 7.400848542333920e-13
-11.55936 3.837253936112799e-12
-11.54515 1.857609388839025e-11
-11.53093 8.389656403103854e-11
-11.51672 3.533056584169837e-10
-11.50250 1.386715161012217e-09
-11.48829 5.070567575052376e-09
-11.47407 1.726196644717357e-08
-11.45986 5.466699785303514e-08
-11.44565 1.608965841149300e-07
-11.43143 4.397921925444198e-07
-11.41722 1.117261885600909e-06
-11.40300 2.658439322263787e-06
-11.38879 6.124385390895737e-06
-11.37457 1.445308824208869e-05
-11.36036 3.337054309476297e-05
-11.34615 6.466573848705808e-05
-11.33193 1.002682285247594e-04
-11.31772 1.331844971360261e-04
-11.30350 1.663430555280159e-04
-11.28929 2.068830005557806e-04
-11.27508 2.555334312278840e-04
-11.26086 3.096193520683404e-04
-11.24665 3.695066589293915e-04
-11.23243 4.371915284730296e-04
-11.21822 5.131242679654508e-04
-11.20400 5.955389808358037e-04
-11.18979 6.816169697385162e-04
-11.17558 7.689766952918364e-04
-11.16136 8.565449034088406e-04
-11.14715 9.445281667636920e-04
-11.13293 1.033727939389813e-03
-11.11872 1.124710478277978e-03
-11.10450 1.217286792560590e-03
-11.09029 1.310482489690364e-03
-11.07608 1.402895567530651e-03
-11.06186 1.493196053064819e-03
-11.04765 1.580528358578426e-03
-11.03343 1.664674584650650e-03
-11.01922 1.745958639553913e-03
-11.00501 1.824971720116062e-03
-10.99079 1.902253264816956e-03
-10.97658 1.978058234745418e-03
-10.96236 2.052290049830951e-03
-10.94815 2.124603440625463e-03
-10.93393 2.194613978351890e-03
-10.91972 2.262115919698179e-03
-10.90551 2.327216911208675e-03
-10.89129 2.390339723974255e-03
-10.87708 2.452097859876810e-03
-10.86286 2.513100230041330e-03
-10.84865 2.573762467089996e-03
-10.83443 2.634193170736553e-03
-10.82022 2.694189846154608e-03
-10.80601 2.753337198866116e-03
-10.79179 2.811166417388628e-03
-10.77758 2.867318964161938e-03
-10.76336 2.921664228335263e-03
-10.74915 2.974341431741963e-03
-10.73493 3.025722734131755e-03
-10.72072 3.076317236105442e-03
-10.70651 3.126648591851828e-03
-10.69229 3.177140651353269e-03
-10.67808 3.228038008454051e-03
-10.66386 3.279375571540028e-03
-10.64965 3.330997618364339e-03
-10.63544 3.382615649410354e-03
-10.62122 3.433887651960391e-03
-10.60701 3.484499599516125e-03
-10.59279 3.534232472541930e-03
-10.57858 3.583003449643094e-03
-10.56436 3.630876590236052e-03
-10.55015 3.678044816263918e-03
-10.53594 3.724790138643999e-03
-10.52172 3.771432156220258e-03
-10.50751 3.818275656915336e-03
-10.49329 3.865566881703505e-03
-10.47908 3.913465206024883e-03
-10.46486 3.962033367087801e-03
-10.45065 4.011245669089086e-03
-10.43644 4.061010482974810e-03
-10.42222 4.111201280575792e-03
-10.40801 4.161689621013820e-03
-10.39379 4.212373915108438e-03
-10.37958 4.263199204810593e-03
-10.36537 4.314165248651726e-03
-10.35115 4.365322483589732e-03
-10.33694 4.416757539709702e-03
-10.32272 4.468571597299735e-03
-10.30851 4.520855794398980e-03
-10.29429 4.573668048999450e-03
-10.28008 4.627015111862686e-03
-10.26587 4.680842572461420e-03
-10.25165 4.735034124933112e-03
-10.23744 4.789419908797722e-03
-10.22322 4.843792399715108e-03
-10.20901 4.897927319989477e-03
-10.19479 4.951606479941590e-03
-10.18058 5.004639386760048e-03
-10.16637 5.056880832092543e-03
-10.15215 5.108242399957946e-03
-10.13794 5.158696790146629e-03
-10.12372 5.208274880125467e-03
-10.10951 5.257056406586893e-03
-10.09530 5.305155915463365e-03
-10.08108 5.352706122080068e-03
-10.06687 5.399841000042449e-03
-10.05265 5.446680781461777e-03
-10.03844 5.493320644652909e-03
-10.02422 5.539824261385170e-03
-10.01001 5.586222665685270e-03
-9.99580 5.632518187391415e-03
-9.98158 5.678692556776115e-03
-9.96737 5.724717805044711e-03
-9.95315 5.770568308119708e-03
-9.93894 5.816232267974864e-03
-9.92472 5.861721088300044e-03
-9.91051 5.907075445477535e-03
-9.89630 5.952367328442625e-03
-9.88208 5.997697857220732e-03
-9.86787 6.043191222044310e-03
-9.85365 6.088985550344985e-03
-9.83944 6.135221856897601e-03
-9.82523 6.182032429031547e-03
-9.81101 6.229530029500235e-03
-9.79680 6.277799169219936e-03
-9.78258 6.326890433194236e-03
-9.76837 6.376818472119446e-03
-9.75415 6.427563845309740e-03
-9.73994 6.479078467541049e-03
-9.72573 6.531294021591140e-03
-9.71151 6.584132391549242e-03
-9.69730 6.637516980452714e-03
-9.68308 6.691383716436560e-03
-9.66887 6.745690625326791e-03
-9.65465 6.800425039482297e-03
-9.64044 6.855607794189532e-03
-9.62623 6.911294097196001e-03
-9.61201 6.967571106319495e-03
-9.59780 7.024552583893527e-03
-9.58358 7.082371296682116e-03
-9.56937 7.141170087345215e-03
-9.55516 7.201092747649314e-03
-9.54094 7.262275941184537e-03
-9.52673 7.324843383966482e-03
-9.51251 7.388903200348890e-03
-9.49830 7.454548775954938e-03
-9.48408 7.521862639353466e-03
-9.46987 7.590922320117122e-03
-9.45566 7.661807430894999e-03
-9.44144 7.734609004243844e-03
-9.42723 7.809445073145048e-03
-9.41301 7.886488378709453e-03
-9.39880 7.966008551369010e-03
-9.38458 8.048418005321757e-03
-9.37037 8.134290804605726e-03
-9.35616 8.224317405440244e-03
-9.34194 8.319212868116113e-03
-9.32773 8.419761659610614e-03
-9.31351 8.527375043759357e-03
-9.29930 8.645308014462862e-03
-9.28509 8.779440614241310e-03
-9.27087 8.936060163146712e-03
-9.25666 9.115677147591351e-03
-9.24244 9.307925451733616e-03
-9.22823 9.495205320728471e-03
-9.21401 9.662887743162296e-03
-9.19980 9.802909010543670e-03
-9.18559 9.907112812706707e-03
-9.17137 9.965401815335315e-03
-9.15716 9.976956512827671e-03
-9.14294 9.958548919306805e-03
-9.12873 9.935174835633583e-03
-9.11451 9.923346414326560e-03
-9.10030 9.925114271260679e-03
-9.08609 9.934340089785724e-03
-9.07187 9.944739824195536e-03
-9.05766 9.953174573214681e-03
-9.04344 9.959065621736792e-03
-9.02923 9.962800634706621e-03
-9.01502 9.964634281947861e-03
-9.00080 9.964348047440553e-03
-8.98659 9.961471432642588e-03
-8.97237 9.955731808618208e-03
-8.95816 9.947399647184826e-03
-8.94394 9.937325784586216e-03
-8.92973 9.926670332930425e-03
-8.91552 9.916487893975302e-03
-8.90130 9.907382852776522e-03
-8.88709 9.899380837679621e-03
-8.87287 9.892037914040655e-03
-8.85866 9.884701404836891e-03
-8.84444 9.876791057815916e-03
-8.83023 9.867989896960871e-03
-8.81602 9.858293498213074e-03
-8.80180 9.847929958052497e-03
-8.78759 9.837205686239716e-03
-8.77337 9.826345470150951e-03
-8.75916 9.815383100640658e-03
-8.74494 9.804131889779223e-03
-8.73073 9.792234312058256e-03
-8.71652 9.779266001017669e-03
-8.70230 9.764856763087493e-03
-8.68809 9.748791344135635e-03
-8.67387 9.731063125788711e-03
-8.65966 9.711870184201847e-03
-8.64545 9.691559917942896e-03
-8.63123 9.670541200483483e-03
-8.61702 9.649189017075791e-03
-8.60280 9.627765317996540e-03
-8.58859 9.606372834376799e-03
-8.57437 9.584948544594652e-03
-8.56016 9.563293321646607e-03
-8.54595 9.541126490766501e-03
-8.53173 9.518150021797282e-03
-8.51752 9.494107159663399e-03
-8.50330 9.468823761207272e-03
-8.48909 9.442226130647836e-03
-8.47487 9.414335186707768e-03
-8.46066 9.385241963515999e-03
-8.44645 9.355072769590541e-03
-8.43223 9.323953368295855e-03
-8.41802 9.291980399437105e-03
-8.40380 9.259205468352015e-03
-8.38959 9.225633684584518e-03
-8.37538 9.191234809339513e-03
-8.36116 9.155962337016642e-03
-8.34695 9.119774317795405e-03
-8.33273 9.082649735553960e-03
-8.31852 9.044595672984296e-03
-8.30430 9.005642934520693e-03
-8.29009 8.965830691373126e-03
-8.27588 8.925183437983878e-03
-8.26166 8.883685544671021e-03
-8.24745 8.841259558270193e-03
-8.23323 8.797753968666196e-03
-8.21902 8.752944499204532e-03
-8.20480 8.706550394284500e-03
-8.19059 8.658264138072891e-03
-8.17638 8.607790101415861e-03
-8.16216 8.554885331209098e-03
-8.14795 8.499394524054469e-03
-8.13373 8.441271451048034e-03
-8.11952 8.380580791747326e-03
-8.10531 8.317477324951167e-03
-8.09109 8.252163321681024e-03
-8.07688 8.184829222575199e-03
-8.06266 8.115586575789814e-03
-8.04845 8.044405047027844e-03
-8.03423 7.971066427086037e-03
-8.02002 7.895147432359955e-03
-8.00581 7.816039438821301e-03
-7.99159 7.733007188169677e-03
-7.97738 7.645280531508368e-03
-7.96316 7.552164630732313e-03
-7.94895 7.453146586028177e-03
-7.93473 7.347972573605736e-03
-7.92052 7.236671691300745e-03
-7.90631 7.119512551655389e-03
-7.89209 6.996896348380164e-03
-7.87788 6.869213335395798e-03
-7.86366 6.736713140935751e-03
-7.84945 6.599454767961970e-03
-7.83524 6.457398550451274e-03
-7.82102 6.310668205170461e-03
-7.80681 6.159940250231617e-03
-7.79259 6.006820924223061e-03
-7.77838 5.853986815911092e-03
-7.76416 5.704862732224121e-03
-7.74995 5.562756156978791e-03
-7.73574 5.429673201001507e-03
-7.72152 5.305413920928960e-03
-7.70731 5.187781732573505e-03
-7.69309 5.074539572276608e-03
-7.67888 4.966743133217622e-03
-7.66466 4.871195807333735e-03
-7.65045 4.798131877253957e-03
-7.63624 4.751887526703119e-03
-7.62202 4.720742959521623e-03
-7.60781 4.685541765296088e-03
-7.59359 4.655811137080895e-03
-7.57938 4.654769119215694e-03
-7.56517 4.584138608990187e-03
-7.55095 4.254248971937924e-03
-7.53674 3.713703950743986e-03
-7.52252 3.252509002604112e-03
-7.50831 3.034685105303243e-03
-7.49409 3.015258388066445e-03
-7.47988 3.094085275177598e-03
-7.46567 3.193488834775742e-03
-7.45145 3.270788655046400e-03
-7.43724 3.322706728968408e-03
-7.42302 3.372667142795586e-03
-7.40881 3.443624989585831e-03
-7.39459 3.540615303868621e-03
-7.38038 3.654286045631381e-03
-7.36617 3.774190803446838e-03
-7.35195 3.897058209467447e-03
-7.33774 4.026241843110114e-03
-7.32352 4.166948632160408e-03
-7.30931 4.322263758969795e-03
-7.29510 4.491918504961384e-03
-7.28088 4.673297036242653e-03
-7.26667 4.863286940530604e-03
-7.25245 5.059765260063700e-03
-7.23824 5.262155535157655e-03
-7.22402 5.471120717305300e-03
-7.20981 5.687809921663345e-03
-7.19560 5.913115836929163e-03
-7.18138 6.147236513730696e-03
-7.16717 6.389618233596394e-03
-7.15295 6.639189497977682e-03
-7.13874 6.894719745563462e-03
-7.12452 7.155142058314334e-03
-7.11031 7.419735862228021e-03
-7.09610 7.688138990094497e-03
-7.08188 7.960221443494179e-03
-7.06767 8.235890626970855e-03
-7.05345 8.514906300598851e-03
-7.03924 8.796768279289451e-03
-7.02503 9.080710756572326e-03
-7.01081 9.365804400078384e-03
-6.99660 9.651139372841436e-03
-6.98238 9.936044304301242e-03
-6.96817 1.022028989889859e-02
-6.95395 1.050423071005654e-02
-6.93974 1.078885230684307e-02
-6.92553 1.107571039054028e-02
-6.91131 1.136676983524881e-02
-6.89710 1.166417167546346e-02
-6.88288 1.196997164636646e-02
-6.86867 1.228590249167135e-02
-6.85445 1.261321225512211e-02
-6.84024 1.295262175035875e-02
-6.82603 1.330442745465213e-02
-6.81181 1.366875379121829e-02
-6.79760 1.404593468775410e-02
-6.78338 1.443698175942666e-02
-6.76917 1.484407736656404e-02
-6.75495 1.527101540496184e-02
-6.74074 1.572350187146681e-02
-6.72653 1.620922839655687e-02
-6.71231 1.673766919377022e-02
-6.69810 1.731968005831851e-02
-6.68388 1.796729056609310e-02
-6.66967 1.869466766402841e-02
-6.65546 1.952198570632098e-02
-6.64124 2.048416994190902e-02
-6.62703 2.164466916791055e-02
-6.61281 2.310921469798300e-02
-6.59860 2.502820884377868e-02
-6.58438 2.758489180517724e-02
-6.57017 3.105073307580490e-02
-6.55596 3.636429458276473e-02
-6.54174 4.440493327071154e-02
-6.52753 4.974057451251181e-02
-6.51331 5.345399564091136e-02
-6.49910 6.087124534492835e-02
-6.48488 6.714521048819423e-02
-6.47067 7.530546065720303e-02
-6.45646 6.995962785959559e-02
-6.44224 5.718862891642804e-02
-6.42803 5.337139919898872e-02
-6.41381 4.982078352153461e-02
-6.39960 4.659986904622251e-02
-6.38539 4.398764507093451e-02
-6.37117 4.196733055355122e-02
-6.35696 4.037624451420402e-02
-6.34274 3.904655590046407e-02
-6.32853 3.786842966047319e-02
-6.31431 3.679061995868668e-02
-6.30010 3.579679316690112e-02
-6.28589 3.488346474917146e-02
-6.27167 3.404777038560419e-02
-6.25746 3.328358907921171e-02
-6.24324 3.258210717230493e-02
-6.22903 3.193373834359849e-02
-6.21481 3.132977163666646e-02
-6.20060 3.076322089016754e-02
-6.18639 3.022894362603782e-02
-6.17217 2.972331302816742e-02
-6.15796 2.924372761647340e-02
-6.14374 2.878815514340556e-02
-6.12953 2.835480613511204e-02
-6.11532 2.794195455135507e-02
-6.10110 2.754787808742798e-02
-6.08689 2.717087423479291e-02
-6.07267 2.680931052439645e-02
-6.05846 2.646167865067824e-02
-6.04424 2.612663526855499e-02
-6.03003 2.580302312928943e-02
-6.01582 2.548987337947233e-02
-6.00160 2.518639342872627e-02
-5.98739 2.489194571792140e-02
-5.97317 2.460602208602334e-02
-5.95896 2.432821716303300e-02
-5.94474 2.405820292512460e-02
-5.93053 2.379570554922125e-02
-5.91632 2.354048508048228e-02
-5.90210 2.329231812118799e-02
-5.88789 2.305098364878455e-02
-5.87367 2.281625205841599e-02
-5.85946 2.258787751468874e-02
-5.84525 2.236559364183728e-02
-5.83103 2.214911246983296e-02
-5.81682 2.193812640034258e-02
-5.80260 2.173231278766706e-02
-5.78839 2.153134057505966e-02
-5.77417 2.133487831042886e-02
-5.75996 2.114260280301329e-02
-5.74575 2.095420768029775e-02
-5.73153 2.076941115988750e-02
-5.71732 2.058796245558278e-02
-5.70310 2.040964637783727e-02
-5.68889 2.023428585170778e-02
-5.67467 2.006174224586211e-02
-5.66046 1.989191357100981e-02
-5.64625 1.972473075410506e-02
-5.63203 1.956015231717365e-02
-5.61782 1.939815788062069e-02
-5.60360 1.923874096700621e-02
-5.58939 1.908190160166947e-02
-5.57518 1.892763919265933e-02
-5.56096 1.877594612760640e-02
-5.54675 1.862680245450401e-02
-5.53253 1.848017192313293e-02
-5.51832 1.833599956112287e-02
-5.50410 1.819421085075604e-02
-5.48989 1.805471246678347e-02
-5.47568 1.791739443834680e-02
-5.46146 1.778213351521141e-02
-5.44725 1.764879745428738e-02
-5.43303 1.751724989975420e-02
-5.41882 1.738735551037427e-02
-5.40460 1.725898499061133e-02
-5.39039 1.713201970638105e-02
-5.37618 1.700635560885291e-02
-5.36196 1.688190624694273e-02
-5.34775 1.675860471657639e-02
-5.33353 1.663640446772877e-02
-5.31932 1.651527896389069e-02
-5.30511 1.639522025850533e-02
-5.29089 1.627623661508592e-02
-5.27668 1.615834934894107e-02
-5.26246 1.604158910631967e-02
-5.24825 1.592599181991214e-02
-5.23403 1.581159458753108e-02
-5.21982 1.569843171388365e-02
-5.20561 1.558653113490239e-02
-5.19139 1.547591141208195e-02
-5.17718 1.536657944316833e-02
-5.16296 1.525852898821627e-02
-5.14875 1.515174005949213e-02
-5.13453 1.504617917296916e-02
-5.12032 1.494180041108175e-02
-5.10611 1.483854720349556e-02
-5.09189 1.473635469699948e-02
-5.07768 1.463515255879577e-02
-5.06346 1.453486804044920e-02
-5.04925 1.443542912295586e-02
-5.03504 1.433676756663686e-02
-5.02082 1.423882170214888e-02
-5.00661 1.414153881967458e-02
-4.99239 1.404487704078218e-02
-4.97818 1.394880658973039e-02
-4.96396 1.385331041619361e-02
-4.94975 1.375838415749736e-02
-4.93554 1.366403546355481e-02
-4.92132 1.357028274000780e-02
-4.90711 1.347715339306776e-02
-4.89289 1.338468168199636e-02
-4.87868 1.329290630118489e-02
-4.86446 1.320186782288345e-02
-4.85025 1.311160613367103e-02
-4.83604 1.302215799298406e-02
-4.82182 1.293355483100180e-02
-4.80761 1.284582088677290e-02
-4.79339 1.275897176673274e-02
-4.77918 1.267301347993872e-02
-4.76496 1.258794198076131e-02
-4.75075 1.250374322375158e-02
-4.73654 1.242039371025229e-02
-4.72232 1.233786148321321e-02
-4.70811 1.225610750663470e-02
-4.69389 1.217508734992174e-02
-4.67968 1.209475308577788e-02
-4.66547 1.201505530345749e-02
-4.65125 1.193594513732796e-02
-4.63704 1.185737621363702e-02
-4.62282 1.177930642577918e-02
-4.60861 1.170169945966447e-02
-4.59439 1.162452600531142e-02
-4.58018 1.154776460770000e-02
-4.56597 1.147140212834470e-02
-4.55175 1.139543380807253e-02
-4.53754 1.131986294022454e-02
-4.52332 1.124470018111130e-02
-4.50911 1.116996254030662e-02
-4.49489 1.109567210665517e-02
-4.48068 1.102185457624724e-02
-4.46647 1.094853765580617e-02
-4.45225 1.087574941886788e-02
-4.43804 1.080351669295034e-02
-4.42382 1.073186355400084e-02
-4.40961 1.066081000043616e-02
-4.39540 1.059037087406111e-02
-4.38118 1.052055509051608e-02
-4.36697 1.045136523973259e-02
-4.35275 1.038279762015176e-02
-4.33854 1.031484278356924e-02
-4.32432 1.024748669703285e-02
-4.31011 1.018071268448749e-02
-4.29590 1.011450441010212e-02
-4.28168 1.004885033369271e-02
-4.26747 9.983750349185680e-03
-4.25325 9.919225779270060e-03
-4.23904 9.855334655197312e-03
-4.22482 9.792195438165075e-03
-4.21061 9.730024326359625e-03
-4.19640 9.669194551669379e-03
-4.18218 9.610331675449406e-03
-4.16797 9.554469413901047e-03
-4.15375 9.503312136943897e-03
-4.13954 9.459695922857673e-03
-4.12533 9.428430910323082e-03
-4.11111 9.417861443951833e-03
-4.09690 9.442676739150826e-03
-4.08268 9.528648959890777e-03
-4.06847 9.719957200447103e-03
-4.05425 1.008957224268115e-02
-4.04004 1.075237867471178e-02
-4.02583 1.187769484953387e-02
-4.01161 1.375779327567837e-02
-3.99740 1.748457767893934e-02
-3.98318 2.329250936201519e-02
-3.96897 2.631877743847346e-02
-3.95475 2.896363177601402e-02
-3.94054 3.265284223197785e-02
-3.92633 3.574189765058867e-02
-3.91211 3.811419871382934e-02
-3.89790 4.023143359466929e-02
-3.88368 4.250651300464418e-02
-3.86947 4.506569551211599e-02
-3.85526 4.782112429653835e-02
-3.84104 5.065801183259593e-02
-3.82683 5.353851185579903e-02
-3.81261 5.650320191769882e-02
-3.79840 5.964658602098841e-02
-3.78418 6.309954558850031e-02
-3.76997 6.695175872991085e-02
-3.75576 7.104043840198392e-02
-3.74154 7.475301696074384e-02
-3.72733 7.721498771777657e-02
-3.71311 7.792056290114185e-02
-3.69890 7.719150192185260e-02
-3.68468 7.589993417193137e-02
-3.67047 7.477878184180657e-02
-3.65626 7.405210540413518e-02
-3.64204 7.357355215656075e-02
-3.62783 7.312640505424696e-02
-3.61361 7.258989948504854e-02
-3.59940 7.194926332204810e-02
-3.58519 7.124512145778808e-02
-3.57097 7.052920343042188e-02
-3.55676 6.984253710069131e-02
-3.54254 6.920990162565642e-02
-3.52833 6.864212313558687e-02
-3.51411 6.814087932571278e-02
-3.49990 6.770324522464043e-02
-3.48569 6.732479238364354e-02
-3.47147 6.700107696930732e-02
-3.45726 6.672795559604941e-02
-3.44304 6.650136481689170e-02
-3.42883 6.631708593787067e-02
-3.41461 6.617076240648079e-02
-3.40040 6.605819825095773e-02
-3.38619 6.597582268072220e-02
-3.37197 6.592116270463810e-02
-3.35776 6.589318807760919e-02
-3.34354 6.589244286949383e-02
-3.32933 6.592093080440758e-02
-3.31512 6.598176689994545e-02
-3.30090 6.607864348661063e-02
-3.28669 6.621518422432102e-02
-3.27247 6.639427472949759e-02
-3.25826 6.661746206292042e-02
-3.24404 6.688450736953307e-02
-3.22983 6.719315731166851e-02
-3.21562 6.753917264289873e-02
-3.20140 6.791661925560059e-02
-3.18719 6.831839189524044e-02
-3.17297 6.873690764041408e-02
-3.15876 6.916487980310239e-02
-3.14454 6.959606770327396e-02
-3.13033 7.002589756850559e-02
-3.11612 7.045186642170111e-02
-3.10190 7.087367313358954e-02
-3.08769 7.129306430443928e-02
-3.07347 7.171342974000493e-02
-3.05926 7.213922373224947e-02
-3.04505 7.257531523261253e-02
-3.03083 7.302637606355722e-02
-3.01662 7.349639988860109e-02
-3.00240 7.398840961719701e-02
-2.98819 7.450436621306857e-02
-2.97397 7.504524963635342e-02
-2.95976 7.561125509198657e-02
-2.94555 7.620204350670573e-02
-2.93133 7.681700595986661e-02
-2.91712 7.745554064973313e-02
-2.90290 7.811738273044247e-02
-2.88869 7.880305233046934e-02
-2.87447 7.951447648836087e-02
-2.86026 8.025578828675860e-02
-2.84605 8.103421762321393e-02
-2.83183 8.186088327236098e-02
-2.81762 8.275120047038473e-02
-2.80340 8.372454976572624e-02
-2.78919 8.480281889320755e-02
-2.77497 8.600745019343804e-02
-2.76076 8.735477552975762e-02
-2.74655 8.884983663304284e-02
-2.73233 9.047968085063476e-02
-2.71812 9.220816638905369e-02
-2.70390 9.397508473624887e-02
-2.68969 9.570219369643319e-02
-2.67548 9.730790285225516e-02
-2.66126 9.873975730920274e-02
-2.64705 1.001115611742852e-01
-2.63283 1.022432980126481e-01
-2.61862 1.068838501683703e-01
-2.60440 1.132133648100651e-01
-2.59019 1.163262974958633e-01
-2.57598 1.159497719154435e-01
-2.56176 1.158557183022175e-01
-2.54755 1.164276456639031e-01
-2.53333 1.165792175950332e-01
-2.51912 1.161929138927130e-01
-2.50490 1.156851986406175e-01
-2.49069 1.153662357145271e-01
-2.47648 1.152753448662731e-01
-2.46226 1.152959995815502e-01
-2.44805 1.152989290872874e-01
-2.43383 1.152076547320297e-01
-2.41962 1.150094064177182e-01
-2.40541 1.147424763819211e-01
-2.39119 1.144656018204014e-01
-2.37698 1.142210380004538e-01
-2.36276 1.140131000040568e-01
-2.34855 1.138131233443553e-01
-2.33433 1.135827854225450e-01
-2.32012 1.132986545951844e-01
-2.30591 1.129646331893477e-01
-2.29169 1.126086454389126e-01
-2.27748 1.122683480266752e-01
-2.26326 1.119743931906606e-01
-2.24905 1.117388106087664e-01
-2.23483 1.115522604106958e-01
-2.22062 1.113896103876612e-01
-2.20641 1.112203088224782e-01
-2.19219 1.110190908680953e-01
-2.17798 1.107734095370355e-01
-2.16376 1.104858150689983e-01
-2.14955 1.101714497419349e-01
-2.13534 1.098522549281633e-01
-2.12112 1.095501211002634e-01
-2.10691 1.092810690145288e-01
-2.09269 1.090518548932546e-01
-2.07848 1.088594612200427e-01
-2.06426 1.086930757556172e-01
-2.05005 1.085375936665293e-01
-2.03584 1.083774901147003e-01
-2.02162 1.082000659054135e-01
-2.00741 1.079974437397213e-01
-1.99319 1.077671349409744e-01
-1.97898 1.075113750958820e-01
-1.96476 1.072356622311134e-01
-1.95055 1.069470019060600e-01
-1.93634 1.066522966535494e-01
-1.92212 1.063571667491263e-01
-1.90791 1.060653155020944e-01
-1.89369 1.057784042042481e-01
-1.87948 1.054963079319629e-01
-1.86527 1.052175896585203e-01
-1.85105 1.049400451378718e-01
-1.83684 1.046612140220104e-01
-1.82262 1.043788021770767e-01
-1.80841 1.040910002134276e-01
-1.79419 1.037967062422233e-01
-1.77998 1.034956670852091e-01
-1.76577 1.031885470865399e-01
-1.75155 1.028769246642918e-01
-1.73734 1.025632101690578e-01
-1.72312 1.022504781982156e-01
-1.70891 1.019422138971912e-01
-1.69469 1.016419841543900e-01
-1.68048 1.013530578272726e-01
-1.66627 1.010780109498059e-01
-1.65205 1.008183607565000e-01
-1.63784 1.005742749911544e-01
-1.62362 1.003444001371639e-01
-1.60941 1.001258443710438e-01
-1.59520 9.991433876517358e-02
-1.58098 9.970458380653729e-02
-1.56677 9.949076761525379e-02
-1.55255 9.926721754489297e-02
-1.53834 9.902911950818961e-02
-1.52412 9.877321284822072e-02
-1.50991 9.849834865689379e-02
-1.49570 9.820579348289422e-02
-1.48148 9.789917553603737e-02
-1.46727 9.758401170153647e-02
-1.45305 9.726682206736170e-02
-1.43884 9.695393082151314e-02
-1.42462 9.665015924338725e-02
-1.41041 9.635772038870170e-02
-1.39620 9.607569446295468e-02
-1.38198 9.580044998118617e-02
-1.36777 9.552721792359718e-02
-1.35355 9.525267440677102e-02
-1.33934 9.497785110049993e-02
-1.32513 9.471011928603738e-02
-1.31091 9.446275399892451e-02
-1.29670 9.425122385147884e-02
-1.28248 9.408712045613149e-02
-1.26827 9.397256803350261e-02
-1.25405 9.389759196968799e-02
-1.23984 9.383898215295609e-02
-1.22563 9.375618247575851e-02
-1.21141 9.358622140968059e-02
-1.19720 9.325837382306751e-02
-1.18298 9.276997191170838e-02
-1.16877 9.224825189164702e-02
-1.15455 9.160129583440640e-02
-1.14034 9.026029816745601e-02
-1.12613 8.838441263503255e-02
-1.11191 8.614669604385743e-02
-1.09770 8.251433035849308e-02
-1.08348 7.905925460126151e-02
-1.06927 7.634539171485978e-02
-1.05506 7.376925216223315e-02
-1.04084 7.133383368873182e-02
-1.02663 6.916469108628200e-02
-1.01241 6.722727149462455e-02
-0.99820 6.540946158551228e-02
-0.98398 6.362806965716784e-02
-0.96977 6.187743567684582e-02
-0.95556 6.020904103570558e-02
-0.94134 5.867155803159049e-02
-0.92713 5.726985636736152e-02
-0.91291 5.596816431745143e-02
-0.89870 5.471870156526289e-02
-0.88448 5.348696461723712e-02
-0.87027 5.226106205218362e-02
-0.85606 5.104801121159263e-02
-0.84184 4.986373498720743e-02
-0.82763 4.872202860216093e-02
-0.81341 4.762689390354222e-02
-0.79920 4.657130636748356e-02
-0.78498 4.554214392941444e-02
-0.77077 4.452755814806841e-02
-0.75656 4.352220690221406e-02
-0.74234 4.252795018443651e-02
-0.72813 4.155092666034452e-02
-0.71391 4.059785505802148e-02
-0.69970 3.967378255847692e-02
-0.68549 3.878142075825455e-02
-0.67127 3.792089318520753e-02
-0.65706 3.708925155475119e-02
-0.64284 3.628042489890097e-02
-0.62863 3.548655499095550e-02
-0.61441 3.470055873901460e-02
-0.60020 3.391852042359221e-02
-0.58599 3.314045706416801e-02
-0.57177 3.236910768552287e-02
-0.55756 3.160764707282807e-02
-0.54334 3.085772482575761e-02
-0.52913 3.011884420313750e-02
-0.51491 2.938923086759601e-02
-0.50070 2.866750103686587e-02
-0.48649 2.795400163144095e-02
-0.47227 2.725089255360793e-02
-0.45806 2.656085782603106e-02
-0.44384 2.588533288323641e-02
-0.42963 2.522355587476914e-02
-0.41542 2.457309348210452e-02
-0.40120 2.393119125410312e-02
-0.38699 2.329557068597652e-02
-0.37277 2.266397477218121e-02
-0.35856 2.203327883257142e-02
-0.34434 2.139977702713357e-02
-0.33013 2.076136030798199e-02
-0.31592 2.012035960305241e-02
-0.30170 1.948449194065245e-02
-0.28749 1.886383855219752e-02
-0.27327 1.826402632788964e-02
-0.25906 1.767860009793763e-02
-0.24484 1.708545234693808e-02
-0.23063 1.645200980735498e-02
-0.21642 1.575116291487161e-02
-0.20220 1.498417534243391e-02
-0.18799 1.419776813780437e-02
-0.17377 1.347485193201959e-02
-0.15956 1.288652058177954e-02
-0.14535 1.242780521109313e-02
-0.13113 1.199577975389603e-02
-0.11692 1.145016028186232e-02
-0.10270 1.071686119296677e-02
-0.08849 9.839276624795475e-03
-0.07427 8.938517311786172e-03
-0.06006 8.213615861085941e-03
-0.04585 8.015113667121434e-03
-0.03163 8.168459073808330e-03
-0.01742 7.529669026821836e-03
-0.00320 5.778473860698945e-03
0.01101 3.748513325464294e-03
0.02523 2.278211446018637e-03
0.03944 1.476240513834397e-03
0.05365 1.032024824298956e-03
0.06787 7.495166994454383e-04
0.08208 5.558987313779045e-04
0.09630 4.182439903305696e-04
0.11051 3.176261314714812e-04
0.12472 2.424984984738351e-04
0.13894 1.856241845775243e-04
0.15315 1.422618971504445e-04
0.16737 1.091194057159215e-04
0.18158 8.378575664892295e-05
0.19580 6.443411339954599e-05
0.21001 4.965967208039820e-05
0.22422 3.837928737511552e-05
0.23844 2.976003769549189e-05
0.25265 2.316409715939726e-05
0.26687 1.810508853371873e-05
0.28108 1.421353047120326e-05
0.29530 1.120968365684699e-05
0.30951 8.882381811224800e-06
0.32372 7.072654947372962e-06
0.33794 5.661162352655542e-06
0.35215 4.558642941093738e-06
0.36637 3.698754525520524e-06
0.38058 3.032812311888094e-06
0.39479 2.526055191592954e-06
0.40901 2.155171609477097e-06
0.42322 1.906910213298277e-06
0.43744 1.777689629595218e-06
0.45165 1.774212974762605e-06
0.46587 1.915194213002442e-06
0.48008 2.234425487755527e-06
0.49429 2.785569183754760e-06
0.50851 3.649257794901724e-06
0.52272 4.943336235572182e-06
0.53694 6.837379513050847e-06
0.55115 9.572930593530248e-06
0.56537 1.349114600629747e-05
0.57958 1.906954750307723e-05
0.59379 2.696908202551249e-05
0.60801 3.809128853569530e-05
0.62222 5.364258473153603e-05
0.63644 7.519819310138770e-05
0.65065 1.047526878265906e-04
0.66486 1.447440556463402e-04
0.67908 1.980820389965190e-04
0.69329 2.684428560609927e-04
0.70751 3.616660090464203e-04
0.72172 4.889881567096021e-04
0.73594 6.707735043940960e-04
0.75015 1.454229090138076e-03
0.76436 1.459135977411042e-03
0.77858 1.509820459885852e-03
0.79279 1.763696321339598e-03
0.80701 1.976047263886102e-03
0.82122 2.187082482071894e-03
0.83544 2.431168907683002e-03
0.84965 2.714572213171292e-03
0.86386 3.023253669030000e-03
0.87808 3.338695447576989e-03
0.89229 3.649891816519141e-03
0.90651 3.958551681507024e-03
0.92072 4.274259384897009e-03
0.93493 4.599659311268801e-03
0.94915 4.918717679894822e-03
0.96336 5.206672466481000e-03
0.97758 5.456202513265986e-03
0.99179 5.687487812004934e-03
1.00601 5.928232717643711e-03
1.02022 6.189499158816403e-03
1.03443 6.463500245598168e-03
1.04865 6.738178377337277e-03
1.06286 7.009129331943502e-03
1.07708 7.280353529516195e-03
1.09129 7.558280606437463e-03
1.10551 7.846397223542590e-03
1.11972 8.143991266243846e-03
1.13393 8.448171976992942e-03
1.14815 8.756562282276011e-03
1.16236 9.069537909713562e-03
1.17658 9.396184259461012e-03
1.19079 9.759306475961868e-03
1.20501 1.018736391630039e-02
1.21922 1.067132018704142e-02
1.23343 1.099377381354080e-02
1.24765 1.124550843265570e-02
1.26186 1.160268930784117e-02
1.27608 1.195894364029348e-02
1.29029 1.228059892157407e-02
1.30450 1.260431622747013e-02
1.31872 1.295315581994788e-02
1.33293 1.332076695270757e-02
1.34715 1.369407084334743e-02
1.36136 1.406864546868294e-02
1.37558 1.444795407384627e-02
1.38979 1.483658804539827e-02
1.40400 1.523528886090188e-02
1.41822 1.564042711911520e-02
1.43243 1.604686693906022e-02
1.44665 1.645134539448938e-02
1.46086 1.685404068259052e-02
1.47508 1.725782495451075e-02
1.48929 1.766622486653231e-02
1.50350 1.808154921584371e-02
1.51772 1.850413289190387e-02
1.53193 1.893278976398026e-02
1.54615 1.936593119762286e-02
1.56036 1.980264381339947e-02
1.57457 2.024324383291486e-02
1.58879 2.068918907021976e-02
1.60300 2.114252415002201e-02
1.61722 2.160517090283004e-02
1.63143 2.207836126864762e-02
1.64565 2.256239620481907e-02
1.65986 2.305676392967188e-02
1.67407 2.356052099428304e-02
1.68829 2.407276798362064e-02
1.70250 2.459304934980820e-02
1.71672 2.512156049394459e-02
1.73093 2.565912708292113e-02
1.74515 2.620700254295643e-02
1.75936 2.676658770585745e-02
1.77357 2.733919988940956e-02
1.78779 2.792600492706980e-02
1.80200 2.852817989658146e-02
1.81622 2.914730685388339e-02
1.83043 2.978592227650776e-02
1.84464 3.044807844532924e-02
1.85886 3.113972910456616e-02
1.87307 3.186875416641367e-02
1.88729 3.264451041721433e-02
1.90150 3.347694027624890e-02
1.91572 3.437542201012621e-02
1.92993 3.534753265227576e-02
1.94414 3.639755587731393e-02
1.95836 3.752409240046277e-02
1.97257 3.871637957181836e-02
1.98679 3.995085738140351e-02
2.00100 4.119214474583313e-02
2.01522 4.240145629239377e-02
2.02943 4.354697495638275e-02
2.04364 4.460275404896327e-02
2.05786 4.553479343453294e-02
2.07207 4.630595078562211e-02
2.08629 4.693954784792253e-02
2.10050 4.762269126140727e-02
2.11471 4.866108174590077e-02
2.12893 4.963547911840262e-02
2.14314 4.955445065579771e-02
2.15736 4.912282637387982e-02
2.17157 4.904105421412047e-02
2.18579 4.913018985832698e-02
2.20000 4.919315484863747e-02
