-12.00000 8.518586852490166e-35
-11.98579 3.494770071055055e-34
-11.97157 1.418120678893553e-33
-11.95736 5.697487638215184e-33
-11.94314 2.269278534684604e-32
-11.92893 8.975133312562211e-32
-11.91471 3.532177511682994e-31
-11.90050 1.386760079409129e-30
-11.88629 5.448067737917506e-30
-11.87207 2.149243649808656e-29
-11.85786 8.546320476011270e-29
-11.84364 3.438624048026935e-28
-11.82943 1.404841731441647e-27
-11.81522 5.844733183473197e-27
-11.80100 2.481844861570916e-26
-11.78679 1.078015751398725e-25
-11.77257 4.809059168671383e-25
-11.75836 2.224198834861998e-24
-11.74414 1.088008454242465e-23
-11.72993 5.814605251130245e-23
-11.71572 3.507056598167958e-22
-11.70150 2.398652145667056e-21
-11.68729 1.796581516820067e-20
-11.67307 1.398808953729768e-19
-11.65886 1.083989498435850e-18
-11.64464 8.133295882699561e-18
-11.63043 5.818269190664406e-17
-11.61622 3.936203775038260e-16
-11.60200 2.508080898532540e-15
-11.58779 1.502459826611985e-14
-11.57357 8.458342078250428e-14
-11.55936 4.477128515196824e-13
-11.54515 2.230303965811940e-12
-11.53093 1.046633505239531e-11
-11.51672 4.628660773396210e-11
-11.50250 1.927620226822763e-10
-11.48829 7.543037089934992e-10
-11.47407 2.763791630474534e-09
-11.45986 9.441111950282793e-09
-11.44565 2.993753607011412e-08
-11.43143 8.781447568686027e-08
-11.41722 2.378512358861121e-07
-11.40300 5.959733150773394e-07
-11.38879 1.398919653527224e-06
-11.37457 3.158493804276426e-06
-11.36036 6.774483844960675e-06
-11.34615 1.289143844268839e-05
-11.33193 2.152363692271444e-05
-11.31772 3.297232689327862e-05
-11.30350 4.791491884460352e-05
-11.28929 6.713129777203216e-05
-11.27508 9.114833783483219e-05
-11.26086 1.205288845375843e-04
-11.24665 1.562014979531486e-04
-11.23243 1.990048773213617e-04
-11.21822 2.491957241787936e-04
-11.20400 3.064734026701991e-04
-11.18979 3.703822735102164e-04
-11.17558 4.407324504301433e-04
-11.16136 5.177774472431310e-04
-11.14715 6.020821443281025e-04
-11.13293 6.941891358128986e-04
-11.11872 7.942800886962579e-04
-11.10450 9.020024893580967e-04
-11.09029 1.016523472068191e-03
-11.07608 1.136754816056771e-03
-11.06186 1.261627020202650e-03
-11.04765 1.390292697199224e-03
-11.03343 1.522191424812749e-03
-11.01922 1.656976833959375e-03
-11.00501 1.794362884320078e-03
-10.99079 1.933972311347584e-03
-10.97658 2.075261453232793e-03
-10.96236 2.217558763431444e-03
-10.94815 2.360204183120955e-03
-10.93393 2.502731995294172e-03
-10.91972 2.645017971140900e-03
-10.90551 2.787321934628755e-03
-10.89129 2.930196358580210e-03
-10.87708 3.074284898582253e-03
-10.86286 3.220079888426478e-03
-10.84865 3.367725820967071e-03
-10.83443 3.516939512476735e-03
-10.82022 3.667074568465439e-03
-10.80601 3.817306187277775e-03
-10.79179 3.966872458438635e-03
-10.77758 4.115293659314489e-03
-10.76336 4.262503957630235e-03
-10.74915 4.408862437200695e-03
-10.73493 4.555049072479382e-03
-10.72072 4.701883168632443e-03
-10.70651 4.850118537677022e-03
-10.69229 5.000269241988560e-03
-10.67808 5.152505395017916e-03
-10.66386 5.306636588047730e-03
-10.64965 5.462177853275148e-03
-10.63544 5.618475151178610e-03
-10.62122 5.774857336407486e-03
-10.60701 5.930780136752662e-03
-10.59279 6.085933634791242e-03
-10.57858 6.240295596195517e-03
-10.56436 6.394125792818119e-03
-10.55015 6.547908448175967e-03
-10.53594 6.702258953524294e-03
-10.52172 6.857815826206824e-03
-10.50751 7.015139222907151e-03
-10.49329 7.174633734117053e-03
-10.47908 7.336506836647864e-03
-10.46486 7.500766746519426e-03
-10.45065 7.667255988435749e-03
-10.43644 7.835711035389057e-03
-10.42222 8.005834715545331e-03
-10.40801 8.177367084472448e-03
-10.39379 8.350141989842892e-03
-10.37958 8.524120089388383e-03
-10.36537 8.699393837285232e-03
-10.35115 8.876165040150730e-03
-10.33694 9.054700156559417e-03
-10.32272 9.235271896515129e-03
-10.30851 9.418097444311921e-03
-10.29429 9.603283642879150e-03
-10.28008 9.790787882320065e-03
-10.26587 9.980400601987623e-03
-10.25165 1.017175176818535e-02
-10.23744 1.036434001245121e-02
-10.22322 1.055757986085744e-02
-10.20901 1.075086009614776e-02
-10.19479 1.094360505210591e-02
-10.18058 1.113533063568842e-02
-10.16637 1.132568801619914e-02
-10.15215 1.151448996788098e-02
-10.13794 1.170171745352548e-02
-10.12372 1.188750679571202e-02
-10.10951 1.207212031390700e-02
-10.09530 1.225590528674200e-02
-10.08108 1.243924730574141e-02
-10.06687 1.262252441621904e-02
-10.05265 1.280606791292128e-02
-10.03844 1.299013440223276e-02
-10.02422 1.317489197330523e-02
-10.01001 1.336042130070058e-02
-9.99580 1.354673050623808e-02
-9.98158 1.373378088886012e-02
-9.96737 1.392151938603874e-02
-9.95315 1.410991298226406e-02
-9.93894 1.429898027020358e-02
-9.92472 1.448881595784209e-02
-9.91051 1.467960519056557e-02
-9.89630 1.487162596064685e-02
-9.88208 1.506523942068382e-02
-9.86787 1.526086941200632e-02
-9.85365 1.545897379279600e-02
-9.83944 1.566001106939574e-02
-9.82523 1.586440631246718e-02
-9.81101 1.607252034584479e-02
-9.79680 1.628462575200668e-02
-9.78258 1.650089241309881e-02
-9.76837 1.672138420656028e-02
-9.75415 1.694606723011284e-02
-9.73994 1.717482868309980e-02
-9.72573 1.740750441689249e-02
-9.71151 1.764391230552246e-02
-9.69730 1.788388806719559e-02
-9.68308 1.812732003414124e-02
-9.66887 1.837417961877653e-02
-9.65465 1.862454480399650e-02
-9.64044 1.887861479884410e-02
-9.62623 1.913671493385119e-02
-9.61201 1.939929182506054e-02
-9.59780 1.966689976526756e-02
-9.58358 1.994018022327983e-02
-9.56937 2.021983729491211e-02
-9.55516 2.050661293156211e-02
-9.54094 2.080126654205447e-02
-9.52673 2.110456358887531e-02
-9.51251 2.141727636986869e-02
-9.49830 2.174019690465625e-02
-9.48408 2.207415756786022e-02
-9.46987 2.242005277146380e-02
-9.45566 2.277885946128531e-02
-9.44144 2.315166946292762e-02
-9.42723 2.353976968483034e-02
-9.41301 2.394481909751156e-02
-9.39880 2.436914081216026e-02
-9.38458 2.481604304638952e-02
-9.37037 2.528992827226753e-02
-9.35616 2.579590960581363e-02
-9.34194 2.633910386056000e-02
-9.32773 2.692510213464601e-02
-9.31351 2.756463789489870e-02
-9.29930 2.828352412498943e-02
-9.28509 2.912875217408535e-02
-9.27087 3.014976081546355e-02
-9.25666 3.134720864586838e-02
-9.24244 3.263112771863728e-02
-9.22823 3.385197413458470e-02
-9.21401 3.488743003894038e-02
-9.19980 3.567606131145978e-02
-9.18559 3.616390471693625e-02
-9.17137 3.628369593296836e-02
-9.15716 3.603757422741879e-02
-9.14294 3.556106662107657e-02
-9.12873 3.505090789340258e-02
-9.11451 3.463555543705051e-02
-9.10030 3.432939148304050e-02
-9.08609 3.408260816461715e-02
-9.07187 3.384471533524066e-02
-9.05766 3.359067462456261e-02
-9.04344 3.331660926943024e-02
-9.02923 3.302743164425675e-02
-9.01502 3.272795732519914e-02
-9.00080 3.241953554911238e-02
-8.98659 3.210087317728725e-02
-8.97237 3.177083365352430e-02
-8.95816 3.143092961449837e-02
-8.94394 3.108600433644597e-02
-8.92973 3.074290449731631e-02
-8.91552 3.040806855150903e-02
-8.90130 3.008535841737641e-02
-8.88709 2.977510901720583e-02
-8.87287 2.947462274345670e-02
-8.85866 2.917965733037613e-02
-8.84444 2.888614256509756e-02
-8.83023 2.859144844047234e-02
-8.81602 2.829485895507940e-02
-8.80180 2.799727509334779e-02
-8.78759 2.770042835606794e-02
-8.77337 2.740597810284571e-02
-8.75916 2.711481378545630e-02
-8.74494 2.682674632223961e-02
-8.73073 2.654061522110964e-02
-8.71652 2.625470895641304e-02
-8.70230 2.596732347787323e-02
-8.68809 2.567727423281227e-02
-8.67387 2.538422006703996e-02
-8.65966 2.508873115890698e-02
-8.64545 2.479211244358000e-02
-8.63123 2.449605692103383e-02
-8.61702 2.420223634901157e-02
-8.60280 2.391193697069730e-02
-8.58859 2.362582109983405e-02
-8.57437 2.334385325757898e-02
-8.56016 2.306538528476685e-02
-8.54595 2.278935944328975e-02
-8.53173 2.251456858817609e-02
-8.51752 2.223990967390696e-02
-8.50330 2.196457856121591e-02
-8.48909 2.168817503508644e-02
-8.47487 2.141071092202395e-02
-8.46066 2.113253558610523e-02
-8.44645 2.085420789036423e-02
-8.43223 2.057635002243741e-02
-8.41802 2.029951654060352e-02
-8.40380 2.002410337376899e-02
-8.38959 1.975030908547786e-02
-8.37538 1.947814757350247e-02
-8.36116 1.920750028522515e-02
-8.34695 1.893818895404560e-02
-8.33273 1.867004772476679e-02
-8.31852 1.840297618007031e-02
-8.30430 1.813696113968227e-02
-8.29009 1.787206351106142e-02
-8.27588 1.760837503310440e-02
-8.26166 1.734595672659705e-02
-8.24745 1.708477495048237e-02
-8.23323 1.682465150647839e-02
-8.21902 1.656524128539976e-02
-8.20480 1.630604519856525e-02
-8.19059 1.604645875921925e-02
-8.17638 1.578584909807550e-02
-8.16216 1.552364684332164e-02
-8.14795 1.525943536610644e-02
-8.13373 1.499301916513330e-02
-8.11952 1.472445587822871e-02
-8.10531 1.445404223060677e-02
-8.09109 1.418225229752594e-02
-8.07688 1.390963550274153e-02
-8.06266 1.363669028614108e-02
-8.04845 1.336373581063843e-02
-8.03423 1.309080706683796e-02
-8.02002 1.281759726947649e-02
-8.00581 1.254346507257158e-02
-7.99159 1.226751314909599e-02
-7.97738 1.198873028962228e-02
-7.96316 1.170617362106857e-02
-7.94895 1.141915410147137e-02
-7.93473 1.112738107038812e-02
-7.92052 1.083102420337950e-02
-7.90631 1.053066630922282e-02
-7.89209 1.022714788225116e-02
-7.87788 9.921340160473472e-03
-7.86366 9.613919254774320e-03
-7.84945 9.305237340248277e-03
-7.83524 8.995383023603119e-03
-7.82102 8.684477725329723e-03
-7.80681 8.373162397231846e-03
-7.79259 8.063104343279129e-03
-7.77838 7.757246674433256e-03
-7.76416 7.459514173403199e-03
-7.74995 7.173856118905975e-03
-7.73574 6.902855780476353e-03
-7.72152 6.646550141375136e-03
-7.70731 6.402345360982649e-03
-7.69309 6.166686091703678e-03
-7.67888 5.938170001911999e-03
-7.66466 5.720125805236887e-03
-7.65045 5.519301861698558e-03
-7.63624 5.338639880563682e-03
-7.62202 5.168472667792327e-03
-7.60781 4.989912556842163e-03
-7.59359 4.798308987770061e-03
-7.57938 4.602469920352072e-03
-7.56517 4.353627466336309e-03
-7.55095 3.958090928558263e-03
-7.53674 3.456122949475250e-03
-7.52252 3.019310608741549e-03
-7.50831 2.741478578901715e-03
-7.49409 2.595881841299976e-03
-7.47988 2.526918928301198e-03
-7.46567 2.493993553515480e-03
-7.45145 2.474675505747964e-03
-7.43724 2.463808126546405e-03
-7.42302 2.467429164375319e-03
-7.40881 2.491799481280981e-03
-7.39459 2.536574696095543e-03
-7.38038 2.596305488634929e-03
-7.36617 2.665719780956010e-03
-7.35195 2.742888203484967e-03
-7.33774 2.828772244430551e-03
-7.32352 2.925067117659709e-03
-7.30931 3.032455692724481e-03
-7.29510 3.150109916269525e-03
-7.28088 3.276203040467389e-03
-7.26667 3.408783828642193e-03
-7.25245 3.546448842733938e-03
-7.23824 3.688558090339607e-03
-7.22402 3.835043169269194e-03
-7.20981 3.986023526236961e-03
-7.19560 4.141456486416701e-03
-7.18138 4.300957830615690e-03
-7.16717 4.463817447514550e-03
-7.15295 4.629151772111000e-03
-7.13874 4.796100610929609e-03
-7.12452 4.963984764295872e-03
-7.11031 5.132375083199834e-03
-7.09610 5.301064449483199e-03
-7.08188 5.469967435770471e-03
-7.06767 5.638990635205315e-03
-7.05345 5.807918784742156e-03
-7.03924 5.976351294164850e-03
-7.02503 6.143706242343223e-03
-7.01081 6.309290001768956e-03
-6.99660 6.472414849882561e-03
-6.98238 6.632536895989523e-03
-6.96817 6.789383353374363e-03
-6.95395 6.943041223561017e-03
-6.93974 7.093987538805310e-03
-6.92553 7.243052638888021e-03
-6.91131 7.391320557496543e-03
-6.89710 7.539982498010211e-03
-6.88288 7.690168788789749e-03
-6.86867 7.842790125431938e-03
-6.85445 7.998419303168480e-03
-6.84024 8.157239662361241e-03
-6.82603 8.319076610400614e-03
-6.81181 8.483515214028807e-03
-6.79760 8.650091959331828e-03
-6.78338 8.818534389746458e-03
-6.76917 8.989009931187104e-03
-6.75495 9.162335553143396e-03
-6.74074 9.340093932761740e-03
-6.72653 9.524602852008681e-03
-6.71231 9.718701659430879e-03
-6.69810 9.925369267721798e-03
-6.68388 1.014729751595517e-02
-6.66967 1.038672997922029e-02
-6.65546 1.064610151453862e-02
-6.64124 1.093009285039968e-02
-6.62703 1.124926767684483e-02
-6.61281 1.162414438260233e-02
-6.59860 1.208679483090619e-02
-6.58438 1.267766108182599e-02
-6.57017 1.344801349379476e-02
-6.55596 1.454095546450770e-02
-6.54174 1.607714272611703e-02
-6.52753 1.721749383963345e-02
-6.51331 1.811504227051925e-02
-6.49910 1.951414035887785e-02
-6.48488 2.073796724377333e-02
-6.47067 2.281601516043441e-02
-6.45646 2.138969279379483e-02
-6.44224 1.841390096549517e-02
-6.42803 1.738895084719201e-02
-6.41381 1.645205640908953e-02
-6.39960 1.560798275256097e-02
-6.38539 1.491512449651442e-02
-6.37117 1.436579089564345e-02
-6.35696 1.392053806727550e-02
-6.34274 1.353957821013941e-02
-6.32853 1.319673434598014e-02
-6.31431 1.287949872933423e-02
-6.30010 1.258363940137784e-02
-6.28589 1.230809912114321e-02
-6.27167 1.205209187712220e-02
-6.25746 1.181412940970698e-02
-6.24324 1.159211060693202e-02
-6.22903 1.138375588627054e-02
-6.21481 1.118699240313165e-02
-6.20060 1.100015512432544e-02
-6.18639 1.082201427009012e-02
-6.17217 1.065169483069737e-02
-6.15796 1.048855630835274e-02
-6.14374 1.033208067369865e-02
-6.12953 1.018179242538347e-02
-6.11532 1.003721566076694e-02
-6.10110 9.897861836506440e-03
-6.08689 9.763237525617354e-03
-6.07267 9.632861701899427e-03
-6.05846 9.506284603441733e-03
-6.04424 9.383103326555056e-03
-6.03003 9.262971982684168e-03
-6.01582 9.145606117012022e-03
-6.00160 9.030782133861711e-03
-5.98739 8.918332889900335e-03
-5.97317 8.808140640839655e-03
-5.95896 8.700128367059379e-03
-5.94474 8.594250298210395e-03
-5.93053 8.490482279175184e-03
-5.91632 8.388812491455995e-03
-5.90210 8.289232956453443e-03
-5.88789 8.191732179483222e-03
-5.87367 8.096289225734103e-03
-5.85946 8.002869439040007e-03
-5.84525 7.911421917812562e-03
-5.83103 7.821878754005990e-03
-5.81682 7.734155929663871e-03
-5.80260 7.648155662252664e-03
-5.78839 7.563769904583018e-03
-5.77417 7.480884645070524e-03
-5.75996 7.399384623472255e-03
-5.74575 7.319158076756809e-03
-5.73153 7.240101157202406e-03
-5.71732 7.162121715736107e-03
-5.70310 7.085142212070034e-03
-5.68889 7.009101592811577e-03
-5.67467 6.933956062815969e-03
-5.66046 6.859678757427472e-03
-5.64625 6.786258398517630e-03
-5.63203 6.713697080996748e-03
-5.61782 6.642007385536378e-03
-5.60360 6.571209045616123e-03
-5.58939 6.501325411942476e-03
-5.57518 6.432379955182884e-03
-5.56096 6.364393030251963e-03
-5.54675 6.297379094382056e-03
-5.53253 6.231344529869692e-03
-5.51832 6.166286174104611e-03
-5.50410 6.102190607836518e-03
-5.48989 6.039034201144163e-03
-5.47568 5.976783868499710e-03
-5.46146 5.915398442472653e-03
-5.44725 5.854830542196512e-03
-5.43303 5.795028789241637e-03
-5.41882 5.735940210776171e-03
-5.40460 5.677512667905476e-03
-5.39039 5.619697155235121e-03
-5.37618 5.562449834799452e-03
-5.36196 5.505733691871445e-03
-5.34775 5.449519729833052e-03
-5.33353 5.393787654078041e-03
-5.31932 5.338526028651371e-03
-5.30511 5.283731921916869e-03
-5.29089 5.229410087126483e-03
-5.27668 5.175571748793283e-03
-5.26246 5.122233085081420e-03
-5.24825 5.069413509274100e-03
-5.23403 5.017133859449167e-03
-5.21982 4.965414604880195e-03
-5.20561 4.914274170863772e-03
-5.19139 4.863727471446335e-03
-5.17718 4.813784722932373e-03
-5.16296 4.764450591318426e-03
-5.14875 4.715723705223812e-03
-5.13453 4.667596543800930e-03
-5.12032 4.620055687764341e-03
-5.10611 4.573082402210705e-03
-5.09189 4.526653503263823e-03
-5.07768 4.480742447504300e-03
-5.06346 4.435320574123709e-03
-5.04925 4.390358425018630e-03
-5.03504 4.345827067604059e-03
-5.02082 4.301699348743184e-03
-5.00661 4.257951015425615e-03
-4.99239 4.214561648079677e-03
-4.97818 4.171515364956556e-03
-4.96396 4.128801270080738e-03
-4.94975 4.086413631999579e-03
-4.93554 4.044351795179459e-03
-4.92132 4.002619839637732e-03
-4.90711 3.961226016611936e-03
-4.89289 3.920181998212623e-03
-4.87868 3.879501986685247e-03
-4.86446 3.839201733870568e-03
-4.85025 3.799297523606075e-03
-4.83604 3.759805169203682e-03
-4.82182 3.720739074957649e-03
-4.80761 3.682111405184445e-03
-4.79339 3.643931396970360e-03
-4.77918 3.606204844069011e-03
-4.76496 3.568933769756355e-03
-4.75075 3.532116296436178e-03
-4.73654 3.495746709901913e-03
-4.72232 3.459815706872948e-03
-4.70811 3.424310806149508e-03
-4.69389 3.389216896811297e-03
-4.67968 3.354516891577792e-03
-4.66547 3.320192449917186e-03
-4.65125 3.286224733807483e-03
-4.63704 3.252595159197137e-03
-4.62282 3.219286108079293e-03
-4.60861 3.186281569504109e-03
-4.59439 3.153567682567874e-03
-4.58018 3.121133160148634e-03
-4.56597 3.088969578589266e-03
-4.55175 3.057071525329336e-03
-4.53754 3.025436603328198e-03
-4.52332 2.994065297692283e-03
-4.50911 2.962960715938238e-03
-4.49489 2.932128218551551e-03
-4.48068 2.901574960748532e-03
-4.46647 2.871309369486848e-03
-4.45225 2.841340581725713e-03
-4.43804 2.811677870705048e-03
-4.42382 2.782330086651317e-03
-4.40961 2.753305136949969e-03
-4.39540 2.724609528640716e-03
-4.38118 2.696247993354694e-03
-4.36697 2.668223211866967e-03
-4.35275 2.640535652734107e-03
-4.33854 2.613183537620573e-03
-4.32432 2.586162945703632e-03
-4.31011 2.559468072143820e-03
-4.29590 2.533091662737183e-03
-4.28168 2.507025661174362e-03
-4.26747 2.481262130989138e-03
-4.25325 2.455794557905087e-03
-4.23904 2.430619710340763e-03
-4.22482 2.405740352716735e-03
-4.21061 2.381169294155611e-03
-4.19640 2.356935560103257e-03
-4.18218 2.333093991235585e-03
-4.16797 2.309740527673488e-03
-4.15375 2.287037363543102e-03
-4.13954 2.265256182885018e-03
-4.12533 2.244855613076834e-03
-4.11111 2.226622340719383e-03
-4.09690 2.211922096082238e-03
-4.08268 2.203118158126635e-03
-4.06847 2.204209710431332e-03
-4.05425 2.221716704424650e-03
-4.04004 2.265756917123690e-03
-4.02583 2.351026793288337e-03
-4.01161 2.502745641016269e-03
-3.99740 2.815220957471262e-03
-3.98318 3.309118469928585e-03
-3.96897 3.568492899485012e-03
-3.95475 3.802055253236299e-03
-3.94054 4.133417417001044e-03
-3.92633 4.418917059130658e-03
-3.91211 4.645570094931771e-03
-3.89790 4.852011451976811e-03
-3.88368 5.074395830326101e-03
-3.86947 5.324411431029812e-03
-3.85526 5.594695273005722e-03
-3.84104 5.875235414899283e-03
-3.82683 6.162822224395992e-03
-3.81261 6.461373122567018e-03
-3.79840 6.779808207412592e-03
-3.78418 7.130328672008558e-03
-3.76997 7.520926698650347e-03
-3.75576 7.935742719926545e-03
-3.74154 8.317334766273001e-03
-3.72733 8.584520551517500e-03
-3.71311 8.690185382518176e-03
-3.69890 8.663079492711237e-03
-3.68468 8.582611633019537e-03
-3.67047 8.515701414896711e-03
-3.65626 8.482515588132131e-03
-3.64204 8.469106044885488e-03
-3.62783 8.455297336549072e-03
-3.61361 8.430139403751815e-03
-3.59940 8.392689014713224e-03
-3.58519 8.347138876436046e-03
-3.57097 8.298596192297190e-03
-3.55676 8.251011211107070e-03
-3.54254 8.206668399789483e-03
-3.52833 8.166450626341555e-03
-3.51411 8.130360357061009e-03
-3.49990 8.098012610119783e-03
-3.48569 8.068966881447726e-03
-3.47147 8.042873958827529e-03
-3.45726 8.019483051884624e-03
-3.44304 7.998581183907928e-03
-3.42883 7.979928057520909e-03
-3.41461 7.963223111511290e-03
-3.40040 7.948114183052758e-03
-3.38619 7.934238616019136e-03
-3.37197 7.921279547884921e-03
-3.35776 7.909019779309197e-03
-3.34354 7.897379499444983e-03
-3.32933 7.886429576864647e-03
-3.31512 7.876377707261030e-03
-3.30090 7.867529745590650e-03
-3.28669 7.860232620816398e-03
-3.27247 7.854807993496939e-03
-3.25826 7.851487032859747e-03
-3.24404 7.850356309391378e-03
-3.22983 7.851322985207564e-03
-3.21562 7.854104576384047e-03
-3.20140 7.858244999938939e-03
-3.18719 7.863154881356761e-03
-3.17297 7.868170661725363e-03
-3.15876 7.872624354145652e-03
-3.14454 7.875914245170685e-03
-3.13033 7.877566695404370e-03
-3.11612 7.877280561343651e-03
-3.10190 7.874948494443965e-03
-3.08769 7.870653064970796e-03
-3.07347 7.864639673778075e-03
-3.05926 7.857271804129408e-03
-3.04505 7.848976620746335e-03
-3.03083 7.840189753705314e-03
-3.01662 7.831307174325286e-03
-3.00240 7.822649655656764e-03
-2.98819 7.814442055942339e-03
-2.97397 7.806806432816686e-03
-2.95976 7.799765649780533e-03
-2.94555 7.793253289955808e-03
-2.93133 7.787126515197467e-03
-2.91712 7.781180630630629e-03
-2.90290 7.775166679820636e-03
-2.88869 7.768815282655188e-03
-2.87447 7.761870100056001e-03
-2.86026 7.754132207828108e-03
-2.84605 7.745512499595607e-03
-2.83183 7.736084041418240e-03
-2.81762 7.726121601664900e-03
-2.80340 7.716112871764476e-03
-2.78919 7.706726193340412e-03
-2.77497 7.698723571635258e-03
-2.76076 7.692816353459573e-03
-2.74655 7.689475751029565e-03
-2.73233 7.688731935865233e-03
-2.71812 7.690019310468465e-03
-2.70390 7.692139371768552e-03
-2.68969 7.693399975489946e-03
-2.67548 7.691950619717192e-03
-2.66126 7.686366183819449e-03
-2.64705 7.677248580899485e-03
-2.63283 7.672563583041963e-03
-2.61862 7.689775785476609e-03
-2.60440 7.722847917186342e-03
-2.59019 7.727103981392064e-03
-2.57598 7.699660922027242e-03
-2.56176 7.674778755590696e-03
-2.54755 7.654890531016097e-03
-2.53333 7.628746673427582e-03
-2.51912 7.595692727446829e-03
-2.50490 7.561451679680252e-03
-2.49069 7.530306589900126e-03
-2.47648 7.502604416913173e-03
-2.46226 7.476328157703528e-03
-2.44805 7.449327703432727e-03
-2.43383 7.420443171238166e-03
-2.41962 7.389652281593279e-03
-2.40541 7.357703690933987e-03
-2.39119 7.325488287863109e-03
-2.37698 7.293457469910817e-03
-2.36276 7.261414845320656e-03
-2.34855 7.228756920128285e-03
-2.33433 7.194945462043356e-03
-2.32012 7.159899567975804e-03
-2.30591 7.124106451414318e-03
-2.29169 7.088436758325605e-03
-2.27748 7.053793086219391e-03
-2.26326 7.020768028578942e-03
-2.24905 6.989449446038010e-03
-2.23483 6.959426501687448e-03
-2.22062 6.929965562338884e-03
-2.20641 6.900271575380189e-03
-2.19219 6.869738213964272e-03
-2.17798 6.838111723704459e-03
-2.16376 6.805533095764363e-03
-2.14955 6.772464610378768e-03
-2.13534 6.739538021112829e-03
-2.12112 6.707376659705557e-03
-2.10691 6.676441994754264e-03
-2.09269 6.646940390513104e-03
-2.07848 6.618804283039480e-03
-2.06426 6.591740628879116e-03
-2.05005 6.565323892485402e-03
-2.03584 6.539104006629408e-03
-2.02162 6.512701683299980e-03
-2.00741 6.485871832935303e-03
-1.99319 6.458527150623560e-03
-1.97898 6.430724689899512e-03
-1.96476 6.402625967533018e-03
-1.95055 6.374444686182307e-03
-1.93634 6.346395685001261e-03
-1.92212 6.318655316951627e-03
-1.90791 6.291338615679913e-03
-1.89369 6.264493814120609e-03
-1.87948 6.238111082526777e-03
-1.86527 6.212140294111133e-03
-1.85105 6.186512210301609e-03
-1.83684 6.161158337623618e-03
-1.82262 6.136026296737902e-03
-1.80841 6.111089312400233e-03
-1.79419 6.086349954027564e-03
-1.77998 6.061839279854488e-03
-1.76577 6.037612988189952e-03
-1.75155 6.013746120386829e-03
-1.73734 5.990327442927946e-03
-1.72312 5.967454049300031e-03
-1.70891 5.945226150915621e-03
-1.69469 5.923741620813287e-03
-1.68048 5.903089711522044e-03
-1.66627 5.883343524593630e-03
-1.65205 5.864551236830524e-03
-1.63784 5.846726703910524e-03
-1.62362 5.829840737181045e-03
-1.60941 5.813814923944161e-03
-1.59520 5.798520163089337e-03
-1.58098 5.783781956648471e-03
-1.56677 5.769393820827360e-03
-1.55255 5.755138933281823e-03
-1.53834 5.740818423054166e-03
-1.52412 5.726282796046651e-03
-1.50991 5.711461273484405e-03
-1.49570 5.696382783623300e-03
-1.48148 5.681182444454745e-03
-1.46727 5.666088928159369e-03
-1.45305 5.651391206567060e-03
-1.43884 5.637387671992550e-03
-1.42462 5.624326022419795e-03
-1.41041 5.612347675970506e-03
-1.39620 5.601454309863045e-03
-1.38198 5.591514174396430e-03
-1.36777 5.582319469134006e-03
-1.35355 5.573691225528086e-03
-1.33934 5.565605332514623e-03
-1.32513 5.558288785281007e-03
-1.31091 5.552223982490025e-03
-1.29670 5.548022486094630e-03
-1.28248 5.546197529340006e-03
-1.26827 5.546938156804398e-03
-1.25405 5.549972307432044e-03
-1.23984 5.554455840571469e-03
-1.22563 5.558725617829741e-03
-1.21141 5.560044189034850e-03
-1.19720 5.555233973498552e-03
-1.18298 5.543935536969236e-03
-1.16877 5.531345767257161e-03
-1.15455 5.513813449268149e-03
-1.14034 5.468051694122926e-03
-1.12613 5.401179680610213e-03
-1.11191 5.319294912245975e-03
-1.09770 5.176767597474512e-03
-1.08348 5.040242260525494e-03
-1.06927 4.933025583324663e-03
-1.05506 4.829403230075053e-03
-1.04084 4.730817646476278e-03
-1.02663 4.643347413805988e-03
-1.01241 4.565206400197939e-03
-0.99820 4.491153970141411e-03
-0.98398 4.417636228175838e-03
-0.96977 4.344877898618298e-03
-0.95556 4.275621323402611e-03
-0.94134 4.212132881928322e-03
-0.92713 4.154354396092361e-03
-0.91291 4.100298202100318e-03
-0.89870 4.047592253392438e-03
-0.88448 3.994693857869416e-03
-0.87027 3.941231381152649e-03
-0.85606 3.887724237086084e-03
-0.84184 3.835047363335958e-03
-0.82763 3.783881315668755e-03
-0.81341 3.734355165390463e-03
-0.79920 3.686039596530789e-03
-0.78498 3.638264609490544e-03
-0.77077 3.590535585283344e-03
-0.75656 3.542778984043001e-03
-0.74234 3.495298584905021e-03
-0.72813 3.448539093190711e-03
-0.71391 3.402863288815657e-03
-0.69970 3.358475040529951e-03
-0.68549 3.315453377470744e-03
-0.67127 3.273774600533674e-03
-0.65706 3.233266418068439e-03
-0.64284 3.193562755947329e-03
-0.62863 3.154159339680484e-03
-0.61441 3.114577389911246e-03
-0.60020 3.074533768831793e-03
-0.58599 3.034001717111308e-03
-0.57177 2.993129648563150e-03
-0.55756 2.952084233746347e-03
-0.54334 2.910924808402417e-03
-0.52913 2.869585678158059e-03
-0.51491 2.827972088679206e-03
-0.50070 2.786104777177429e-03
-0.48649 2.744211119313206e-03
-0.47227 2.702682686933469e-03
-0.45806 2.661901352485749e-03
-0.44384 2.622036016270483e-03
-0.42963 2.582950021622313e-03
-0.41542 2.544283030015952e-03
-0.40120 2.505628051705929e-03
-0.38699 2.466645929575819e-03
-0.37277 2.427035534313080e-03
-0.35856 2.386445059255623e-03
-0.34434 2.344497989026032e-03
-0.33013 2.301011055609056e-03
-0.31592 2.256270916538638e-03
-0.30170 2.211092551928528e-03
-0.28749 2.166440113352872e-03
-0.27327 2.122642640323112e-03
-0.25906 2.078553179717956e-03
-0.24484 2.031212961480829e-03
-0.23063 1.976568032932343e-03
-0.21642 1.911478081188684e-03
-0.20220 1.836563711289875e-03
-0.18799 1.758281430495772e-03
-0.17377 1.687582268762272e-03
-0.15956 1.633552012473492e-03
-0.14535 1.595031038930124e-03
-0.13113 1.557964335460603e-03
-0.11692 1.503701428812780e-03
-0.10270 1.422815624964199e-03
-0.08849 1.321649888075088e-03
-0.07427 1.216656776397365e-03
-0.06006 1.135659247101566e-03
-0.04585 1.129918336337550e-03
-0.03163 1.172464122936118e-03
-0.01742 1.090994207842205e-03
-0.00320 8.378621697142323e-04
0.01101 5.396540996813981e-04
0.02523 3.237295870996845e-04
0.03944 2.071887140921497e-04
0.05365 1.436301539340214e-04
0.06787 1.037389841021803e-04
0.08208 7.669084074298550e-05
0.09630 5.763009606670127e-05
0.11051 4.378702467885067e-05
0.12472 3.348969978634473e-05
0.13894 2.570548196603813e-05
0.15315 1.976904237030195e-05
0.16737 1.522524390660026e-05
0.18158 1.174423586277229e-05
0.19580 9.077562592287633e-06
0.21001 7.034744091471049e-06
0.22422 5.469138457348474e-06
0.23844 4.268071606791199e-06
0.25265 3.345304289614006e-06
0.26687 2.635109995469636e-06
0.28108 2.087617080691190e-06
0.29530 1.665177798468171e-06
0.30951 1.339571976594562e-06
0.32372 1.089888730901103e-06
0.33794 9.009642773286604e-07
0.35215 7.622871492107307e-07
0.36637 6.673137758779281e-07
0.38058 6.131685335886083e-07
0.39479 6.007349649735411e-07
0.40901 6.351814368605451e-07
0.42322 7.270085105636808e-07
0.43744 8.937616882225677e-07
0.45165 1.162629358356047e-06
0.46587 1.574252554479998e-06
0.48008 2.188225720281768e-06
0.49429 3.090985400443205e-06
0.50851 4.407088007049126e-06
0.52272 6.315285746107130e-06
0.53694 9.071321454032219e-06
0.55115 1.303993718671915e-05
0.56537 1.873910448616051e-05
0.57958 2.689966954913600e-05
0.59379 3.854297963918513e-05
0.60801 5.507686571539520e-05
0.62222 7.840564747293070e-05
0.63644 1.110418371340267e-04
0.65065 1.561969368670444e-04
0.66486 2.178277370964902e-04
0.67908 3.006920560990123e-04
0.69329 4.108815946594463e-04
0.70751 5.583379085792153e-04
0.72172 7.627644638448658e-04
0.73594 1.061513151049783e-03
0.75015 2.594384609399796e-03
0.76436 2.488567885475124e-03
0.77858 2.479891341516592e-03
0.79279 2.903015794734474e-03
0.80701 3.234344618195090e-03
0.82122 3.540913812867732e-03
0.83544 3.891940376849898e-03
0.84965 4.310279637037693e-03
0.86386 4.775705318842991e-03
0.87808 5.252104235073046e-03
0.89229 5.715107951986775e-03
0.90651 6.166874802084495e-03
0.92072 6.626831150606281e-03
0.93493 7.098041168661016e-03
0.94915 7.540229677262173e-03
0.96336 7.893794713689152e-03
0.97758 8.142005029837026e-03
0.99179 8.334671445928437e-03
1.00601 8.540272341053220e-03
1.02022 8.787958562306393e-03
1.03443 9.061485313424964e-03
1.04865 9.332950459939381e-03
1.06286 9.590742022805607e-03
1.07708 9.841858652209746e-03
1.09129 1.009884293051505e-02
1.10551 1.036797844195779e-02
1.11972 1.064660191985541e-02
1.13393 1.092762750221258e-02
1.14815 1.120552793612340e-02
1.16236 1.148145685520698e-02
1.17658 1.177755856593837e-02
1.19079 1.214891610854475e-02
1.20501 1.266321712807957e-02
1.21922 1.329739949799659e-02
1.23343 1.353119274669410e-02
1.24765 1.358224376782933e-02
1.26186 1.387732462766047e-02
1.27608 1.416898791000839e-02
1.29029 1.437405264071460e-02
1.30450 1.457063145702144e-02
1.31872 1.480903385577065e-02
1.33293 1.507616561285818e-02
1.34715 1.534369422206981e-02
1.36136 1.560096907223429e-02
1.37558 1.585406576535898e-02
1.38979 1.611252965796922e-02
1.40400 1.637946181717335e-02
1.41822 1.664995018260676e-02
1.43243 1.691580605293022e-02
1.44665 1.717142857793461e-02
1.46086 1.741668298313517e-02
1.47508 1.765589635081029e-02
1.48929 1.789466255768678e-02
1.50350 1.813683044881331e-02
1.51772 1.838319338850595e-02
1.53193 1.863204039547533e-02
1.54615 1.888075601695452e-02
1.56036 1.912742133767216e-02
1.57457 1.937170939368290e-02
1.58879 1.961489803901353e-02
1.60300 1.985923368328429e-02
1.61722 2.010705580508605e-02
1.63143 2.036006359119735e-02
1.64565 2.061895596308537e-02
1.65986 2.088349032869867e-02
1.67407 2.115285168400665e-02
1.68829 2.142614286566664e-02
1.70250 2.170280713095312e-02
1.71672 2.198285620479442e-02
1.73093 2.226686652377000e-02
1.74515 2.255579057262213e-02
1.75936 2.285068656372249e-02
1.77357 2.315248888795401e-02
1.78779 2.346192499350697e-02
1.80200 2.377963966507373e-02
1.81622 2.410652662933411e-02
1.83043 2.444420261862240e-02
1.84464 2.479550286058703e-02
1.85886 2.516484225781900e-02
1.87307 2.555828901518181e-02
1.88729 2.598325467829710e-02
1.90150 2.644781865929548e-02
1.91572 2.695982337580991e-02
1.92993 2.752586273459097e-02
1.94414 2.815001231928278e-02
1.95836 2.883177143961237e-02
1.97257 2.956290070302955e-02
1.98679 3.032441652669865e-02
2.00100 3.108715555220701e-02
2.01522 3.181846867781729e-02
2.02943 3.249080595363602e-02
2.04364 3.308145262982860e-02
2.05786 3.356187779431181e-02
2.07207 3.390095594648673e-02
2.08629 3.411297685788699e-02
2.10050 3.433588342816433e-02
2.11471 3.479756688169382e-02
2.12893 3.520184172857541e-02
2.14314 3.484319713199130e-02
2.15736 3.424052709042811e-02
2.17157 3.390734959353679e-02
2.18579 3.371544274240286e-02
2.20000 3.351754277760886e-02
