-12.00000 8.506370762896341e-35
-11.98579 3.490155981003747e-34
-11.97157 1.416713653198539e-33
-11.95736 5.695811483123942e-33
-11.94314 2.271577831251821e-32
-11.92893 9.004628535901447e-32
-11.91471 3.557020200669128e-31
-11.90050 1.404706645598547e-30
-11.88629 5.567250155202985e-30
-11.87207 2.224079181454469e-29
-11.85786 8.996816832188607e-29
-11.84364 3.700577214841050e-28
-11.82943 1.552581741813134e-27
-11.81522 6.654572973522709e-27
-11.80100 2.913532668488027e-26
-11.78679 1.301684379780985e-25
-11.77257 5.934813394613522e-25
-11.75836 2.775801195859334e-24
-11.74414 1.354773713366448e-23
-11.72993 7.148866035053715e-23
-11.71572 4.272274855942505e-22
-11.70150 2.957424998032290e-21
-11.68729 2.299972411861784e-20
-11.67307 1.889844179164404e-19
-11.65886 1.555222892366881e-18
-11.64464 1.239967950780069e-17
-11.63043 9.406781475185954e-17
-11.61622 6.724026641511191e-16
-11.60200 4.502664343062021e-15
-11.58779 2.813867881702589e-14
-11.57357 1.636527099188675e-13
-11.55936 8.839023325161238e-13
-11.54515 4.426334383459487e-12
-11.53093 2.052749139645099e-11
-11.51672 8.809537192421896e-11
-11.50250 3.497328517048317e-10
-11.48829 1.284332393515041e-09
-11.47407 4.364203720207046e-09
-11.45986 1.373037890587577e-08
-11.44565 4.003418933122824e-08
-11.43143 1.083442632496033e-07
-11.41722 2.728278969418348e-07
-11.40300 6.424945223857503e-07
-11.38879 1.435432126934954e-06
-11.37457 3.127600151806295e-06
-11.36036 6.568692928594505e-06
-11.34615 1.238131831610958e-05
-11.33193 2.063212869059767e-05
-11.31772 3.165673872203466e-05
-11.30350 4.606524968867098e-05
-11.28929 6.465093827863258e-05
-11.27508 8.818165119742957e-05
-11.26086 1.175603060372832e-04
-11.24665 1.539515031081835e-04
-11.23243 1.981936449957573e-04
-11.21822 2.502937128454909e-04
-11.20400 3.095677526631474e-04
-11.18979 3.752198440262872e-04
-11.17558 4.469004566177176e-04
-11.16136 5.249071584467023e-04
-11.14715 6.099522256323151e-04
-11.13293 7.026777115484253e-04
-11.11872 8.032189634001381e-04
-11.10450 9.110441468682932e-04
-11.09029 1.025106734690556e-03
-11.07608 1.144180934338825e-03
-11.06186 1.267194291632590e-03
-11.04765 1.393420924847508e-03
-11.03343 1.522493227752287e-03
-11.01922 1.654272414294244e-03
-11.00501 1.788661531029539e-03
-10.99079 1.925447504754644e-03
-10.97658 2.064233063818851e-03
-10.96236 2.204479032335067e-03
-10.94815 2.345635239302708e-03
-10.93393 2.487305341878194e-03
-10.91972 2.629376883468027e-03
-10.90551 2.772058644784182e-03
-10.89129 2.915800947236976e-03
-10.87708 3.061119767591994e-03
-10.86286 3.208384680273894e-03
-10.84865 3.357647259674831e-03
-10.83443 3.508573308384864e-03
-10.82022 3.660504663575797e-03
-10.80601 3.812630009967444e-03
-10.79179 3.964207328713015e-03
-10.77758 4.114766181000227e-03
-10.76336 4.264228857863833e-03
-10.74915 4.412918846965940e-03
-10.73493 4.561460981386269e-03
-10.72072 4.710607884927542e-03
-10.70651 4.861043807817656e-03
-10.69229 5.013217288506949e-03
-10.67808 5.167241005772240e-03
-10.66386 5.322876475842948e-03
-10.64965 5.479599390315282e-03
-10.63544 5.636723744990441e-03
-10.62122 5.793552713525576e-03
-10.60701 5.949522384579370e-03
-10.59279 6.104309966351308e-03
-10.57858 6.257888542539169e-03
-10.56436 6.410523064549434e-03
-10.55015 6.562714216999209e-03
-10.53594 6.715105919275745e-03
-10.52172 6.868377222403914e-03
-10.50751 7.023139880556816e-03
-10.49329 7.179859432292159e-03
-10.47908 7.338811362787091e-03
-10.46486 7.500076314990809e-03
-10.45065 7.663570883137841e-03
-10.43644 7.829104530567697e-03
-10.42222 7.996449483557150e-03
-10.40801 8.165409422844230e-03
-10.39379 8.335874295885039e-03
-10.37958 8.507852077560163e-03
-10.36537 8.681473026061414e-03
-10.35115 8.856967022761141e-03
-10.33694 9.034619108030719e-03
-10.32272 9.214711660013699e-03
-10.30851 9.397463395267610e-03
-10.29429 9.582975371819411e-03
-10.28008 9.771192594572696e-03
-10.26587 9.961887031905772e-03
-10.25165 1.015466436792475e-02
-10.23744 1.034899320910475e-02
-10.22322 1.054425227484323e-02
-10.20901 1.073978875831513e-02
-10.19479 1.093497981743980e-02
-10.18058 1.112928913442105e-02
-10.16637 1.132231157831521e-02
-10.15215 1.151380098317824e-02
-10.13794 1.170367857822012e-02
-10.12372 1.189202229376377e-02
-10.10951 1.207903964490086e-02
-10.09530 1.226502884896564e-02
-10.08108 1.245033404308421e-02
-10.06687 1.263530082879875e-02
-10.05265 1.282023789561769e-02
-10.03844 1.300538928499085e-02
-10.02422 1.319092015432951e-02
-10.01001 1.337691694128126e-02
-9.99580 1.356340087959214e-02
-9.98158 1.375035212662709e-02
-9.96737 1.393774052561170e-02
-9.95315 1.412555836841204e-02
-9.93894 1.431385049156163e-02
-9.92472 1.450273759350785e-02
-9.91051 1.469242969959600e-02
-9.89630 1.488322806713808e-02
-9.88208 1.507551533199258e-02
-9.86787 1.526973516247052e-02
-9.85365 1.546636393649409e-02
-9.83944 1.566587786048978e-02
-9.82523 1.586871941859132e-02
-9.81101 1.607526704731238e-02
-9.79680 1.628581149589487e-02
-9.78258 1.650054152475125e-02
-9.76837 1.671954051893838e-02
-9.75415 1.694279437912327e-02
-9.73994 1.717020983727124e-02
-9.72573 1.740164126193740e-02
-9.71151 1.763692318396876e-02
-9.69730 1.787590527219951e-02
-9.68308 1.811848636334794e-02
-9.66887 1.836464439508844e-02
-9.65465 1.861445965119807e-02
-9.64044 1.886812950848344e-02
-9.62623 1.912597376638314e-02
-9.61201 1.938843054928115e-02
-9.59780 1.965604365867691e-02
-9.58358 1.992944314268715e-02
-9.56937 2.020932179824187e-02
-9.55516 2.049641130923241e-02
-9.54094 2.079146252012661e-02
-9.52673 2.109523441167481e-02
-9.51251 2.140849496123473e-02
-9.49830 2.173203383334206e-02
-9.48408 2.206668257739624e-02
-9.46987 2.241333564521721e-02
-9.45566 2.277296996428830e-02
-9.44144 2.314667607349229e-02
-9.42723 2.353573692793682e-02
-9.41301 2.394180370612050e-02
-9.39880 2.436718777360448e-02
-9.38458 2.481518358101353e-02
-9.37037 2.529018207658563e-02
-9.35616 2.579729193975478e-02
-9.34194 2.634163346796983e-02
-9.32773 2.692880044255124e-02
-9.31351 2.756950995678231e-02
-9.29930 2.828952453193563e-02
-9.28509 2.913575771168338e-02
-9.27087 3.015756941318264e-02
-9.25666 3.135555685633610e-02
-9.24244 3.263971989566550e-02
-9.22823 3.386054650925920e-02
-9.21401 3.489579474588913e-02
-9.19980 3.568393885285637e-02
-9.18559 3.617057148333634e-02
-9.17137 3.628796526088224e-02
-9.15716 3.603845418777685e-02
-9.14294 3.555851155491802e-02
-9.12873 3.504584385090321e-02
-9.11451 3.462928066703218e-02
-9.10030 3.432308326008672e-02
-9.08609 3.407723826738682e-02
-9.07187 3.384111719228484e-02
-9.05766 3.358952593575083e-02
-9.04344 3.331835156570460e-02
-9.02923 3.303222486375659e-02
-9.01502 3.273569634401716e-02
-9.00080 3.242989904184079e-02
-8.98659 3.211337537623937e-02
-8.97237 3.178487162860261e-02
-8.95816 3.144583210802530e-02
-8.94394 3.110108645744209e-02
-8.92973 3.075752355765270e-02
-8.91552 3.042167017059100e-02
-8.90130 3.009750351681197e-02
-8.88709 2.978547942400644e-02
-8.87287 2.948301046884358e-02
-8.85866 2.918594608543387e-02
-8.84444 2.889028903771868e-02
-8.83023 2.859346729148534e-02
-8.81602 2.829481197619848e-02
-8.80180 2.799526304001636e-02
-8.78759 2.769658373298407e-02
-8.77337 2.740045788680415e-02
-8.75916 2.710779188933837e-02
-8.74494 2.681840609621787e-02
-8.73073 2.653114243823735e-02
-8.71652 2.624428572926327e-02
-8.70230 2.595612355757103e-02
-8.68809 2.566546016777781e-02
-8.67387 2.537194265304417e-02
-8.65966 2.507613139322626e-02
-8.64545 2.477932578251487e-02
-8.63123 2.448321911840758e-02
-8.61702 2.418948968401811e-02
-8.60280 2.389943542211994e-02
-8.58859 2.361373309369992e-02
-8.57437 2.333236101100819e-02
-8.56016 2.305468039769958e-02
-8.54595 2.277963509811360e-02
-8.53173 2.250600934038561e-02
-8.51752 2.223268022596802e-02
-8.50330 2.195881304250581e-02
-8.48909 2.168396816914075e-02
-8.47487 2.140811211045161e-02
-8.46066 2.113154646910127e-02
-8.44645 2.085478345288844e-02
-8.43223 2.057840288155698e-02
-8.41802 2.030292372372798e-02
-8.40380 2.002871470096833e-02
-8.38959 1.975595620016278e-02
-8.37538 1.948465270864434e-02
-8.36116 1.921468398492534e-02
-8.34695 1.894587616924289e-02
-8.33273 1.867807194408048e-02
-8.31852 1.841118151865938e-02
-8.30430 1.814520256529668e-02
-8.29009 1.788020561003719e-02
-8.27588 1.761628988275870e-02
-8.26166 1.735352152102866e-02
-8.24745 1.709187000975744e-02
-8.23323 1.683115918372564e-02
-8.21902 1.657104608801250e-02
-8.20480 1.631103519027104e-02
-8.19059 1.605052805335431e-02
-8.17638 1.578890103822167e-02
-8.16216 1.552559734026605e-02
-8.14795 1.526021584988737e-02
-8.13373 1.499257872438379e-02
-8.11952 1.472276237451619e-02
-8.10531 1.445108244389699e-02
-8.09109 1.417803141099443e-02
-8.07688 1.390417639502885e-02
-8.06266 1.363003310240566e-02
-8.04845 1.335593809722620e-02
-8.03423 1.308194439355599e-02
-8.02002 1.280776380320548e-02
-8.00581 1.253277313946414e-02
-7.99159 1.225609060318849e-02
-7.97738 1.197671466701687e-02
-7.96316 1.169370271328792e-02
-7.94895 1.140635370541770e-02
-7.93473 1.111435204078630e-02
-7.92052 1.081783210310385e-02
-7.90631 1.051733733313767e-02
-7.89209 1.021367377428033e-02
-7.87788 9.907692346494969e-03
-7.86366 9.600068842719920e-03
-7.84945 9.291174327731286e-03
-7.83524 8.981126998259649e-03
-7.82102 8.670075323443844e-03
-7.80681 8.358673845812322e-03
-7.79259 8.048589489730727e-03
-7.77838 7.742764255949900e-03
-7.76416 7.445141746876545e-03
-7.74995 7.159723187787146e-03
-7.73574 6.889168577882076e-03
-7.72152 6.633584926438104e-03
-7.70731 6.390400252860862e-03
-7.69309 6.155997942029288e-03
-7.67888 5.928812732850057e-03
-7.66466 5.711923294691305e-03
-7.65045 5.511826846970269e-03
-7.63624 5.331332920730636e-03
-7.62202 5.160456364243428e-03
-7.60781 4.978796642603984e-03
-7.59359 4.782207185334409e-03
-7.57938 4.592090736777845e-03
-7.56517 4.368396754487587e-03
-7.55095 3.991050892138117e-03
-7.53674 3.484154695623450e-03
-7.52252 3.043369265705604e-03
-7.50831 2.772869823347257e-03
-7.49409 2.636182112421196e-03
-7.47988 2.573728482065311e-03
-7.46567 2.546976411479592e-03
-7.45145 2.535101480109015e-03
-7.43724 2.532093628499442e-03
-7.42302 2.541602861532205e-03
-7.40881 2.568095042016439e-03
-7.39459 2.611100294163919e-03
-7.38038 2.666079604091970e-03
-7.36617 2.728685009734185e-03
-7.35195 2.797574474558311e-03
-7.33774 2.874128774357198e-03
-7.32352 2.960472463373636e-03
-7.30931 3.057741864611095e-03
-7.29510 3.165520896073833e-03
-7.28088 3.282300778285158e-03
-7.26667 3.406341886929132e-03
-7.25245 3.536363939521339e-03
-7.23824 3.671791892364413e-03
-7.22402 3.812591946663053e-03
-7.20981 3.958904798670639e-03
-7.19560 4.110699915296188e-03
-7.18138 4.267590906415326e-03
-7.16717 4.428842364717973e-03
-7.15295 4.593515499578240e-03
-7.13874 4.760663600064667e-03
-7.12452 4.929494354656504e-03
-7.11031 5.099448023547760e-03
-7.09610 5.270180251876177e-03
-7.08188 5.441471720253872e-03
-7.06767 5.613105963322719e-03
-7.05345 5.784759923636078e-03
-7.03924 5.955942176544240e-03
-7.02503 6.125996679244960e-03
-7.01081 6.294171071908251e-03
-6.99660 6.459732572947087e-03
-6.98238 6.622104197014842e-03
-6.96817 6.780990464410389e-03
-6.95395 6.936464638334318e-03
-6.93974 7.088997544012352e-03
-6.92553 7.239419381178963e-03
-6.91131 7.388818619272879e-03
-6.89710 7.538394056272595e-03
-6.88288 7.689285590846349e-03
-6.86867 7.842414680921962e-03
-6.85445 7.998365805416002e-03
-6.84024 8.157335169730731e-03
-6.82603 8.319162928736497e-03
-6.81181 8.483451755461441e-03
-6.79760 8.649759677148060e-03
-6.78338 8.817840773750649e-03
-6.76917 8.987895011651138e-03
-6.75495 9.160778815901563e-03
-6.74074 9.338121796602076e-03
-6.72653 9.522295721090273e-03
-6.71231 9.716198654894250e-03
-6.69810 9.922868283790623e-03
-6.68388 1.014504938378186e-02
-6.66967 1.038502827767143e-02
-6.65546 1.064526960119689e-02
-6.64124 1.093045662599794e-02
-6.62703 1.125106920385445e-02
-6.61281 1.162732136989948e-02
-6.59860 1.209062169707393e-02
-6.58438 1.268079056767276e-02
-6.57017 1.345063535242195e-02
-6.55596 1.453423129092993e-02
-6.54174 1.604051511029266e-02
-6.52753 1.719737960029007e-02
-6.51331 1.809397896013421e-02
-6.49910 1.951598860651332e-02
-6.48488 2.078031202394775e-02
-6.47067 2.282284701483123e-02
-6.45646 2.180693369945115e-02
-6.44224 1.842405069797741e-02
-6.42803 1.740911365646849e-02
-6.41381 1.646754023726603e-02
-6.39960 1.561867729516710e-02
-6.38539 1.492189391222006e-02
-6.37117 1.436982202800562e-02
-6.35696 1.392268674527172e-02
-6.34274 1.354021686208371e-02
-6.32853 1.319597605373752e-02
-6.31431 1.287745471667999e-02
-6.30010 1.258052075160915e-02
-6.28589 1.230418630400887e-02
-6.27167 1.204766643197095e-02
-6.25746 1.180942723604511e-02
-6.24324 1.158730839611951e-02
-6.22903 1.137897927911138e-02
-6.21481 1.118233173152115e-02
-6.20060 1.099567954418401e-02
-6.18639 1.081778059261988e-02
-6.17217 1.064775107716195e-02
-6.15796 1.048494175702175e-02
-6.14374 1.032882445794700e-02
-6.12953 1.017891223931153e-02
-6.11532 1.003471738260488e-02
-6.10110 9.895740234493730e-03
-6.08689 9.761477809627805e-03
-6.07267 9.631441528627589e-03
-6.05846 9.505176163454457e-03
-6.04424 9.382275251542463e-03
-6.03003 9.262390940370339e-03
-6.01582 9.145238066692854e-03
-6.00160 9.030593280799599e-03
-5.98739 8.918290403405950e-03
-5.97317 8.808213199699842e-03
-5.95896 8.700286580134524e-03
-5.94474 8.594467028518389e-03
-5.93053 8.490732883679028e-03
-5.91632 8.389074979210915e-03
-5.90210 8.289488064869451e-03
-5.88789 8.191963370564090e-03
-5.87367 8.096482608944243e-03
-5.85946 8.003013632741036e-03
-5.84525 7.911507865391973e-03
-5.83103 7.821899513000238e-03
-5.81682 7.734106452123881e-03
-5.80260 7.648032582564046e-03
-5.78839 7.563571347475735e-03
-5.77417 7.480610062277788e-03
-5.75996 7.399034663040093e-03
-5.74575 7.318734484865706e-03
-5.73153 7.239606708893017e-03
-5.71732 7.161560168334845e-03
-5.70310 7.084518273460487e-03
-5.68889 7.008420895968370e-03
-5.67467 6.933225138115679e-03
-5.66046 6.858904995043318e-03
-5.64625 6.785449994538811e-03
-5.63203 6.712862962631831e-03
-5.61782 6.641157112709673e-03
-5.60360 6.570352688300907e-03
-5.58939 6.500473404561813e-03
-5.57518 6.431542931227992e-03
-5.56096 6.363581641817041e-03
-5.54675 6.296603822510942e-03
-5.53253 6.230615492395115e-03
-5.51832 6.165612938002769e-03
-5.50410 6.101582013014768e-03
-5.48989 6.038498202052310e-03
-5.47568 5.976327399056981e-03
-5.46146 5.915027308606711e-03
-5.44725 5.854549344888389e-03
-5.43303 5.794840879461528e-03
-5.41882 5.735847676181845e-03
-5.40460 5.677516349754426e-03
-5.39039 5.619796692717671e-03
-5.37618 5.562643732999423e-03
-5.36196 5.506019408848574e-03
-5.34775 5.449893777918918e-03
-5.33353 5.394245710383695e-03
-5.31932 5.339063049978244e-03
-5.30511 5.284342259703372e-03
-5.29089 5.230087598699039e-03
-5.27668 5.176309901961987e-03
-5.26246 5.123025053964542e-03
-5.24825 5.070252260091035e-03
-5.23403 5.018012225833457e-03
-5.21982 4.966325352986779e-03
-5.20561 4.915210055142998e-03
-5.19139 4.864681282408704e-03
-5.17718 4.814749328521972e-03
-5.16296 4.765418973650114e-03
-5.14875 4.716688994429962e-03
-5.13453 4.668552050596041e-03
-5.12032 4.620994936093966e-03
-5.10611 4.573999163031941e-03
-5.09189 4.527541830136462e-03
-5.07768 4.481596714282404e-03
-5.06346 4.436135514652305e-03
-5.04925 4.391129174381673e-03
-5.03504 4.346549204156046e-03
-5.02082 4.302368935901447e-03
-5.00661 4.258564642012596e-03
-4.99239 4.215116465889355e-03
-4.97818 4.172009122177499e-03
-4.96396 4.129232339237458e-03
-4.94975 4.086781031168692e-03
-4.93554 4.044655201389800e-03
-4.92132 4.002859593564796e-03
-4.90711 3.961403117916268e-03
-4.89289 3.920298091137951e-03
-4.87868 3.879559335813845e-03
-4.86446 3.839203190219385e-03
-4.85025 3.799246481526904e-03
-4.83604 3.759705514814035e-03
-4.82182 3.720595127067264e-03
-4.80761 3.681927849887712e-03
-4.79339 3.643713217241188e-03
-4.77918 3.605957245816986e-03
-4.76496 3.568662105878449e-03
-4.75075 3.531825990425285e-03
-4.73654 3.495443180552556e-03
-4.72232 3.459504295557558e-03
-4.70811 3.423996708029373e-03
-4.69389 3.388905097199617e-03
-4.67968 3.354212108494549e-03
-4.66547 3.319899083673882e-03
-4.65125 3.285946824242208e-03
-4.63704 3.252336350955037e-03
-4.62282 3.219049624108647e-03
-4.60861 3.186070192721769e-03
-4.59439 3.153383745447067e-03
-4.58018 3.120978541803480e-03
-4.56597 3.088845708778916e-03
-4.55175 3.056979394684334e-03
-4.53754 3.025376779014823e-03
-4.52332 2.994037943678045e-03
-4.50911 2.962965617002856e-03
-4.49489 2.932164807200454e-03
-4.48068 2.901642346227020e-03
-4.46647 2.871406368158213e-03
-4.45225 2.841465748160796e-03
-4.43804 2.811829528928400e-03
-4.42382 2.782506361094696e-03
-4.40961 2.753503982771654e-03
-4.39540 2.724828761173748e-03
-4.38118 2.696485316543575e-03
-4.36697 2.668476245635764e-03
-4.35275 2.640801959295023e-03
-4.33854 2.613460646777564e-03
-4.32432 2.586448379231655e-03
-4.31011 2.559759367344380e-03
-4.29590 2.533386395330951e-03
-4.28168 2.507321467910045e-03
-4.26747 2.481556732986453e-03
-4.25325 2.456085787322999e-03
-4.23904 2.430905546369991e-03
-4.22482 2.406018979523920e-03
-4.21061 2.381439205086685e-03
-4.19640 2.357195751188877e-03
-4.18218 2.333344314740136e-03
-4.16797 2.309982315858831e-03
-4.15375 2.287274492401914e-03
-4.13954 2.265496849324697e-03
-4.12533 2.245115289113939e-03
-4.11111 2.226928648614186e-03
-4.09690 2.212322466360246e-03
-4.08268 2.203690202915348e-03
-4.06847 2.205071045588191e-03
-4.05425 2.223027404318977e-03
-4.04004 2.267714782683900e-03
-4.02583 2.353873320395158e-03
-4.01161 2.506683769530546e-03
-3.99740 2.820589676260452e-03
-3.98318 3.317028447422507e-03
-3.96897 3.575703423052675e-03
-3.95475 3.806213639585669e-03
-3.94054 4.132605055180516e-03
-3.92633 4.412622105012771e-03
-3.91211 4.635666185703943e-03
-3.89790 4.840604871785901e-03
-3.88368 5.062384734870118e-03
-3.86947 5.311850736740925e-03
-3.85526 5.581772620923557e-03
-3.84104 5.862637580980995e-03
-3.82683 6.151510196893371e-03
-3.81261 6.452211703870460e-03
-3.79840 6.773244660015610e-03
-3.78418 7.126310327510155e-03
-3.76997 7.519307464943836e-03
-3.75576 7.936626392432885e-03
-3.74154 8.320202524442880e-03
-3.72733 8.587150594968951e-03
-3.71311 8.690123969005122e-03
-3.69890 8.660455385311773e-03
-3.68468 8.579973313189680e-03
-3.67047 8.515241708401856e-03
-3.65626 8.484690963180056e-03
-3.64204 8.473417562828952e-03
-3.62783 8.461222119530128e-03
-3.61361 8.437319748035110e-03
-3.59940 8.400806221068995e-03
-3.58519 8.355851339645047e-03
-3.57097 8.307573543467006e-03
-3.55676 8.259997310374297e-03
-3.54254 8.215527002603714e-03
-3.52833 8.175172982449545e-03
-3.51411 8.139031880223859e-03
-3.49990 8.106750068217738e-03
-3.48569 8.077846210529923e-03
-3.47147 8.051869779598174e-03
-3.45726 8.028435317320594e-03
-3.44304 8.007195264268959e-03
-3.42883 7.987805447079782e-03
-3.41461 7.969913364677448e-03
-3.40040 7.953175776830601e-03
-3.38619 7.937296987639390e-03
-3.37197 7.922073496871631e-03
-3.35776 7.907431374277345e-03
-3.34354 7.893446388949956e-03
-3.32933 7.880341412672458e-03
-3.31512 7.868459978527339e-03
-3.30090 7.858218803020369e-03
-3.28669 7.850045360756357e-03
-3.27247 7.844308952406573e-03
-3.25826 7.841254849020764e-03
-3.24404 7.840950879674673e-03
-3.22983 7.843254301579257e-03
-3.21562 7.847804178214610e-03
-3.20140 7.854041141963995e-03
-3.18719 7.861252755039625e-03
-3.17297 7.868639166025013e-03
-3.15876 7.875390859944412e-03
-3.14454 7.880768458551110e-03
-3.13033 7.884174089938058e-03
-3.11612 7.885204979127732e-03
-3.10190 7.883682527133291e-03
-3.08769 7.879653872121294e-03
-3.07347 7.873367138014590e-03
-3.05926 7.865225504101400e-03
-3.04505 7.855728122749237e-03
-3.03083 7.845407215845132e-03
-3.01662 7.834770180424092e-03
-3.00240 7.824253428170249e-03
-2.98819 7.814191550719742e-03
-2.97397 7.804802069457863e-03
-2.95976 7.796183360763338e-03
-2.94555 7.788322013971301e-03
-2.93133 7.781106144944697e-03
-2.91712 7.774342800783869e-03
-2.90290 7.767779807348264e-03
-2.88869 7.761134184401192e-03
-2.87447 7.754129561623489e-03
-2.86026 7.746543263004879e-03
-2.84605 7.738259999581287e-03
-2.83183 7.729324325697490e-03
-2.81762 7.719979600999516e-03
-2.80340 7.710678597802977e-03
-2.78919 7.702051134076543e-03
-2.77497 7.694817931504823e-03
-2.76076 7.689648358512231e-03
-2.74655 7.686974414042459e-03
-2.73233 7.686794661265283e-03
-2.71812 7.688525226685272e-03
-2.70390 7.690967929135484e-03
-2.68969 7.692452063334025e-03
-2.67548 7.691167145882614e-03
-2.66126 7.685740836897636e-03
-2.64705 7.676849235181923e-03
-2.63283 7.672547629402202e-03
-2.61862 7.690097828563376e-03
-2.60440 7.723019144068470e-03
-2.59019 7.727298398062393e-03
-2.57598 7.700593927054030e-03
-2.56176 7.676395846488487e-03
-2.54755 7.656911636986323e-03
-2.53333 7.631014531817364e-03
-2.51912 7.598031753027860e-03
-2.50490 7.563750458682333e-03
-2.49069 7.532531137741398e-03
-2.47648 7.504731707183820e-03
-2.46226 7.478334553612219e-03
-2.44805 7.451212241803621e-03
-2.43383 7.422232368272771e-03
-2.41962 7.391381976502923e-03
-2.40541 7.359398820600048e-03
-2.39119 7.327153016864347e-03
-2.37698 7.295073625458655e-03
-2.36276 7.262943935674319e-03
-2.34855 7.230146435747805e-03
-2.33433 7.196142439636154e-03
-2.32012 7.160869786010725e-03
-2.30591 7.124851411234830e-03
-2.29169 7.088999465028299e-03
-2.27748 7.054249020083984e-03
-2.26326 7.021205469427825e-03
-2.24905 6.989948094098451e-03
-2.23483 6.960042686192951e-03
-2.22062 6.930727716243357e-03
-2.20641 6.901184490402055e-03
-2.19219 6.870791597987071e-03
-2.17798 6.839288477285418e-03
-2.16376 6.806814542502117e-03
-2.14955 6.773832153254857e-03
-2.13534 6.740972266650380e-03
-2.12112 6.708855610443863e-03
-2.10691 6.677939671496518e-03
-2.09269 6.648426624015557e-03
-2.07848 6.620245765286579e-03
-2.06426 6.593102839012011e-03
-2.05005 6.566573282494713e-03
-2.03584 6.540209839254772e-03
-2.02162 6.513637109310327e-03
-2.00741 6.486614099722322e-03
-1.99319 6.459057152711239e-03
-1.97898 6.431026306560935e-03
-1.96476 6.402685709182427e-03
-1.95055 6.374252064129156e-03
-1.93634 6.345944462350619e-03
-1.92212 6.317945474907089e-03
-1.90791 6.290378583159113e-03
-1.89369 6.263302348727733e-03
-1.87948 6.236718203203178e-03
-1.86527 6.210586840275799e-03
-1.85105 6.184847881741188e-03
-1.83684 6.159438372705116e-03
-1.82262 6.134307197184629e-03
-1.80841 6.109424171412269e-03
-1.79419 6.084783977908925e-03
-1.77998 6.060406030309328e-03
-1.76577 6.036331749411549e-03
-1.75155 6.012620649214733e-03
-1.73734 5.989346217350790e-03
-1.72312 5.966591999999014e-03
-1.70891 5.944447739293757e-03
-1.69469 5.923005007911543e-03
-1.68048 5.902351643833615e-03
-1.66627 5.882564455743878e-03
-1.65205 5.863700132267915e-03
-1.63784 5.845784970384045e-03
-1.62362 5.828804806903769e-03
-1.60941 5.812697213782200e-03
-1.59520 5.797348401023607e-03
-1.58098 5.782597167364143e-03
-1.56677 5.768247511878922e-03
-1.55255 5.754090142492539e-03
-1.53834 5.739931222014492e-03
-1.52412 5.725624590722151e-03
-1.50991 5.711101861813720e-03
-1.49570 5.696393737079185e-03
-1.48148 5.681636114433529e-03
-1.46727 5.667056352759414e-03
-1.45305 5.652938446739130e-03
-1.43884 5.639570560503494e-03
-1.42462 5.627183766089816e-03
-1.41041 5.615895959384149e-03
-1.39620 5.605678393275817e-03
-1.38198 5.596362293317338e-03
-1.36777 5.587697586846991e-03
-1.35355 5.579462840052879e-03
-1.33934 5.571603580632656e-03
-1.32513 5.564347101365334e-03
-1.31091 5.558217654670267e-03
-1.29670 5.553885330160655e-03
-1.28248 5.551856395408639e-03
-1.26827 5.552135689213923e-03
-1.25405 5.554051983043108e-03
-1.23984 5.556316314099378e-03
-1.22563 5.557190528511902e-03
-1.21141 5.554692256625694e-03
-1.19720 5.546890751810247e-03
-1.18298 5.531852958888106e-03
-1.16877 5.507001242021548e-03
-1.15455 5.471516488660241e-03
-1.14034 5.433110570550371e-03
-1.12613 5.403245460842130e-03
-1.11191 5.341204862823217e-03
-1.09770 5.189243335877439e-03
-1.08348 5.042252971158649e-03
-1.06927 4.932287425210285e-03
-1.05506 4.828195372516864e-03
-1.04084 4.728911364910600e-03
-1.02663 4.641033522214747e-03
-1.01241 4.563812771051020e-03
-0.99820 4.492165438908284e-03
-0.98398 4.421609769829931e-03
-0.96977 4.351092132639450e-03
-0.95556 4.282612655368895e-03
-0.94134 4.218558554560969e-03
-0.92713 4.159529967060678e-03
-0.91291 4.104187934695188e-03
-0.89870 4.050478052380124e-03
-0.88448 3.996859429166651e-03
-0.87027 3.942831592022468e-03
-0.85606 3.888813878933108e-03
-0.84184 3.835664588360428e-03
-0.82763 3.784105155376178e-03
-0.81341 3.734312169838538e-03
-0.79920 3.685874195688651e-03
-0.78498 3.638100350115341e-03
-0.77077 3.590448156754724e-03
-0.75656 3.542789046930221e-03
-0.74234 3.495381722980647e-03
-0.72813 3.448645270400676e-03
-0.71391 3.402938217168818e-03
-0.69970 3.358478213526554e-03
-0.68549 3.315369967248158e-03
-0.67127 3.273620078266784e-03
-0.65706 3.233083829935467e-03
-0.64284 3.193413578026278e-03
-0.62863 3.154109971005470e-03
-0.61441 3.114684391396289e-03
-0.60020 3.074831421711300e-03
-0.58599 3.034494968320836e-03
-0.57177 2.993794035793880e-03
-0.55756 2.952872377955674e-03
-0.54334 2.911777204775403e-03
-0.52913 2.870442436514402e-03
-0.51491 2.828782310061670e-03
-0.50070 2.786831342328799e-03
-0.48649 2.744830373869358e-03
-0.47227 2.703180190427468e-03
-0.45806 2.662265897497130e-03
-0.44384 2.622254195975746e-03
-0.42963 2.583002861246745e-03
-0.41542 2.544145141447877e-03
-0.40120 2.505269068272302e-03
-0.38699 2.466033949219053e-03
-0.37277 2.426142656393877e-03
-0.35856 2.385255110958416e-03
-0.34434 2.343015634747425e-03
-0.33013 2.299269892664422e-03
-0.31592 2.254336959778238e-03
-0.30170 2.209059928012919e-03
-0.28749 2.164418258257054e-03
-0.27327 2.120738041302871e-03
-0.25906 2.076852078020399e-03
-0.24484 2.029772501709291e-03
-0.23063 1.975420173186981e-03
-0.21642 1.910641840583750e-03
-0.20220 1.836048997048731e-03
-0.18799 1.758061514973306e-03
-0.17377 1.687528618362487e-03
-0.15956 1.633370805835173e-03
-0.14535 1.594285053142308e-03
-0.13113 1.556247150156313e-03
-0.11692 1.500928951129876e-03
-0.10270 1.419478043219399e-03
-0.08849 1.318825623062046e-03
-0.07427 1.215610858504186e-03
-0.06006 1.136296249911504e-03
-0.04585 1.127711060773101e-03
-0.03163 1.167826294002153e-03
-0.01742 1.103528425562247e-03
-0.00320 8.611350169671682e-04
0.01101 5.448824523862798e-04
0.02523 3.190833278670201e-04
0.03944 2.050164988330255e-04
0.05365 1.431913409324415e-04
0.06787 1.036263117067249e-04
0.08208 7.672392463398821e-05
0.09630 5.777898643477063e-05
0.11051 4.399174836718353e-05
0.12472 3.369735339335282e-05
0.13894 2.588758419500664e-05
0.15315 1.991706542796284e-05
0.16737 1.534103682782999e-05
0.18158 1.183314726393372e-05
0.19580 9.145163144886972e-06
0.21001 7.085761057123079e-06
0.22422 5.507330454698436e-06
0.23844 4.296380725238104e-06
0.25265 3.366036643999649e-06
0.26687 2.650079409607559e-06
0.28108 2.098247483866173e-06
0.29530 1.672573788729684e-06
0.30951 1.344566680063558e-06
0.32372 1.093074659568976e-06
0.33794 9.027094808310180e-07
0.35215 7.627362027359999e-07
0.36637 6.663709639907196e-07
0.38058 6.104587456244317e-07
0.39479 5.955361544551505e-07
0.40901 6.263210614671733e-07
0.42322 7.127155066615090e-07
0.43744 8.714659494183222e-07
0.45165 1.128703396568923e-06
0.46587 1.523696050141637e-06
0.48008 2.114303274010518e-06
0.49429 2.984838993731176e-06
0.50851 4.257352014634908e-06
0.52272 6.107720506456277e-06
0.53694 8.788430295124132e-06
0.55115 1.266041621553262e-05
0.56537 1.823677753459696e-05
0.57958 2.624129811007242e-05
0.59379 3.768409057056296e-05
0.60801 5.395468153625904e-05
0.62222 7.692859214602784e-05
0.63644 1.090761696415138e-04
0.65065 1.535527585899882e-04
0.66486 2.142476431178657e-04
0.67908 2.958437297812288e-04
0.69329 4.043655141890912e-04
0.70751 5.498188316724014e-04
0.72172 7.524585609130246e-04
0.73594 1.068318113125654e-03
0.75015 2.533406164105462e-03
0.76436 2.574850790579990e-03
0.77858 2.450292782073410e-03
0.79279 2.856180179946485e-03
0.80701 3.187529128825617e-03
0.82122 3.504277329933081e-03
0.83544 3.862533106000531e-03
0.84965 4.280211395605975e-03
0.86386 4.742493126502134e-03
0.87808 5.218661553263744e-03
0.89229 5.683939607306308e-03
0.90651 6.136425143188877e-03
0.92072 6.593715705557435e-03
0.93493 7.064360767247852e-03
0.94915 7.518506074373356e-03
0.96336 7.900381726028275e-03
0.97758 8.182637435438119e-03
0.99179 8.398677389868122e-03
1.00601 8.610420436967855e-03
1.02022 8.853298684238911e-03
1.03443 9.120042612640791e-03
1.04865 9.386302736527333e-03
1.06286 9.639484425597233e-03
1.07708 9.885395139250909e-03
1.09129 1.013706034663010e-02
1.10551 1.040208229964683e-02
1.11972 1.067860259025016e-02
1.13393 1.095929733743722e-02
1.14815 1.123767584406079e-02
1.16236 1.151387058877288e-02
1.17658 1.180957764440510e-02
1.19079 1.218015757818469e-02
1.20501 1.269311984742708e-02
1.21922 1.332500341305182e-02
1.23343 1.355674712147973e-02
1.24765 1.360665530361265e-02
1.26186 1.390097317551731e-02
1.27608 1.419171412773233e-02
1.29029 1.439533114271679e-02
1.30450 1.458973876071756e-02
1.31872 1.482524202793627e-02
1.33293 1.508891164536599e-02
1.34715 1.535268307471734e-02
1.36136 1.560619890985481e-02
1.37558 1.585579056947950e-02
1.38979 1.611118854792905e-02
1.40400 1.637560381087909e-02
1.41822 1.664417205068078e-02
1.43243 1.690870756646038e-02
1.44665 1.716358084125631e-02
1.46086 1.740860393799762e-02
1.47508 1.764803062889814e-02
1.48929 1.788736662037236e-02
1.50350 1.813036551218854e-02
1.51772 1.837772746242367e-02
1.53193 1.862765818097363e-02
1.54615 1.887747324773763e-02
1.56036 1.912519962804226e-02
1.57457 1.937046886543817e-02
1.58879 1.961452713967276e-02
1.60300 1.985959755684331e-02
1.61722 2.010800547371232e-02
1.63143 2.036144777150018e-02
1.64565 2.062063588068329e-02
1.65986 2.088535608400298e-02
1.67407 2.115483729821432e-02
1.68829 2.142823663840010e-02
1.70250 2.170505456472815e-02
1.71672 2.198535432940241e-02
1.73093 2.226975053516609e-02
1.74515 2.255921567511071e-02
1.75936 2.285480912623625e-02
1.77357 2.315745093551723e-02
1.78779 2.346784431286628e-02
1.80200 2.378660446385332e-02
1.81622 2.411458941879992e-02
1.83043 2.445336425861160e-02
1.84464 2.480567678424880e-02
1.85886 2.517579347250520e-02
1.87307 2.556955455410135e-02
1.88729 2.599407071487314e-02
1.90150 2.645709652474024e-02
1.91572 2.696621436663449e-02
1.92993 2.752790897470960e-02
1.94414 2.814630198885093e-02
1.95836 2.882096694262026e-02
1.97257 2.954360068350528e-02
1.98679 3.029508177757955e-02
2.00100 3.104656809967838e-02
2.01522 3.176699252378941e-02
2.02943 3.243186397154137e-02
2.04364 3.302167949908194e-02
2.05786 3.350888896743803e-02
2.07207 3.386084491167517e-02
2.08629 3.409168894197391e-02
2.10050 3.433688335740284e-02
2.11471 3.477078774916102e-02
2.12893 3.509108397582684e-02
2.14314 3.476626173897990e-02
2.15736 3.420989436619006e-02
2.17157 3.387270590009589e-02
2.18579 3.367756701691477e-02
2.20000 3.348170914526927e-02
