-12.00000 3.196929685309174e-36
-11.98579 1.695357877708147e-35
-11.97157 9.044646186601968e-35
-11.95736 4.841354017008678e-34
-11.94314 2.592822285122286e-33
-11.92893 1.385560757192345e-32
-11.91471 7.369517229039111e-32
-11.90050 3.892853713524052e-31
-11.88629 2.038605070710758e-30
-11.87207 1.056892942947916e-29
-11.85786 5.419279073521294e-29
-11.84364 2.746887930822151e-28
-11.82943 1.376401446964509e-27
-11.81522 6.823796983571842e-27
-11.80100 3.354992201139659e-26
-11.78679 1.644316943425725e-25
-11.77257 8.119110603387300e-25
-11.75836 4.118945481314308e-24
-11.74414 2.213088069388572e-23
-11.72993 1.301797367657359e-22
-11.71572 8.510756611732393e-22
-11.70150 6.072933072696878e-21
-11.68729 4.543678756770831e-20
-11.67307 3.426018566378046e-19
-11.65886 2.531390631436685e-18
-11.64464 1.801936466607485e-17
-11.63043 1.223756165880141e-16
-11.61622 7.884049097721510e-16
-11.60200 4.801208281546358e-15
-11.58779 2.756919746438470e-14
-11.57357 1.489888292875466e-13
-11.55936 7.566283841254339e-13
-11.54515 3.606401146606370e-12
-11.53093 1.611726581638692e-11
-11.51672 6.748024052243292e-11
-11.50250 2.644946055197120e-10
-11.48829 9.698453168965953e-10
-11.47407 3.324245653579485e-09
-11.45986 1.064171903320694e-08
-11.44565 3.179029054860325e-08
-11.43143 8.858305886725838e-08
-11.41722 2.304866677182608e-07
-11.40300 5.630929070479595e-07
-11.38879 1.309145956104022e-06
-11.37457 2.933970433971900e-06
-11.36036 6.238939705147590e-06
-11.34615 1.200136499237903e-05
-11.33193 2.026617632386263e-05
-11.31772 3.074396787625316e-05
-11.30350 4.404314625210868e-05
-11.28929 6.133721067312756e-05
-11.27508 8.333210667885082e-05
-11.26086 1.105004857200494e-04
-11.24665 1.436281613829961e-04
-11.23243 1.836402492788533e-04
-11.21822 2.311055116911508e-04
-11.20400 2.859861240189718e-04
-11.18979 3.477639139480786e-04
-11.17558 4.157738341006825e-04
-11.16136 4.894975066322061e-04
-11.14715 5.686562006384503e-04
-11.13293 6.531004771936653e-04
-11.11872 7.426116179184066e-04
-11.10450 8.367506140761297e-04
-11.09029 9.348357976643362e-04
-11.07608 1.036053021928081e-03
-11.06186 1.139640231834607e-03
-11.04765 1.245058113091800e-03
-11.03343 1.352067048520809e-03
-11.01922 1.460674933100431e-03
-11.00501 1.570981962760286e-03
-10.99079 1.682997250910428e-03
-10.97658 1.796513038882877e-03
-10.96236 1.911091081788358e-03
-10.94815 2.026160817286390e-03
-10.93393 2.141178827911849e-03
-10.91972 2.255776600141075e-03
-10.90551 2.369835254185630e-03
-10.89129 2.483462067343480e-03
-10.87708 2.596885610185722e-03
-10.86286 2.710316241471069e-03
-10.84865 2.823826618508784e-03
-10.83443 2.937293255192269e-03
-10.82022 3.050413652610232e-03
-10.80601 3.162785951743511e-03
-10.79179 3.274019257074256e-03
-10.77758 3.383837442157497e-03
-10.76336 3.492146443701623e-03
-10.74915 3.599049947088029e-03
-10.73493 3.704814860028576e-03
-10.72072 3.809800995350222e-03
-10.70651 3.914376173381101e-03
-10.69229 4.018838178433752e-03
-10.67808 4.123360117517962e-03
-10.66386 4.227968034211864e-03
-10.64965 4.332551442205789e-03
-10.63544 4.436900564135837e-03
-10.62122 4.540759574607858e-03
-10.60701 4.643883435773054e-03
-10.59279 4.746086800996867e-03
-10.57858 4.847276374216040e-03
-10.56436 4.947462243966683e-03
-10.55015 5.046748172223386e-03
-10.53594 5.145304773772921e-03
-10.52172 5.243332314338552e-03
-10.50751 5.341021099720500e-03
-10.49329 5.438517057146409e-03
-10.47908 5.535898362453290e-03
-10.46486 5.633166315040123e-03
-10.45065 5.730250700037036e-03
-10.43644 5.827027190712469e-03
-10.42222 5.923342401243244e-03
-10.40801 6.019041272699921e-03
-10.39379 6.113991612763454e-03
-10.37958 6.208101659015676e-03
-10.36537 6.301328197388593e-03
-10.35115 6.393674672330984e-03
-10.33694 6.485180511658611e-03
-10.32272 6.575904266058429e-03
-10.30851 6.665903951157879e-03
-10.29429 6.755218124081586e-03
-10.28008 6.843850785864387e-03
-10.26587 6.931762321214162e-03
-10.25165 7.018867561321951e-03
-10.23744 7.105040886483311e-03
-10.22322 7.190127252367979e-03
-10.20901 7.273957259354410e-03
-10.19479 7.356363962920266e-03
-10.18058 7.437199060620157e-03
-10.16637 7.516346353095308e-03
-10.15215 7.593730890956257e-03
-10.13794 7.669322892449426e-03
-10.12372 7.743136247774308e-03
-10.10951 7.815222119714828e-03
-10.09530 7.885658727238877e-03
-10.08108 7.954538801006840e-03
-10.06687 8.021956394465957e-03
-10.05265 8.087994714224387e-03
-10.03844 8.152716415576647e-03
-10.02422 8.216157430804734e-03
-10.01001 8.278324912062268e-03
-9.99580 8.339199339296626e-03
-9.98158 8.398740330997703e-03
-9.96737 8.456895260916768e-03
-9.95315 8.513609475244960e-03
-9.93894 8.568836753549938e-03
-9.92472 8.622548674835888e-03
-9.91051 8.674741728720767e-03
-9.89630 8.725441323403506e-03
-9.88208 8.774702244413344e-03
-9.86787 8.822605559438564e-03
-9.85365 8.869252390533199e-03
-9.83944 8.914755335474887e-03
-9.82523 8.959228574765098e-03
-9.81101 9.002777823921169e-03
-9.79680 9.045491273370867e-03
-9.78258 9.087432508599483e-03
-9.76837 9.128636144644311e-03
-9.75415 9.169106576646310e-03
-9.73994 9.208819883846302e-03
-9.72573 9.247728571527706e-03
-9.71151 9.285768533627075e-03
-9.69730 9.322867399598464e-03
-9.68308 9.358953312874972e-03
-9.66887 9.393963182257738e-03
-9.65465 9.427849546225180e-03
-9.64044 9.460585376612318e-03
-9.62623 9.492166396959510e-03
-9.61201 9.522610771786065e-03
-9.59780 9.551956304865047e-03
-9.58358 9.580255538699102e-03
-9.56937 9.607569350720005e-03
-9.55516 9.633959778105395e-03
-9.54094 9.659482863381143e-03
-9.52673 9.684182293981705e-03
-9.51251 9.708084512233508e-03
-9.49830 9.731195804036712e-03
-9.48408 9.753501648037035e-03
-9.46987 9.774968346906930e-03
-9.45566 9.795546708041098e-03
-9.44144 9.815177343026013e-03
-9.42723 9.833797056302595e-03
-9.41301 9.851345794562214e-03
-9.39880 9.867773659546575e-03
-9.38458 9.883047425854909e-03
-9.37037 9.897155802940713e-03
-9.35616 9.910112622877158e-03
-9.34194 9.921958117288125e-03
-9.32773 9.932761562788007e-03
-9.31351 9.942632462156474e-03
-9.29930 9.951743848650775e-03
-9.28509 9.960349812906182e-03
-9.27087 9.968755293461225e-03
-9.25666 9.977225063264249e-03
-9.24244 9.985904931328020e-03
-9.22823 9.994815751285939e-03
-9.21401 1.000378304160677e-02
-9.19980 1.001214380277421e-02
-9.18559 1.001854613315725e-02
-9.17137 1.002142984488613e-02
-9.15716 1.002000716011767e-02
-9.14294 1.001468504236186e-02
-9.12873 1.000642782592009e-02
-9.11451 9.995846753180992e-03
-9.10030 9.982936088686176e-03
-9.08609 9.967424873256541e-03
-9.07187 9.949164883898361e-03
-9.05766 9.928240187122652e-03
-9.04344 9.904871728045534e-03
-9.02923 9.879285146055870e-03
-9.01502 9.851633121750738e-03
-9.00080 9.821988369241377e-03
-8.98659 9.790385254284887e-03
-8.97237 9.756872953858908e-03
-8.95816 9.721546139790878e-03
-8.94394 9.684537516044622e-03
-8.92973 9.645980024142742e-03
-8.91552 9.605962444712283e-03
-8.90130 9.564503304230990e-03
-8.88709 9.521556238296676e-03
-8.87287 9.477043457635510e-03
-8.85866 9.430901621939776e-03
-8.84444 9.383121117281576e-03
-8.83023 9.333764925992782e-03
-8.81602 9.282962855077594e-03
-8.80180 9.230886095414339e-03
-8.78759 9.177712704836983e-03
-8.77337 9.123595653430849e-03
-8.75916 9.068642322911730e-03
-8.74494 9.012909505096530e-03
-8.73073 8.956412824785090e-03
-8.71652 8.899145583641679e-03
-8.70230 8.841100131896006e-03
-8.68809 8.782285190086017e-03
-8.67387 8.722734630387278e-03
-8.65966 8.662506255879412e-03
-8.64545 8.601672131820915e-03
-8.63123 8.540304217396237e-03
-8.61702 8.478459951165050e-03
-8.60280 8.416172001441354e-03
-8.58859 8.353444905274008e-03
-8.57437 8.290259306484742e-03
-8.56016 8.226582532467558e-03
-8.54595 8.162382788869870e-03
-8.53173 8.097643574966458e-03
-8.51752 8.032375083258266e-03
-8.50330 7.966620204327831e-03
-8.48909 7.900454043353685e-03
-8.47487 7.833977248407707e-03
-8.46066 7.767304655544851e-03
-8.44645 7.700551552041396e-03
-8.43223 7.633820135744819e-03
-8.41802 7.567188508595095e-03
-8.40380 7.500703887700925e-03
-8.38959 7.434380816446983e-03
-8.37538 7.368204206577173e-03
-8.36116 7.302136222992840e-03
-8.34695 7.236125473798661e-03
-8.33273 7.170116760851797e-03
-8.31852 7.104059780854893e-03
-8.30430 7.037915579996789e-03
-8.29009 6.971660146956283e-03
-8.27588 6.905285149747197e-03
-8.26166 6.838796356593913e-03
-8.24745 6.772210632488944e-03
-8.23323 6.705552516851466e-03
-8.21902 6.638851258743818e-03
-8.20480 6.572138856419566e-03
-8.19059 6.505449196580781e-03
-8.17638 6.438817916198113e-03
-8.16216 6.372282220239892e-03
-8.14795 6.305879672181140e-03
-8.13373 6.239644991784370e-03
-8.11952 6.173604168452944e-03
-8.10531 6.107765707323786e-03
-8.09109 6.042109506226829e-03
-8.07688 5.976574615685980e-03
-8.06266 5.911047834433969e-03
-8.04845 5.845355593764558e-03
-8.03423 5.779261730738137e-03
-8.02002 5.712473393347593e-03
-8.00581 5.644656341964988e-03
-7.99159 5.575459269255941e-03
-7.97738 5.504544558182077e-03
-7.96316 5.431620458566346e-03
-7.94895 5.356467582867238e-03
-7.93473 5.278951744161797e-03
-7.92052 5.199016427759167e-03
-7.90631 5.116652374058555e-03
-7.89209 5.031849100180093e-03
-7.87788 4.944543048792573e-03
-7.86366 4.854587468156506e-03
-7.84945 4.761776303748581e-03
-7.83524 4.665952144345252e-03
-7.82102 4.567208517835942e-03
-7.80681 4.466153253353862e-03
-7.79259 4.364136472420088e-03
-7.77838 4.263289994454383e-03
-7.76416 4.166224692547243e-03
-7.74995 4.075343087575138e-03
-7.73574 3.991962884601508e-03
-7.72152 3.915751187345197e-03
-7.70731 3.845177507048753e-03
-7.69309 3.779524782036217e-03
-7.67888 3.722060313711015e-03
-7.66466 3.682114023195860e-03
-7.65045 3.672145721580903e-03
-7.63624 3.697544438545326e-03
-7.62202 3.745798733060326e-03
-7.60781 3.798236485329255e-03
-7.59359 3.881142628391022e-03
-7.57938 4.052267994881587e-03
-7.56517 4.180381516397573e-03
-7.55095 3.939577703810232e-03
-7.53674 3.350970342654036e-03
-7.52252 2.843381259191392e-03
-7.50831 2.656624495285157e-03
-7.49409 2.712498965336146e-03
-7.47988 2.866738985144615e-03
-7.46567 3.016179028519339e-03
-7.45145 3.106506680355763e-03
-7.43724 3.136104311751435e-03
-7.42302 3.139517236433605e-03
-7.40881 3.151479347704085e-03
-7.39459 3.182655239858178e-03
-7.38038 3.222900144153644e-03
-7.36617 3.258793431685254e-03
-7.35195 3.285814129063250e-03
-7.33774 3.308753052463787e-03
-7.32352 3.335643342775210e-03
-7.30931 3.372095185877854e-03
-7.29510 3.419152727413771e-03
-7.28088 3.474308911734272e-03
-7.26667 3.533883287377095e-03
-7.25245 3.595102458785299e-03
-7.23824 3.657043826384157e-03
-7.22402 3.720438279308586e-03
-7.20981 3.786816683484817e-03
-7.19560 3.857571420227284e-03
-7.18138 3.933326326992084e-03
-7.16717 4.013751096365038e-03
-7.15295 4.097749962704763e-03
-7.13874 4.183850234006411e-03
-7.12452 4.270606830705691e-03
-7.11031 4.356890731390112e-03
-7.09610 4.442004351834460e-03
-7.08188 4.525635585404053e-03
-7.06767 4.607707152592241e-03
-7.05345 4.688194035506488e-03
-7.03924 4.766973439955491e-03
-7.02503 4.843748267390159e-03
-7.01081 4.918056700410351e-03
-6.99660 4.989355434780689e-03
-6.98238 5.057147290633816e-03
-6.96817 5.121117105306488e-03
-6.95395 5.181242122330589e-03
-6.93974 5.237852170868250e-03
-6.92553 5.291627765035587e-03
-6.91131 5.343537882699930e-03
-6.89710 5.394731133963999e-03
-6.88288 5.446402521225264e-03
-6.86867 5.499661993660913e-03
-6.85445 5.555430201379661e-03
-6.84024 5.614381634015926e-03
-6.82603 5.676946695609169e-03
-6.81181 5.743373754893998e-03
-6.79760 5.813841611981591e-03
-6.78338 5.888603756814672e-03
-6.76917 5.968139221951995e-03
-6.75495 6.053280877774529e-03
-6.74074 6.145290561376941e-03
-6.72653 6.245852772131791e-03
-6.71231 6.356970168806187e-03
-6.69810 6.480776990810871e-03
-6.68388 6.619360272231817e-03
-6.66967 6.774810492592875e-03
-6.65546 6.949894338233714e-03
-6.64124 7.149835339283799e-03
-6.62703 7.385449391358763e-03
-6.61281 7.677046123505778e-03
-6.59860 8.057229042601529e-03
-6.58438 8.570733604496785e-03
-6.57017 9.276278159014670e-03
-6.55596 1.027507372425182e-02
-6.54174 1.164684992689744e-02
-6.52753 1.301460416145577e-02
-6.51331 1.451497549494962e-02
-6.49910 1.664257530163158e-02
-6.48488 1.859634097785583e-02
-6.47067 2.188266634959979e-02
-6.45646 2.059894192090624e-02
-6.44224 1.606500909939800e-02
-6.42803 1.482152545190274e-02
-6.41381 1.364157066009127e-02
-6.39960 1.255563727478113e-02
-6.38539 1.166176367081995e-02
-6.37117 1.096023357034406e-02
-6.35696 1.040086981809437e-02
-6.34274 9.929348755847179e-03
-6.32853 9.509040771266559e-03
-6.31431 9.122269393023115e-03
-6.30010 8.763097968909353e-03
-6.28589 8.430198884958433e-03
-6.27167 8.122729938259018e-03
-6.25746 7.838906635092301e-03
-6.24324 7.576068522081203e-03
-6.22903 7.331246277799987e-03
-6.21481 7.101685966828529e-03
-6.20060 6.885139845677245e-03
-6.18639 6.679929268385561e-03
-6.17217 6.484860718051738e-03
-6.15796 6.299081788990270e-03
-6.14374 6.121939667233849e-03
-6.12953 5.952874550924003e-03
-6.11532 5.791356338421517e-03
-6.10110 5.636858368420927e-03
-6.08689 5.488856062224392e-03
-6.07267 5.346838231636977e-03
-6.05846 5.210321706202629e-03
-6.04424 5.078863627374417e-03
-6.03003 4.952068973411887e-03
-6.01582 4.829593092170494e-03
-6.00160 4.711140205957324e-03
-5.98739 4.596459244830120e-03
-5.97317 4.485338266299734e-03
-5.95896 4.377598399334247e-03
-5.94474 4.273087896726803e-03
-5.93053 4.171676594641283e-03
-5.91632 4.073250895877541e-03
-5.90210 3.977709305288770e-03
-5.88789 3.884958522746079e-03
-5.87367 3.794910108508188e-03
-5.85946 3.707477751553519e-03
-5.84525 3.622575177248678e-03
-5.83103 3.540114720439469e-03
-5.81682 3.460006564885819e-03
-5.80260 3.382158615468319e-03
-5.78839 3.306476932799463e-03
-5.77417 3.232866627226290e-03
-5.75996 3.161233085410841e-03
-5.74575 3.091483390262436e-03
-5.73153 3.023527794491085e-03
-5.71732 2.957281118389638e-03
-5.70310 2.892663961527989e-03
-5.68889 2.829603643223455e-03
-5.67467 2.768034815195976e-03
-5.66046 2.707899719166555e-03
-5.64625 2.649148090116708e-03
-5.63203 2.591736730750951e-03
-5.61782 2.535628803125798e-03
-5.60360 2.480792898623057e-03
-5.58939 2.427201957077370e-03
-5.57518 2.374832109925128e-03
-5.56096 2.323661521061595e-03
-5.54675 2.273669293285718e-03
-5.53253 2.224834498599030e-03
-5.51832 2.177135378173594e-03
-5.50410 2.130548743559465e-03
-5.48989 2.085049595720772e-03
-5.47568 2.040610963774391e-03
-5.46146 1.997203951750739e-03
-5.44725 1.954797970041456e-03
-5.43303 1.913361118996659e-03
-5.41882 1.872860685732476e-03
-5.40460 1.833263711748525e-03
-5.39039 1.794537588378594e-03
-5.37618 1.756650639176380e-03
-5.36196 1.719572652699965e-03
-5.34775 1.683275335327381e-03
-5.33353 1.647732661171340e-03
-5.31932 1.612921104299412e-03
-5.30511 1.578819746756017e-03
-5.29089 1.545410263818732e-03
-5.27668 1.512676795069281e-03
-5.26246 1.480605715874302e-03
-5.24825 1.449185328508382e-03
-5.23403 1.418405495271991e-03
-5.21982 1.388257237521684e-03
-5.20561 1.358732324593779e-03
-5.19139 1.329822875300607e-03
-5.17718 1.301520992209419e-03
-5.16296 1.273818445523228e-03
-5.14875 1.246706419343391e-03
-5.13453 1.220175328688139e-03
-5.12032 1.194214711145518e-03
-5.10611 1.168813192707606e-03
-5.09189 1.143958523387101e-03
-5.07768 1.119637674836867e-03
-5.06346 1.095836989510361e-03
-5.04925 1.072542368998509e-03
-5.03504 1.049739488089947e-03
-5.02082 1.027414020813584e-03
-5.00661 1.005551865181008e-03
-4.99239 9.841393544628855e-04
-4.97818 9.631634444931562e-04
-4.96396 9.426118685646338e-04
-4.94975 9.224732538172255e-04
-4.93554 9.027371954819695e-04
-4.92132 8.833942877934072e-04
-4.90711 8.644361126952064e-04
-4.89289 8.458551895332107e-04
-4.87868 8.276448906717440e-04
-4.86446 8.097993293225335e-04
-4.85025 7.923132268056368e-04
-4.83604 7.751817669570046e-04
-4.82182 7.584004454695105e-04
-4.80761 7.419649216350893e-04
-4.79339 7.258708792934795e-04
-4.77918 7.101139028490454e-04
-4.76496 6.946893730610458e-04
-4.75075 6.795923860185183e-04
-4.73654 6.648176973530433e-04
-4.72232 6.503596923921344e-04
-4.70811 6.362123816772902e-04
-4.69389 6.223694201193874e-04
-4.67968 6.088241470846175e-04
-4.66547 5.955696439290670e-04
-4.65125 5.825988049492843e-04
-4.63704 5.699044173973788e-04
-4.62282 5.574792461184393e-04
-4.60861 5.453161184910258e-04
-4.59439 5.334080056653536e-04
-4.58018 5.217480965688176e-04
-4.56597 5.103298617505576e-04
-4.55175 4.991471048292149e-04
-4.53754 4.881940000542920e-04
-4.52332 4.774651152572743e-04
-4.50911 4.669554202243113e-04
-4.49489 4.566602812457108e-04
-4.48068 4.465754432772612e-04
-4.46647 4.366970017880921e-04
-4.45225 4.270213669940055e-04
-4.43804 4.175452238391047e-04
-4.42382 4.082654918922927e-04
-4.40961 3.991792904372351e-04
-4.39540 3.902839157285934e-04
-4.38118 3.815768401028395e-04
-4.36697 3.730557470695232e-04
-4.35275 3.647186237881275e-04
-4.33854 3.565639442532523e-04
-4.32432 3.485909959716283e-04
-4.31011 3.408004346583615e-04
-4.29590 3.331952033160983e-04
-4.28168 3.257820369449505e-04
-4.26747 3.185739135747678e-04
-4.25325 3.115940417556896e-04
-4.23904 3.048823515782849e-04
-4.22482 2.985060727341703e-04
-4.21061 2.925769887864334e-04
-4.19640 2.872796187860580e-04
-4.18218 2.829174607234183e-04
-4.16797 2.799899098324411e-04
-4.15375 2.793238974182485e-04
-4.13954 2.823089098701044e-04
-4.12533 2.913338040288238e-04
-4.11111 3.106096810710955e-04
-4.09690 3.476759990253459e-04
-4.08268 4.159785722148215e-04
-4.06847 5.389237883348246e-04
-4.05425 7.557596661761313e-04
-4.04004 1.129227539474524e-03
-4.02583 1.753135946907974e-03
-4.01161 2.791483266952380e-03
-3.99740 4.850265906513483e-03
-3.98318 8.045823604433204e-03
-3.96897 9.688867357191076e-03
-3.95475 1.108736734900164e-02
-3.94054 1.302829201229987e-02
-3.92633 1.460404263572462e-02
-3.91211 1.575094910186669e-02
-3.89790 1.672874374603958e-02
-3.88368 1.776981527055450e-02
-3.86947 1.894530330986048e-02
-3.85526 2.020493151386786e-02
-3.84104 2.148221384467027e-02
-3.82683 2.275319063870262e-02
-3.81261 2.403701200465238e-02
-3.79840 2.538135560460122e-02
-3.78418 2.685281367116142e-02
-3.76997 2.849877093683589e-02
-3.75576 3.024125057094186e-02
-3.74154 3.177509750953418e-02
-3.72733 3.266057317029247e-02
-3.71311 3.264381464932965e-02
-3.69890 3.189194758215259e-02
-3.68468 3.085248736236444e-02
-3.67047 2.990233113875850e-02
-3.65626 2.915990550926921e-02
-3.64204 2.855474063906271e-02
-3.62783 2.797860120962060e-02
-3.61361 2.736977006674779e-02
-3.59940 2.671901135911876e-02
-3.58519 2.604479808016225e-02
-3.57097 2.537140748778301e-02
-3.55676 2.471817405051563e-02
-3.54254 2.409679319161686e-02
-3.52833 2.351241375236215e-02
-3.51411 2.296587064299743e-02
-3.49990 2.245575503321318e-02
-3.48569 2.197981000007057e-02
-3.47147 2.153561045815871e-02
-3.45726 2.112074123938482e-02
-3.44304 2.073275570146909e-02
-3.42883 2.036913247604396e-02
-3.41461 2.002733020209702e-02
-3.40040 1.970493822388577e-02
-3.38619 1.939986742453142e-02
-3.37197 1.911051728136302e-02
-3.35776 1.883587370490371e-02
-3.34354 1.857551803973410e-02
-3.32933 1.832954941217195e-02
-3.31512 1.809843689645145e-02
-3.30090 1.788282558884419e-02
-3.28669 1.768332360931430e-02
-3.27247 1.750029681494145e-02
-3.25826 1.733369543690479e-02
-3.24404 1.718293239384580e-02
-3.22983 1.704682705525649e-02
-3.21562 1.692362112054139e-02
-3.20140 1.681106547181170e-02
-3.18719 1.670656885367285e-02
-3.17297 1.660739169150876e-02
-3.15876 1.651086216506012e-02
-3.14454 1.641458786569054e-02
-3.13033 1.631663600704274e-02
-3.11612 1.621565888224563e-02
-3.10190 1.611094900469936e-02
-3.08769 1.600241915274300e-02
-3.07347 1.589051450997272e-02
-3.05926 1.577607486985351e-02
-3.04505 1.566017210436753e-02
-3.03083 1.554395009896374e-02
-3.01662 1.542849063529629e-02
-3.00240 1.531472018470702e-02
-2.98819 1.520336145402142e-02
-2.97397 1.509492274282284e-02
-2.95976 1.498971064179648e-02
-2.94555 1.488784938153898e-02
-2.93133 1.478929377472175e-02
-2.91712 1.469383093759933e-02
-2.90290 1.460107602654940e-02
-2.88869 1.451047545975269e-02
-2.87447 1.442133417751622e-02
-2.86026 1.433287954831570e-02
-2.84605 1.424436395835669e-02
-2.83183 1.415519370979318e-02
-2.81762 1.406505790466929e-02
-2.80340 1.397402183180382e-02
-2.78919 1.388254795875773e-02
-2.77497 1.379141526731598e-02
-2.76076 1.370152504121670e-02
-2.74655 1.361360926094510e-02
-2.73233 1.352789583422539e-02
-2.71812 1.344382530707419e-02
-2.70390 1.335993696477392e-02
-2.68969 1.327402164505865e-02
-2.67548 1.318355971522413e-02
-2.66126 1.308635367151987e-02
-2.64705 1.298124793111785e-02
-2.63283 1.286905425514492e-02
-2.61862 1.275291327861008e-02
-2.60440 1.263460840195709e-02
-2.59019 1.251214690704151e-02
-2.57598 1.238657244907375e-02
-2.56176 1.226044391460236e-02
-2.54755 1.213270560970744e-02
-2.53333 1.200262243998866e-02
-2.51912 1.187126215988376e-02
-2.50490 1.173977661127307e-02
-2.49069 1.160870675267239e-02
-2.47648 1.147813716016533e-02
-2.46226 1.134784432255108e-02
-2.44805 1.121731537402405e-02
-2.43383 1.108587073813091e-02
-2.41962 1.095298378225623e-02
-2.40541 1.081856813906271e-02
-2.39119 1.068298016667236e-02
-2.37698 1.054676220829792e-02
-2.36276 1.041036081614157e-02
-2.34855 1.027401449010426e-02
-2.33433 1.013783484620247e-02
-2.32012 1.000197257202570e-02
-2.30591 9.866733510050921e-03
-2.29169 9.732568518960427e-03
-2.27748 9.599946919994809e-03
-2.26326 9.469186407982425e-03
-2.24905 9.340326792564966e-03
-2.23483 9.213104907087672e-03
-2.22062 9.087037367477964e-03
-2.20641 8.961573635898605e-03
-2.19219 8.836260910254582e-03
-2.17798 8.710867170824841e-03
-2.16376 8.585431039700100e-03
-2.14955 8.460234839906529e-03
-2.13534 8.335720028031813e-03
-2.12112 8.212376235186801e-03
-2.10691 8.090635596909217e-03
-2.09269 7.970795699401970e-03
-2.07848 7.852981995430783e-03
-2.06426 7.737148609938236e-03
-2.05005 7.623108285687395e-03
-2.03584 7.510578960709497e-03
-2.02162 7.399235396166438e-03
-2.00741 7.288757570686201e-03
-1.99319 7.178871265796449e-03
-1.97898 7.069379004931476e-03
-1.96476 6.960180779102714e-03
-1.95055 6.851284092706623e-03
-1.93634 6.742802539990593e-03
-1.92212 6.634942160039824e-03
-1.90791 6.527975702105900e-03
-1.89369 6.422206684378084e-03
-1.87948 6.317927322813088e-03
-1.86527 6.215376346282281e-03
-1.85105 6.114703689789820e-03
-1.83684 6.015948593376775e-03
-1.82262 5.919035651739009e-03
-1.80841 5.823790206635260e-03
-1.79419 5.729970825877373e-03
-1.77998 5.637313282608165e-03
-1.76577 5.545578174840642e-03
-1.75155 5.454593592911487e-03
-1.73734 5.364285183949029e-03
-1.72312 5.274688350462238e-03
-1.70891 5.185940642752154e-03
-1.69469 5.098255993554664e-03
-1.68048 5.011885619712141e-03
-1.66627 4.927072623409142e-03
-1.65205 4.844008223689265e-03
-1.63784 4.762797054010230e-03
-1.62362 4.683437236740805e-03
-1.60941 4.605818346924721e-03
-1.59520 4.529737373177153e-03
-1.58098 4.454929863680705e-03
-1.56677 4.381111044884037e-03
-1.55255 4.308020145610571e-03
-1.53834 4.235460641978599e-03
-1.52412 4.163329715265323e-03
-1.50991 4.091631815024611e-03
-1.49570 4.020473654463364e-03
-1.48148 3.950040935987575e-03
-1.46727 3.880560226156310e-03
-1.45305 3.812252246255679e-03
-1.43884 3.745285022279683e-03
-1.42462 3.679736530334635e-03
-1.41041 3.615576420492493e-03
-1.39620 3.552674793402920e-03
-1.38198 3.490842361332043e-03
-1.36777 3.429899998763734e-03
-1.35355 3.369766080319653e-03
-1.33934 3.310537279387583e-03
-1.32513 3.252525441062434e-03
-1.31091 3.196208414841560e-03
-1.29670 3.142072062219552e-03
-1.28248 3.090376087405302e-03
-1.26827 3.040947943575703e-03
-1.25405 2.993126925390949e-03
-1.23984 2.945883569391495e-03
-1.22563 2.898007708640100e-03
-1.21141 2.848290965071435e-03
-1.19720 2.795802420140423e-03
-1.18298 2.740338123049245e-03
-1.16877 2.682346970905092e-03
-1.15455 2.620732227488308e-03
-1.14034 2.553306109993533e-03
-1.12613 2.485032899170425e-03
-1.11191 2.404391618732798e-03
-1.09770 2.285113428964022e-03
-1.08348 2.171244207607437e-03
-1.06927 2.077788442866939e-03
-1.05506 1.989362616509958e-03
-1.04084 1.904946548046377e-03
-1.02663 1.827562845822876e-03
-1.01241 1.756999066682460e-03
-0.99820 1.690836781126036e-03
-0.98398 1.626791617682576e-03
-0.96977 1.564205041140598e-03
-0.95556 1.503948546767489e-03
-0.94134 1.447160844876774e-03
-0.92713 1.394156211884592e-03
-0.91291 1.344273608864188e-03
-0.89870 1.296435819967338e-03
-0.88448 1.249791254253488e-03
-0.87027 1.204036628953715e-03
-0.85606 1.159376541526530e-03
-0.84184 1.116260239309952e-03
-0.82763 1.075068614434698e-03
-0.81341 1.035898331260604e-03
-0.79920 9.985245911154359e-04
-0.78498 9.625282513703836e-04
-0.77077 9.274938151818721e-04
-0.75656 8.931673254731875e-04
-0.74234 8.595084281632950e-04
-0.72813 8.266405228267129e-04
-0.71391 7.947513020362925e-04
-0.69970 7.640004576890415e-04
-0.68549 7.344638586954000e-04
-0.67127 7.061151068272044e-04
-0.65706 6.788360040866606e-04
-0.64284 6.524509803576259e-04
-0.62863 6.267795553176106e-04
-0.61441 6.016909194618681e-04
-0.60020 5.771377964904873e-04
-0.58599 5.531542307256015e-04
-0.57177 5.298205153783781e-04
-0.55756 5.072147018159061e-04
-0.54334 4.853739744916548e-04
-0.52913 4.642807813782274e-04
-0.51491 4.438749286846549e-04
-0.50070 4.240812597141025e-04
-0.48649 4.048374533296020e-04
-0.47227 3.861090821937186e-04
-0.45806 3.678876262960910e-04
-0.44384 3.501769726751303e-04
-0.42963 3.329788912120890e-04
-0.41542 3.162846518531385e-04
-0.40120 3.000717884904879e-04
-0.38699 2.843006160116646e-04
-0.37277 2.689098785175940e-04
-0.35856 2.538201815552007e-04
-0.34434 2.389563007611506e-04
-0.33013 2.242885192759012e-04
-0.31592 2.098746402391024e-04
-0.30170 1.958724377020064e-04
-0.28749 1.824987153677384e-04
-0.27327 1.699367275178776e-04
-0.25906 1.582274205056945e-04
-0.24484 1.472036924537651e-04
-0.23063 1.365243119199289e-04
-0.21642 1.258287865753997e-04
-0.20220 1.149703941702983e-04
-0.18799 1.042050466264130e-04
-0.17377 9.416066667020832e-05
-0.15956 8.548052707224578e-05
-0.14535 7.829254551046926e-05
-0.13113 7.193966933709143e-05
-0.11692 6.532542098131016e-05
-0.10270 5.767736806932397e-05
-0.08849 4.906640233576471e-05
-0.07427 4.027789426087306e-05
-0.06006 3.246279543958202e-05
-0.04585 2.697737860983024e-05
-0.03163 2.376988296854769e-05
-0.01742 2.032143515526624e-05
-0.00320 1.524127639811536e-05
0.01101 9.801568739404889e-06
0.02523 6.056386276607701e-06
0.03944 4.117188161985737e-06
0.05365 3.019266066079724e-06
0.06787 2.272464025702669e-06
0.08208 1.725621279315031e-06
0.09630 1.313353692039885e-06
0.11051 9.977623500126748e-07
0.12472 7.547876890834616e-07
0.13894 5.679295454069981e-07
0.15315 4.250159952816108e-07
0.16737 3.166165656745897e-07
0.18158 2.352588871171156e-07
0.19580 1.750020462354686e-07
0.21001 1.311604293844207e-07
0.22422 1.000949596071810e-07
0.23844 7.904306003903916e-08
0.25265 6.597944452711556e-08
0.26687 5.950675665441107e-08
0.28108 5.877746813993573e-08
0.29530 6.345004158168249e-08
0.30951 7.368454220618027e-08
0.32372 9.018626001701957e-08
0.33794 1.143109431604952e-07
0.35215 1.482524851766355e-07
0.36637 1.953440618673628e-07
0.38058 2.605177413075161e-07
0.39479 3.509868445043966e-07
0.40901 4.772417844291387e-07
0.42322 6.544867302160088e-07
0.43744 9.046957926634060e-07
0.45165 1.259540450400837e-06
0.46587 1.764544859842527e-06
0.48008 2.484976753939662e-06
0.49429 3.514197098725868e-06
0.50851 4.985492236475046e-06
0.52272 7.088816330967151e-06
0.53694 1.009438530442027e-05
0.55115 1.438565836698660e-05
0.56537 2.050481965715782e-05
0.57958 2.921419326553467e-05
0.59379 4.157662570168099e-05
0.60801 5.905597651094992e-05
0.62222 8.363440889100380e-05
0.63644 1.179351718086159e-04
0.65065 1.653286019834731e-04
0.66486 2.299957469620634e-04
0.67908 3.169942123879486e-04
0.69329 4.327679786086516e-04
0.70751 5.875815235504715e-04
0.72172 8.013901896690241e-04
0.73594 1.121466498968204e-03
0.75015 2.674964955249679e-03
0.76436 2.653481866137728e-03
0.77858 2.616719568526121e-03
0.79279 3.099560080276018e-03
0.80701 3.506332589701758e-03
0.82122 3.892097434975908e-03
0.83544 4.324814819585797e-03
0.84965 4.836019039490349e-03
0.86386 5.412554837989632e-03
0.87808 6.016678604020565e-03
0.89229 6.618581635707399e-03
0.90651 7.219924687273288e-03
0.92072 7.845992749477358e-03
0.93493 8.501109164221124e-03
0.94915 9.127935058318857e-03
0.96336 9.635981626014291e-03
0.97758 9.989898348886956e-03
0.99179 1.025161024368677e-02
1.00601 1.051934481839788e-02
1.02022 1.084178008809718e-02
1.03443 1.120093551996662e-02
1.04865 1.155694648838647e-02
1.06286 1.189089555255102e-02
1.07708 1.221144319798025e-02
1.09129 1.253641424501883e-02
1.10551 1.287444027333230e-02
1.11972 1.322018946364212e-02
1.13393 1.356116936834958e-02
1.14815 1.388711107249446e-02
1.16236 1.419500153394595e-02
1.17658 1.448833526732512e-02
1.19079 1.477308622344666e-02
1.20501 1.505369681527958e-02
1.21922 1.533109853200494e-02
1.23343 1.560305261481547e-02
1.24765 1.586593972543888e-02
1.26186 1.611678598364297e-02
1.27608 1.635459310753008e-02
1.29029 1.658060271906083e-02
1.30450 1.679765691263882e-02
1.31872 1.700912487576628e-02
1.33293 1.721790184189554e-02
1.34715 1.742582149978067e-02
1.36136 1.763357899744738e-02
1.37558 1.784105184538435e-02
1.38979 1.804779549582259e-02
1.40400 1.825348923038538e-02
1.41822 1.845818566332441e-02
1.43243 1.866232534108330e-02
1.44665 1.886657150110567e-02
1.46086 1.907157078024251e-02
1.47508 1.927774677648442e-02
1.48929 1.948519647946396e-02
1.50350 1.969370650477877e-02
1.51772 1.990285916118117e-02
1.53193 2.011217284329971e-02
1.54615 2.032122145533378e-02
1.56036 2.052969793104719e-02
1.57457 2.073741591628666e-02
1.58879 2.094426912327275e-02
1.60300 2.115018117245148e-02
1.61722 2.135507712006936e-02
1.63143 2.155889414109624e-02
1.64565 2.176162947139488e-02
1.65986 2.196340616215020e-02
1.67407 2.216452744392984e-02
1.68829 2.236549148077821e-02
1.70250 2.256694947777911e-02
1.71672 2.276960802069148e-02
1.73093 2.297409598774270e-02
1.74515 2.318083193861521e-02
1.75936 2.338993519776791e-02
1.77357 2.360122059136424e-02
1.78779 2.381430307903138e-02
1.80200 2.402881662598440e-02
1.81622 2.424472522067450e-02
1.83043 2.446267693815019e-02
1.84464 2.468432840133590e-02
1.85886 2.491255245065680e-02
1.87307 2.515144631592311e-02
1.88729 2.540609495464061e-02
1.90150 2.568211727279594e-02
1.91572 2.598508985888803e-02
1.92993 2.631989812495437e-02
1.94414 2.668981991247132e-02
1.95836 2.709485727371332e-02
1.97257 2.752906281813867e-02
1.98679 2.797791507654743e-02
2.00100 2.841851388250913e-02
2.01522 2.882485271637378e-02
2.02943 2.917556055181334e-02
2.04364 2.945634661683665e-02
2.05786 2.965422027788742e-02
2.07207 2.975704459598643e-02
2.08629 2.977786269309358e-02
2.10050 2.979480244098565e-02
2.11471 2.991703470590269e-02
2.12893 2.998047088835346e-02
2.14314 2.965657258528472e-02
2.15736 2.920412468152009e-02
2.17157 2.889142772202748e-02
2.18579 2.866414743160488e-02
2.20000 2.843752304968227e-02
