-12.00000 8.518789127493705e-35
-11.98579 3.494860068200722e-34
-11.97157 1.418160408518193e-33
-11.95736 5.697662027469147e-33
-11.94314 2.269354878232569e-32
-11.92893 8.975468012055543e-32
-11.91471 3.532325210897768e-31
-11.90050 1.386826060615771e-30
-11.88629 5.448367793032398e-30
-11.87207 2.149383167774440e-29
-11.85786 8.546985270852243e-29
-11.84364 3.438948573885257e-28
-11.82943 1.405003643208542e-27
-11.81522 5.845556020454435e-27
-11.80100 2.482269526579188e-26
-11.78679 1.078237972124868e-25
-11.77257 4.810238673294724e-25
-11.75836 2.224835376640305e-24
-11.74414 1.088359064510530e-23
-11.72993 5.816584567907499e-23
-11.71572 3.508205466090504e-22
-11.70150 2.399338218620994e-21
-11.68729 1.797001805964881e-20
-11.67307 1.399071317802070e-19
-11.65886 1.084154799478041e-18
-11.64464 8.134335664294335e-18
-11.63043 5.818915501645282e-17
-11.61622 3.936597551510368e-16
-11.60200 2.508314856981802e-15
-11.58779 1.502595050103788e-14
-11.57357 8.459101373618264e-14
-11.55936 4.477541565126210e-13
-11.54515 2.230520231412041e-12
-11.53093 1.046741310599688e-11
-11.51672 4.629165405502862e-11
-11.50250 1.927838885821360e-10
-11.48829 7.543902826324806e-10
-11.47407 2.764101494208280e-09
-11.45986 9.442106091288250e-09
-11.44565 2.994037628182369e-08
-11.43143 8.782166390329381e-08
-11.41722 2.378672900196912e-07
-11.40300 5.960049241621655e-07
-11.38879 1.398975030914770e-06
-11.37457 3.158583354168305e-06
-11.36036 6.774622922665346e-06
-11.34615 1.289164072402425e-05
-11.33193 2.152391149760448e-05
-11.31772 3.297267667703256e-05
-11.30350 4.791528990665031e-05
-11.28929 6.713155137215776e-05
-11.27508 9.114829913667233e-05
-11.26086 1.205284162369941e-04
-11.24665 1.562005330470416e-04
-11.23243 1.990033972810505e-04
-11.21822 2.491937236308205e-04
-11.20400 3.064708712720333e-04
-11.18979 3.703791897091663e-04
-11.17558 4.407287801852779e-04
-11.16136 5.177731566565744e-04
-11.14715 6.020772324036341e-04
-11.13293 6.941836751042263e-04
-11.11872 7.942742497441845e-04
-11.10450 9.019965305196075e-04
-11.09029 1.016517695026341e-03
-11.07608 1.136749506993183e-03
-11.06186 1.261622405827323e-03
-11.04765 1.390288938287431e-03
-11.03343 1.522188651013068e-03
-11.01922 1.656975202498398e-03
-11.00501 1.794362632975593e-03
-10.99079 1.933973778765591e-03
-10.97658 2.075265055207163e-03
-10.96236 2.217564933444857e-03
-10.94815 2.360213299184586e-03
-10.93393 2.502744317029708e-03
-10.91972 2.645033602067734e-03
-10.90551 2.787340811082430e-03
-10.89129 2.930218256136550e-03
-10.87708 3.074309443909779e-03
-10.86286 3.220106568979146e-03
-10.84865 3.367753992915243e-03
-10.83443 3.516968413741717e-03
-10.82022 3.667103345280435e-03
-10.80601 3.817333938924442e-03
-10.79179 3.966898297916375e-03
-10.77758 4.115316781059652e-03
-10.76336 4.262523699852840e-03
-10.74915 4.408878327138691e-03
-10.73493 4.555060847232013e-03
-10.72072 4.701890770318403e-03
-10.70651 4.850122087269402e-03
-10.69229 5.000268999677726e-03
-10.67808 5.152501715746945e-03
-10.66386 5.306629879364753e-03
-10.64965 5.462168539897612e-03
-10.63544 5.618463647835036e-03
-10.62122 5.774844028480584e-03
-10.60701 5.930765367346049e-03
-10.59279 6.085917696935569e-03
-10.57858 6.240278729540194e-03
-10.56436 6.394108184794360e-03
-10.55015 6.547890239875109e-03
-10.53594 6.702240250267884e-03
-10.52172 6.857796712093313e-03
-10.50751 7.015119777769447e-03
-10.49329 7.174614050626236e-03
-10.47908 7.336487034997919e-03
-10.46486 7.500746984340691e-03
-10.45065 7.667236464275893e-03
-10.43644 7.835691985113399e-03
-10.42222 8.005816402120393e-03
-10.40801 8.177349782582244e-03
-10.39379 8.350125967470454e-03
-10.37958 8.524105588781573e-03
-10.36537 8.699381057611264e-03
-10.35115 8.876154123700266e-03
-10.33694 9.054691179709660e-03
-10.32272 9.235264865940359e-03
-10.30851 9.418092298264543e-03
-10.29429 9.603280256846243e-03
-10.28008 9.790786078036259e-03
-10.26587 9.980400158658954e-03
-10.25165 1.017175243481920e-02
-10.23744 1.036434152034342e-02
-10.22322 1.055758193550217e-02
-10.20901 1.075086246805791e-02
-10.19479 1.094360746622725e-02
-10.18058 1.113533285923966e-02
-10.16637 1.132568984487249e-02
-10.15215 1.151449123040133e-02
-10.13794 1.170171801460643e-02
-10.12372 1.188750655747731e-02
-10.10951 1.207211921587627e-02
-10.09530 1.225590330451429e-02
-10.08108 1.243924444854606e-02
-10.06687 1.262252072353647e-02
-10.05265 1.280606345039900e-02
-10.03844 1.299012925712961e-02
-10.02422 1.317488624968784e-02
-10.01001 1.336041511459227e-02
-9.99580 1.354672398088700e-02
-9.98158 1.373377415025722e-02
-9.96737 1.392151255878374e-02
-9.95315 1.410990618585402e-02
-9.93894 1.429897361580543e-02
-9.92472 1.448880954560662e-02
-9.91051 1.467959910754131e-02
-9.89630 1.487162027935256e-02
-9.88208 1.506523419839248e-02
-9.86787 1.526086469077646e-02
-9.85365 1.545896960025746e-02
-9.83944 1.566000742025686e-02
-9.82523 1.586440321066395e-02
-9.81101 1.607251778720624e-02
-9.79680 1.628462372727123e-02
-9.78258 1.650089091109096e-02
-9.76837 1.672138321732934e-02
-9.75415 1.694606674784762e-02
-9.73994 1.717482870866264e-02
-9.72573 1.740750495985786e-02
-9.71151 1.764391338565226e-02
-9.69730 1.788388971532680e-02
-9.68308 1.812732229249505e-02
-9.66887 1.837418254071575e-02
-9.65465 1.862454845325908e-02
-9.64044 1.887861924826671e-02
-9.62623 1.913672026357513e-02
-9.61201 1.939929812019021e-02
-9.59780 1.966690711294006e-02
-9.58358 1.994018870911165e-02
-9.56937 2.021984699882075e-02
-9.55516 2.050662392301877e-02
-9.54094 2.080127887490447e-02
-9.52673 2.110457729595687e-02
-9.51251 2.141729145775405e-02
-9.49830 2.174021334891706e-02
-9.48408 2.207417530930454e-02
-9.46987 2.242007171379348e-02
-9.45566 2.277887947057314e-02
-9.44144 2.315169036921619e-02
-9.42723 2.353979128601946e-02
-9.41301 2.394484116554010e-02
-9.39880 2.436916310130231e-02
-9.38458 2.481606530325659e-02
-9.37037 2.528995024682097e-02
-9.35616 2.579593106236806e-02
-9.34194 2.633912458751780e-02
-9.32773 2.692512195172332e-02
-9.31351 2.756465665698951e-02
-9.29930 2.828354172255282e-02
-9.28509 2.912876853108855e-02
-9.27087 3.014977588701998e-02
-9.25666 3.134722241563046e-02
-9.24244 3.263114018749368e-02
-9.22823 3.385198528926352e-02
-9.21401 3.488743981796586e-02
-9.19980 3.567606962507209e-02
-9.18559 3.616391153309882e-02
-9.17137 3.628370131667612e-02
-9.15716 3.603757821950836e-02
-9.14294 3.556106904094305e-02
-9.12873 3.505090826690619e-02
-9.11451 3.463555310664278e-02
-9.10030 3.432938578591582e-02
-9.08609 3.408259857392401e-02
-9.07187 3.384470154299499e-02
-9.05766 3.359065657529213e-02
-9.04344 3.331658715501538e-02
-9.02923 3.302740588099168e-02
-9.01502 3.272792853659722e-02
-9.00080 3.241950455880338e-02
-8.98659 3.210084099292653e-02
-8.97237 3.177080141748528e-02
-8.95816 3.143089851409303e-02
-8.94394 3.108597549080928e-02
-8.92973 3.074287885166659e-02
-8.91552 3.040804680474724e-02
-8.90130 3.008534099217929e-02
-8.88709 2.977509606531288e-02
-8.87287 2.947461417147100e-02
-8.85866 2.917965283375166e-02
-8.84444 2.888614166495506e-02
-8.83023 2.859145052364122e-02
-8.81602 2.829486331935619e-02
-8.80180 2.799728099788676e-02
-8.78759 2.770043507345975e-02
-8.77337 2.740598496714459e-02
-8.75916 2.711482023033032e-02
-8.74494 2.682675190533974e-02
-8.73073 2.654061963365171e-02
-8.71652 2.625471201967344e-02
-8.70230 2.596732513002140e-02
-8.68809 2.567727451000561e-02
-8.67387 2.538421908222750e-02
-8.65966 2.508872908079707e-02
-8.64545 2.479210947718938e-02
-8.63123 2.449605329045032e-02
-8.61702 2.420223228256368e-02
-8.60280 2.391193268856764e-02
-8.58859 2.362581680414272e-02
-8.57437 2.334384912497420e-02
-8.56016 2.306538146152196e-02
-8.54595 2.278935604280991e-02
-8.53173 2.251456569069404e-02
-8.51752 2.223990732803671e-02
-8.50330 2.196457678696406e-02
-8.48909 2.168817382790160e-02
-8.47487 2.141071025748615e-02
-8.46066 2.113253542490000e-02
-8.44645 2.085420818323447e-02
-8.43223 2.057635071484960e-02
-8.41802 2.029951757690191e-02
-8.40380 2.002410470062661e-02
-8.38959 1.975031065449333e-02
-8.37538 1.947814934284262e-02
-8.36116 1.920750222027610e-02
-8.34695 1.893819102710858e-02
-8.33273 1.867004991391093e-02
-8.31852 1.840297846732699e-02
-8.30430 1.813696350882239e-02
-8.29009 1.787206594523268e-02
-8.27588 1.760837751261261e-02
-8.26166 1.734595922709319e-02
-8.24745 1.708477744176648e-02
-8.23323 1.682465395205779e-02
-8.21902 1.656524364285228e-02
-8.20480 1.630604742066728e-02
-8.19059 1.604646079571574e-02
-8.17638 1.578585089790403e-02
-8.16216 1.552364835706375e-02
-8.14795 1.525943654842903e-02
-8.13373 1.499301997700306e-02
-8.11952 1.472445628872620e-02
-8.10531 1.445404221822799e-02
-8.09109 1.418225185092599e-02
-8.07688 1.390963462093798e-02
-8.06266 1.363668897824371e-02
-8.04845 1.336373409520161e-02
-8.03423 1.309080497094024e-02
-8.02002 1.281759482762173e-02
-8.00581 1.254346232548346e-02
-7.99159 1.226751014245247e-02
-7.97738 1.198872707275662e-02
-7.96316 1.170617024565648e-02
-7.94895 1.141915062023112e-02
-7.93473 1.112737753584091e-02
-7.92052 1.083102066674097e-02
-7.90631 1.053066281951395e-02
-7.89209 1.022714448571528e-02
-7.87788 9.921336900357977e-03
-7.86366 9.613916171481539e-03
-7.84945 9.305234471786893e-03
-7.83524 8.995380406196941e-03
-7.82102 8.684475393983980e-03
-7.80681 8.373160386038666e-03
-7.79259 8.063102685279513e-03
-7.77838 7.757245400952355e-03
-7.76416 7.459513312940626e-03
-7.74995 7.173855695884219e-03
-7.73574 6.902855814392566e-03
-7.72152 6.646550647038395e-03
-7.70731 6.402346350200312e-03
-7.69309 6.166687575470112e-03
-7.67888 5.938171989970025e-03
-7.66466 5.720128299201307e-03
-7.65045 5.519304842603393e-03
-7.63624 5.338643297920902e-03
-7.62202 5.168476419058810e-03
-7.60781 4.989916418508856e-03
-7.59359 4.798312695941071e-03
-7.57938 4.602473833833591e-03
-7.56517 4.353632684730974e-03
-7.55095 3.958097563495248e-03
-7.53674 3.456129784160395e-03
-7.52252 3.019316987403169e-03
-7.50831 2.741484679970288e-03
-7.49409 2.595887820824072e-03
-7.47988 2.526924742750908e-03
-7.46567 2.493999096511492e-03
-7.45145 2.474680681916098e-03
-7.43724 2.463812881062947e-03
-7.42302 2.467433483030302e-03
-7.40881 2.491803368026469e-03
-7.39459 2.536578151256645e-03
-7.38038 2.596308502603229e-03
-7.36617 2.665722339036442e-03
-7.35195 2.742890291794104e-03
-7.33774 2.828773853195323e-03
-7.32352 2.925068243541640e-03
-7.30931 3.032456341307341e-03
-7.29510 3.150110103729043e-03
-7.28088 3.276202793170486e-03
-7.26667 3.408783180694340e-03
-7.25245 3.546447832626159e-03
-7.23824 3.688556757995174e-03
-7.22402 3.835041554190085e-03
-7.20981 3.986021666726985e-03
-7.19560 4.141454419442709e-03
-7.18138 4.300955591833539e-03
-7.16717 4.463815071178477e-03
-7.15295 4.629149290811983e-03
-7.13874 4.796098055252860e-03
-7.12452 4.963982162523989e-03
-7.11031 5.132372461148450e-03
-7.09610 5.301061830489693e-03
-7.08188 5.469964840802706e-03
-7.06767 5.638988083034576e-03
-7.05345 5.807916292131000e-03
-7.03924 5.976348876043040e-03
-7.02503 6.143703911967725e-03
-7.01081 6.309287770875981e-03
-6.99660 6.472412728837903e-03
-6.98238 6.632534893931067e-03
-6.96817 6.789381478325328e-03
-6.95395 6.943039482481387e-03
-6.93974 7.093985937547406e-03
-6.92553 7.243051182031993e-03
-6.91131 7.391319248061901e-03
-6.89710 7.539981337067633e-03
-6.88288 7.690167775030094e-03
-6.86867 7.842789254783230e-03
-6.85445 7.998418568582168e-03
-6.84024 8.157239053910347e-03
-6.82603 8.319076115835503e-03
-6.81181 8.483514819910184e-03
-6.79760 8.650091652795002e-03
-6.78338 8.818534160841416e-03
-6.76917 8.989009775592612e-03
-6.75495 9.162335474893117e-03
-6.74074 9.340093946481724e-03
-6.72653 9.524602984088538e-03
-6.71231 9.718701947564050e-03
-6.69810 9.925369758357434e-03
-6.68388 1.014729825937101e-02
-6.66967 1.038673102205011e-02
-6.65546 1.064610288944225e-02
-6.64124 1.093009456182987e-02
-6.62703 1.124926968064632e-02
-6.61281 1.162414655776601e-02
-6.59860 1.208679695564909e-02
-6.58438 1.267766287502850e-02
-6.57017 1.344801466810711e-02
-6.55596 1.454095536329632e-02
-6.54174 1.607714072632485e-02
-6.52753 1.721749198213180e-02
-6.51331 1.811504300882552e-02
-6.49910 1.951414022377915e-02
-6.48488 2.073794814455194e-02
-6.47067 2.281616152630208e-02
-6.45646 2.138966869423355e-02
-6.44224 1.841387207533707e-02
-6.42803 1.738894616048194e-02
-6.41381 1.645205065835934e-02
-6.39960 1.560797585803241e-02
-6.38539 1.491511786971695e-02
-6.37117 1.436578506603284e-02
-6.35696 1.392053293824170e-02
-6.34274 1.353957348015274e-02
-6.32853 1.319672976767901e-02
-6.31431 1.287949418543483e-02
-6.30010 1.258363488543695e-02
-6.28589 1.230809469270146e-02
-6.27167 1.205208762137572e-02
-6.25746 1.181412540989530e-02
-6.24324 1.159210692930602e-02
-6.22903 1.138375257479317e-02
-6.21481 1.118698948052007e-02
-6.20060 1.100015259646053e-02
-6.18639 1.082201213158516e-02
-6.17217 1.065169307020234e-02
-6.15796 1.048855491283555e-02
-6.14374 1.033207963144512e-02
-6.12953 1.018179172778558e-02
-6.11532 1.003721530314187e-02
-6.10110 9.897861818239142e-03
-6.08689 9.763237849890938e-03
-6.07267 9.632862375209049e-03
-6.05846 9.506285635011345e-03
-6.04424 9.383104727711518e-03
-6.03003 9.262973766199766e-03
-6.01582 9.145608296405681e-03
-6.00160 9.030784722647263e-03
-5.98739 8.918335900780942e-03
-5.97317 8.808144084863577e-03
-5.95896 8.700132252768058e-03
-5.94474 8.594254630821028e-03
-5.93053 8.490487059844433e-03
-5.91632 8.388817716669144e-03
-5.90210 8.289238617575202e-03
-5.88789 8.191738262494334e-03
-5.87367 8.096295711164237e-03
-5.85946 8.002876302093837e-03
-5.84525 7.911429128674138e-03
-5.83103 7.821886278297182e-03
-5.81682 7.734163729026648e-03
-5.80260 7.648163695021824e-03
-5.78839 7.563778126515667e-03
-5.77417 7.480893010100543e-03
-5.75996 7.399393084461514e-03
-5.74575 7.319166586219478e-03
-5.73153 7.240109667983704e-03
-5.71732 7.162130181631928e-03
-5.70310 7.085150588378529e-03
-5.68889 7.009109836811861e-03
-5.67467 6.933964134172519e-03
-5.66046 6.859686618521261e-03
-5.64625 6.786266014706953e-03
-5.63203 6.713704420811722e-03
-5.61782 6.642014420811802e-03
-5.60360 6.571215751567407e-03
-5.58939 6.501331767189379e-03
-5.57518 6.432385941725456e-03
-5.56096 6.364398633402837e-03
-5.54675 6.297384302658964e-03
-5.53253 6.231349334851966e-03
-5.51832 6.166290570257393e-03
-5.50410 6.102194592306460e-03
-5.48989 6.039037773530678e-03
-5.47568 5.976787030606063e-03
-5.46146 5.915401198041498e-03
-5.44725 5.854832896634836e-03
-5.43303 5.795030749340269e-03
-5.41882 5.735941784429293e-03
-5.40460 5.677513863835580e-03
-5.39039 5.619697982728889e-03
-5.37618 5.562450303459830e-03
-5.36196 5.505733811390873e-03
-5.34775 5.449519509792388e-03
-5.33353 5.393787103775073e-03
-5.31932 5.338525156962130e-03
-5.30511 5.283730737192043e-03
-5.29089 5.229408597124326e-03
-5.27668 5.175569960649311e-03
-5.26246 5.122231005314080e-03
-5.24825 5.069411143824478e-03
-5.23403 5.017131213751609e-03
-5.21982 4.965411683959690e-03
-5.20561 4.914270979454915e-03
-5.19139 4.863724014127879e-03
-5.17718 4.813781004270756e-03
-5.16296 4.764446616013253e-03
-5.14875 4.715719478248215e-03
-5.13453 4.667592070529891e-03
-5.12032 4.620050974084649e-03
-5.10611 4.573077454607034e-03
-5.09189 4.526648328876589e-03
-5.07768 4.480737054156319e-03
-5.06346 4.435314970314309e-03
-5.04925 4.390352619885547e-03
-5.03504 4.345821070855190e-03
-5.02082 4.301693170561993e-03
-5.00661 4.257944666355462e-03
-4.99239 4.214555138893698e-03
-4.97818 4.171508706520665e-03
-4.96396 4.128794473217920e-03
-4.94975 4.086406707363833e-03
-4.93554 4.044344753147429e-03
-4.92132 4.002612690225373e-03
-4.90711 3.961218769422365e-03
-4.89289 3.920174662419817e-03
-4.87868 3.879494571056380e-03
-4.86446 3.839194246827781e-03
-4.85025 3.799289973326312e-03
-4.83604 3.759797563753099e-03
-4.82182 3.720731422455088e-03
-4.80761 3.682103713986697e-03
-4.79339 3.643923675870469e-03
-4.77918 3.606197102497829e-03
-4.76496 3.568926017976987e-03
-4.75075 3.532108545720871e-03
-4.73654 3.495738972681376e-03
-4.72232 3.459807996849048e-03
-4.70811 3.424303138363646e-03
-4.69389 3.389209287662572e-03
-4.67968 3.354509358787131e-03
-4.66547 3.320185012435909e-03
-4.65125 3.286217411671147e-03
-4.63704 3.252587973327872e-03
-4.62282 3.219279080042055e-03
-4.60861 3.186274721224297e-03
-4.59439 3.153561036019384e-03
-4.58018 3.121126737022729e-03
-4.56597 3.088963399955432e-03
-4.55175 3.057065611299623e-03
-4.53754 3.025430972736407e-03
-4.52332 2.994059967798693e-03
-4.50911 2.962955702169536e-03
-4.49489 2.932123534284159e-03
-4.48068 2.901570617141779e-03
-4.46647 2.871305375370485e-03
-4.45225 2.841336943544171e-03
-4.43804 2.811674592518703e-03
-4.42382 2.782327170192986e-03
-4.40961 2.753302581732947e-03
-4.39540 2.724607332112941e-03
-4.38118 2.696246151092252e-03
-4.36697 2.668221717799029e-03
-4.35275 2.640534499390685e-03
-4.33854 2.613182716394074e-03
-4.32432 2.586162447115182e-03
-4.31011 2.559467886105663e-03
-4.29590 2.533091778803042e-03
-4.28168 2.507026068770567e-03
-4.26747 2.481262819620483e-03
-4.25325 2.455795517330717e-03
-4.23904 2.430620930716963e-03
-4.22482 2.405741824705049e-03
-4.21061 2.381171008995984e-03
-4.19640 2.356937509651861e-03
-4.18218 2.333096167963587e-03
-4.16797 2.309742924611636e-03
-4.15375 2.287039974130178e-03
-4.13954 2.265259000627340e-03
-4.12533 2.244858630855682e-03
-4.11111 2.226625549548152e-03
-4.09690 2.211925483283967e-03
-4.08268 2.203121705579835e-03
-4.06847 2.204213394857785e-03
-4.05425 2.221720502592433e-03
-4.04004 2.265760816189235e-03
-4.02583 2.351030799087155e-03
-4.01161 2.502749774864874e-03
-3.99740 2.815225244261275e-03
-3.98318 3.309122932583852e-03
-3.96897 3.568497589947512e-03
-3.95475 3.802060240184908e-03
-3.94054 4.133422797393891e-03
-3.92633 4.418922938437460e-03
-3.91211 4.645576505586275e-03
-3.89790 4.852018285897122e-03
-3.88368 5.074402882157575e-03
-3.86947 5.324418504296571e-03
-3.85526 5.594702221482440e-03
-3.84104 5.875242112715335e-03
-3.82683 6.162828540150984e-03
-3.81261 6.461378927768180e-03
-3.79840 6.779813439389063e-03
-3.78418 7.130333509765325e-03
-3.76997 7.520931770070623e-03
-3.75576 7.935748943784907e-03
-3.74154 8.317342571930496e-03
-3.72733 8.584529130778014e-03
-3.71311 8.690193050898890e-03
-3.69890 8.663085007749038e-03
-3.68468 8.582615010485422e-03
-3.67047 8.515703485985989e-03
-3.65626 8.482517109567676e-03
-3.64204 8.469107333203989e-03
-3.62783 8.455298444124022e-03
-3.61361 8.430140367685458e-03
-3.59940 8.392689942930227e-03
-3.58519 8.347139920033709e-03
-3.57097 8.298597499790533e-03
-3.55676 8.251012902130707e-03
-3.54254 8.206670557064604e-03
-3.52833 8.166453296838327e-03
-3.51411 8.130363556039969e-03
-3.49990 8.098016325039464e-03
-3.48569 8.068971074874136e-03
-3.47147 8.042878570673619e-03
-3.45726 8.019488001768476e-03
-3.44304 7.998586374345739e-03
-3.42883 7.979933378301603e-03
-3.41461 7.963228445166861e-03
-3.40040 7.948119411008810e-03
-3.38619 7.934243624853642e-03
-3.37197 7.921284235126573e-03
-3.35776 7.909024058313377e-03
-3.34354 7.897383303033564e-03
-3.32933 7.886432859563489e-03
-3.31512 7.876380446096584e-03
-3.30090 7.867531939511228e-03
-3.28669 7.860234288887644e-03
-3.27247 7.854809172087033e-03
-3.25826 7.851487772077932e-03
-3.24404 7.850356669071457e-03
-3.22983 7.851323030734363e-03
-3.21562 7.854104374645758e-03
-3.20140 7.858244615654188e-03
-3.18719 7.863154373976545e-03
-3.17297 7.868170083051948e-03
-3.15876 7.872623746748318e-03
-3.14454 7.875913641616755e-03
-3.13033 7.877566118267232e-03
-3.11612 7.877280023900922e-03
-3.10190 7.874948001941329e-03
-3.08769 7.870652616302402e-03
-3.07347 7.864639263423845e-03
-3.05926 7.857271424192923e-03
-3.04505 7.848976262952096e-03
-3.03083 7.840189411236710e-03
-3.01662 7.831306843408353e-03
-3.00240 7.822649336811956e-03
-2.98819 7.814441754830412e-03
-2.97397 7.806806160592179e-03
-2.95976 7.799765422841026e-03
-2.94555 7.793253128950494e-03
-2.93133 7.787126443156785e-03
-2.91712 7.781180670126719e-03
-2.90290 7.775166849189144e-03
-2.88869 7.768815591509096e-03
-2.87447 7.761870544581497e-03
-2.86026 7.754132766618032e-03
-2.84605 7.745513130967606e-03
-2.83183 7.736084683192383e-03
-2.81762 7.726122174167600e-03
-2.80340 7.716113284360080e-03
-2.78919 7.706726354119188e-03
-2.77497 7.698723399134190e-03
-2.76076 7.692815788643127e-03
-2.74655 7.689474767404098e-03
-2.73233 7.688730545685591e-03
-2.71812 7.690017565557390e-03
-2.70390 7.692137358415281e-03
-2.68969 7.693397804010563e-03
-2.67548 7.691948410281634e-03
-2.66126 7.686364050948839e-03
-2.64705 7.677246619525414e-03
-2.63283 7.672561856527421e-03
-2.61862 7.689774311273312e-03
-2.60440 7.722846667857670e-03
-2.59019 7.727102917633556e-03
-2.57598 7.699659999433557e-03
-2.56176 7.674777916499799e-03
-2.54755 7.654889699902499e-03
-2.53333 7.628745755359549e-03
-2.51912 7.595691635185634e-03
-2.50490 7.561450348107067e-03
-2.49069 7.530304973675041e-03
-2.47648 7.502602491916636e-03
-2.46226 7.476325921838583e-03
-2.44805 7.449325169104514e-03
-2.43383 7.420440354898899e-03
-2.41962 7.389649199358348e-03
-2.40541 7.357700362066400e-03
-2.39119 7.325484741417693e-03
-2.37698 7.293453749423535e-03
-2.36276 7.261411009296565e-03
-2.34855 7.228753038613585e-03
-2.33433 7.194941610791500e-03
-2.32012 7.159895821971770e-03
-2.30591 7.124102879145806e-03
-2.29169 7.088433417490514e-03
-2.27748 7.053790020906784e-03
-2.26326 7.020765267605861e-03
-2.24905 6.989447002059863e-03
-2.23483 6.959424370756146e-03
-2.22062 6.929963723617059e-03
-2.20641 6.900269990713370e-03
-2.19219 6.869736827052721e-03
-2.17798 6.838110458806172e-03
-2.16376 6.805531856235238e-03
-2.14955 6.772463277835744e-03
-2.13534 6.739536456412409e-03
-2.12112 6.707374707051576e-03
-2.10691 6.676439489929785e-03
-2.09269 6.646937173450902e-03
-2.07848 6.618800213847990e-03
-2.06426 6.591735605306413e-03
-2.05005 6.565317865968390e-03
-2.03584 6.539096993824032e-03
-2.02162 6.512693770460245e-03
-2.00741 6.485863171646638e-03
-1.99319 6.458517944953985e-03
-1.97898 6.430715176644303e-03
-1.96476 6.402616392512061e-03
-1.95055 6.374435280210129e-03
-1.93634 6.346386643058591e-03
-1.92212 6.318646783304457e-03
-1.90791 6.291330676436977e-03
-1.89369 6.264486497300527e-03
-1.87948 6.238104364431334e-03
-1.86527 6.212134109906468e-03
-1.85105 6.186506466311305e-03
-1.83684 6.161152922928940e-03
-1.82262 6.136021092155556e-03
-1.80841 6.111084195610438e-03
-1.79419 6.086344800394733e-03
-1.77998 6.061833959191056e-03
-1.76577 6.037607358280659e-03
-1.75155 6.013740018482872e-03
-1.73734 5.990320676638065e-03
-1.72312 5.967446388367616e-03
-1.70891 5.945217321301914e-03
-1.69469 5.923731302332075e-03
-1.68048 5.903077540017750e-03
-1.66627 5.883329099351205e-03
-1.65205 5.864534133583953e-03
-1.63784 5.846706493506043e-03
-1.62362 5.829817009670913e-03
-1.60941 5.813787317638519e-03
-1.59520 5.798488397857947e-03
-1.58098 5.783745870503610e-03
-1.56677 5.769353408489429e-03
-1.55255 5.755094384995258e-03
-1.53834 5.740770161374302e-03
-1.52412 5.726231507690956e-03
-1.50991 5.711407932715584e-03
-1.49570 5.696328663137297e-03
-1.48148 5.681129109551273e-03
-1.46727 5.666038210261410e-03
-1.45305 5.651345153101833e-03
-1.43884 5.637348471370672e-03
-1.42462 5.624295905370550e-03
-1.41041 5.612328797672424e-03
-1.39620 5.601448620836893e-03
-1.38198 5.591523291582724e-03
-1.36777 5.582344561586291e-03
-1.35355 5.573732931364167e-03
-1.33934 5.565663724158547e-03
-1.32513 5.558363395620932e-03
-1.31091 5.552313890389952e-03
-1.29670 5.548126433018934e-03
-1.28248 5.546314007794136e-03
-1.26827 5.547065399677246e-03
-1.25405 5.550108144000465e-03
-1.23984 5.554597478984365e-03
-1.22563 5.558869538822276e-03
-1.21141 5.560186423785001e-03
-1.19720 5.555370937275436e-03
-1.18298 5.544065114924724e-03
-1.16877 5.531468199538239e-03
-1.15455 5.513952087627754e-03
-1.14034 5.468422197775874e-03
-1.12613 5.401508506875549e-03
-1.11191 5.318495540920776e-03
-1.09770 5.176855849541745e-03
-1.08348 5.040560798398149e-03
-1.06927 4.933035919297201e-03
-1.05506 4.829316587952948e-03
-1.04084 4.730664853819858e-03
-1.02663 4.643151010902589e-03
-1.01241 4.565009056446541e-03
-0.99820 4.491002673476629e-03
-0.98398 4.417561222096119e-03
-0.96977 4.344880605098630e-03
-0.95556 4.275677940149453e-03
-0.94134 4.212209095358240e-03
-0.92713 4.154420710874259e-03
-0.91291 4.100338051361303e-03
-0.89870 4.047601855657156e-03
-0.88448 3.994677617718098e-03
-0.87027 3.941197121067930e-03
-0.85606 3.887680349434935e-03
-0.84184 3.835001770100524e-03
-0.82763 3.783841244895514e-03
-0.81341 3.734326963459716e-03
-0.79920 3.686028321918678e-03
-0.78498 3.638273503431963e-03
-0.77077 3.590565616596716e-03
-0.75656 3.542828641274501e-03
-0.74234 3.495364038380978e-03
-0.72813 3.448614789203196e-03
-0.71391 3.402942946919570e-03
-0.69970 3.358552902311518e-03
-0.68549 3.315525440537750e-03
-0.67127 3.273839522440329e-03
-0.65706 3.233325830382631e-03
-0.64284 3.193620883971598e-03
-0.62863 3.154222029159208e-03
-0.61441 3.114650824929836e-03
-0.60020 3.074623257425241e-03
-0.58599 3.034110887595519e-03
-0.57177 2.993260250550741e-03
-0.55756 2.952236524799553e-03
-0.54334 2.911098304002008e-03
-0.52913 2.869779918145134e-03
-0.51491 2.828187067841889e-03
-0.50070 2.786340801307682e-03
-0.48649 2.744468046489166e-03
-0.47227 2.702958745055320e-03
-0.45806 2.662191931386377e-03
-0.44384 2.622332952847325e-03
-0.42963 2.583241857937034e-03
-0.41542 2.544556475313414e-03
-0.40120 2.505870448673129e-03
-0.38699 2.466848063085756e-03
-0.37277 2.427193850972006e-03
-0.35856 2.386562455258526e-03
-0.34434 2.344582769216834e-03
-0.33013 2.301074293419136e-03
-0.31592 2.256323006661193e-03
-0.30170 2.211140043333881e-03
-0.28749 2.166483845201696e-03
-0.27327 2.122677802829881e-03
-0.25906 2.078571317827306e-03
-0.24484 2.031205338403471e-03
-0.23063 1.976529410782077e-03
-0.21642 1.911410095825790e-03
-0.20220 1.836477846320464e-03
-0.18799 1.758203151963900e-03
-0.17377 1.687559077464788e-03
-0.15956 1.633665231688719e-03
-0.14535 1.595398660621025e-03
-0.13113 1.558703594587243e-03
-0.11692 1.504823319841480e-03
-0.10270 1.424088131396846e-03
-0.08849 1.322564919077601e-03
-0.07427 1.216629882483856e-03
-0.06006 1.134394610338732e-03
-0.04585 1.127681073075923e-03
-0.03163 1.170025812369970e-03
-0.01742 1.089182656251733e-03
-0.00320 8.371964752099180e-04
0.01101 5.401677029339877e-04
0.02523 3.249147006819321e-04
0.03944 2.084463920714734e-04
0.05365 1.445990189259789e-04
0.06787 1.043316773497639e-04
0.08208 7.699019987830031e-05
0.09630 5.775839863771072e-05
0.11051 4.383500656773609e-05
0.12472 3.350600361657618e-05
0.13894 2.571086370356758e-05
0.15315 1.977092752779173e-05
0.16737 1.522597750315249e-05
0.18158 1.174452918034253e-05
0.19580 9.077653963959941e-06
0.21001 7.034733382332410e-06
0.22422 5.469076805254376e-06
0.23844 4.267987728578632e-06
0.25265 3.345214607415706e-06
0.26687 2.635023758578626e-06
0.28108 2.087539334531901e-06
0.29530 1.665111201271759e-06
0.30951 1.339517954797734e-06
0.32372 1.089848253304549e-06
0.33794 9.009384156606964e-07
0.35215 7.622775293032397e-07
0.36637 6.673229878945201e-07
0.38058 6.132005494052750e-07
0.39479 6.007955986002450e-07
0.40901 6.352788754185174e-07
0.42322 7.271539362342351e-07
0.43744 8.939700041096186e-07
0.45165 1.162920022168438e-06
0.46587 1.574650512413062e-06
0.48008 2.188762418760188e-06
0.49429 3.091699835097163e-06
0.50851 4.408027746545552e-06
0.52272 6.316507844065713e-06
0.53694 9.072893136876450e-06
0.55115 1.304193618129214e-05
0.56537 1.874161883065180e-05
0.57958 2.690279671548581e-05
0.59379 3.854682478325102e-05
0.60801 5.508153885875914e-05
0.62222 7.841125940475022e-05
0.63644 1.110484938209410e-04
0.65065 1.562047323337497e-04
0.66486 2.178367460189532e-04
0.67908 3.007023321341142e-04
0.69329 4.108931808257245e-04
0.70751 5.583507950176496e-04
0.72172 7.627782358314786e-04
0.73594 1.061526304172748e-03
0.75015 2.594395081691299e-03
0.76436 2.488575869737585e-03
0.77858 2.479901772749309e-03
0.79279 2.903032561066269e-03
0.80701 3.234365422306978e-03
0.82122 3.540932682398593e-03
0.83544 3.891953868014256e-03
0.84965 4.310287773839628e-03
0.86386 4.775708898547660e-03
0.87808 5.252103389117457e-03
0.89229 5.715102386006289e-03
0.90651 6.166864345184491e-03
0.92072 6.626816068302523e-03
0.93493 7.098022036551401e-03
0.94915 7.540206774442855e-03
0.96336 7.893767620049168e-03
0.97758 8.141973202263264e-03
0.99179 8.334635258681562e-03
1.00601 8.540233320882443e-03
1.02022 8.787918629200068e-03
1.03443 9.061445992992034e-03
1.04865 9.332912736390262e-03
1.06286 9.590706624205879e-03
1.07708 9.841826289561225e-03
1.09129 1.009881430528740e-02
1.10551 1.036795413038376e-02
1.11972 1.064658229522506e-02
1.13393 1.092761275512877e-02
1.14815 1.120551814595677e-02
1.16236 1.148145203419590e-02
1.17658 1.177755863633680e-02
1.19079 1.214892083029623e-02
1.20501 1.266322602299673e-02
1.21922 1.329741181708673e-02
1.23343 1.353120750558499e-02
1.24765 1.358225979297092e-02
1.26186 1.387734063353815e-02
1.27608 1.416900260091559e-02
1.29029 1.437406478564825e-02
1.30450 1.457063995146357e-02
1.31872 1.480903777569315e-02
1.33293 1.507616426136414e-02
1.34715 1.534368716779283e-02
1.36136 1.560095617649178e-02
1.37558 1.585404719400372e-02
1.38979 1.611250587469895e-02
1.40400 1.637943355738261e-02
1.41822 1.664991840964686e-02
1.43243 1.691577190092243e-02
1.44665 1.717139328656896e-02
1.46086 1.741664783017932e-02
1.47508 1.765586258765390e-02
1.48929 1.789463135251993e-02
1.50350 1.813680284120309e-02
1.51772 1.838317025820753e-02
1.53193 1.863202244716112e-02
1.54615 1.888074378103659e-02
1.56036 1.912741518554400e-02
1.57457 1.937170956374261e-02
1.58879 1.961490466815956e-02
1.60300 1.985924683765460e-02
1.61722 2.010707550399327e-02
1.63143 2.036008981960478e-02
1.64565 2.061898867038248e-02
1.65986 2.088352941451961e-02
1.67407 2.115289697478862e-02
1.68829 2.142619408795225e-02
1.70250 2.170286388860630e-02
1.71672 2.198291796703472e-02
1.73093 2.226693262919552e-02
1.74515 2.255586025140218e-02
1.75936 2.285075897636224e-02
1.77357 2.315256317516660e-02
1.78779 2.346200032868631e-02
1.80200 2.377971529964861e-02
1.81622 2.410660192271074e-02
1.83043 2.444427704852885e-02
1.84464 2.479557601489620e-02
1.85886 2.516491381172769e-02
1.87307 2.555835869332512e-02
1.88729 2.598332218894625e-02
1.90150 2.644788357801845e-02
1.91572 2.695988497608861e-02
1.92993 2.752591984061749e-02
1.94414 2.815006337209269e-02
1.95836 2.883181500666498e-02
1.97257 2.956293644796027e-02
1.98679 3.032444613645440e-02
2.00100 3.108718260777893e-02
2.01522 3.181849670583620e-02
2.02943 3.249083561402091e-02
2.04364 3.308148144212408e-02
2.05786 3.356190521149331e-02
2.07207 3.390098735300388e-02
2.08629 3.411301665850255e-02
2.10050 3.433596693555693e-02
2.11471 3.479781189931534e-02
2.12893 3.520220106669093e-02
2.14314 3.484335452126209e-02
2.15736 3.424042791253466e-02
2.17157 3.390717839019005e-02
2.18579 3.371527950158332e-02
2.20000 3.351739396629515e-02
