-12.00000 4.580546752102969e-34
-11.98579 1.912190880258697e-33
-11.97157 7.946906127333116e-33
-11.95736 3.298175294531875e-32
-11.94314 1.372157896345008e-31
-11.92893 5.747359737249058e-31
-11.91471 2.434645038193740e-30
-11.90050 1.047442303839446e-29
-11.88629 4.591438587390631e-29
-11.87207 2.054144137471450e-28
-11.85786 9.380139058318887e-28
-11.84364 4.367863276009798e-27
-11.82943 2.073313667888295e-26
-11.81522 1.006975840708686e-25
-11.80100 5.076855377609744e-25
-11.78679 2.751180398505044e-24
-11.77257 1.696591258017383e-23
-11.75836 1.247810706318734e-22
-11.74414 1.078318937671390e-21
-11.72993 1.022265112757010e-20
-11.71572 9.934492008319179e-20
-11.70150 9.487598909791885e-19
-11.68729 8.713006503861387e-18
-11.67307 7.612861126491687e-17
-11.65886 6.293778517216494e-16
-11.64464 4.907685170979807e-15
-11.63043 3.601590768402775e-14
-11.61622 2.483123036832200e-13
-11.60200 1.605874246205058e-12
-11.58779 9.728226969435913e-12
-11.57357 5.513984733668692e-11
-11.55936 2.921742249985292e-10
-11.54515 1.446587127784642e-09
-11.53093 6.690753992667969e-09
-11.51672 2.890520812424823e-08
-11.50250 1.166038231246713e-07
-11.48829 4.388798207341802e-07
-11.47407 1.539026000859958e-06
-11.45986 5.017688291823237e-06
-11.44565 1.517287347195888e-05
-11.43143 4.247489448580809e-05
-11.41722 1.102754216567681e-04
-11.40300 2.708206845317891e-04
-11.38879 6.834618683574290e-04
-11.37457 1.962501786576497e-03
-11.36036 5.410747631683101e-03
-11.34615 1.100858122044663e-02
-11.33193 1.599893750802986e-02
-11.31772 1.828060425056113e-02
-11.30350 1.860236104424084e-02
-11.28929 1.928170912891908e-02
-11.27508 2.102072928578587e-02
-11.26086 2.302188719490312e-02
-11.24665 2.486919274865361e-02
-11.23243 2.669204573950093e-02
-11.21822 2.864168758003565e-02
-11.20400 3.069281584484171e-02
-11.18979 3.270572231424555e-02
-11.17558 3.454150421106607e-02
-11.16136 3.613513262034154e-02
-11.14715 3.750707579597613e-02
-11.13293 3.872940115630240e-02
-11.11872 3.987689425578342e-02
-11.10450 4.099127291708147e-02
-11.09029 4.207135835484118e-02
-11.07608 4.308559021720275e-02
-11.06186 4.399452928218602e-02
-11.04765 4.477101534674507e-02
-11.03343 4.541061357209190e-02
-11.01922 4.593085739385782e-02
-11.00501 4.636226718425104e-02
-10.99079 4.673633893252283e-02
-10.97658 4.707562751173006e-02
-10.96236 4.738922103466682e-02
-10.94815 4.767426281702604e-02
-10.93393 4.792179826962652e-02
-10.91972 4.812391513693087e-02
-10.90551 4.827919141102836e-02
-10.89129 4.839460877137326e-02
-10.87708 4.848372027502215e-02
-10.86286 4.856229701456730e-02
-10.84865 4.864342472450809e-02
-10.83443 4.873392185785021e-02
-10.82022 4.883319038758724e-02
-10.80601 4.893458575908084e-02
-10.79179 4.902852030439585e-02
-10.77758 4.910607110719777e-02
-10.76336 4.916191145333491e-02
-10.74915 4.919580135080369e-02
-10.73493 4.921243901623993e-02
-10.72072 4.921997988548017e-02
-10.70651 4.922783649045312e-02
-10.69229 4.924444279323578e-02
-10.67808 4.927554131710084e-02
-10.66386 4.932331411542682e-02
-10.64965 4.938641787559209e-02
-10.63544 4.946076761673220e-02
-10.62122 4.954078008620643e-02
-10.60701 4.962074524147385e-02
-10.59279 4.969602875307437e-02
-10.57858 4.976389509619004e-02
-10.56436 4.982385102848706e-02
-10.55015 4.987751739533274e-02
-10.53594 4.992812397934369e-02
-10.52172 4.997977617993915e-02
-10.50751 5.003666025038556e-02
-10.49329 5.010233899859427e-02
-10.47908 5.017925054856672e-02
-10.46486 5.026846989997177e-02
-10.45065 5.036973795373278e-02
-10.43644 5.048171519266936e-02
-10.42222 5.060238421607727e-02
-10.40801 5.072951016464940e-02
-10.39379 5.086107056252664e-02
-10.37958 5.099558317578202e-02
-10.36537 5.113228716010385e-02
-10.35115 5.127116327665571e-02
-10.33694 5.141280779224902e-02
-10.32272 5.155819744130497e-02
-10.30851 5.170839671668835e-02
-10.29429 5.186426276993353e-02
-10.28008 5.202619800357042e-02
-10.26587 5.219398800943782e-02
-10.25165 5.236674564854694e-02
-10.23744 5.254296386486074e-02
-10.22322 5.272066314891328e-02
-10.20901 5.289760668749212e-02
-10.19479 5.307154857887911e-02
-10.18058 5.324047855742698e-02
-10.16637 5.340283008597894e-02
-10.15215 5.355762637229874e-02
-10.13794 5.370454932310929e-02
-10.12372 5.384392795434412e-02
-10.10951 5.397665367965784e-02
-10.09530 5.410403882220099e-02
-10.08108 5.422764067160175e-02
-10.06687 5.434907595839701e-02
-10.05265 5.446984974833638e-02
-10.03844 5.459121890540062e-02
-10.02422 5.471410419941028e-02
-10.01001 5.483905780525773e-02
-9.99580 5.496628538090435e-02
-9.98158 5.509571507644716e-02
-9.96737 5.522710049597401e-02
-9.95315 5.536014133366683e-02
-9.93894 5.549460436993985e-02
-9.92472 5.563042868433884e-02
-9.91051 5.576780200328438e-02
-9.89630 5.590719953913042e-02
-9.88208 5.604938185992081e-02
-9.86787 5.619535358927368e-02
-9.85365 5.634628945068806e-02
-9.83944 5.650343782992819e-02
-9.82523 5.666801428240657e-02
-9.81101 5.684109809414108e-02
-9.79680 5.702354413718354e-02
-9.78258 5.721592003586856e-02
-9.76837 5.741847540769375e-02
-9.75415 5.763114608269944e-02
-9.73994 5.785359219992085e-02
-9.72573 5.808526538154168e-02
-9.71151 5.832549719081034e-02
-9.69730 5.857359908732405e-02
-9.68308 5.882896327346056e-02
-9.66887 5.909115420313028e-02
-9.65465 5.935998197741091e-02
-9.64044 5.963555113722808e-02
-9.62623 5.991828116396562e-02
-9.61201 6.020889799510280e-02
-9.59780 6.050839880540493e-02
-9.58358 6.081799505995317e-02
-9.56937 6.113904135842876e-02
-9.55516 6.147295974931325e-02
-9.54094 6.182117062336431e-02
-9.52673 6.218504121596685e-02
-9.51251 6.256586013026297e-02
-9.49830 6.296484058922927e-02
-9.48408 6.338314758370067e-02
-9.46987 6.382193907198080e-02
-9.45566 6.428241617648231e-02
-9.44144 6.476589808492915e-02
-9.42723 6.527397005649328e-02
-9.41301 6.580877218965536e-02
-9.39880 6.637345395113876e-02
-9.38458 6.697267007594615e-02
-9.37037 6.761277036403504e-02
-9.35616 6.830127390804781e-02
-9.34194 6.904585754026495e-02
-9.32773 6.985499150681905e-02
-9.31351 7.074454058563630e-02
-9.29930 7.175190965299380e-02
-9.28509 7.294485050864633e-02
-9.27087 7.439511404085863e-02
-9.25666 7.610598102900486e-02
-9.24244 7.795292709191665e-02
-9.22823 7.972704038946278e-02
-9.21401 8.125607022999450e-02
-9.19980 8.244904145472046e-02
-9.18559 8.321952400864478e-02
-9.17137 8.346058478409794e-02
-9.15716 8.316934485100701e-02
-9.14294 8.254058157037215e-02
-9.12873 8.186007247747737e-02
-9.11451 8.131487485201021e-02
-9.10030 8.092630343423106e-02
-9.08609 8.062244475711999e-02
-9.07187 8.033037085805146e-02
-9.05766 8.001387801058135e-02
-9.04344 7.966701411232337e-02
-9.02923 7.929600829817574e-02
-9.01502 7.890649732295051e-02
-9.00080 7.849899339554661e-02
-8.98659 7.807054971552357e-02
-8.97237 7.761919985017897e-02
-8.95816 7.714768002339714e-02
-8.94394 7.666419518624024e-02
-8.92973 7.618004320904687e-02
-8.91552 7.570564076197918e-02
-8.90130 7.524707599025830e-02
-8.88709 7.480470350932418e-02
-8.87287 7.437408162514887e-02
-8.85866 7.394846903526624e-02
-8.84444 7.352161705880550e-02
-8.83023 7.308976091080240e-02
-8.81602 7.265227188896568e-02
-8.80180 7.221104358347297e-02
-8.78759 7.176910600053651e-02
-8.77337 7.132910355428265e-02
-8.75916 7.089217362191064e-02
-8.74494 7.045752195772398e-02
-8.73073 7.002271816517042e-02
-8.71652 6.958451335324523e-02
-8.70230 6.913986139257154e-02
-8.68809 6.868681611505663e-02
-8.67387 6.822505996389182e-02
-8.65966 6.775595584044483e-02
-8.64545 6.728215760518245e-02
-8.63123 6.680692656616485e-02
-8.61702 6.633335743586583e-02
-8.60280 6.586371264514013e-02
-8.58859 6.539901019680099e-02
-8.57437 6.493892938699067e-02
-8.56016 6.448201529030685e-02
-8.54595 6.402609734379348e-02
-8.53173 6.356880186123717e-02
-8.51752 6.310803565445931e-02
-8.50330 6.264234291123037e-02
-8.48909 6.217107973812751e-02
-8.47487 6.169439819344157e-02
-8.46066 6.121307323066220e-02
-8.44645 6.072823394875879e-02
-8.43223 6.024107124581497e-02
-8.41802 5.975258785225454e-02
-8.40380 5.926343754584257e-02
-8.38959 5.877387393564532e-02
-8.37538 5.828380197672379e-02
-8.36116 5.779290307252487e-02
-8.34695 5.730079127170230e-02
-8.33273 5.680715545534586e-02
-8.31852 5.631185000351791e-02
-8.30430 5.581491172893607e-02
-8.29009 5.531650008379816e-02
-8.27588 5.481677653861947e-02
-8.26166 5.431575372459713e-02
-8.24745 5.381315259963871e-02
-8.23323 5.330830520660633e-02
-8.21902 5.280013183660852e-02
-8.20480 5.228720637751238e-02
-8.19059 5.176790521947419e-02
-8.17638 5.124061678702013e-02
-8.16216 5.070397403656517e-02
-8.14795 5.015706397995667e-02
-8.13373 4.959956830302156e-02
-8.11952 4.903179793457167e-02
-8.10531 4.845460103504933e-02
-8.09109 4.786914602482718e-02
-8.07688 4.727660561290103e-02
-8.06266 4.667779032850369e-02
-8.04845 4.607279666096549e-02
-8.03423 4.546074180001231e-02
-8.02002 4.483965124403745e-02
-8.00581 4.420654573818593e-02
-7.99159 4.355774069045129e-02
-7.97738 4.288932769524701e-02
-7.96316 4.219776070756436e-02
-7.94895 4.148042886808617e-02
-7.93473 4.073607667125811e-02
-7.92052 3.996494294040171e-02
-7.90631 3.916854195883439e-02
-7.89209 3.834910357847762e-02
-7.87788 3.750881193354707e-02
-7.86366 3.664910704410013e-02
-7.84945 3.577039679497169e-02
-7.83524 3.487251142701782e-02
-7.82102 3.395605787123757e-02
-7.80681 3.302446233813748e-02
-7.79259 3.208597744104581e-02
-7.77838 3.115447862526375e-02
-7.76416 3.024784296795969e-02
-7.74995 2.938345450546334e-02
-7.73574 2.857198356730043e-02
-7.72152 2.781255448113360e-02
-7.70731 2.709365700789446e-02
-7.69309 2.640308803894298e-02
-7.67888 2.574503431279700e-02
-7.66466 2.515282240857248e-02
-7.65045 2.467762068542170e-02
-7.63624 2.434148136882745e-02
-7.62202 2.408427904570114e-02
-7.60781 2.380297744261203e-02
-7.59359 2.354650007438322e-02
-7.57938 2.347822796634456e-02
-7.56517 2.313076154036951e-02
-7.55095 2.143980876863062e-02
-7.53674 1.858651570950660e-02
-7.52252 1.612703871064554e-02
-7.50831 1.492681710570285e-02
-7.49409 1.471932344586200e-02
-7.47988 1.498745486725634e-02
-7.46567 1.535660912094230e-02
-7.45145 1.562574287429931e-02
-7.43724 1.577537505829122e-02
-7.42302 1.590864841209184e-02
-7.40881 1.612943627944925e-02
-7.39459 1.646235832070033e-02
-7.38038 1.686603458590807e-02
-7.36617 1.729233783927257e-02
-7.35195 1.772538099316582e-02
-7.33774 1.818060029619704e-02
-7.32352 1.868315858302680e-02
-7.30931 1.924891856023869e-02
-7.29510 1.987791520139079e-02
-7.28088 2.055855643533043e-02
-7.26667 2.127614890906106e-02
-7.25245 2.201999532466841e-02
-7.23824 2.278627741584976e-02
-7.22402 2.357690486309827e-02
-7.20981 2.439620277138679e-02
-7.19560 2.524753628487480e-02
-7.18138 2.613124863152107e-02
-7.16717 2.704430473857555e-02
-7.15295 2.798126936509810e-02
-7.13874 2.893589078853303e-02
-7.12452 2.990257251536364e-02
-7.11031 3.087725754291404e-02
-7.09610 3.185756911326458e-02
-7.08188 3.284232922721920e-02
-7.06767 3.383074440330566e-02
-7.05345 3.482159155051346e-02
-7.03924 3.581267762583876e-02
-7.02503 3.680072678647983e-02
-7.01081 3.778171240841068e-02
-6.99660 3.875153411760542e-02
-6.98238 3.970686347341075e-02
-6.96817 4.064595397379934e-02
-6.95395 4.156922858400703e-02
-6.93974 4.247951095997738e-02
-6.92553 4.338184136363474e-02
-6.91131 4.428290050891417e-02
-6.89710 4.519014069300861e-02
-6.88288 4.611078197929624e-02
-6.86867 4.705086304683031e-02
-6.85445 4.801453624233964e-02
-6.84024 4.900376341644149e-02
-6.82603 5.001850752226700e-02
-6.81181 5.105743398185184e-02
-6.79760 5.211904803654253e-02
-6.78338 5.320311197427596e-02
-6.76917 5.431211740341127e-02
-6.75495 5.545253562945870e-02
-6.74074 5.663553743369044e-02
-6.72653 5.787688166051651e-02
-6.71231 5.919577816154017e-02
-6.69810 6.061285574278173e-02
-6.68388 6.214809534339950e-02
-6.66967 6.382087348683096e-02
-6.65546 6.565585172237876e-02
-6.64124 6.769899686232825e-02
-6.62703 7.004470467189801e-02
-6.61281 7.286530146097644e-02
-6.59860 7.642162289540268e-02
-6.58438 8.104205254228508e-02
-6.57017 8.717359982452123e-02
-6.55596 9.612123552953210e-02
-6.54174 1.090336752797009e-01
-6.52753 1.185005396404490e-01
-6.51331 1.259505929544004e-01
-6.49910 1.385285335284739e-01
-6.48488 1.494795046511587e-01
-6.47067 1.663329225238894e-01
-6.45646 1.560368307686297e-01
-6.44224 1.304913471078129e-01
-6.42803 1.224791816125372e-01
-6.41381 1.150764745611965e-01
-6.39960 1.083782009634226e-01
-6.38539 1.028978582813306e-01
-6.37117 9.859029273985301e-02
-6.35696 9.513653541156991e-02
-6.34274 9.220951636382786e-02
-6.32853 8.959356368978762e-02
-6.31431 8.718602216592800e-02
-6.30010 8.495248958048388e-02
-6.28589 8.288449598222249e-02
-6.27167 8.097561457039554e-02
-6.25746 7.921357355201335e-02
-6.24324 7.758105794931290e-02
-6.22903 7.605927899100073e-02
-6.21481 7.463111745581730e-02
-6.20060 7.328276930911824e-02
-6.18639 7.200399011717798e-02
-6.17217 7.078746982676010e-02
-6.15796 6.962788359762563e-02
-6.14374 6.852100082105340e-02
-6.12953 6.746304180117166e-02
-6.11532 6.645032107496235e-02
-6.10110 6.547912807094659e-02
-6.08689 6.454576202334908e-02
-6.07267 6.364664045659667e-02
-6.05846 6.277842075487373e-02
-6.04424 6.193809873652661e-02
-6.03003 6.112306896143654e-02
-6.01582 6.033114568970511e-02
-6.00160 5.956055105069889e-02
-5.98739 5.880987965005526e-02
-5.97317 5.807804848540594e-02
-5.95896 5.736423932415419e-02
-5.94474 5.666783874398517e-02
-5.93053 5.598837943341243e-02
-5.91632 5.532548526738369e-02
-5.90210 5.467882203553404e-02
-5.88789 5.404805532912279e-02
-5.87367 5.343281680694066e-02
-5.85946 5.283267973396708e-02
-5.84525 5.224714426277174e-02
-5.83103 5.167563241170051e-02
-5.81682 5.111749213194666e-02
-5.80260 5.057200931202518e-02
-5.78839 5.003842610618558e-02
-5.77417 4.951596364217407e-02
-5.75996 4.900384699244954e-02
-5.74575 4.850133028920479e-02
-5.73153 4.800772001656552e-02
-5.71732 4.752239479840686e-02
-5.70310 4.704482038381509e-02
-5.68889 4.657455897671422e-02
-5.67467 4.611127252381796e-02
-5.66046 4.565472003088527e-02
-5.64625 4.520474939110759e-02
-5.63203 4.476128455729438e-02
-5.61782 4.432430915408379e-02
-5.60360 4.389384779739861e-02
-5.58939 4.346994646234324e-02
-5.57518 4.305265322059544e-02
-5.56096 4.264200056262556e-02
-5.54675 4.223799034197886e-02
-5.53253 4.184058214511541e-02
-5.51832 4.144968561989885e-02
-5.50410 4.106515700867378e-02
-5.48989 4.068679984750716e-02
-5.47568 4.031436952955281e-02
-5.46146 3.994758120299930e-02
-5.44725 3.958612029465484e-02
-5.43303 3.922965482699479e-02
-5.41882 3.887784863339851e-02
-5.40460 3.853037457322211e-02
-5.39039 3.818692690142638e-02
-5.37618 3.784723204961418e-02
-5.36196 3.751105721691553e-02
-5.34775 3.717821633883171e-02
-5.33353 3.684857318766740e-02
-5.31932 3.652204154721005e-02
-5.30511 3.619858258521323e-02
-5.29089 3.587819970969093e-02
-5.27668 3.556093133055949e-02
-5.26246 3.524684205050956e-02
-5.24825 3.493601287428901e-02
-5.23403 3.462853105240964e-02
-5.21982 3.432448016457616e-02
-5.20561 3.402393100290024e-02
-5.19139 3.372693374000223e-02
-5.17718 3.343351176858437e-02
-5.16296 3.314365748405892e-02
-5.14875 3.285733015786275e-02
-5.13453 3.257445592370814e-02
-5.12032 3.229492977931189e-02
-5.10611 3.201861939842635e-02
-5.09189 3.174537045750947e-02
-5.07768 3.147501311207153e-02
-5.06346 3.120736921216808e-02
-5.04925 3.094225982576311e-02
-5.03504 3.067951264244709e-02
-5.02082 3.041896885664395e-02
-5.00661 3.016048917623950e-02
-4.99239 2.990395866586902e-02
-4.97818 2.964929020961789e-02
-4.96396 2.939642646094168e-02
-4.94975 2.914534023341289e-02
-4.93554 2.889603336980760e-02
-4.92132 2.864853420479123e-02
-4.90711 2.840289380435694e-02
-4.89289 2.815918122024676e-02
-4.87868 2.791747803771223e-02
-4.86446 2.767787251890501e-02
-4.85025 2.744045365157970e-02
-4.83604 2.720530540415223e-02
-4.82182 2.697250146477380e-02
-4.80761 2.674210070590706e-02
-4.79339 2.651414356940539e-02
-4.77918 2.628864951314843e-02
-4.76496 2.606561560193369e-02
-4.75075 2.584501626566465e-02
-4.73654 2.562680418989872e-02
-4.72232 2.541091225026377e-02
-4.70811 2.519725635548893e-02
-4.69389 2.498573902573558e-02
-4.67968 2.477625350494354e-02
-4.66547 2.456868818885274e-02
-4.65125 2.436293114448332e-02
-4.63704 2.415887450187484e-02
-4.62282 2.395641851401829e-02
-4.60861 2.375547510494696e-02
-4.59439 2.355597075732475e-02
-4.58018 2.335784862775817e-02
-4.56597 2.316106981848685e-02
-4.55175 2.296561377603866e-02
-4.53754 2.277147782887500e-02
-4.52332 2.257867591513150e-02
-4.50911 2.238723658661780e-02
-4.49489 2.219720040488764e-02
-4.48068 2.200861686835353e-02
-4.46647 2.182154102537965e-02
-4.45225 2.163602993668454e-02
-4.43804 2.145213915123155e-02
-4.42382 2.126991935343909e-02
-4.40961 2.108941332668826e-02
-4.39540 2.091065335971430e-02
-4.38118 2.073365919976711e-02
-4.36697 2.055843663085235e-02
-4.35275 2.038497672854242e-02
-4.33854 2.021325581656621e-02
-4.32432 2.004323612661768e-02
-4.31011 1.987486714375480e-02
-4.29590 1.970808760791165e-02
-4.28168 1.954282814044033e-02
-4.26747 1.937901447706349e-02
-4.25325 1.921657132020057e-02
-4.23904 1.905542688116742e-02
-4.22482 1.889551827560728e-02
-4.21061 1.873679807696912e-02
-4.19640 1.857924254418293e-02
-4.18218 1.842286236392269e-02
-4.16797 1.826771728957277e-02
-4.15375 1.811393707339191e-02
-4.13954 1.796175311001995e-02
-4.12533 1.781154905578682e-02
-4.11111 1.766394483684661e-02
-4.09690 1.751993508643723e-02
-4.08268 1.738110304957614e-02
-4.06847 1.724991167660854e-02
-4.05425 1.713002523396295e-02
-4.04004 1.702654449958758e-02
-4.02583 1.694601191159740e-02
-4.01161 1.689845683079892e-02
-3.99740 1.692106992959681e-02
-3.98318 1.702317285804042e-02
-3.96897 1.704286945929925e-02
-3.95475 1.706764633595475e-02
-3.94054 1.714916647011308e-02
-3.92633 1.722916305995803e-02
-3.91211 1.729869583832752e-02
-3.89790 1.737001909411005e-02
-3.88368 1.745712504916323e-02
-3.86947 1.756641622432389e-02
-3.85526 1.769724149260588e-02
-3.84104 1.784754362140932e-02
-3.82683 1.801772993140802e-02
-3.81261 1.821132602204381e-02
-3.79840 1.843478552487306e-02
-3.78418 1.869692422619432e-02
-3.76997 1.900292560952551e-02
-3.75576 1.933831458946772e-02
-3.74154 1.965502969768733e-02
-3.72733 1.988749922679003e-02
-3.71311 2.000077489496253e-02
-3.69890 2.002196811899198e-02
-3.68468 2.001468786354101e-02
-3.67047 2.002643275668763e-02
-3.65626 2.006508905716269e-02
-3.64204 2.011373856945886e-02
-3.62783 2.015409426581732e-02
-3.61361 2.017754799886777e-02
-3.59940 2.018454189262391e-02
-3.58519 2.018011631407084e-02
-3.57097 2.017020960298190e-02
-3.55676 2.015962932561839e-02
-3.54254 2.015130104594449e-02
-3.52833 2.014630190096128e-02
-3.51411 2.014430848719426e-02
-3.49990 2.014418252646841e-02
-3.48569 2.014450224104214e-02
-3.47147 2.014393814133185e-02
-3.45726 2.014145257022536e-02
-3.44304 2.013635483166177e-02
-3.42883 2.012826459825592e-02
-3.41461 2.011703415320110e-02
-3.40040 2.010266673713643e-02
-3.38619 2.008525271344270e-02
-3.37197 2.006493185128445e-02
-3.35776 2.004188012585129e-02
-3.34354 2.001631317620732e-02
-3.32933 1.998849577526918e-02
-3.31512 1.995874702391508e-02
-3.30090 1.992743383318887e-02
-3.28669 1.989494959690555e-02
-3.27247 1.986167958899136e-02
-3.25826 1.982795845096256e-02
-3.24404 1.979402741172849e-02
-3.22983 1.975999930767637e-02
-3.21562 1.972583818306686e-02
-3.20140 1.969135770237608e-02
-3.18719 1.965623941106380e-02
-3.17297 1.962006866838932e-02
-3.15876 1.958238338153055e-02
-3.14454 1.954272887325210e-02
-3.13033 1.950071151121456e-02
-3.11612 1.945604413064406e-02
-3.10190 1.940857765067313e-02
-3.08769 1.935831535433645e-02
-3.07347 1.930540873406443e-02
-3.05926 1.925013623584318e-02
-3.04505 1.919286833061722e-02
-3.03083 1.913402383807420e-02
-3.01662 1.907402316831149e-02
-3.00240 1.901324409574777e-02
-2.98819 1.895198492125235e-02
-2.97397 1.889043859540027e-02
-2.95976 1.882867981192985e-02
-2.94555 1.876666549367278e-02
-2.93133 1.870424770479540e-02
-2.91712 1.864119697440152e-02
-2.90290 1.857723334231067e-02
-2.88869 1.851206206776785e-02
-2.87447 1.844541073491352e-02
-2.86026 1.837706429927240e-02
-2.84605 1.830689437853420e-02
-2.83183 1.823487887319863e-02
-2.81762 1.816110803912171e-02
-2.80340 1.808577374765576e-02
-2.78919 1.800914015580557e-02
-2.77497 1.793149652950217e-02
-2.76076 1.785309649827646e-02
-2.74655 1.777409233011006e-02
-2.73233 1.769447725075727e-02
-2.71812 1.761405195428844e-02
-2.70390 1.753243087072865e-02
-2.68969 1.744909692910089e-02
-2.67548 1.736349985727575e-02
-2.66126 1.727517603601756e-02
-2.64705 1.718385535866020e-02
-2.63283 1.708952074005386e-02
-2.61862 1.699240118017000e-02
-2.60440 1.689290308244913e-02
-2.59019 1.679151032472379e-02
-2.57598 1.668869522372697e-02
-2.56176 1.658485902937596e-02
-2.54755 1.648030590016429e-02
-2.53333 1.637525156201794e-02
-2.51912 1.626984775455236e-02
-2.50490 1.616420339027101e-02
-2.49069 1.605839634233624e-02
-2.47648 1.595247737259879e-02
-2.46226 1.584647060003481e-02
-2.44805 1.574037440155509e-02
-2.43383 1.563416448416821e-02
-2.41962 1.552779896751169e-02
-2.40541 1.542122454532300e-02
-2.39119 1.531438297734332e-02
-2.37698 1.520721763217952e-02
-2.36276 1.509967999969326e-02
-2.34855 1.499173587096978e-02
-2.33433 1.488337045430719e-02
-2.32012 1.477459139056710e-02
-2.30591 1.466542869450761e-02
-2.29169 1.455593113306500e-02
-2.27748 1.444615932504535e-02
-2.26326 1.433617666543764e-02
-2.24905 1.422603978151586e-02
-2.23483 1.411579042670833e-02
-2.22062 1.400545044526801e-02
-2.20641 1.389502076554941e-02
-2.19219 1.378448448022289e-02
-2.17798 1.367381317918025e-02
-2.16376 1.356297503405786e-02
-2.14955 1.345194284224259e-02
-2.13534 1.334070037075568e-02
-2.12112 1.322924583830006e-02
-2.10691 1.311759209601661e-02
-2.09269 1.300576383165813e-02
-2.07848 1.289379275087912e-02
-2.06426 1.278171205191190e-02
-2.05005 1.266955154606750e-02
-2.03584 1.255733450410993e-02
-2.02162 1.244507681196520e-02
-2.00741 1.233278842485508e-02
-1.99319 1.222047655435913e-02
-1.97898 1.210814962674327e-02
-1.96476 1.199582088956924e-02
-1.95055 1.188351063891382e-02
-1.93634 1.177124635845468e-02
-1.92212 1.165906052727705e-02
-1.90791 1.154698636340800e-02
-1.89369 1.143505221963621e-02
-1.87948 1.132327564978239e-02
-1.86527 1.121165826331449e-02
-1.85105 1.110018237141962e-02
-1.83684 1.098881012645220e-02
-1.82262 1.087748542991396e-02
-1.80841 1.076613841217253e-02
-1.79419 1.065469185446926e-02
-1.77998 1.054306860419436e-02
-1.76577 1.043119887929337e-02
-1.75155 1.031902638889807e-02
-1.73734 1.020651240535947e-02
-1.72312 1.009363727002581e-02
-1.70891 9.980399242348493e-03
-1.69469 9.866811038702197e-03
-1.68048 9.752894782525567e-03
-1.66627 9.638676339832357e-03
-1.65205 9.524180101602584e-03
-1.63784 9.409425180217491e-03
-1.62362 9.294423722557383e-03
-1.60941 9.179181646828937e-03
-1.59520 9.063701645658380e-03
-1.58098 8.947987841022935e-03
-1.56677 8.832051107252969e-03
-1.55255 8.715913867835531e-03
-1.53834 8.599613170375595e-03
-1.52412 8.483201071183737e-03
-1.50991 8.366741798684291e-03
-1.49570 8.250305756872649e-03
-1.48148 8.133961086367656e-03
-1.46727 8.017764108168965e-03
-1.45305 7.901750413639587e-03
-1.43884 7.785928524031377e-03
-1.42462 7.670277843418544e-03
-1.41041 7.554752033353719e-03
-1.39620 7.439287965080242e-03
-1.38198 7.323819143642200e-03
-1.36777 7.208291121002983e-03
-1.35355 7.092675197961942e-03
-1.33934 6.976976038368781e-03
-1.32513 6.861229137324561e-03
-1.31091 6.745485826259163e-03
-1.29670 6.629786860819671e-03
-1.28248 6.514130237648247e-03
-1.26827 6.398443352358825e-03
-1.25405 6.282571582253026e-03
-1.23984 6.166292524419702e-03
-1.22563 6.049357074086182e-03
-1.21141 5.931548046694146e-03
-1.19720 5.812738662433705e-03
-1.18298 5.692930925310584e-03
-1.16877 5.572261107618441e-03
-1.15455 5.450976389787805e-03
-1.14034 5.329400352514872e-03
-1.12613 5.207898044689167e-03
-1.11191 5.086839603713138e-03
-1.09770 4.966565804775330e-03
-1.08348 4.847363352892704e-03
-1.06927 4.729462849808258e-03
-1.05506 4.613055754919775e-03
-1.04084 4.498307745988629e-03
-1.02663 4.385361495652404e-03
-1.01241 4.274335405698591e-03
-0.99820 4.165323031723777e-03
-0.98398 4.058393588741959e-03
-0.96977 3.953592614057428e-03
-0.95556 3.850942671354075e-03
-0.94134 3.750444689547598e-03
-0.92713 3.652080393676565e-03
-0.91291 3.555815753611827e-03
-0.89870 3.461604969663814e-03
-0.88448 3.369394413103646e-03
-0.87027 3.279126069718162e-03
-0.85606 3.190740232983820e-03
-0.84184 3.104177346453999e-03
-0.82763 3.019378989448637e-03
-0.81341 2.936288080300583e-03
-0.79920 2.854848469296289e-03
-0.78498 2.775004198416905e-03
-0.77077 2.696698776601219e-03
-0.75656 2.619874815763218e-03
-0.74234 2.544474274087341e-03
-0.72813 2.470439371783244e-03
-0.71391 2.397714025007263e-03
-0.69970 2.326245451032493e-03
-0.68549 2.255985498091298e-03
-0.67127 2.186891291761198e-03
-0.65706 2.118924972517923e-03
-0.64284 2.052052586052160e-03
-0.62863 1.986242499788569e-03
-0.61441 1.921463957859046e-03
-0.60020 1.857686465294864e-03
-0.58599 1.794880562742981e-03
-0.57177 1.733020226855392e-03
-0.55756 1.672086681386423e-03
-0.54334 1.612072947503424e-03
-0.52913 1.552988129125646e-03
-0.51491 1.494860324742629e-03
-0.50070 1.437737226837258e-03
-0.48649 1.381683883950532e-03
-0.47227 1.326777659045124e-03
-0.45806 1.273100979358259e-03
-0.44384 1.220732894562115e-03
-0.42963 1.169740640189912e-03
-0.41542 1.120172311349248e-03
-0.40120 1.072051435652142e-03
-0.38699 1.025373803145844e-03
-0.37277 9.801064986152753e-04
-0.35856 9.361888028344846e-04
-0.34434 8.935345440325370e-04
-0.33013 8.520355770959926e-04
-0.31592 8.115662700601519e-04
-0.30170 7.719890748704457e-04
-0.28749 7.331613474842700e-04
-0.27327 6.949434991799096e-04
-0.25906 6.572083088168812e-04
-0.24484 6.198508706268452e-04
-0.23063 5.827983011876913e-04
-0.21642 5.460180961274525e-04
-0.20220 5.095239957323987e-04
-0.18799 4.733784181143817e-04
-0.17377 4.376909163037526e-04
-0.15956 4.026126292452644e-04
-0.14535 3.683272196421569e-04
-0.13113 3.350392226172596e-04
-0.11692 3.029609961418481e-04
-0.10270 2.722995371419545e-04
-0.08849 2.432443196719616e-04
-0.07427 2.159570722236290e-04
-0.06006 1.905641092864810e-04
-0.04585 1.671515521944776e-04
-0.03163 1.457634921458826e-04
-0.01742 1.264023528406776e-04
-0.00320 1.090309974354919e-04
0.01101 9.357869222494303e-05
0.02523 7.994777934367460e-05
0.03944 6.801813991072118e-05
0.05365 5.765378362549157e-05
0.06787 4.870999345472184e-05
0.08208 4.103914589251476e-05
0.09630 3.449564609105419e-05
0.11051 2.893995443525164e-05
0.12472 2.424158262811638e-05
0.13894 2.028108069176998e-05
0.15315 1.695111700487711e-05
0.16737 1.415679670768349e-05
0.18158 1.181538416453893e-05
0.19580 9.855597245548874e-06
0.21001 8.216628877709999e-06
0.22422 6.847029107876603e-06
0.23844 5.703553661462328e-06
0.25265 4.750057135375440e-06
0.26687 3.956484004097857e-06
0.28108 3.297990812180805e-06
0.29530 2.754219459128497e-06
0.30951 2.308734760650589e-06
0.32372 1.948639489856763e-06
0.33794 1.664386797259252e-06
0.35215 1.449823445863088e-06
0.36637 1.302518321670263e-06
0.38058 1.224460555468489e-06
0.39479 1.223252729985349e-06
0.40901 1.313981040619522e-06
0.42322 1.522022398674729e-06
0.43744 1.887158639286008e-06
0.45165 2.469526254789463e-06
0.46587 3.358160168064431e-06
0.48008 4.683224780384740e-06
0.49429 6.633505739007746e-06
0.50851 9.481404687476124e-06
0.52272 1.361856762013266e-05
0.53694 1.960637560539625e-05
0.55115 2.824673356230318e-05
0.56537 4.067963315997625e-05
0.57958 5.851426687729606e-05
0.59379 8.399901112348636e-05
0.60801 1.202308047218100e-04
0.62222 1.713943351467361e-04
0.63644 2.430044044024677e-04
0.65065 3.421029649444873e-04
0.66486 4.773607570056504e-04
0.67908 6.592073596672896e-04
0.69329 9.010567231359153e-04
0.70751 1.225099011442365e-03
0.72172 1.675892425050638e-03
0.73594 2.350476011547572e-03
0.75015 5.667699262683921e-03
0.76436 5.556288066173887e-03
0.77858 5.458889256549999e-03
0.79279 6.369195686156925e-03
0.80701 7.087958440131831e-03
0.82122 7.764076850986203e-03
0.83544 8.540598435361558e-03
0.84965 9.460079096917344e-03
0.86386 1.047899121022005e-02
0.87808 1.152199484313383e-02
0.89229 1.253685396790058e-02
0.90651 1.352657605906888e-02
0.92072 1.453321177037304e-02
0.93493 1.556949243107598e-02
0.94915 1.655937610283589e-02
0.96336 1.738046247153684e-02
0.97758 1.799036813319419e-02
0.99179 1.848343534598697e-02
1.00601 1.900062398043868e-02
1.02022 1.960877065315743e-02
1.03443 2.028068365914192e-02
1.04865 2.096126879187547e-02
1.06286 2.162762819575012e-02
1.07708 2.229680450140343e-02
1.09129 2.299884715517540e-02
1.10551 2.375072792039247e-02
1.11972 2.454957344001150e-02
1.13393 2.538205821226351e-02
1.14815 2.623802812270690e-02
1.16236 2.713288715380890e-02
1.17658 2.821467541502598e-02
1.19079 2.986341520124497e-02
1.20501 3.255582373219278e-02
1.21922 3.612090702317550e-02
1.23343 3.679588718328550e-02
1.24765 3.616740103077989e-02
1.26186 3.734446110726052e-02
1.27608 3.855151043615080e-02
1.29029 3.917720080961892e-02
1.30450 3.975988750478073e-02
1.31872 4.064439647722570e-02
1.33293 4.173164749700960e-02
1.34715 4.281742263136136e-02
1.36136 4.382325376562893e-02
1.37558 4.478973220046380e-02
1.38979 4.578407826118584e-02
1.40400 4.683073629587579e-02
1.41822 4.789920335428426e-02
1.43243 4.893518494624058e-02
1.44665 4.990006069911124e-02
1.46086 5.079082031297751e-02
1.47508 5.163420176274856e-02
1.48929 5.246606627535650e-02
1.50350 5.331164329583015e-02
1.51772 5.417669896197898e-02
1.53193 5.505080137238069e-02
1.54615 5.591748493232413e-02
1.56036 5.676454735891013e-02
1.57457 5.758988448143831e-02
1.58879 5.840167243523377e-02
1.60300 5.921435158058298e-02
1.61722 6.004301524870705e-02
1.63143 6.089864554933669e-02
1.64565 6.178570036878488e-02
1.65986 6.270238229295340e-02
1.67407 6.364294037099875e-02
1.68829 6.460082694866506e-02
1.70250 6.557150964854362e-02
1.71672 6.655410382038653e-02
1.73093 6.755153462176050e-02
1.74515 6.856945725771960e-02
1.75936 6.961452170208149e-02
1.77357 7.069270679193160e-02
1.78779 7.180837381983347e-02
1.80200 7.296444798442055e-02
1.81622 7.416379527041031e-02
1.83043 7.541149863323790e-02
1.84464 7.671742615275730e-02
1.85886 7.809829796048190e-02
1.87307 7.957847325455410e-02
1.88729 8.118896096294875e-02
1.90150 8.296469366721949e-02
1.91572 8.494063792873650e-02
1.92993 8.714725272787195e-02
1.94414 8.960462593303234e-02
1.95836 9.231305024695986e-02
1.97257 9.523883604400972e-02
1.98679 9.830099057203301e-02
2.00100 1.013734910666428e-01
2.01522 1.043140259468239e-01
2.02943 1.070009922801727e-01
2.04364 1.093327604017242e-01
2.05786 1.111818534459067e-01
2.07207 1.124053468580476e-01
2.08629 1.130383951184952e-01
2.10050 1.135958370939089e-01
2.11471 1.148894337432847e-01
2.12893 1.158688764858502e-01
2.14314 1.141933689501371e-01
2.15736 1.116819471886608e-01
2.17157 1.101750620389787e-01
2.18579 1.092665561891480e-01
2.20000 1.084006042538194e-01
