-12.00000 1.645696505828634e-33
-11.98579 6.840634838760757e-33
-11.97157 2.826341869793586e-32
-11.95736 1.163855512771426e-31
-11.94314 4.792558173207599e-31
-11.92893 1.981266917016304e-30
-11.91471 8.258819291783794e-30
-11.90050 3.486494625966223e-29
-11.88629 1.496264235895257e-28
-11.87207 6.545226759631881e-28
-11.85786 2.921667829372862e-27
-11.84364 1.330629785450748e-26
-11.82943 6.181249160547364e-26
-11.81522 2.935558954370176e-25
-11.80100 1.440233409189696e-24
-11.78679 7.504393214603344e-24
-11.77257 4.370537489892054e-23
-11.75836 3.004044514059586e-22
-11.74414 2.450218988110214e-21
-11.72993 2.238572485100809e-20
-11.71572 2.132196813493915e-19
-11.70150 2.015000338058891e-18
-11.68729 1.839878832179034e-17
-11.67307 1.602015574097944e-16
-11.65886 1.321357546299969e-15
-11.64464 1.028571318876362e-14
-11.63043 7.537882980231557e-14
-11.61622 5.190938578657620e-13
-11.60200 3.353674134225356e-12
-11.58779 2.029832556197719e-11
-11.57357 1.149627163109449e-10
-11.55936 6.087523027964594e-10
-11.54515 3.012231124614790e-09
-11.53093 1.392506803767342e-08
-11.51672 6.013222010368435e-08
-11.50250 2.424830658483630e-07
-11.48829 9.123909623458087e-07
-11.47407 3.198752656479186e-06
-11.45986 1.042740379652941e-05
-11.44565 3.152999247131085e-05
-11.43143 8.827165435689668e-05
-11.41722 2.292039402331037e-04
-11.40300 5.627078495040514e-04
-11.38879 1.416143772912257e-03
-11.37457 4.040320544293066e-03
-11.36036 1.108268633357338e-02
-11.34615 2.252199925938354e-02
-11.33193 3.280090212580287e-02
-11.31772 3.767869861073683e-02
-11.30350 3.867108622012298e-02
-11.28929 4.046043666049338e-02
-11.27508 4.446380168326389e-02
-11.26086 4.907753608869594e-02
-11.24665 5.347947851652229e-02
-11.23243 5.794787935479630e-02
-11.21822 6.279177094340878e-02
-11.20400 6.794879796038693e-02
-11.18979 7.311868562799234e-02
-11.17558 7.800610669061570e-02
-11.16136 8.247422954211402e-02
-11.14715 8.656746836021133e-02
-11.13293 9.043725769249791e-02
-11.11872 9.423657632241420e-02
-11.10450 9.804366465642823e-02
-11.09029 1.018424452114862e-01
-11.07608 1.055514982524537e-01
-11.06186 1.090744418148058e-01
-11.04765 1.123445490434770e-01
-11.03343 1.153473022863738e-01
-11.01922 1.181176532420273e-01
-11.00501 1.207188807265113e-01
-10.99079 1.232150291689074e-01
-10.97658 1.256487364146722e-01
-10.96236 1.280319507356469e-01
-10.94815 1.303507958047281e-01
-10.93393 1.325802217624616e-01
-10.91972 1.347010360935423e-01
-10.90551 1.367121475683220e-01
-10.89129 1.386337672758171e-01
-10.87708 1.405013917334345e-01
-10.86286 1.423539399147088e-01
-10.84865 1.442211814341286e-01
-10.83443 1.461151895448605e-01
-10.82022 1.480284718682526e-01
-10.80601 1.499387149419594e-01
-10.79179 1.518178187439989e-01
-10.77758 1.536418109337405e-01
-10.76336 1.553984660046636e-01
-10.74915 1.570906651258285e-01
-10.73493 1.587351201748027e-01
-10.72072 1.603574732293702e-01
-10.70651 1.619856019253233e-01
-10.69229 1.636431108997510e-01
-10.67808 1.653445894368158e-01
-10.66386 1.670935031389798e-01
-10.64965 1.688828160695338e-01
-10.63544 1.706978064271829e-01
-10.62122 1.725201535324622e-01
-10.60701 1.743322619281075e-01
-10.59279 1.761209110396305e-01
-10.57858 1.778796006661141e-01
-10.56436 1.796093162052483e-01
-10.55015 1.813177824259292e-01
-10.53594 1.830175490546855e-01
-10.52172 1.847234183862880e-01
-10.50751 1.864497730593265e-01
-10.49329 1.882083020545190e-01
-10.47908 1.900064825474221e-01
-10.46486 1.918469914129867e-01
-10.45065 1.937280314636087e-01
-10.43644 1.956443973108934e-01
-10.42222 1.975889975576732e-01
-10.40801 1.995545050285572e-01
-10.39379 2.015348238573695e-01
-10.37958 2.035261302107592e-01
-10.36537 2.055273442088674e-01
-10.35115 2.075400033557745e-01
-10.33694 2.095676126089074e-01
-10.32272 2.116146271529811e-01
-10.30851 2.136852709430071e-01
-10.29429 2.157824036969819e-01
-10.28008 2.179066240279655e-01
-10.26587 2.200557445330816e-01
-10.25165 2.222247067519057e-01
-10.23744 2.244059319096743e-01
-10.22322 2.265900384012915e-01
-10.20901 2.287668078491920e-01
-10.19479 2.309262537796595e-01
-10.18058 2.330596423409578e-01
-10.16637 2.351603314029335e-01
-10.15215 2.372243283955591e-01
-10.13794 2.392505120699064e-01
-10.12372 2.412405119190298e-01
-10.10951 2.431982844416657e-01
-10.09530 2.451294620405483e-01
-10.08108 2.470405741133355e-01
-10.06687 2.489382488554919e-01
-10.05265 2.508284985640405e-01
-10.03844 2.527161727708726e-01
-10.02422 2.546046357295080e-01
-10.01001 2.564956918849736e-01
-9.99580 2.583897494956228e-01
-9.98158 2.602861827622892e-01
-9.96737 2.621838300743593e-01
-9.95315 2.640815525850951e-01
-9.93894 2.659787742440458e-01
-9.92472 2.678759312862788e-01
-9.91051 2.697747744831708e-01
-9.89630 2.716784887861733e-01
-9.88208 2.735916194012409e-01
-9.86787 2.755198177317887e-01
-9.85365 2.774694421606270e-01
-9.83944 2.794470649769130e-01
-9.82523 2.814589463151438e-01
-9.81101 2.835105380499076e-01
-9.79680 2.856060753523513e-01
-9.78258 2.877483020288750e-01
-9.76837 2.899383594356985e-01
-9.75415 2.921758497315927e-01
-9.73994 2.944590647271577e-01
-9.72573 2.967853537986394e-01
-9.71151 2.991515901688093e-01
-9.69730 3.015546857513375e-01
-9.68308 3.039921015047855e-01
-9.66887 3.064623029077256e-01
-9.65465 3.089651180658436e-01
-9.64044 3.115019677973500e-01
-9.62623 3.140759511792304e-01
-9.61201 3.166917849081960e-01
-9.59780 3.193556093610109e-01
-9.58358 3.220746880535956e-01
-9.56937 3.248570403415309e-01
-9.55516 3.277110592015313e-01
-9.54094 3.306451744101216e-01
-9.52673 3.336676211918205e-01
-9.51251 3.367863585428811e-01
-9.49830 3.400091462120040e-01
-9.48408 3.433437429372669e-01
-9.46987 3.467981598728049e-01
-9.45566 3.503809401738380e-01
-9.44144 3.541015787088034e-01
-9.42723 3.579714165932791e-01
-9.41301 3.620054730786105e-01
-9.39880 3.662253880410669e-01
-9.38458 3.706626437897507e-01
-9.37037 3.753597400991583e-01
-9.35616 3.803665895738006e-01
-9.34194 3.857337089565152e-01
-9.32773 3.915165810086321e-01
-9.31351 3.978202256010318e-01
-9.29930 4.048944759025100e-01
-9.28509 4.131929290422922e-01
-9.27087 4.231944569801694e-01
-9.25666 4.349135004897430e-01
-9.24244 4.474995499440516e-01
-9.22823 4.595322658308073e-01
-9.21401 4.698451404281231e-01
-9.19980 4.778363314511727e-01
-9.18559 4.829535150573379e-01
-9.17137 4.845110115459698e-01
-9.15716 4.825081652739887e-01
-9.14294 4.782522181630223e-01
-9.12873 4.736513008504794e-01
-9.11451 4.699526502152286e-01
-9.10030 4.672971450148705e-01
-9.08609 4.652037075721953e-01
-9.07187 4.631849605051653e-01
-9.05766 4.609994757698049e-01
-9.04344 4.586090303737666e-01
-9.02923 4.560582120691899e-01
-9.01502 4.533887886979522e-01
-9.00080 4.506084243989284e-01
-8.98659 4.477004446272383e-01
-8.97237 4.446524028287061e-01
-8.95816 4.414806781755691e-01
-8.94394 4.382363104364923e-01
-8.92973 4.349905203862567e-01
-8.91552 4.318096131901776e-01
-8.90130 4.287328640898724e-01
-8.88709 4.257632094266023e-01
-8.87287 4.228728391075697e-01
-8.85866 4.200188461199348e-01
-8.84444 4.171609530594391e-01
-8.83023 4.142743315620159e-01
-8.81602 4.113540310323771e-01
-8.80180 4.084113927814551e-01
-8.78759 4.054654977729068e-01
-8.77337 4.025336180695553e-01
-8.75916 3.996240470354915e-01
-8.74494 3.967331998979843e-01
-8.73073 3.938471824867040e-01
-8.71652 3.909466491486624e-01
-8.70230 3.880130105891161e-01
-8.68809 3.850339788595498e-01
-8.67387 3.820069316062280e-01
-8.65966 3.789394020136981e-01
-8.64545 3.758468762912589e-01
-8.63123 3.727487669402210e-01
-8.61702 3.696637808165334e-01
-8.60280 3.666058841979628e-01
-8.58859 3.635817517019584e-01
-8.57437 3.605901038859371e-01
-8.56016 3.576228376539409e-01
-8.54595 3.546674575606255e-01
-8.53173 3.517100985360948e-01
-8.51752 3.487384088881655e-01
-8.50330 3.457437060955101e-01
-8.48909 3.427220656743078e-01
-8.47487 3.396742833868834e-01
-8.46066 3.366048981480380e-01
-8.44645 3.335206308614715e-01
-8.43223 3.304286611999790e-01
-8.41802 3.273351323131992e-01
-8.40380 3.242441643199190e-01
-8.38959 3.211575049222234e-01
-8.37538 3.180747869227613e-01
-8.36116 3.149942311931483e-01
-8.34695 3.119135533249779e-01
-8.33273 3.088308134462693e-01
-8.31852 3.057449888081878e-01
-8.30430 3.026561337569149e-01
-8.29009 2.995651001872504e-01
-8.27588 2.964728994243336e-01
-8.26166 2.933798716168433e-01
-8.24745 2.902848749610223e-01
-8.23323 2.871847065856648e-01
-8.21902 2.840739210692094e-01
-8.20480 2.809451310693639e-01
-8.19059 2.777897734241767e-01
-8.17638 2.745992226067275e-01
-8.16216 2.713660508030367e-01
-8.14795 2.680851861390071e-01
-8.13373 2.647547179467682e-01
-8.11952 2.613761432836072e-01
-8.10531 2.579539371317083e-01
-8.09109 2.544944474233532e-01
-8.07688 2.510042471148536e-01
-8.06266 2.474881973886515e-01
-8.04845 2.439475663707322e-01
-8.03423 2.403785862581792e-01
-8.02002 2.367718030808270e-01
-8.00581 2.331124698426907e-01
-7.99159 2.293820588000157e-01
-7.97738 2.255607398231815e-01
-7.96316 2.216304242253599e-01
-7.94895 2.175777601095807e-01
-7.93473 2.133963523099252e-01
-7.92052 2.090875339865611e-01
-7.90631 2.046592843967041e-01
-7.89209 2.001233702531964e-01
-7.87788 1.954914223993379e-01
-7.86366 1.907713028674269e-01
-7.84945 1.859655467569981e-01
-7.83524 1.810735869114188e-01
-7.82102 1.760985782840135e-01
-7.80681 1.710577602051432e-01
-7.79259 1.659926903791464e-01
-7.77838 1.609733894341147e-01
-7.76416 1.560902666444849e-01
-7.74995 1.514314881488310e-01
-7.73574 1.470515422517211e-01
-7.72152 1.429466738698159e-01
-7.70731 1.390591012652380e-01
-7.69309 1.353265481398398e-01
-7.67888 1.317676906028191e-01
-7.66466 1.285462265839769e-01
-7.65045 1.259151721011896e-01
-7.63624 1.239833671175422e-01
-7.62202 1.224509534327445e-01
-7.60781 1.208024462626330e-01
-7.59359 1.192720886984796e-01
-7.57938 1.186637068410534e-01
-7.56517 1.166725568587169e-01
-7.55095 1.080523800813460e-01
-7.53674 9.371328284891192e-02
-7.52252 8.135574439161027e-02
-7.50831 7.526095694111536e-02
-7.49409 7.411066313803093e-02
-7.47988 7.534311123974612e-02
-7.46567 7.709797788295612e-02
-7.45145 7.837412616030547e-02
-7.43724 7.907192340537762e-02
-7.42302 7.970084772242060e-02
-7.40881 8.077373361623411e-02
-7.39459 8.240965476385580e-02
-7.38038 8.440053813031781e-02
-7.36617 8.650617609189402e-02
-7.35195 8.864787259263168e-02
-7.33774 9.090319943140693e-02
-7.32352 9.339786521091396e-02
-7.30931 9.621069167336999e-02
-7.29510 9.934120919023860e-02
-7.28088 1.027309356670476e-01
-7.26667 1.063062283584404e-01
-7.25245 1.100138596094700e-01
-7.23824 1.138353635221886e-01
-7.22402 1.177810987273044e-01
-7.20981 1.218734726306078e-01
-7.19560 1.261299001597380e-01
-7.18138 1.305524262156700e-01
-7.16717 1.351259773653396e-01
-7.15295 1.398233568642924e-01
-7.13874 1.446132898278779e-01
-7.12452 1.494678843399676e-01
-7.11031 1.543671010959675e-01
-7.09610 1.592994442774193e-01
-7.08188 1.642594942164455e-01
-7.06767 1.692437569733792e-01
-7.05345 1.742465261736270e-01
-7.03924 1.792571504795624e-01
-7.02503 1.842594881290039e-01
-7.01081 1.892336339940561e-01
-6.99660 1.941594057670885e-01
-6.98238 1.990206848862586e-01
-6.96817 2.038095651455672e-01
-6.95395 2.085293525477414e-01
-6.93974 2.131957326684626e-01
-6.92553 2.178358071486157e-01
-6.91131 2.224851247880532e-01
-6.89710 2.271832252829562e-01
-6.88288 2.319685150076677e-01
-6.86867 2.368734583291312e-01
-6.85445 2.419210667672488e-01
-6.84024 2.471234969482220e-01
-6.82603 2.524832489812413e-01
-6.81181 2.579970383809378e-01
-6.79760 2.636619626015467e-01
-6.78338 2.694831610108932e-01
-6.76917 2.754818149214561e-01
-6.75495 2.817020642615677e-01
-6.74074 2.882152468904612e-01
-6.72653 2.951199040460392e-01
-6.71231 3.025365786061910e-01
-6.69810 3.105982888127051e-01
-6.68388 3.194418515501566e-01
-6.66967 3.292129736440072e-01
-6.65546 3.401077829390533e-01
-6.64124 3.524767680625465e-01
-6.62703 3.669958966383219e-01
-6.61281 3.848478398251147e-01
-6.59860 4.077777258340078e-01
-6.58438 4.379603383101761e-01
-6.57017 4.784579021088172e-01
-6.55596 5.387733687320263e-01
-6.54174 6.275246934677539e-01
-6.52753 6.907694983697029e-01
-6.51331 7.393335120722951e-01
-6.49910 8.259258728461492e-01
-6.48488 9.006850453581843e-01
-6.47067 1.008765452767238e+00
-6.45646 9.433093434698364e-01
-6.44224 7.788878752128138e-01
-6.42803 7.288384383368197e-01
-6.41381 6.823871607280229e-01
-6.39960 6.402538140438175e-01
-6.38539 6.058824262092608e-01
-6.37117 5.790384708489851e-01
-6.35696 5.576713389313666e-01
-6.34274 5.396639613500956e-01
-6.32853 5.236222335762306e-01
-6.31431 5.088875049359416e-01
-6.30010 4.952437953776154e-01
-6.28589 4.826415690680483e-01
-6.27167 4.710426327176055e-01
-6.25746 4.603695620933284e-01
-6.24324 4.505115198393279e-01
-6.22903 4.413478051956247e-01
-6.21481 4.327684375462716e-01
-6.20060 4.246849047593237e-01
-6.18639 4.170317702639699e-01
-6.17217 4.097626270309840e-01
-6.15796 4.028439554293031e-01
-6.14374 3.962493660596157e-01
-6.12953 3.899554506549539e-01
-6.11532 3.839394850081575e-01
-6.10110 3.781786564943894e-01
-6.08689 3.726502733439671e-01
-6.07267 3.673324329385451e-01
-6.05846 3.622047614379273e-01
-6.04424 3.572489979243954e-01
-6.03003 3.524493320653974e-01
-6.01582 3.477924956095038e-01
-6.00160 3.432676557370920e-01
-5.98739 3.388661731644165e-01
-5.97317 3.345812830807063e-01
-5.95896 3.304077436658379e-01
-5.94474 3.263414826256463e-01
-5.93053 3.223792607797856e-01
-5.91632 3.185183643425676e-01
-5.90210 3.147563335666242e-01
-5.88789 3.110907335832371e-01
-5.87367 3.075189722638019e-01
-5.85946 3.040381687915344e-01
-5.84525 3.006450748926965e-01
-5.83103 2.973360482783143e-01
-5.81682 2.941070750282301e-01
-5.80260 2.909538347875090e-01
-5.78839 2.878718001309187e-01
-5.77417 2.848563595991771e-01
-5.75996 2.819029529158108e-01
-5.74575 2.790072068220209e-01
-5.73153 2.761650607715803e-01
-5.71732 2.733728732755575e-01
-5.70310 2.706275017905108e-01
-5.68889 2.679263514917564e-01
-5.67467 2.652673908523473e-01
-5.66046 2.626491344619344e-01
-5.64625 2.600705957993417e-01
-5.63203 2.575312145851705e-01
-5.61782 2.550307647912473e-01
-5.60360 2.525692503164375e-01
-5.58939 2.501467957353421e-01
-5.57518 2.477635394045828e-01
-5.56096 2.454195356184531e-01
-5.54675 2.431146715147836e-01
-5.53253 2.408486031352186e-01
-5.51832 2.386207135463159e-01
-5.50410 2.364300943386503e-01
-5.48989 2.342755502480821e-01
-5.47568 2.321556251856559e-01
-5.46146 2.300686467051235e-01
-5.44725 2.280127849461542e-01
-5.43303 2.259861214117685e-01
-5.41882 2.239867225924922e-01
-5.40460 2.220127134367450e-01
-5.39039 2.200623459658199e-01
-5.37618 2.181340589032929e-01
-5.36196 2.162265249795694e-01
-5.34775 2.143386835194881e-01
-5.33353 2.124697569564084e-01
-5.31932 2.106192509713693e-01
-5.30511 2.087869389658361e-01
-5.29089 2.069728324836615e-01
-5.27668 2.051771399548250e-01
-5.26246 2.034002167051584e-01
-5.24825 2.016425095408691e-01
-5.23403 1.999044993661269e-01
-5.21982 1.981866452312138e-01
-5.20561 1.964893329544951e-01
-5.19139 1.948128310404343e-01
-5.17718 1.931572560624179e-01
-5.16296 1.915225490328598e-01
-5.14875 1.899084635860618e-01
-5.13453 1.883145660938209e-01
-5.12032 1.867402471597175e-01
-5.10611 1.851847433309414e-01
-5.09189 1.836471673560438e-01
-5.07768 1.821265449255145e-01
-5.06346 1.806218555741246e-01
-5.04925 1.791320753058755e-01
-5.03504 1.776562185225844e-01
-5.02082 1.761933769867150e-01
-5.00661 1.747427538127308e-01
-4.99239 1.733036908386282e-01
-4.97818 1.718756881562234e-01
-4.96396 1.704584150489019e-01
-4.94975 1.690517120718117e-01
-4.93554 1.676555844856358e-01
-4.92132 1.662701876968623e-01
-4.90711 1.648958057438985e-01
-4.89289 1.635328241824733e-01
-4.87868 1.621816989532886e-01
-4.86446 1.608429229525800e-01
-4.85025 1.595169920699517e-01
-4.83604 1.582043724102882e-01
-4.82182 1.569054702848398e-01
-4.80761 1.556206063517061e-01
-4.79339 1.543499950218714e-01
-4.77918 1.530937299398221e-01
-4.76496 1.518517760149614e-01
-4.75075 1.506239681391874e-01
-4.73654 1.494100163941962e-01
-4.72232 1.482095172450101e-01
-4.70811 1.470219699475401e-01
-4.69389 1.458467971787234e-01
-4.67968 1.446833687359883e-01
-4.66547 1.435310270533915e-01
-4.65125 1.423891132463832e-01
-4.63704 1.412569924243504e-01
-4.62282 1.401340770955138e-01
-4.60861 1.390198476255943e-01
-4.59439 1.379138688910653e-01
-4.58018 1.368158024793740e-01
-4.56597 1.357254140209750e-01
-4.55175 1.346425754796771e-01
-4.53754 1.335672624672184e-01
-4.52332 1.324995468744082e-01
-4.50911 1.314395853150677e-01
-4.49489 1.303876040524233e-01
-4.48068 1.293438812145152e-01
-4.46647 1.283087272017436e-01
-4.45225 1.272824642443861e-01
-4.43804 1.262654060818507e-01
-4.42382 1.252578387123613e-01
-4.40961 1.242600031084732e-01
-4.39540 1.232720807205030e-01
-4.38118 1.222941825111198e-01
-4.36697 1.213263422001175e-01
-4.35275 1.203685143771029e-01
-4.33854 1.194205782020737e-01
-4.32432 1.184823476197068e-01
-4.31011 1.175535894542042e-01
-4.29590 1.166340515715223e-01
-4.28168 1.157235047253022e-01
-4.26747 1.148218041161048e-01
-4.25325 1.139289806980843e-01
-4.23904 1.130453788389937e-01
-4.22482 1.121718676316706e-01
-4.21061 1.113101704877573e-01
-4.19640 1.104633860994229e-01
-4.18218 1.096368228438151e-01
-4.16797 1.088393608104126e-01
-4.15375 1.080857452002568e-01
-4.13954 1.074006167615512e-01
-4.12533 1.068258847942640e-01
-4.11111 1.064344047814442e-01
-4.09690 1.063546608403767e-01
-4.08268 1.068124487449972e-01
-4.06847 1.081954451253913e-01
-4.05425 1.111449966360255e-01
-4.04004 1.166723851943743e-01
-4.02583 1.262699025671669e-01
-4.01161 1.425158972264798e-01
-3.99740 1.750283943156208e-01
-3.98318 2.258471099379906e-01
-3.96897 2.521612034995788e-01
-3.95475 2.750706405163789e-01
-3.94054 3.071214991496071e-01
-3.92633 3.338242374636489e-01
-3.91211 3.541428578975716e-01
-3.89790 3.721506342818883e-01
-3.88368 3.914960448633972e-01
-3.86947 4.132953275601319e-01
-3.85526 4.367690558876163e-01
-3.84104 4.608969176390472e-01
-3.82683 4.853374654875358e-01
-3.81261 5.104415442526670e-01
-3.79840 5.370347108649770e-01
-3.78418 5.662615242252840e-01
-3.76997 5.989076557567912e-01
-3.75576 6.335584129703342e-01
-3.74154 6.648819185764403e-01
-3.72733 6.852667873100110e-01
-3.71311 6.903123245648566e-01
-3.69890 6.828260169720776e-01
-3.68468 6.704175117848263e-01
-3.67047 6.594919997104941e-01
-3.65626 6.520178528501112e-01
-3.64204 6.467248390396964e-01
-3.62783 6.417217764511385e-01
-3.61361 6.359519423779263e-01
-3.59940 6.292832695668544e-01
-3.58519 6.220674745161877e-01
-3.57097 6.147535722654214e-01
-3.55676 6.076975452369751e-01
-3.54254 6.011138874397545e-01
-3.52833 5.950955964290643e-01
-3.51411 5.896561093878863e-01
-3.49990 5.847690482945894e-01
-3.48569 5.803953773628288e-01
-3.47147 5.764964653097377e-01
-3.45726 5.730368042988091e-01
-3.44304 5.699818889931928e-01
-3.42883 5.672958151240206e-01
-3.41461 5.649409870609781e-01
-3.40040 5.628802698587292e-01
-3.38619 5.610806739020071e-01
-3.37197 5.595172656548320e-01
-3.35776 5.581761651238298e-01
-3.34354 5.570558946813676e-01
-3.32933 5.561667751640533e-01
-3.31512 5.555284363319842e-01
-3.30090 5.551658006807972e-01
-3.28669 5.551041112922225e-01
-3.27247 5.553637014827640e-01
-3.25826 5.559552391430339e-01
-3.24404 5.568761194418483e-01
-3.22983 5.581085335037497e-01
-3.21562 5.596195251321080e-01
-3.20140 5.613630872584544e-01
-3.18719 5.632840740539322e-01
-3.17297 5.653234467069815e-01
-3.15876 5.674241662930064e-01
-3.14454 5.695369306305328e-01
-3.13033 5.716249513095542e-01
-3.11612 5.736670950362931e-01
-3.10190 5.756589606167440e-01
-3.08769 5.776117941109132e-01
-3.07347 5.795495020364563e-01
-3.05926 5.815043356045893e-01
-3.04505 5.835120206865401e-01
-3.03083 5.856071520657952e-01
-3.01662 5.878195450574499e-01
-3.00240 5.901719729585481e-01
-2.98819 5.926793829777223e-01
-2.97397 5.953493671216092e-01
-2.95976 5.981834583496574e-01
-2.94555 6.011787891469936e-01
-2.93133 6.043298016715430e-01
-2.91712 6.076299847024442e-01
-2.90290 6.110739236861471e-01
-2.88869 6.146601457537524e-01
-2.87447 6.183951949133184e-01
-2.86026 6.222990227864021e-01
-2.84605 6.264111693536550e-01
-2.83183 6.307964769965811e-01
-2.81762 6.355484102843083e-01
-2.80340 6.407875798796742e-01
-2.78919 6.466528613113292e-01
-2.77497 6.532826937145184e-01
-2.76076 6.607851908694241e-01
-2.74655 6.691984281452794e-01
-2.73233 6.784473283312062e-01
-2.71812 6.883101460809939e-01
-2.70390 6.984123572048307e-01
-2.68969 7.082642961285051e-01
-2.67548 7.173532549575178e-01
-2.66126 7.253455822888818e-01
-2.64705 7.329281293276244e-01
-2.63283 7.450894105493342e-01
-2.61862 7.724051660786587e-01
-2.60440 8.098213214824672e-01
-2.59019 8.277343393094931e-01
-2.57598 8.246250217469485e-01
-2.56176 8.232350721086954e-01
-2.54755 8.258450900764793e-01
-2.53333 8.258791174269119e-01
-2.51912 8.226199868719594e-01
-2.50490 8.186178113653662e-01
-2.49069 8.157788275365302e-01
-2.47648 8.143441954701184e-01
-2.46226 8.135999361903521e-01
-2.44805 8.127559854418592e-01
-2.43383 8.113437654896344e-01
-2.41962 8.092803750708734e-01
-2.40541 8.067922346731045e-01
-2.39119 8.042306151020312e-01
-2.37698 8.018479674986748e-01
-2.36276 7.996675294780737e-01
-2.34855 7.975138801329961e-01
-2.33433 7.951557946311381e-01
-2.32012 7.924563962709318e-01
-2.30591 7.894484314489738e-01
-2.29169 7.863121537659717e-01
-2.27748 7.832856072839007e-01
-2.26326 7.805604478050150e-01
-2.24905 7.782103061849889e-01
-2.23483 7.761747400925434e-01
-2.22062 7.742949532016626e-01
-2.20641 7.723790023184763e-01
-2.19219 7.702686342470312e-01
-2.17798 7.678854137051395e-01
-2.16376 7.652452935150866e-01
-2.14955 7.624428278172307e-01
-2.13534 7.596150223920113e-01
-2.12112 7.568986728882811e-01
-2.10691 7.543941223559718e-01
-2.09269 7.521440604294974e-01
-2.07848 7.501302328716850e-01
-2.06426 7.482856197800989e-01
-2.05005 7.465161217967415e-01
-2.03584 7.447246192275154e-01
-2.02162 7.428312153100893e-01
-2.00741 7.407857860512861e-01
-1.99319 7.385716938977153e-01
-1.97898 7.362018674478272e-01
-1.96476 7.337099086085015e-01
-1.95055 7.311393301737875e-01
-1.93634 7.285336163841132e-01
-1.92212 7.259288736402389e-01
-1.90791 7.233497718531215e-01
-1.89369 7.208085723463357e-01
-1.87948 7.183064693766334e-01
-1.86527 7.158362735698343e-01
-1.85105 7.133855627953860e-01
-1.83684 7.109396890389765e-01
-1.82262 7.084843259370774e-01
-1.80841 7.060074742990394e-01
-1.79419 7.035009685086652e-01
-1.77998 7.009615503043011e-01
-1.76577 6.983915347123243e-01
-1.75155 6.957990327288583e-01
-1.73734 6.931976561706892e-01
-1.72312 6.906056339253138e-01
-1.70891 6.880443181123356e-01
-1.69469 6.855361405608223e-01
-1.68048 6.831021735713660e-01
-1.66627 6.807595326641610e-01
-1.65205 6.785189164294846e-01
-1.63784 6.763826007614262e-01
-1.62362 6.743431897237757e-01
-1.60941 6.723833753122124e-01
-1.59520 6.704768763955249e-01
-1.58098 6.685906145110310e-01
-1.56677 6.666880412047052e-01
-1.55255 6.647333611582412e-01
-1.53834 6.626962089796926e-01
-1.52412 6.605561606653643e-01
-1.50991 6.583063334391771e-01
-1.49570 6.559552985371023e-01
-1.48148 6.535266454552273e-01
-1.46727 6.510558208485221e-01
-1.45305 6.485843215590097e-01
-1.43884 6.461519195550082e-01
-1.42462 6.437882722116129e-01
-1.41041 6.415059093129000e-01
-1.39620 6.392969963382995e-01
-1.38198 6.371361655997492e-01
-1.36777 6.349907297759873e-01
-1.35355 6.328374351397137e-01
-1.33934 6.306815458420832e-01
-1.32513 6.285702157780126e-01
-1.31091 6.265900216633762e-01
-1.29670 6.248419819540548e-01
-1.28248 6.233989665779340e-01
-1.26827 6.222649431323402e-01
-1.25405 6.213567423035160e-01
-1.23984 6.205053557183672e-01
-1.22563 6.194502588938532e-01
-1.21141 6.178297623817711e-01
-1.19720 6.152565754037733e-01
-1.18298 6.116314186994606e-01
-1.16877 6.073650903553774e-01
-1.15455 6.020141554629146e-01
-1.14034 5.935321068698213e-01
-1.12613 5.831610480346631e-01
-1.11191 5.696551666428867e-01
-1.09770 5.458380861492724e-01
-1.08348 5.230893148907360e-01
-1.06927 5.054218333622051e-01
-1.05506 4.887376380583585e-01
-1.04084 4.729384692183492e-01
-1.02663 4.588458088003196e-01
-1.01241 4.462850550650536e-01
-0.99820 4.345495372988019e-01
-0.98398 4.230710988701672e-01
-0.96977 4.117617046392725e-01
-0.95556 4.009200859860950e-01
-0.94134 3.908620528133736e-01
-0.92713 3.816452250653469e-01
-0.91291 3.730671882532607e-01
-0.89870 3.648356796360778e-01
-0.88448 3.567307881170326e-01
-0.87027 3.486718373224223e-01
-0.85606 3.406998565825435e-01
-0.84184 3.329156920742037e-01
-0.82763 3.254084710145890e-01
-0.81341 3.182047888560479e-01
-0.79920 3.112597786148839e-01
-0.78498 3.044886876070509e-01
-0.77077 2.978146887717598e-01
-0.75656 2.912029406578125e-01
-0.74234 2.846651783065549e-01
-0.72813 2.782407934760602e-01
-0.71391 2.719729334523937e-01
-0.69970 2.658940554610515e-01
-0.68549 2.600217606956846e-01
-0.67127 2.543571551870621e-01
-0.65706 2.488815276729819e-01
-0.64284 2.435557407955666e-01
-0.62863 2.383286665179644e-01
-0.61441 2.331537298352213e-01
-0.60020 2.280045015573731e-01
-0.58599 2.228798344124688e-01
-0.57177 2.177962185553720e-01
-0.55756 2.127731660702307e-01
-0.54334 2.078206974255263e-01
-0.52913 2.029354938255072e-01
-0.51491 1.981066519952283e-01
-0.50070 1.933265004050346e-01
-0.48649 1.885990966612646e-01
-0.47227 1.839403552171663e-01
-0.45806 1.793691643822390e-01
-0.44384 1.748954632718196e-01
-0.42963 1.705139897967827e-01
-0.41542 1.662079773362387e-01
-0.40120 1.619583839921623e-01
-0.38699 1.577493987649230e-01
-0.37277 1.535655385240372e-01
-0.35856 1.493857877031789e-01
-0.34434 1.451855287075192e-01
-0.33013 1.409510157835714e-01
-0.31592 1.366981631209089e-01
-0.30170 1.324785148766685e-01
-0.28749 1.283586100352429e-01
-0.27327 1.243740276136554e-01
-0.25906 1.204783017903019e-01
-0.24484 1.165194937786621e-01
-0.23063 1.122760380056617e-01
-0.21642 1.075651345876608e-01
-0.20220 1.023980163378597e-01
-0.18799 9.709503246147105e-02
-0.17377 9.222114683458921e-02
-0.15956 8.825826171213043e-02
-0.14535 8.516858486151997e-02
-0.13113 8.224836806563697e-02
-0.11692 7.854405151704649e-02
-0.10270 7.355906735686379e-02
-0.08849 6.760060478055679e-02
-0.07427 6.150164066848939e-02
-0.06006 5.660978212182561e-02
-0.04585 5.527462567474647e-02
-0.03163 5.636098172159748e-02
-0.01742 5.225110406244018e-02
-0.00320 4.033516309401383e-02
0.01101 2.604093358172302e-02
0.02523 1.573298758270778e-02
0.03944 1.022838371247188e-02
0.05365 7.181465994707109e-03
0.06787 5.228732408472912e-03
0.08208 3.887387222932054e-03
0.09630 2.932904488466675e-03
0.11051 2.234033116645538e-03
0.12472 1.710909320276979e-03
0.13894 1.313787443027590e-03
0.15315 1.010182020369391e-03
0.16737 7.775093495537124e-04
0.18158 5.991730499590226e-04
0.19580 4.625548981965116e-04
0.21001 3.579280764275465e-04
0.22422 2.777803009824759e-04
0.23844 2.163269912009791e-04
0.25265 1.691328906037295e-04
0.26687 1.328115999717008e-04
0.28108 1.047876026771731e-04
0.29530 8.310944678412317e-05
0.30951 6.630448942513544e-05
0.32372 5.326712037379841e-05
0.33794 4.317388703077879e-05
0.35215 3.542035293967888e-05
0.36637 2.957579035326817e-05
0.38058 2.535295151485165e-05
0.39479 2.259123319573623e-05
0.40901 2.125260951052505e-05
0.42322 2.143083790202395e-05
0.43744 2.337574545209730e-05
0.45165 2.753602108838642e-05
0.46587 3.462607629453893e-05
0.48008 4.572546598500113e-05
0.49429 6.242342059131451e-05
0.50851 8.702658932964050e-05
0.52272 1.228554011954165e-04
0.53694 1.746634665759608e-04
0.55115 2.492243984986997e-04
0.56537 3.561391566340519e-04
0.57958 5.089199079079769e-04
0.59379 7.263951451800699e-04
0.60801 1.034442459508147e-03
0.62222 1.467973335700482e-03
0.63644 2.072954914232676e-03
0.65065 2.908072613979078e-03
0.66486 4.045613463506298e-03
0.67908 5.572502509119709e-03
0.69329 7.599812336975734e-03
0.70751 1.030794905113456e-02
0.72172 1.405326023806668e-02
0.73594 1.960849486195844e-02
0.75015 4.620651899077371e-02
0.76436 4.563054788016813e-02
0.77858 4.527668865070349e-02
0.79279 5.304500680775317e-02
0.80701 5.936450983738629e-02
0.82122 6.538439937175050e-02
0.83544 7.225407625053727e-02
0.84965 8.034613979053078e-02
0.86386 8.932622096429099e-02
0.87808 9.857732128090958e-02
0.89229 1.076640196168004e-01
0.90651 1.166146745667119e-01
0.92072 1.257845158793920e-01
0.93493 1.352596790868673e-01
0.94915 1.443391983784329e-01
0.96336 1.519168679042431e-01
0.97758 1.576029994697409e-01
0.99179 1.622243002141211e-01
1.00601 1.670208543251100e-01
1.02022 1.725736431829476e-01
1.03443 1.786283040091640e-01
1.04865 1.846817630514619e-01
1.06286 1.905146835944014e-01
1.07708 1.962597664114543e-01
1.09129 2.021633252330492e-01
1.10551 2.083550238948007e-01
1.11972 2.147890861725153e-01
1.13393 2.213285894778919e-01
1.14815 2.278629023875232e-01
1.16236 2.344180064899000e-01
1.17658 2.414903324864290e-01
1.19079 2.503313804582583e-01
1.20501 2.624895146456916e-01
1.21922 2.774340629673538e-01
1.23343 2.832058306720088e-01
1.24765 2.848147315055732e-01
1.26186 2.920837623957598e-01
1.27608 2.993340178949653e-01
1.29029 3.046459901953037e-01
1.30450 3.097960837397792e-01
1.31872 3.159277180350131e-01
1.33293 3.227380325609290e-01
1.34715 3.295780201672311e-01
1.36136 3.362036772458900e-01
1.37558 3.427534387882523e-01
1.38979 3.494451688935196e-01
1.40400 3.563497767243382e-01
1.41822 3.633553518749793e-01
1.43243 3.702751635625603e-01
1.44665 3.769814130694880e-01
1.46086 3.834708385270308e-01
1.47508 3.898416665333735e-01
1.48929 3.962205529071111e-01
1.50350 4.026938492679092e-01
1.51772 4.092779843054004e-01
1.53193 4.159325963579669e-01
1.54615 4.225976597564887e-01
1.56036 4.292304075218939e-01
1.57457 4.358257031099915e-01
1.58879 4.424157873502448e-01
1.60300 4.490548983729482e-01
1.61722 4.557984283727444e-01
1.63143 4.626856426255238e-01
1.64565 4.697314468232131e-01
1.65986 4.769282545528921e-01
1.67407 4.842553076393779e-01
1.68829 4.916908356206316e-01
1.70250 4.992224320544186e-01
1.71672 5.068525231445273e-01
1.73093 5.145979995309107e-01
1.74515 5.224851732770452e-01
1.75936 5.305426508614267e-01
1.77357 5.387952277954845e-01
1.78779 5.472615174477791e-01
1.80200 5.559569076096819e-01
1.81622 5.649018774263712e-01
1.83043 5.741340328549914e-01
1.84464 5.837207670502753e-01
1.85886 5.937685742846170e-01
1.87307 6.044251537504824e-01
1.88729 6.158719554952394e-01
1.90150 6.283077311350369e-01
1.91572 6.419265194313128e-01
1.92993 6.568928740563926e-01
1.94414 6.733099716828437e-01
1.95836 6.911669554388569e-01
1.97257 7.102582283577800e-01
1.98679 7.301080734555124e-01
2.00100 7.499875504922471e-01
2.01522 7.690870649939487e-01
2.02943 7.867357333622063e-01
2.04364 8.023954230236496e-01
2.05786 8.153879487014432e-01
2.07207 8.249620937418287e-01
2.08629 8.314657461203196e-01
2.10050 8.381811057862527e-01
2.11471 8.501244777185561e-01
2.12893 8.602177005415764e-01
2.14314 8.530846239756226e-01
2.15736 8.402563670280793e-01
2.17157 8.334820331760768e-01
2.18579 8.301232235184616e-01
2.20000 8.266832686665124e-01
