  300.00 -12.00000  4.34419e+07  5.01574e+07  5.01566e+07 -3.78297e+06 -3.78259e+06  1.00506e+07
  300.00 -11.97154  1.30606e+08  1.50796e+08  1.50794e+08 -1.13734e+07 -1.13722e+07  3.02166e+07
  300.00 -11.94309  3.92663e+08  4.53363e+08  4.53356e+08 -3.41935e+07 -3.41901e+07  9.08450e+07
  300.00 -11.91463  1.18053e+09  1.36302e+09  1.36300e+09 -1.02801e+08 -1.02791e+08  2.73122e+08
  300.00 -11.88617  3.54920e+09  4.09786e+09  4.09779e+09 -3.09069e+08 -3.09037e+08  8.21129e+08
  300.00 -11.85772  1.06705e+10  1.23200e+10  1.23198e+10 -9.29202e+08 -9.29108e+08  2.46869e+09
  300.00 -11.82926  3.20805e+10  3.70397e+10  3.70391e+10 -2.79361e+09 -2.79333e+09  7.42202e+09
  300.00 -11.80080  9.64488e+10  1.11358e+11  1.11357e+11 -8.39886e+09 -8.39801e+09  2.23140e+10
  300.00 -11.77234  2.89969e+11  3.34794e+11  3.34789e+11 -2.52508e+10 -2.52482e+10  6.70859e+10
  300.00 -11.74389  8.71779e+11  1.00654e+12  1.00653e+12 -7.59148e+10 -7.59072e+10  2.01689e+11
  300.00 -11.71543  2.62095e+12  3.02610e+12  3.02605e+12 -2.28229e+11 -2.28206e+11  6.06352e+11
  300.00 -11.68697  7.87965e+12  9.09756e+12  9.09741e+12 -6.86113e+11 -6.86044e+11  1.82282e+12
  300.00 -11.65852  2.36886e+13  2.73490e+13  2.73485e+13 -2.06233e+12 -2.06212e+12  5.47880e+12
  300.00 -11.63006  7.12074e+13  8.22014e+13  8.22000e+13 -6.19636e+12 -6.19573e+12  1.64591e+13
  300.00 -11.60160  2.13981e+14  2.46941e+14  2.46937e+14 -1.85945e+13 -1.85927e+13  4.93739e+13
  300.00 -11.57315  6.42448e+14  7.40774e+14  7.40762e+14 -5.56110e+13 -5.56054e+13  1.47524e+14
  300.00 -11.54469  1.92415e+15  2.21395e+15  2.21392e+15 -1.64845e+14 -1.64829e+14  4.36401e+14
  300.00 -11.51623  5.72726e+15  6.55917e+15  6.55906e+15 -4.78291e+14 -4.78244e+14  1.26201e+15
  300.00 -11.48778  1.68073e+16  1.90781e+16  1.90778e+16 -1.32457e+15 -1.32444e+15  3.48795e+15
  300.00 -11.45932  4.79290e+16  5.36301e+16  5.36294e+16 -3.34944e+15 -3.34913e+15  8.90318e+15
  300.00 -11.43086  1.29880e+17  1.42545e+17  1.42543e+17 -7.20618e+15 -7.20555e+15  2.00740e+16
  300.00 -11.40240  3.24652e+17  3.48626e+17  3.48623e+17 -1.17930e+16 -1.17921e+16  3.80155e+16
  300.00 -11.37395  7.24478e+17  7.62136e+17  7.62132e+17 -1.17721e+16 -1.17713e+16  5.79419e+16
  300.00 -11.34549  1.41072e+18  1.45986e+18  1.45985e+18 -1.27541e+15 -1.27557e+15  7.10680e+16
  300.00 -11.31703  2.40264e+18  2.45832e+18  2.45831e+18  1.48707e+16  1.48688e+16  7.68988e+16
  300.00 -11.28858  3.66990e+18  3.72917e+18  3.72916e+18  2.29691e+16  2.29651e+16  8.58928e+16
  300.00 -11.26012  5.18356e+18  5.24641e+18  5.24639e+18  1.52538e+16  1.52478e+16  1.04633e+17
  300.00 -11.23166  6.93505e+18  7.00081e+18  7.00079e+18 -6.56487e+15 -6.57281e+15  1.27368e+17
  300.00 -11.20321  8.92429e+18  8.98898e+18  8.98894e+18 -3.20394e+16 -3.20493e+16  1.40024e+17
  300.00 -11.17475  1.11432e+19  1.12024e+19  1.12024e+19 -4.99987e+16 -5.00100e+16  1.34044e+17
  300.00 -11.14629  1.35818e+19  1.36350e+19  1.36350e+19 -6.01415e+16 -6.01527e+16  1.15218e+17
  300.00 -11.11784  1.62399e+19  1.62898e+19  1.62897e+19 -7.14041e+16 -7.14145e+16  9.67622e+16
  300.00 -11.08938  1.91178e+19  1.91653e+19  1.91653e+19 -9.13902e+16 -9.14008e+16  8.78018e+16
  300.00 -11.06092  2.22045e+19  2.22474e+19  2.22473e+19 -1.21249e+17 -1.21262e+17  9.02242e+16
  300.00 -11.03246  2.54841e+19  2.55200e+19  2.55200e+19 -1.58040e+17 -1.58059e+17  1.02768e+17
  300.00 -11.00401  2.89455e+19  2.89759e+19  2.89759e+19 -1.97366e+17 -1.97389e+17  1.23802e+17
  300.00 -10.97555  3.25778e+19  3.26073e+19  3.26073e+19 -2.33367e+17 -2.33389e+17  1.50067e+17
  300.00 -10.94709  3.63630e+19  3.63958e+19  3.63958e+19 -2.58929e+17 -2.58945e+17  1.75322e+17
  300.00 -10.91864  4.02811e+19  4.03182e+19  4.03182e+19 -2.67640e+17 -2.67646e+17  1.91840e+17
  300.00 -10.89018  4.43224e+19  4.43612e+19  4.43613e+19 -2.56021e+17 -2.56016e+17  1.93693e+17
  300.00 -10.86172  4.84879e+19  4.85243e+19  4.85244e+19 -2.24980e+17 -2.24966e+17  1.79486e+17
  300.00 -10.83327  5.27752e+19  5.28060e+19  5.28061e+19 -1.80543e+17 -1.80525e+17  1.53338e+17
  300.00 -10.80481  5.71681e+19  5.71934e+19  5.71935e+19 -1.33119e+17 -1.33101e+17  1.23874e+17
  300.00 -10.77635  6.16441e+19  6.16677e+19  6.16678e+19 -9.42602e+16 -9.42467e+16  1.01274e+17
  300.00 -10.74790  6.61913e+19  6.62188e+19  6.62189e+19 -7.18636e+16 -7.18550e+16  9.31806e+16
  300.00 -10.71944  7.08151e+19  7.08517e+19  7.08519e+19 -6.66212e+16 -6.66157e+16  1.01271e+17
  300.00 -10.69098  7.55282e+19  7.55766e+19  7.55767e+19 -7.19893e+16 -7.19843e+16  1.20331e+17
  300.00 -10.66253  8.03333e+19  8.03927e+19  8.03929e+19 -7.75085e+16 -7.75025e+16  1.40394e+17
  300.00 -10.63407  8.52151e+19  8.52822e+19  8.52823e+19 -7.33604e+16 -7.33536e+16  1.50804e+17
  300.00 -10.60561  9.01492e+19  9.02188e+19  9.02190e+19 -5.38566e+16 -5.38507e+16  1.44159e+17
  300.00 -10.57715  9.51174e+19  9.51842e+19  9.51844e+19 -1.86880e+16 -1.86853e+16  1.18458e+17
  300.00 -10.54870  1.00119e+20  1.00178e+20  1.00178e+20  2.78883e+16  2.78862e+16  7.69522e+16
  300.00 -10.52024  1.05169e+20  1.05216e+20  1.05217e+20  7.89807e+16  7.89730e+16  2.63481e+16
  300.00 -10.49178  1.10286e+20  1.10319e+20  1.10319e+20  1.27122e+17  1.27109e+17 -2.54696e+16
  300.00 -10.46333  1.15478e+20  1.15496e+20  1.15496e+20  1.65843e+17  1.65826e+17 -7.12564e+16
  300.00 -10.43487  1.20743e+20  1.20746e+20  1.20746e+20  1.90571e+17  1.90551e+17 -1.05401e+17
  300.00 -10.40641  1.26069e+20  1.26061e+20  1.26061e+20  1.98907e+17  1.98886e+17 -1.24232e+17
  300.00 -10.37796  1.31451e+20  1.31433e+20  1.31433e+20  1.90473e+17  1.90453e+17 -1.25980e+17
  300.00 -10.34950  1.36889e+20  1.36866e+20  1.36866e+20  1.66531e+17  1.66514e+17 -1.10661e+17
  300.00 -10.32104  1.42396e+20  1.42370e+20  1.42370e+20  1.29580e+17  1.29568e+17 -7.99802e+16
  300.00 -10.29259  1.47984e+20  1.47958e+20  1.47958e+20  8.30526e+16  8.30466e+16 -3.71907e+16
  300.00 -10.26413  1.53658e+20  1.53634e+20  1.53634e+20  3.10917e+16  3.10910e+16  1.32107e+16
  300.00 -10.23567  1.59409e+20  1.59389e+20  1.59389e+20 -2.17154e+16 -2.17124e+16  6.60055e+16
  300.00 -10.20721  1.65217e+20  1.65203e+20  1.65203e+20 -7.07651e+16 -7.07605e+16  1.15966e+17
  300.00 -10.17876  1.71060e+20  1.71055e+20  1.71055e+20 -1.12044e+17 -1.12040e+17  1.58611e+17
  300.00 -10.15030  1.76921e+20  1.76927e+20  1.76927e+20 -1.42762e+17 -1.42761e+17  1.90821e+17
  300.00 -10.12184  1.82797e+20  1.82815e+20  1.82815e+20 -1.61778e+17 -1.61780e+17  2.11154e+17
  300.00 -10.09339  1.88696e+20  1.88726e+20  1.88726e+20 -1.69624e+17 -1.69631e+17  2.19783e+17
  300.00 -10.06493  1.94629e+20  1.94672e+20  1.94671e+20 -1.68113e+17 -1.68123e+17  2.18131e+17
  300.00 -10.03647  2.00605e+20  2.00658e+20  2.00658e+20 -1.59674e+17 -1.59686e+17  2.08326e+17
  300.00 -10.00802  2.06625e+20  2.06684e+20  2.06684e+20 -1.46687e+17 -1.46700e+17  1.92669e+17
  300.00 -9.97956  2.12678e+20  2.12739e+20  2.12739e+20 -1.31063e+17 -1.31074e+17  1.73273e+17
  300.00 -9.95110  2.18747e+20  2.18806e+20  2.18806e+20 -1.14173e+17 -1.14179e+17  1.51942e+17
  300.00 -9.92265  2.24817e+20  2.24871e+20  2.24871e+20 -9.70850e+16 -9.70861e+16  1.30277e+17
  300.00 -9.89419  2.30882e+20  2.30928e+20  2.30928e+20 -8.09293e+16 -8.09240e+16  1.09893e+17
  300.00 -9.86573  2.36944e+20  2.36981e+20  2.36981e+20 -6.71542e+16 -6.71426e+16  9.25947e+16
  300.00 -9.83727  2.43011e+20  2.43038e+20  2.43038e+20 -5.75223e+16 -5.75056e+16  8.03718e+16
  300.00 -9.80882  2.49093e+20  2.49111e+20  2.49111e+20 -5.37987e+16 -5.37789e+16  7.51446e+16
  300.00 -9.78036  2.55191e+20  2.55200e+20  2.55200e+20 -5.72312e+16 -5.72107e+16  7.83089e+16
  300.00 -9.75190  2.61296e+20  2.61296e+20  2.61296e+20 -6.80182e+16 -6.79995e+16  9.02279e+16
  300.00 -9.72345  2.67387e+20  2.67379e+20  2.67379e+20 -8.49768e+16 -8.49622e+16  1.09867e+17
  300.00 -9.69499  2.73438e+20  2.73423e+20  2.73423e+20 -1.05555e+17 -1.05546e+17  1.34739e+17
  300.00 -9.66653  2.79423e+20  2.79401e+20  2.79401e+20 -1.26211e+17 -1.26208e+17  1.61224e+17
  300.00 -9.63808  2.85325e+20  2.85298e+20  2.85298e+20 -1.43057e+17 -1.43060e+17  1.85190e+17
  300.00 -9.60962  2.91136e+20  2.91105e+20  2.91105e+20 -1.52593e+17 -1.52601e+17  2.02759e+17
  300.00 -9.58116  2.96859e+20  2.96826e+20  2.96826e+20 -1.52347e+17 -1.52357e+17  2.10995e+17
  300.00 -9.55271  3.02496e+20  3.02463e+20  3.02463e+20 -1.41300e+17 -1.41312e+17  2.08379e+17
  300.00 -9.52425  3.08048e+20  3.08018e+20  3.08018e+20 -1.20053e+17 -1.20063e+17  1.94977e+17
  300.00 -9.49579  3.13504e+20  3.13480e+20  3.13480e+20 -9.07127e+16 -9.07192e+16  1.72332e+17
  300.00 -9.46733  3.18841e+20  3.18825e+20  3.18826e+20 -5.65461e+16 -5.65480e+16  1.43110e+17
  300.00 -9.43888  3.24028e+20  3.24024e+20  3.24024e+20 -2.14279e+16 -2.14252e+16  1.10591e+17
  300.00 -9.41042  3.29032e+20  3.29039e+20  3.29039e+20  1.08404e+16  1.08466e+16  7.80674e+16
  300.00 -9.38196  3.33824e+20  3.33842e+20  3.33842e+20  3.72747e+16  3.72819e+16  4.80936e+16
  300.00 -9.35351  3.38387e+20  3.38412e+20  3.38412e+20  5.63121e+16  5.63174e+16  2.15612e+16
  300.00 -9.32505  3.42713e+20  3.42740e+20  3.42740e+20  6.78103e+16  6.78108e+16 -3.03464e+15
  300.00 -9.29659  3.46794e+20  3.46820e+20  3.46820e+20  7.21546e+16  7.21486e+16 -2.93360e+16
  300.00 -9.26814  3.50606e+20  3.50629e+20  3.50629e+20  6.89756e+16  6.89628e+16 -6.14683e+16
  300.00 -9.23968  3.54081e+20  3.54098e+20  3.54098e+20  5.64199e+16  5.64015e+16 -1.00708e+17
  300.00 -9.21122  3.57101e+20  3.57110e+20  3.57110e+20  3.23018e+16  3.22800e+16 -1.41293e+17
  300.00 -9.18277  3.59550e+20  3.59550e+20  3.59550e+20 -2.54534e+15 -2.56831e+15 -1.72215e+17
  300.00 -9.15431  3.61377e+20  3.61372e+20  3.61372e+20 -4.28863e+16 -4.29086e+16 -1.86952e+17
  300.00 -9.12585  3.62647e+20  3.62641e+20  3.62641e+20 -8.22374e+16 -8.22571e+16 -1.85732e+17
  300.00 -9.09739  3.63511e+20  3.63501e+20  3.63501e+20 -1.15905e+17 -1.15920e+17 -1.68367e+17
  300.00 -9.06894  3.64114e+20  3.64100e+20  3.64100e+20 -1.41688e+17 -1.41694e+17 -1.35452e+17
  300.00 -9.04048  3.64549e+20  3.64535e+20  3.64535e+20 -1.59508e+17 -1.59502e+17 -9.43452e+16
  300.00 -9.01202  3.64849e+20  3.64838e+20  3.64838e+20 -1.69928e+17 -1.69907e+17 -5.62091e+16
  300.00 -8.98357  3.64994e+20  3.64991e+20  3.64991e+20 -1.72871e+17 -1.72835e+17 -2.83215e+16
  300.00 -8.95511  3.64949e+20  3.64956e+20  3.64956e+20 -1.68132e+17 -1.68083e+17 -1.11172e+16
  300.00 -8.92665  3.64691e+20  3.64709e+20  3.64709e+20 -1.56610e+17 -1.56555e+17 -9.14563e+14
  300.00 -8.89820  3.64219e+20  3.64247e+20  3.64246e+20 -1.40499e+17 -1.40443e+17  5.91901e+15
  300.00 -8.86974  3.63544e+20  3.63578e+20  3.63578e+20 -1.22370e+17 -1.22319e+17  1.08701e+16
  300.00 -8.84128  3.62680e+20  3.62717e+20  3.62717e+20 -1.04247e+17 -1.04206e+17  1.36582e+16
  300.00 -8.81283  3.61650e+20  3.61686e+20  3.61686e+20 -8.73162e+16 -8.72878e+16  1.35258e+16
  300.00 -8.78437  3.60474e+20  3.60506e+20  3.60506e+20 -7.21129e+16 -7.20982e+16  1.01405e+16
  300.00 -8.75591  3.59156e+20  3.59183e+20  3.59183e+20 -5.88576e+16 -5.88563e+16  3.89208e+15
  300.00 -8.72745  3.57681e+20  3.57701e+20  3.57700e+20 -4.76982e+16 -4.77089e+16 -4.20434e+15
  300.00 -8.69900  3.56015e+20  3.56028e+20  3.56028e+20 -3.87564e+16 -3.87770e+16 -1.28982e+16
  300.00 -8.67054  3.54136e+20  3.54141e+20  3.54141e+20 -3.19872e+16 -3.20152e+16 -2.12710e+16
  300.00 -8.64208  3.52037e+20  3.52033e+20  3.52033e+20 -2.69970e+16 -2.70299e+16 -2.91717e+16
  300.00 -8.61363  3.49729e+20  3.49716e+20  3.49716e+20 -2.30019e+16 -2.30373e+16 -3.72161e+16
  300.00 -8.58517  3.47227e+20  3.47203e+20  3.47203e+20 -1.90034e+16 -1.90394e+16 -4.63441e+16
  300.00 -8.55671  3.44537e+20  3.44504e+20  3.44503e+20 -1.41163e+16 -1.41512e+16 -5.72323e+16
  300.00 -8.52826  3.41659e+20  3.41616e+20  3.41616e+20 -7.88786e+15 -7.92037e+15 -6.99094e+16
  300.00 -8.49980  3.38587e+20  3.38536e+20  3.38536e+20 -4.52451e+14 -4.81536e+14 -8.37322e+16
  300.00 -8.47134  3.35317e+20  3.35261e+20  3.35261e+20  7.55395e+15  7.52904e+15 -9.76416e+16
  300.00 -8.44289  3.31844e+20  3.31788e+20  3.31788e+20  1.52677e+16  1.52475e+16 -1.10501e+17
  300.00 -8.41443  3.28163e+20  3.28109e+20  3.28109e+20  2.19142e+16  2.18990e+16 -1.21349e+17
  300.00 -8.38597  3.24262e+20  3.24215e+20  3.24215e+20  2.70138e+16  2.70037e+16 -1.29500e+17
  300.00 -8.35752  3.20129e+20  3.20092e+20  3.20092e+20  3.04106e+16  3.04056e+16 -1.34536e+17
  300.00 -8.32906  3.15757e+20  3.15733e+20  3.15733e+20  3.21761e+16  3.21759e+16 -1.36231e+17
  300.00 -8.30060  3.11149e+20  3.11139e+20  3.11139e+20  3.25015e+16  3.25057e+16 -1.34461e+17
  300.00 -8.27214  3.06314e+20  3.06320e+20  3.06320e+20  3.16755e+16  3.16834e+16 -1.29112e+17
  300.00 -8.24369  3.01261e+20  3.01282e+20  3.01282e+20  3.01582e+16  3.01688e+16 -1.19989e+17
  300.00 -8.21523  2.95986e+20  2.96023e+20  2.96023e+20  2.86911e+16  2.87036e+16 -1.06760e+17
  300.00 -8.18677  2.90474e+20  2.90528e+20  2.90528e+20  2.83575e+16  2.83709e+16 -8.89095e+16
  300.00 -8.15832  2.84701e+20  2.84774e+20  2.84774e+20  3.05495e+16  3.05630e+16 -6.56703e+16
  300.00 -8.12986  2.78648e+20  2.78741e+20  2.78741e+20  3.68629e+16  3.68759e+16 -3.58790e+16
  300.00 -8.10140  2.72306e+20  2.72423e+20  2.72423e+20  4.89917e+16  4.90038e+16  2.29772e+15
  300.00 -8.07295  2.65682e+20  2.65827e+20  2.65827e+20  6.86859e+16  6.86969e+16  5.17246e+16
  300.00 -8.04449  2.58782e+20  2.58960e+20  2.58960e+20  9.77905e+16  9.78004e+16  1.16624e+17
  300.00 -8.01603  2.51601e+20  2.51817e+20  2.51817e+20  1.38322e+17  1.38330e+17  2.02699e+17
  300.00 -7.98758  2.44111e+20  2.44373e+20  2.44373e+20  1.92517e+17  1.92524e+17  3.16919e+17
  300.00 -7.95912  2.36264e+20  2.36578e+20  2.36578e+20  2.62822e+17  2.62828e+17  4.66996e+17
  300.00 -7.93066  2.28003e+20  2.28381e+20  2.28381e+20  3.51813e+17  3.51818e+17  6.60651e+17
  300.00 -7.90220  2.19287e+20  2.19740e+20  2.19740e+20  4.62075e+17  4.62077e+17  9.04898e+17
  300.00 -7.87375  2.10105e+20  2.10647e+20  2.10647e+20  5.96012e+17  5.96012e+17  1.20546e+18
  300.00 -7.84529  2.00483e+20  2.01132e+20  2.01132e+20  7.55604e+17  7.55603e+17  1.56634e+18
  300.00 -7.81683  1.90492e+20  1.91266e+20  1.91266e+20  9.42149e+17  9.42146e+17  1.98962e+18
  300.00 -7.78838  1.80248e+20  1.81164e+20  1.81164e+20  1.15612e+18  1.15611e+18  2.47542e+18
  300.00 -7.75992  1.69903e+20  1.70979e+20  1.70979e+20  1.39714e+18  1.39714e+18  3.02193e+18
  300.00 -7.73146  1.59631e+20  1.60879e+20  1.60879e+20  1.66398e+18  1.66398e+18  3.62513e+18
  300.00 -7.70301  1.49595e+20  1.51019e+20  1.51019e+20  1.95426e+18  1.95425e+18  4.27781e+18
  300.00 -7.67455  1.39937e+20  1.41530e+20  1.41530e+20  2.26418e+18  2.26417e+18  4.96825e+18
  300.00 -7.64609  1.30771e+20  1.32517e+20  1.32517e+20  2.58865e+18  2.58864e+18  5.67949e+18
  300.00 -7.61764  1.22200e+20  1.24076e+20  1.24076e+20  2.92181e+18  2.92180e+18  6.39040e+18
  300.00 -7.58918  1.14354e+20  1.16327e+20  1.16327e+20  3.25686e+18  3.25686e+18  7.07834e+18
  300.00 -7.56072  1.07462e+20  1.09486e+20  1.09486e+20  3.58440e+18  3.58439e+18  7.71992e+18
  300.00 -7.53226  1.01884e+20  1.03904e+20  1.03904e+20  3.88877e+18  3.88876e+18  8.28587e+18
  300.00 -7.50381  9.79970e+19  9.99694e+19  9.99694e+19  4.14751e+18  4.14750e+18  8.74210e+18
  300.00 -7.47535  9.60011e+19  9.79141e+19  9.79141e+19  4.33949e+18  4.33948e+18  9.06349e+18
  300.00 -7.44689  9.58726e+19  9.77436e+19  9.77436e+19  4.45208e+18  4.45208e+18  9.23718e+18
  300.00 -7.41844  9.74733e+19  9.93355e+19  9.93355e+19  4.47815e+18  4.47815e+18  9.25514e+18
  300.00 -7.38998  1.00647e+20  1.02533e+20  1.02533e+20  4.41373e+18  4.41373e+18  9.11320e+18
  300.00 -7.36152  1.05242e+20  1.07174e+20  1.07174e+20  4.26134e+18  4.26134e+18  8.81607e+18
  300.00 -7.33307  1.11113e+20  1.13097e+20  1.13097e+20  4.03112e+18  4.03112e+18  8.37917e+18
  300.00 -7.30461  1.18107e+20  1.20135e+20  1.20135e+20  3.73825e+18  3.73825e+18  7.82548e+18
  300.00 -7.27615  1.26052e+20  1.28100e+20  1.28100e+20  3.40033e+18  3.40033e+18  7.18160e+18
  300.00 -7.24770  1.34757e+20  1.36788e+20  1.36788e+20  3.03576e+18  3.03577e+18  6.47538e+18
  300.00 -7.21924  1.44023e+20  1.45996e+20  1.45996e+20  2.66231e+18  2.66231e+18  5.73483e+18
  300.00 -7.19078  1.53660e+20  1.55530e+20  1.55530e+20  2.29560e+18  2.29560e+18  4.98717e+18
  300.00 -7.16232  1.63486e+20  1.65215e+20  1.65215e+20  1.94797e+18  1.94798e+18  4.25773e+18
  300.00 -7.13387  1.73339e+20  1.74896e+20  1.74896e+20  1.62801e+18  1.62801e+18  3.56839e+18
  300.00 -7.10541  1.83083e+20  1.84448e+20  1.84448e+20  1.34074e+18  1.34075e+18  2.93603e+18
  300.00 -7.07695  1.92615e+20  1.93781e+20  1.93781e+20  1.08833e+18  1.08833e+18  2.37153e+18
  300.00 -7.04850  2.01858e+20  2.02826e+20  2.02826e+20  8.70739e+17  8.70741e+17  1.87960e+18
  300.00 -7.02004  2.10750e+20  2.11532e+20  2.11532e+20  6.86398e+17  6.86400e+17  1.45974e+18
  300.00 -6.99158  2.19244e+20  2.19859e+20  2.19859e+20  5.32663e+17  5.32664e+17  1.10779e+18
  300.00 -6.96313  2.27327e+20  2.27796e+20  2.27796e+20  4.06245e+17  4.06246e+17  8.17589e+17
  300.00 -6.93467  2.35020e+20  2.35369e+20  2.35369e+20  3.03602e+17  3.03603e+17  5.82380e+17
  300.00 -6.90621  2.42387e+20  2.42640e+20  2.42640e+20  2.21286e+17  2.21287e+17  3.95459e+17
  300.00 -6.87776  2.49511e+20  2.49690e+20  2.49690e+20  1.56213e+17  1.56212e+17  2.50239e+17
  300.00 -6.84930  2.56467e+20  2.56592e+20  2.56592e+20  1.05801e+17  1.05800e+17  1.39962e+17
  300.00 -6.82084  2.63312e+20  2.63399e+20  2.63399e+20  6.79849e+16  6.79829e+16  5.74653e+16
  300.00 -6.79238  2.70092e+20  2.70152e+20  2.70152e+20  4.10721e+16  4.10697e+16 -4.65174e+15
  300.00 -6.76393  2.76885e+20  2.76925e+20  2.76925e+20  2.34407e+16  2.34383e+16 -5.34254e+16
  300.00 -6.73547  2.83843e+20  2.83868e+20  2.83868e+20  1.30550e+16  1.30529e+16 -9.47925e+16
  300.00 -6.70701  2.91241e+20  2.91252e+20  2.91252e+20  6.91215e+15  6.91109e+15 -1.33201e+17
  300.00 -6.67856  2.99485e+20  2.99486e+20  2.99486e+20  6.95110e+14  6.95750e+14 -1.71767e+17
  300.00 -6.65010  3.09127e+20  3.09119e+20  3.09119e+20 -1.11404e+16 -1.11373e+16 -2.12667e+17
  300.00 -6.62164  3.20844e+20  3.20832e+20  3.20832e+20 -3.46887e+16 -3.46828e+16 -2.57253e+17
  300.00 -6.59319  3.35332e+20  3.35324e+20  3.35324e+20 -7.41289e+16 -7.41204e+16 -3.05193e+17
  300.00 -6.56473  3.52985e+20  3.52984e+20  3.52984e+20 -1.26171e+17 -1.26161e+17 -3.51156e+17
  300.00 -6.53627  3.73406e+20  3.73403e+20  3.73403e+20 -1.79287e+17 -1.79277e+17 -3.79276e+17
  300.00 -6.50782  3.95134e+20  3.95111e+20  3.95111e+20 -2.25830e+17 -2.25822e+17 -3.65905e+17
  300.00 -6.47936  4.16020e+20  4.15966e+20  4.15966e+20 -2.61751e+17 -2.61748e+17 -3.07406e+17
  300.00 -6.45090  4.34228e+20  4.34143e+20  4.34143e+20 -2.71903e+17 -2.71905e+17 -2.40992e+17
  300.00 -6.42244  4.49111e+20  4.49010e+20  4.49010e+20 -2.49022e+17 -2.49029e+17 -2.03944e+17
  300.00 -6.39399  4.61113e+20  4.61009e+20  4.61009e+20 -2.11630e+17 -2.11641e+17 -1.92207e+17
  300.00 -6.36553  4.70982e+20  4.70883e+20  4.70883e+20 -1.79066e+17 -1.79079e+17 -1.83156e+17
  300.00 -6.33707  4.79249e+20  4.79166e+20  4.79166e+20 -1.54087e+17 -1.54101e+17 -1.67064e+17
  300.00 -6.30862  4.86221e+20  4.86161e+20  4.86162e+20 -1.32819e+17 -1.32833e+17 -1.46481e+17
  300.00 -6.28016  4.92119e+20  4.92087e+20  4.92087e+20 -1.14779e+17 -1.14791e+17 -1.24775e+17
  300.00 -6.25170  4.97127e+20  4.97119e+20  4.97119e+20 -1.02185e+17 -1.02195e+17 -1.02438e+17
  300.00 -6.22325  5.01383e+20  5.01392e+20  5.01392e+20 -9.60605e+16 -9.60688e+16 -7.91077e+16
  300.00 -6.19479  5.04988e+20  5.05008e+20  5.05008e+20 -9.51309e+16 -9.51379e+16 -5.52208e+16
  300.00 -6.16633  5.08022e+20  5.08045e+20  5.08045e+20 -9.70069e+16 -9.70135e+16 -3.20444e+16
  300.00 -6.13788  5.10551e+20  5.10570e+20  5.10570e+20 -9.94733e+16 -9.94804e+16 -1.10839e+16
  300.00 -6.10942  5.12623e+20  5.12630e+20  5.12630e+20 -1.01013e+17 -1.01022e+17  6.41417e+15
  300.00 -6.08096  5.14267e+20  5.14260e+20  5.14260e+20 -1.00754e+17 -1.00765e+17  1.97097e+16
  300.00 -6.05251  5.15504e+20  5.15482e+20  5.15481e+20 -9.82677e+16 -9.82823e+16  2.86292e+16
  300.00 -6.02405  5.16354e+20  5.16316e+20  5.16316e+20 -9.34515e+16 -9.34693e+16  3.35319e+16
  300.00 -5.99559  5.16841e+20  5.16789e+20  5.16789e+20 -8.65022e+16 -8.65229e+16  3.52340e+16
  300.00 -5.96713  5.16995e+20  5.16934e+20  5.16934e+20 -7.79022e+16 -7.79254e+16  3.49005e+16
  300.00 -5.93868  5.16855e+20  5.16787e+20  5.16786e+20 -6.83609e+16 -6.83857e+16  3.38950e+16
  300.00 -5.91022  5.16457e+20  5.16386e+20  5.16386e+20 -5.87112e+16 -5.87369e+16  3.35945e+16
  300.00 -5.88176  5.15836e+20  5.15767e+20  5.15767e+20 -4.97967e+16 -4.98226e+16  3.52002e+16
  300.00 -5.85331  5.15020e+20  5.14956e+20  5.14956e+20 -4.23797e+16 -4.24055e+16  3.95867e+16
  300.00 -5.82485  5.14025e+20  5.13970e+20  5.13970e+20 -3.70841e+16 -3.71093e+16  4.72209e+16
  300.00 -5.79639  5.12860e+20  5.12817e+20  5.12817e+20 -3.43648e+16 -3.43890e+16  5.81603e+16
  300.00 -5.76794  5.11530e+20  5.11499e+20  5.11499e+20 -3.44952e+16 -3.45182e+16  7.21155e+16
  300.00 -5.73948  5.10034e+20  5.10017e+20  5.10017e+20 -3.75631e+16 -3.75842e+16  8.85513e+16
  300.00 -5.71102  5.08375e+20  5.08370e+20  5.08370e+20 -4.34719e+16 -4.34906e+16  1.06794e+17
  300.00 -5.68257  5.06558e+20  5.06566e+20  5.06566e+20 -5.19509e+16 -5.19664e+16  1.26128e+17
  300.00 -5.65411  5.04595e+20  5.04613e+20  5.04613e+20 -6.25738e+16 -6.25850e+16  1.45857e+17
  300.00 -5.62565  5.02502e+20  5.02527e+20  5.02528e+20 -7.47871e+16 -7.47931e+16  1.65344e+17
  300.00 -5.59719  5.00297e+20  5.00327e+20  5.00327e+20 -8.79453e+16 -8.79449e+16  1.84017e+17
  300.00 -5.56874  4.97998e+20  4.98030e+20  4.98030e+20 -1.01349e+17 -1.01342e+17  2.01362e+17
  300.00 -5.54028  4.95619e+20  4.95651e+20  4.95651e+20 -1.14286e+17 -1.14271e+17  2.16907e+17
  300.00 -5.51182  4.93170e+20  4.93198e+20  4.93199e+20 -1.26064e+17 -1.26040e+17  2.30214e+17
  300.00 -5.48337  4.90655e+20  4.90678e+20  4.90678e+20 -1.36043e+17 -1.36011e+17  2.40874e+17
  300.00 -5.45491  4.88072e+20  4.88088e+20  4.88088e+20 -1.43669e+17 -1.43629e+17  2.48521e+17
  300.00 -5.42645  4.85417e+20  4.85425e+20  4.85425e+20 -1.48486e+17 -1.48438e+17  2.52851e+17
  300.00 -5.39800  4.82684e+20  4.82683e+20  4.82684e+20 -1.50160e+17 -1.50106e+17  2.53647e+17
  300.00 -5.36954  4.79869e+20  4.79861e+20  4.79861e+20 -1.48489e+17 -1.48431e+17  2.50808e+17
  300.00 -5.34108  4.76973e+20  4.76959e+20  4.76959e+20 -1.43410e+17 -1.43349e+17  2.44365e+17
  300.00 -5.31263  4.74000e+20  4.73981e+20  4.73981e+20 -1.34998e+17 -1.34936e+17  2.34492e+17
  300.00 -5.28417  4.70959e+20  4.70937e+20  4.70937e+20 -1.23463e+17 -1.23402e+17  2.21506e+17
  300.00 -5.25571  4.67862e+20  4.67838e+20  4.67838e+20 -1.09142e+17 -1.09084e+17  2.05845e+17
  300.00 -5.22725  4.64720e+20  4.64697e+20  4.64697e+20 -9.24762e+16 -9.24234e+16  1.88051e+17
  300.00 -5.19880  4.61545e+20  4.61524e+20  4.61524e+20 -7.39944e+16 -7.39479e+16  1.68726e+17
  300.00 -5.17034  4.58345e+20  4.58328e+20  4.58328e+20 -5.42805e+16 -5.42413e+16  1.48505e+17
  300.00 -5.14188  4.55125e+20  4.55113e+20  4.55113e+20 -3.39437e+16 -3.39120e+16  1.28009e+17
  300.00 -5.11343  4.51884e+20  4.51878e+20  4.51878e+20 -1.35847e+16 -1.35604e+16  1.07813e+17
  300.00 -5.08497  4.48620e+20  4.48619e+20  4.48620e+20  6.23589e+15  6.25357e+15  8.84174e+16
  300.00 -5.05651  4.45327e+20  4.45333e+20  4.45333e+20  2.50254e+16  2.50377e+16  7.02275e+16
  300.00 -5.02806  4.42000e+20  4.42013e+20  4.42013e+20  4.23800e+16  4.23885e+16  5.35391e+16
  300.00 -4.99960  4.38636e+20  4.38655e+20  4.38655e+20  5.79975e+16  5.80039e+16  3.85379e+16
  300.00 -4.97114  4.35234e+20  4.35258e+20  4.35258e+20  7.16801e+16  7.16861e+16  2.53048e+16
  300.00 -4.94269  4.31797e+20  4.31825e+20  4.31825e+20  8.33291e+16  8.33363e+16  1.38299e+16
  300.00 -4.91423  4.28329e+20  4.28361e+20  4.28361e+20  9.29316e+16  9.29411e+16  4.03169e+15
  300.00 -4.88577  4.24841e+20  4.24874e+20  4.24875e+20  1.00542e+17  1.00555e+17 -4.22092e+15
  300.00 -4.85731  4.21340e+20  4.21374e+20  4.21374e+20  1.06263e+17  1.06279e+17 -1.10852e+16
  300.00 -4.82886  4.17836e+20  4.17869e+20  4.17869e+20  1.10223e+17  1.10241e+17 -1.67234e+16
  300.00 -4.80040  4.14336e+20  4.14366e+20  4.14367e+20  1.12559e+17  1.12578e+17 -2.12847e+16
  300.00 -4.77194  4.10842e+20  4.10870e+20  4.10870e+20  1.13405e+17  1.13425e+17 -2.48928e+16
  300.00 -4.74349  4.07357e+20  4.07379e+20  4.07379e+20  1.12883e+17  1.12901e+17 -2.76393e+16
  300.00 -4.71503  4.03877e+20  4.03894e+20  4.03894e+20  1.11096e+17  1.11111e+17 -2.95832e+16
  300.00 -4.68657  4.00397e+20  4.00408e+20  4.00408e+20  1.08134e+17  1.08146e+17 -3.07554e+16
  300.00 -4.65812  3.96912e+20  3.96916e+20  3.96916e+20  1.04076e+17  1.04084e+17 -3.11671e+16
  300.00 -4.62966  3.93416e+20  3.93414e+20  3.93414e+20  9.89920e+16  9.89951e+16 -3.08207e+16
  300.00 -4.60120  3.89904e+20  3.89896e+20  3.89895e+20  9.29532e+16  9.29520e+16 -2.97203e+16
  300.00 -4.57275  3.86375e+20  3.86361e+20  3.86360e+20  8.60344e+16  8.60296e+16 -2.78810e+16
  300.00 -4.54429  3.82828e+20  3.82809e+20  3.82809e+20  7.83182e+16  7.83109e+16 -2.53357e+16
  300.00 -4.51583  3.79269e+20  3.79246e+20  3.79245e+20  6.98972e+16  6.98888e+16 -2.21377e+16
  300.00 -4.48737  3.75701e+20  3.75675e+20  3.75675e+20  6.08741e+16  6.08661e+16 -1.83605e+16
  300.00 -4.45892  3.72133e+20  3.72105e+20  3.72104e+20  5.13613e+16  5.13552e+16 -1.40950e+16
  300.00 -4.43046  3.68570e+20  3.68541e+20  3.68541e+20  4.14787e+16  4.14756e+16 -9.44395e+15
  300.00 -4.40200  3.65019e+20  3.64990e+20  3.64990e+20  3.13515e+16  3.13525e+16 -4.51634e+15
  300.00 -4.37355  3.61483e+20  3.61455e+20  3.61455e+20  2.11076e+16  2.11132e+16  5.78375e+14
  300.00 -4.34509  3.57964e+20  3.57938e+20  3.57938e+20  1.08750e+16  1.08854e+16  5.73552e+15
  300.00 -4.31663  3.54462e+20  3.54439e+20  3.54438e+20  7.78506e+14  7.93438e+14  1.08608e+16
  300.00 -4.28818  3.50975e+20  3.50954e+20  3.50954e+20 -9.06443e+15 -9.04576e+15  1.58794e+16
  300.00 -4.25972  3.47501e+20  3.47484e+20  3.47483e+20 -1.85507e+16 -1.85295e+16  2.07559e+16
  300.00 -4.23126  3.44045e+20  3.44031e+20  3.44030e+20 -2.76043e+16 -2.75821e+16  2.55418e+16
  300.00 -4.20281  3.40621e+20  3.40608e+20  3.40608e+20 -3.61945e+16 -3.61731e+16  3.04786e+16
  300.00 -4.17435  3.37265e+20  3.37254e+20  3.37253e+20 -4.43475e+16 -4.43290e+16  3.61940e+16
  300.00 -4.14589  3.34060e+20  3.34049e+20  3.34048e+20 -5.21002e+16 -5.20868e+16  4.40044e+16
  300.00 -4.11743  3.31173e+20  3.31161e+20  3.31160e+20 -5.92859e+16 -5.92799e+16  5.62199e+16
  300.00 -4.08898  3.28913e+20  3.28900e+20  3.28900e+20 -6.50325e+16 -6.50359e+16  7.60653e+16
  300.00 -4.06052  3.27794e+20  3.27780e+20  3.27779e+20 -6.71355e+16 -6.71507e+16  1.06479e+17
  300.00 -4.03206  3.28523e+20  3.28508e+20  3.28508e+20 -6.23565e+16 -6.23850e+16  1.47304e+17
  300.00 -4.00361  3.31845e+20  3.31825e+20  3.31825e+20 -4.93488e+16 -4.93912e+16  1.92607e+17
  300.00 -3.97515  3.38218e+20  3.38188e+20  3.38187e+20 -3.26316e+16 -3.26872e+16  2.33246e+17
  300.00 -3.94669  3.47624e+20  3.47577e+20  3.47576e+20 -2.01421e+16 -2.02092e+16  2.66075e+17
  300.00 -3.91824  3.59733e+20  3.59670e+20  3.59670e+20 -1.37996e+16 -1.38760e+16  2.97948e+17
  300.00 -3.88978  3.74209e+20  3.74137e+20  3.74137e+20 -7.77028e+15 -7.85363e+15  3.39330e+17
  300.00 -3.86132  3.90789e+20  3.90722e+20  3.90722e+20  6.78992e+14  5.90287e+14  4.02128e+17
  300.00 -3.83287  4.09206e+20  4.09162e+20  4.09161e+20  4.75182e+15  4.65844e+15  5.01215e+17
  300.00 -3.80441  4.29139e+20  4.29133e+20  4.29133e+20 -3.24928e+15 -3.34784e+15  6.48009e+17
  300.00 -3.77595  4.50149e+20  4.50197e+20  4.50196e+20 -1.78765e+16 -1.79813e+16  8.39688e+17
  300.00 -3.74749  4.71580e+20  4.71699e+20  4.71699e+20 -1.48745e+16 -1.49858e+16  1.05424e+18
  300.00 -3.71904  4.92626e+20  4.92836e+20  4.92836e+20  3.69086e+16  3.67922e+16  1.26137e+18
  300.00 -3.69058  5.12651e+20  5.12965e+20  5.12965e+20  1.53423e+17  1.53306e+17  1.44847e+18
  300.00 -3.66212  5.31362e+20  5.31785e+20  5.31785e+20  3.31128e+17  3.31014e+17  1.63182e+18
  300.00 -3.63367  5.48692e+20  5.49225e+20  5.49225e+20  5.62113e+17  5.62010e+17  1.83655e+18
  300.00 -3.60521  5.64690e+20  5.65329e+20  5.65329e+20  8.40383e+17  8.40296e+17  2.07535e+18
  300.00 -3.57675  5.79539e+20  5.80275e+20  5.80275e+20  1.15711e+18  1.15704e+18  2.34518e+18
  300.00 -3.54830  5.93517e+20  5.94330e+20  5.94330e+20  1.49724e+18  1.49719e+18  2.63217e+18
  300.00 -3.51984  6.06889e+20  6.07754e+20  6.07754e+20  1.83848e+18  1.83845e+18  2.91655e+18
  300.00 -3.49138  6.19847e+20  6.20738e+20  6.20738e+20  2.15186e+18  2.15184e+18  3.17669e+18
  300.00 -3.46293  6.32502e+20  6.33405e+20  6.33405e+20  2.40554e+18  2.40553e+18  3.39240e+18
  300.00 -3.43447  6.44912e+20  6.45827e+20  6.45827e+20  2.57167e+18  2.57167e+18  3.54760e+18
  300.00 -3.40601  6.57103e+20  6.58045e+20  6.58045e+20  2.63396e+18  2.63398e+18  3.63223e+18
  300.00 -3.37756  6.69090e+20  6.70083e+20  6.70083e+20  2.59277e+18  2.59280e+18  3.64283e+18
  300.00 -3.34910  6.80902e+20  6.81970e+20  6.81971e+20  2.46519e+18  2.46522e+18  3.58211e+18
  300.00 -3.32064  6.92592e+20  6.93760e+20  6.93760e+20  2.27999e+18  2.28003e+18  3.45762e+18
  300.00 -3.29218  7.04232e+20  7.05523e+20  7.05523e+20  2.06934e+18  2.06939e+18  3.28040e+18
  300.00 -3.26373  7.15890e+20  7.17329e+20  7.17329e+20  1.86071e+18  1.86077e+18  3.06353e+18
  300.00 -3.23527  7.27603e+20  7.29211e+20  7.29211e+20  1.67181e+18  1.67187e+18  2.82089e+18
  300.00 -3.20681  7.39351e+20  7.41142e+20  7.41142e+20  1.50943e+18  1.50950e+18  2.56601e+18
  300.00 -3.17836  7.51066e+20  7.53035e+20  7.53035e+20  1.37160e+18  1.37168e+18  2.31096e+18
  300.00 -3.14990  7.62662e+20  7.64776e+20  7.64777e+20  1.25130e+18  1.25138e+18  2.06559e+18
  300.00 -3.12144  7.74066e+20  7.76265e+20  7.76265e+20  1.14039e+18  1.14049e+18  1.83696e+18
  300.00 -3.09299  7.85253e+20  7.87456e+20  7.87456e+20  1.03265e+18  1.03275e+18  1.62913e+18
  300.00 -3.06453  7.96252e+20  7.98366e+20  7.98367e+20  9.25261e+17  9.25366e+17  1.44328e+18
  300.00 -3.03607  8.07119e+20  8.09063e+20  8.09063e+20  8.18774e+17  8.18884e+17  1.27804e+18
  300.00 -3.00762  8.17906e+20  8.19616e+20  8.19617e+20  7.15977e+17  7.16091e+17  1.13005e+18
  300.00 -2.97916  8.28622e+20  8.30068e+20  8.30068e+20  6.20441e+17  6.20558e+17  9.94745e+17
  300.00 -2.95070  8.39226e+20  8.40404e+20  8.40404e+20  5.35528e+17  5.35645e+17  8.67421e+17
  300.00 -2.92224  8.49629e+20  8.50561e+20  8.50562e+20  4.64053e+17  4.64170e+17  7.44355e+17
  300.00 -2.89379  8.59727e+20  8.60454e+20  8.60455e+20  4.08254e+17  4.08368e+17  6.23787e+17
  300.00 -2.86533  8.69440e+20  8.70012e+20  8.70012e+20  3.69415e+17  3.69523e+17  5.06180e+17
  300.00 -2.83687  8.78745e+20  8.79212e+20  8.79212e+20  3.46813e+17  3.46913e+17  3.93341e+17
  300.00 -2.80842  8.87687e+20  8.88094e+20  8.88094e+20  3.36306e+17  3.36396e+17  2.86341e+17
  300.00 -2.77996  8.96352e+20  8.96734e+20  8.96734e+20  3.29721e+17  3.29797e+17  1.83141e+17
  300.00 -2.75150  9.04795e+20  9.05169e+20  9.05169e+20  3.16785e+17  3.16845e+17  7.80376e+16
  300.00 -2.72305  9.12952e+20  9.13321e+20  9.13321e+20  2.90351e+17  2.90393e+17 -3.47767e+16
  300.00 -2.69459  9.20621e+20  9.20976e+20  9.20977e+20  2.52106e+17  2.52126e+17 -1.54071e+17
  300.00 -2.66613  9.27543e+20  9.27868e+20  9.27868e+20  2.12455e+17  2.12452e+17 -2.66182e+17
  300.00 -2.63768  9.33542e+20  9.33820e+20  9.33821e+20  1.81497e+17  1.81472e+17 -3.48553e+17
  300.00 -2.60922  9.38566e+20  9.38792e+20  9.38792e+20  1.59292e+17  1.59245e+17 -3.84603e+17
  300.00 -2.58076  9.42621e+20  9.42799e+20  9.42799e+20  1.37795e+17  1.37731e+17 -3.78049e+17
  300.00 -2.55230  9.45735e+20  9.45880e+20  9.45880e+20  1.08899e+17  1.08824e+17 -3.46976e+17
  300.00 -2.52385  9.47996e+20  9.48121e+20  9.48121e+20  6.74130e+16  6.73350e+16 -3.07116e+17
  300.00 -2.49539  9.49540e+20  9.49655e+20  9.49655e+20  1.50996e+16  1.50266e+16 -2.69675e+17
  300.00 -2.46693  9.50488e+20  9.50597e+20  9.50597e+20 -3.79220e+16 -3.79834e+16 -2.45628e+17
  300.00 -2.43848  9.50902e+20  9.51004e+20  9.51004e+20 -8.05763e+16 -8.06220e+16 -2.42857e+17
  300.00 -2.41002  9.50817e+20  9.50912e+20  9.50912e+20 -1.09116e+17 -1.09145e+17 -2.60856e+17
  300.00 -2.38156  9.50286e+20  9.50375e+20  9.50374e+20 -1.26494e+17 -1.26505e+17 -2.92184e+17
  300.00 -2.35311  9.49361e+20  9.49446e+20  9.49446e+20 -1.36471e+17 -1.36464e+17 -3.27789e+17
  300.00 -2.32465  9.48094e+20  9.48174e+20  9.48174e+20 -1.41368e+17 -1.41346e+17 -3.59583e+17
  300.00 -2.29619  9.46548e+20  9.46620e+20  9.46619e+20 -1.43447e+17 -1.43411e+17 -3.80858e+17
  300.00 -2.26774  9.44790e+20  9.44851e+20  9.44851e+20 -1.44618e+17 -1.44569e+17 -3.87335e+17
  300.00 -2.23928  9.42836e+20  9.42882e+20  9.42882e+20 -1.44484e+17 -1.44424e+17 -3.78175e+17
  300.00 -2.21082  9.40617e+20  9.40650e+20  9.40649e+20 -1.40924e+17 -1.40852e+17 -3.54870e+17
  300.00 -2.18236  9.38040e+20  9.38061e+20  9.38061e+20 -1.33313e+17 -1.33229e+17 -3.18724e+17
  300.00 -2.15391  9.35072e+20  9.35082e+20  9.35082e+20 -1.24416e+17 -1.24321e+17 -2.69515e+17
  300.00 -2.12545  9.31763e+20  9.31763e+20  9.31763e+20 -1.18986e+17 -1.18880e+17 -2.06426e+17
  300.00 -2.09699  9.28196e+20  9.28190e+20  9.28190e+20 -1.20912e+17 -1.20799e+17 -1.30035e+17
  300.00 -2.06854  9.24417e+20  9.24409e+20  9.24409e+20 -1.31330e+17 -1.31214e+17 -4.36446e+16
  300.00 -2.04008  9.20401e+20  9.20394e+20  9.20395e+20 -1.48257e+17 -1.48143e+17  4.68288e+16
  300.00 -2.01162  9.16079e+20  9.16080e+20  9.16081e+20 -1.67150e+17 -1.67044e+17  1.34115e+17
  300.00 -1.98317  9.11390e+20  9.11404e+20  9.11404e+20 -1.82016e+17 -1.81923e+17  2.11267e+17
  300.00 -1.95471  9.06312e+20  9.06340e+20  9.06340e+20 -1.87101e+17 -1.87028e+17  2.73173e+17
  300.00 -1.92625  9.00861e+20  9.00900e+20  9.00900e+20 -1.78837e+17 -1.78789e+17  3.17581e+17
  300.00 -1.89780  8.95067e+20  8.95112e+20  8.95112e+20 -1.57136e+17 -1.57118e+17  3.45424e+17
  300.00 -1.86934  8.88950e+20  8.88991e+20  8.88992e+20 -1.25258e+17 -1.25273e+17  3.60299e+17
  300.00 -1.84088  8.82498e+20  8.82529e+20  8.82529e+20 -8.84495e+16 -8.84934e+16  3.67275e+17
  300.00 -1.81242  8.75670e+20  8.75686e+20  8.75686e+20 -5.23858e+16 -5.24477e+16  3.71637e+17
  300.00 -1.78397  8.68408e+20  8.68406e+20  8.68406e+20 -2.23772e+16 -2.24378e+16  3.78267e+17
  300.00 -1.75551  8.60658e+20  8.60637e+20  8.60637e+20 -3.45562e+15 -3.48708e+15  3.91796e+17
  300.00 -1.72705  8.52385e+20  8.52346e+20  8.52346e+20 -6.41838e+14 -6.08483e+14  4.16942e+17
  300.00 -1.69860  8.43587e+20  8.43528e+20  8.43528e+20 -1.85962e+16 -1.84556e+16  4.58169e+17
  300.00 -1.67014  8.34283e+20  8.34202e+20  8.34202e+20 -6.03837e+16 -6.00876e+16  5.18312e+17
  300.00 -1.64168  8.24494e+20  8.24387e+20  8.24386e+20 -1.25787e+17 -1.25282e+17  5.96749e+17
  300.00 -1.61323  8.14223e+20  8.14082e+20  8.14081e+20 -2.10050e+17 -2.09281e+17  6.88202e+17
  300.00 -1.58477  8.03440e+20  8.03257e+20  8.03257e+20 -3.03952e+17 -3.02868e+17  7.83025e+17
  300.00 -1.55631  7.92087e+20  7.91858e+20  7.91857e+20 -3.95656e+17 -3.94218e+17  8.69055e+17
  300.00 -1.52786  7.80105e+20  7.79824e+20  7.79823e+20 -4.74018e+17 -4.72212e+17  9.34535e+17
  300.00 -1.49940  7.67457e+20  7.67118e+20  7.67117e+20 -5.32239e+17 -5.30088e+17  9.71477e+17
  300.00 -1.47094  7.54141e+20  7.53741e+20  7.53740e+20 -5.70302e+17 -5.67865e+17  9.78742e+17
  300.00 -1.44248  7.40183e+20  7.39715e+20  7.39714e+20 -5.94833e+17 -5.92204e+17  9.63604e+17
  300.00 -1.41403  7.25607e+20  7.25065e+20  7.25064e+20 -6.16128e+17 -6.13419e+17  9.40153e+17
  300.00 -1.38557  7.10409e+20  7.09784e+20  7.09783e+20 -6.43481e+17 -6.40808e+17  9.24023e+17
  300.00 -1.35711  6.94549e+20  6.93830e+20  6.93829e+20 -6.80996e+17 -6.78461e+17  9.26096e+17
  300.00 -1.32866  6.77976e+20  6.77150e+20  6.77149e+20 -7.25540e+17 -7.23236e+17  9.50292e+17
  300.00 -1.30020  6.60650e+20  6.59707e+20  6.59706e+20 -7.66644e+17 -7.64671e+17  9.97323e+17
  300.00 -1.27174  6.42538e+20  6.41478e+20  6.41477e+20 -7.87009e+17 -7.85522e+17  1.06864e+18
  300.00 -1.24329  6.23596e+20  6.22429e+20  6.22429e+20 -7.63609e+17 -7.62928e+17  1.16413e+18
  300.00 -1.21483  6.03757e+20  6.02507e+20  6.02508e+20 -6.70784e+17 -6.71706e+17  1.28001e+18
  300.00 -1.18637  5.82979e+20  5.81685e+20  5.81689e+20 -4.86549e+17 -4.91094e+17  1.41918e+18
  300.00 -1.15792  5.61338e+20  5.60057e+20  5.60069e+20 -2.05885e+17 -2.18439e+17  1.60180e+18
  300.00 -1.12946  5.39094e+20  5.37890e+20  5.37919e+20  1.40045e+17  1.12245e+17  1.84449e+18
  300.00 -1.10100  5.16649e+20  5.15568e+20  5.15624e+20  4.88055e+17  4.36266e+17  2.12414e+18
  300.00 -1.07255  4.94393e+20  4.93449e+20  4.93543e+20  7.87348e+17  7.04249e+17  2.38383e+18
  300.00 -1.04409  4.72582e+20  4.71771e+20  4.71909e+20  1.02740e+18  9.11488e+17  2.57424e+18
  300.00 -1.01563  4.51353e+20  4.50664e+20  4.50851e+20  1.21634e+18  1.07487e+18  2.67923e+18
  300.00 -0.98717  4.30791e+20  4.30203e+20  4.30441e+20  1.35852e+18  1.20239e+18  2.71345e+18
  300.00 -0.95872  4.10948e+20  4.10429e+20  4.10733e+20  1.45513e+18  1.28875e+18  2.70138e+18
  300.00 -0.93026  3.91826e+20  3.91344e+20  3.91738e+20  1.51185e+18  1.32930e+18  2.65674e+18
  300.00 -0.90180  3.73368e+20  3.72899e+20  3.73403e+20  1.54271e+18  1.33407e+18  2.58488e+18
  300.00 -0.87335  3.55488e+20  3.55024e+20  3.55634e+20  1.56659e+18  1.32755e+18  2.49641e+18
  300.00 -0.84489  3.38125e+20  3.37672e+20  3.38356e+20  1.59906e+18  1.33537e+18  2.40766e+18
  300.00 -0.81643  3.21253e+20  3.20823e+20  3.21527e+20  1.64731e+18  1.37212e+18  2.33259e+18
  300.00 -0.78798  3.04853e+20  3.04458e+20  3.05132e+20  1.71136e+18  1.43832e+18  2.27903e+18
  300.00 -0.75952  2.88915e+20  2.88560e+20  2.89175e+20  1.78635e+18  1.52297e+18  2.24723e+18
  300.00 -0.73106  2.73442e+20  2.73124e+20  2.73685e+20  1.86350e+18  1.60808e+18  2.22760e+18
  300.00 -0.70261  2.58456e+20  2.58160e+20  2.58699e+20  1.93309e+18  1.67621e+18  2.20404e+18
  300.00 -0.67415  2.43960e+20  2.43670e+20  2.44230e+20  1.99048e+18  1.71998e+18  2.16444e+18
  300.00 -0.64569  2.29928e+20  2.29631e+20  2.30246e+20  2.03893e+18  1.74563e+18  2.10861e+18
  300.00 -0.61723  2.16309e+20  2.15999e+20  2.16682e+20  2.08464e+18  1.76646e+18  2.04545e+18
  300.00 -0.58878  2.03053e+20  2.02736e+20  2.03470e+20  2.13054e+18  1.79352e+18  1.98483e+18
  300.00 -0.56032  1.90126e+20  1.89812e+20  1.90560e+20  2.17565e+18  1.83199e+18  1.93268e+18
  300.00 -0.53186  1.77504e+20  1.77208e+20  1.77926e+20  2.21880e+18  1.88286e+18  1.89024e+18
  300.00 -0.50341  1.65178e+20  1.64915e+20  1.65566e+20  2.26077e+18  1.94455e+18  1.85414e+18
  300.00 -0.47495  1.53161e+20  1.52942e+20  1.53506e+20  2.30246e+18  2.01192e+18  1.81559e+18
  300.00 -0.44649  1.41493e+20  1.41317e+20  1.41801e+20  2.34141e+18  2.07486e+18  1.76030e+18
  300.00 -0.41804  1.30228e+20  1.30081e+20  1.30513e+20  2.37212e+18  2.12115e+18  1.67298e+18
  300.00 -0.38958  1.19406e+20  1.19265e+20  1.19683e+20  2.39170e+18  2.14446e+18  1.54699e+18
  300.00 -0.36112  1.09032e+20  1.08873e+20  1.09314e+20  2.40409e+18  2.14957e+18  1.39174e+18
  300.00 -0.33267  9.90827e+19  9.88901e+19  9.93771e+19  2.41546e+18  2.14744e+18  1.23039e+18
  300.00 -0.30421  8.95278e+19  8.92977e+19  8.98312e+19  2.42551e+18  2.14468e+18  1.09043e+18
  300.00 -0.27575  8.03362e+19  8.00738e+19  8.06324e+19  2.42507e+18  2.13893e+18  9.94170e+17
  300.00 -0.24729  7.14653e+19  7.11831e+19  7.17311e+19  2.40215e+18  2.12285e+18  9.51896e+17
  300.00 -0.21884  6.28672e+19  6.25830e+19  6.30816e+19  2.34925e+18  2.09023e+18  9.57744e+17
  300.00 -0.19038  5.45325e+19  5.42652e+19  5.46853e+19  2.26576e+18  2.03795e+18  9.89027e+17
  300.00 -0.16192  4.65250e+19  4.62880e+19  4.66176e+19  2.15533e+18  1.96389e+18  1.00929e+18
  300.00 -0.13347  3.89520e+19  3.87451e+19  3.89920e+19  2.02204e+18  1.86489e+18  9.79092e+17
  300.00 -0.10501  3.19118e+19  3.17228e+19  3.19099e+19  1.86854e+18  1.73811e+18  8.78603e+17
  300.00 -0.07655  2.54909e+19  2.53069e+19  2.54595e+19  1.69217e+18  1.58051e+18  7.27749e+17
  300.00 -0.04810  1.97755e+19  1.95936e+19  1.97245e+19  1.48137e+18  1.38526e+18  5.77320e+17
  300.00 -0.01964  1.48368e+19  1.46685e+19  1.47742e+19  1.22918e+18  1.15079e+18  4.66712e+17
  300.00  0.00882  1.07323e+19  1.05964e+19  1.06690e+19  9.55706e+17  8.98462e+17  3.90122e+17
  300.00  0.03727  7.50087e+18  7.40906e+18  7.44971e+18  6.99918e+17  6.63839e+17  3.19387e+17
  300.00  0.06573  5.10601e+18  5.05540e+18  5.07412e+18  4.89403e+17  4.70006e+17  2.45239e+17
  300.00  0.09419  3.41784e+18  3.39570e+18  3.40306e+18  3.30883e+17  3.21881e+17  1.76254e+17
  300.00  0.12265  2.26668e+18  2.25934e+18  2.26194e+18  2.18117e+17  2.14399e+17  1.20225e+17
  300.00  0.15110  1.49690e+18  1.49522e+18  1.49608e+18  1.40539e+17  1.39117e+17  7.87457e+16
  300.00  0.17956  9.87774e+17  9.87448e+17  9.87730e+17  8.83899e+16  8.78666e+16  4.98223e+16
  300.00  0.20802  6.52997e+17  6.52637e+17  6.52728e+17  5.41376e+16  5.39457e+16  3.05462e+16
  300.00  0.23647  4.33379e+17  4.32802e+17  4.32831e+17  3.22351e+16  3.21631e+16  1.82108e+16
  300.00  0.26493  2.89316e+17  2.88668e+17  2.88678e+17  1.86488e+16  1.86205e+16  1.06161e+16
  300.00  0.29339  1.94821e+17  1.94248e+17  1.94252e+17  1.04992e+16  1.04874e+16  6.10893e+15
  300.00  0.32184  1.33168e+17  1.32743e+17  1.32745e+17  5.79260e+15  5.78735e+15  3.53131e+15
  300.00  0.35030  9.39024e+16  9.36337e+16  9.36351e+16  3.19961e+15  3.19713e+15  2.12756e+15
  300.00  0.37876  7.09252e+16  7.07819e+16  7.07830e+16  1.86793e+15  1.86671e+15  1.44490e+15
  300.00  0.40721  6.14826e+16  6.14077e+16  6.14085e+16  1.26936e+15  1.26875e+15  1.25168e+15
  300.00  0.43567  6.59668e+16  6.58711e+16  6.58717e+16  1.07933e+15  1.07901e+15  1.48646e+15
  300.00  0.46413  8.85932e+16  8.83312e+16  8.83317e+16  1.08289e+15  1.08273e+15  2.24370e+15
  300.00  0.49259  1.39191e+17  1.38514e+17  1.38514e+17  1.09819e+15  1.09812e+15  3.79817e+15
  300.00  0.52104  2.36529e+17  2.35012e+17  2.35012e+17  9.08662e+14  9.08646e+14  6.66805e+15
  300.00  0.54950  4.13730e+17  4.10667e+17  4.10668e+17  2.00150e+14  2.00157e+14  1.17127e+16
  300.00  0.57796  7.26226e+17  7.20487e+17  7.20488e+17 -1.49636e+15 -1.49636e+15  2.02563e+16
  300.00  0.60641  1.26199e+18  1.25186e+18  1.25186e+18 -4.86596e+15 -4.86604e+15  3.42369e+16
  300.00  0.63487  2.15213e+18  2.13523e+18  2.13523e+18 -1.09393e+16 -1.09396e+16  5.64259e+16
  300.00  0.66333  3.57744e+18  3.55087e+18  3.55088e+18 -2.14316e+16 -2.14323e+16  9.08245e+16
  300.00  0.69178  5.76335e+18  5.72450e+18  5.72451e+18 -3.91791e+16 -3.91805e+16  1.43112e+17
  300.00  0.72024  8.95345e+18  8.90184e+18  8.90185e+18 -6.71070e+16 -6.71094e+16  2.19761e+17
  300.00  0.74870  1.33560e+19  1.32962e+19  1.32963e+19 -1.03279e+17 -1.03282e+17  3.23329e+17
  300.00  0.77715  1.90919e+19  1.90354e+19  1.90354e+19 -1.36881e+17 -1.36886e+17  4.46958e+17
  300.00  0.80561  2.61923e+19  2.61577e+19  2.61578e+19 -1.55629e+17 -1.55636e+17  5.80300e+17
  300.00  0.83407  3.46357e+19  3.46498e+19  3.46498e+19 -1.55980e+17 -1.55989e+17  7.21742e+17
  300.00  0.86253  4.43710e+19  4.44667e+19  4.44667e+19 -1.39197e+17 -1.39207e+17  8.73654e+17
  300.00  0.89098  5.53337e+19  5.55431e+19  5.55431e+19 -1.04033e+17 -1.04045e+17  1.03063e+18
  300.00  0.91944  6.74809e+19  6.78297e+19  6.78298e+19 -5.05471e+16 -5.05630e+16  1.18182e+18
  300.00  0.94790  8.08144e+19  8.13162e+19  8.13162e+19  1.51952e+16  1.51753e+16  1.31898e+18
  300.00  0.97635  9.53678e+19  9.60173e+19  9.60173e+19  8.69034e+16  8.68789e+16  1.43492e+18
  300.00  1.00481  1.11181e+20  1.11950e+20  1.11950e+20  1.64662e+17  1.64633e+17  1.51934e+18
  300.00  1.03327  1.28266e+20  1.29106e+20  1.29106e+20  2.51483e+17  2.51449e+17  1.56274e+18
  300.00  1.06172  1.46598e+20  1.47450e+20  1.47450e+20  3.48870e+17  3.48832e+17  1.56024e+18
  300.00  1.09018  1.66144e+20  1.66953e+20  1.66953e+20  4.57119e+17  4.57077e+17  1.51102e+18
  300.00  1.11864  1.86894e+20  1.87614e+20  1.87614e+20  5.75080e+17  5.75036e+17  1.41933e+18
  300.00  1.14709  2.08856e+20  2.09458e+20  2.09458e+20  7.00004e+17  6.99959e+17  1.29416e+18
  300.00  1.17555  2.32054e+20  2.32529e+20  2.32529e+20  8.30587e+17  8.30543e+17  1.14487e+18
  300.00  1.20401  2.56509e+20  2.56866e+20  2.56866e+20  9.69511e+17  9.69469e+17  9.77800e+17
  300.00  1.23246  2.82218e+20  2.82480e+20  2.82480e+20  1.11872e+18  1.11869e+18  8.00389e+17
  300.00  1.26092  3.09147e+20  3.09346e+20  3.09346e+20  1.27636e+18  1.27633e+18  6.21903e+17
  300.00  1.28938  3.37251e+20  3.37416e+20  3.37416e+20  1.44091e+18  1.44089e+18  4.46128e+17
  300.00  1.31784  3.66484e+20  3.66637e+20  3.66637e+20  1.60682e+18  1.60680e+18  2.77243e+17
  300.00  1.34629  3.96779e+20  3.96935e+20  3.96935e+20  1.76197e+18  1.76196e+18  1.24285e+17
  300.00  1.37475  4.28041e+20  4.28209e+20  4.28209e+20  1.89355e+18  1.89354e+18 -4.55455e+15
  300.00  1.40321  4.60159e+20  4.60343e+20  4.60343e+20  1.99300e+18  1.99299e+18 -1.05247e+17
  300.00  1.43166  4.93017e+20  4.93223e+20  4.93224e+20  2.05654e+18  2.05652e+18 -1.76296e+17
  300.00  1.46012  5.26523e+20  5.26756e+20  5.26756e+20  2.08347e+18  2.08344e+18 -2.17615e+17
  300.00  1.48858  5.60619e+20  5.60879e+20  5.60879e+20  2.07562e+18  2.07559e+18 -2.31624e+17
  300.00  1.51703  5.95268e+20  5.95550e+20  5.95551e+20  2.03732e+18  2.03728e+18 -2.23829e+17
  300.00  1.54549  6.30436e+20  6.30736e+20  6.30736e+20  1.97524e+18  1.97518e+18 -2.01992e+17
  300.00  1.57395  6.66088e+20  6.66403e+20  6.66403e+20  1.89849e+18  1.89841e+18 -1.75385e+17
  300.00  1.60240  7.02192e+20  7.02523e+20  7.02523e+20  1.81759e+18  1.81750e+18 -1.54676e+17
  300.00  1.63086  7.38722e+20  7.39069e+20  7.39069e+20  1.74196e+18  1.74187e+18 -1.50985e+17
  300.00  1.65932  7.75639e+20  7.76009e+20  7.76008e+20  1.67760e+18  1.67751e+18 -1.73333e+17
  300.00  1.68778  8.12900e+20  8.13297e+20  8.13296e+20  1.62611e+18  1.62603e+18 -2.25920e+17
  300.00  1.71623  8.50463e+20  8.50892e+20  8.50892e+20  1.58492e+18  1.58485e+18 -3.07033e+17
  300.00  1.74469  8.88300e+20  8.88767e+20  8.88766e+20  1.54792e+18  1.54788e+18 -4.09750e+17
  300.00  1.77315  9.26402e+20  9.26908e+20  9.26908e+20  1.50657e+18  1.50656e+18 -5.23483e+17
  300.00  1.80160  9.64779e+20  9.65320e+20  9.65320e+20  1.45131e+18  1.45134e+18 -6.35693e+17
  300.00  1.83006  1.00346e+21  1.00403e+21  1.00403e+21  1.37340e+18  1.37346e+18 -7.33736e+17
  300.00  1.85852  1.04252e+21  1.04310e+21  1.04310e+21  1.26681e+18  1.26690e+18 -8.06727e+17
  300.00  1.88697  1.08201e+21  1.08258e+21  1.08258e+21  1.12971e+18  1.12983e+18 -8.47177e+17
  300.00  1.91543  1.12193e+21  1.12250e+21  1.12250e+21  9.64751e+17  9.64902e+17 -8.52345e+17
  300.00  1.94389  1.16213e+21  1.16268e+21  1.16268e+21  7.76885e+17  7.77063e+17 -8.24993e+17
  300.00  1.97234  1.20216e+21  1.20270e+21  1.20270e+21  5.69927e+17  5.70127e+17 -7.72100e+17
  300.00  2.00080  1.24136e+21  1.24189e+21  1.24188e+21  3.46329e+17  3.46543e+17 -7.01042e+17
  300.00  2.02926  1.27895e+21  1.27944e+21  1.27944e+21  1.14549e+17  1.14760e+17 -6.18046e+17
  300.00  2.05772  1.31427e+21  1.31473e+21  1.31473e+21 -1.02098e+17 -1.01920e+17 -5.32935e+17
  300.00  2.08617  1.34697e+21  1.34738e+21  1.34737e+21 -2.73092e+17 -2.72987e+17 -4.57872e+17
  300.00  2.11463  1.37689e+21  1.37727e+21  1.37727e+21 -3.89282e+17 -3.89290e+17 -3.89277e+17
  300.00  2.14309  1.40398e+21  1.40433e+21  1.40433e+21 -4.78437e+17 -4.78583e+17 -3.01931e+17
  300.00  2.17154  1.42808e+21  1.42840e+21  1.42840e+21 -5.79494e+17 -5.79784e+17 -1.74617e+17
  300.00  2.20000  1.44899e+21  1.44928e+21  1.44927e+21 -7.11790e+17 -7.12221e+17 -3.85899e+15
