0.00001 8.211531751931529e-09
0.01250 1.026445692167453e-05
0.02500 2.052916724646917e-05
0.03750 3.079438443950373e-05
0.05000 4.106036208994138e-05
0.06250 5.132735397313637e-05
0.07500 6.159561411292011e-05
0.08750 7.186539684408273e-05
0.10000 8.213695687510025e-05
0.11250 9.241054935115410e-05
0.12500 1.026864299174830e-04
0.13750 1.129648547831421e-04
0.15000 1.232460807851922e-04
0.16250 1.335303654533878e-04
0.17500 1.438179670754152e-04
0.18750 1.541091447627267e-04
0.20000 1.644041585170205e-04
0.21250 1.747032692974433e-04
0.22500 1.850067390885507e-04
0.23750 1.953148309690715e-04
0.25000 2.056278091815856e-04
0.26250 2.159459392031009e-04
0.27500 2.262694878166636e-04
0.28750 2.365987231840039e-04
0.30000 2.469339149193097e-04
0.31250 2.572753341642174e-04
0.32500 2.676232536640228e-04
0.33750 2.779779478452356e-04
0.35000 2.883396928945569e-04
0.36250 2.987087668392660e-04
0.37500 3.090854496292274e-04
0.38750 3.194700232204592e-04
0.40000 3.298627716604730e-04
0.41250 3.402639811753233e-04
0.42500 3.506739402586247e-04
0.43750 3.610929397624487e-04
0.45000 3.715212729903263e-04
0.46250 3.819592357923962e-04
0.47500 3.924071266628059e-04
0.48750 4.028652468394488e-04
0.50000 4.133339004061831e-04
0.51250 4.238133943976244e-04
0.52500 4.343040389066109e-04
0.53750 4.448061471944922e-04
0.55000 4.553200358043582e-04
0.56250 4.658460246772769e-04
0.57500 4.763844372718090e-04
0.58750 4.869356006868108e-04
0.60000 4.974998457877186e-04
0.61250 5.080775073365179e-04
0.62500 5.186689241254644e-04
0.63750 5.292744391147768e-04
0.65000 5.398943995744937e-04
0.66250 5.505291572306173e-04
0.67500 5.611790684158318e-04
0.68750 5.718444942248201e-04
0.70000 5.825258006746101e-04
0.71250 5.932233588700144e-04
0.72500 6.039375451743732e-04
0.73750 6.146687413860441e-04
0.75000 6.254173349205444e-04
0.76250 6.361837189989909e-04
0.77500 6.469682928428119e-04
0.78750 6.577714618751642e-04
0.80000 6.685936379293446e-04
0.81250 6.794352394644621e-04
0.82500 6.902966917887454e-04
0.83750 7.011784272908415e-04
0.85000 7.120808856794265e-04
0.86250 7.230045142315612e-04
0.87500 7.339497680501674e-04
0.88750 7.449171103310690e-04
0.90000 7.559070126400536e-04
0.91250 7.669199552003625e-04
0.92500 7.779564271912512e-04
0.93750 7.890169270579120e-04
0.95000 8.001019628336428e-04
0.96250 8.112120524744157e-04
0.97500 8.223477242069529e-04
0.98750 8.335095168904838e-04
1.00000 8.446979803932265e-04
1.01250 8.559136759841088e-04
1.02500 8.671571767406106e-04
1.03750 8.784290679734209e-04
1.05000 8.897299476689233e-04
1.06250 9.010604269502063e-04
1.07500 9.124211305577671e-04
1.08750 9.238126973507190e-04
1.10000 9.352357808298977e-04
1.11250 9.466910496834008e-04
1.12500 9.581791883565196e-04
1.13750 9.697008976468165e-04
1.15000 9.812568953258046e-04
1.16250 9.928479167888140e-04
1.17500 1.004474715734394e-03
1.18750 1.016138064875154e-03
1.20000 1.027838756681324e-03
1.21250 1.039577604159272e-03
1.22500 1.051355441666867e-03
1.23750 1.063173125767559e-03
1.25000 1.075031536125617e-03
1.26250 1.086931576444840e-03
1.27500 1.098874175453181e-03
1.28750 1.110860287936076e-03
1.30000 1.122890895821389e-03
1.31250 1.134967009318844e-03
1.32500 1.147089668117532e-03
1.33750 1.159259942644729e-03
1.35000 1.171478935390042e-03
1.36250 1.183747782298630e-03
1.37500 1.196067654238198e-03
1.38750 1.208439758544020e-03
1.40000 1.220865340647206e-03
1.41250 1.233345685791517e-03
1.42500 1.245882120844423e-03
1.43750 1.258476016208568e-03
1.45000 1.271128787840480e-03
1.46250 1.283841899383256e-03
1.47500 1.296616864421617e-03
1.48750 1.309455248866850e-03
1.50000 1.322358673481343e-03
1.51250 1.335328816551920e-03
1.52500 1.348367416722746e-03
1.53750 1.361476275999060e-03
1.55000 1.374657262934100e-03
1.56250 1.387912316012312e-03
1.57500 1.401243447243744e-03
1.58750 1.414652745984908e-03
1.60000 1.428142383003392e-03
1.61250 1.441714614804908e-03
1.62500 1.455371788242526e-03
1.63750 1.469116345430852e-03
1.65000 1.482950828988675e-03
1.66250 1.496877887636412e-03
1.67500 1.510900282177458e-03
1.68750 1.525020891894615e-03
1.70000 1.539242721396130e-03
1.71250 1.553568907949277e-03
1.72500 1.568002729343124e-03
1.73750 1.582547612326189e-03
1.75000 1.597207141669423e-03
1.76250 1.611985069910038e-03
1.77500 1.626885327837906e-03
1.78750 1.641912035792114e-03
1.80000 1.657069515842957e-03
1.81250 1.672362304943290e-03
1.82500 1.687795169141491e-03
1.83750 1.703373118959337e-03
1.85000 1.719101426050208e-03
1.86250 1.734985641265542e-03
1.87500 1.751031614273691e-03
1.88750 1.767245514891978e-03
1.90000 1.783633856312649e-03
1.91250 1.800203520426281e-03
1.92500 1.816961785471826e-03
1.93750 1.833916356271707e-03
1.95000 1.851075397346115e-03
1.96250 1.868447569237905e-03
1.97500 1.886042068427146e-03
1.98750 1.903868671266159e-03
2.00000 1.921937782428146e-03
2.01250 1.940260488434425e-03
2.02500 1.958848616909581e-03
2.03750 1.977714802313144e-03
2.05000 1.996872559013401e-03
2.06250 2.016336362707366e-03
2.07500 2.036121741355624e-03
2.08750 2.056245376996810e-03
2.10000 2.076725220042054e-03
2.11250 2.097580617932612e-03
2.12500 2.118832460385887e-03
2.13750 2.140503343871553e-03
2.15000 2.162617758466104e-03
2.16250 2.185202300858677e-03
2.17500 2.208285918050130e-03
2.18750 2.231900187244383e-03
2.20000 2.256079638626647e-03
2.21250 2.280862129229742e-03
2.22500 2.306289277999913e-03
2.23750 2.332406974614064e-03
2.25000 2.359265977748392e-03
2.26250 2.386922622589550e-03
2.27500 2.415439662752152e-03
2.28750 2.444887278893178e-03
2.30000 2.475344295875752e-03
2.31250 2.506899663318446e-03
2.32500 2.539654272240166e-03
2.33750 2.573723205477325e-03
2.35000 2.609238555009492e-03
2.36250 2.646352990635131e-03
2.37500 2.685244340252798e-03
2.38750 2.726121556810570e-03
2.40000 2.769232625883803e-03
2.41250 2.814875256325424e-03
2.42500 2.863411681450483e-03
2.43750 2.915289757178871e-03
2.45000 2.971074168723019e-03
2.46250 3.031494907502548e-03
2.47500 3.097527913077544e-03
2.48750 3.170543548432580e-03
2.50000 3.252627190811640e-03
2.51250 3.347478722994225e-03
2.52500 3.464335585835786e-03
2.53750 3.654167899390962e-03
2.55000 4.162659214797092e-03
2.56250 4.170929842328874e-03
2.57500 4.605131371452357e-03
2.58750 5.161406471723261e-03
2.60000 5.655714768242693e-03
2.61250 5.695958893841193e-03
2.62500 6.108371122287058e-03
2.63750 8.084896649198961e-03
2.65000 9.164661985465811e-03
2.66250 9.669512629081946e-03
2.67500 1.072997674631251e-02
2.68750 1.225094014006886e-02
2.70000 1.353887494889528e-02
2.71250 1.395910690836966e-02
2.72500 1.397799720032126e-02
2.73750 1.398040229240589e-02
2.75000 1.396358926002570e-02
2.76250 1.382912447446693e-02
2.77500 1.369036940251613e-02
2.78750 1.375299448325993e-02
2.80000 1.401593957149934e-02
2.81250 1.422391426496653e-02
2.82500 1.456035668067144e-02
2.83750 1.509807145282005e-02
2.85000 1.559592454651187e-02
2.86250 1.604649386570627e-02
2.87500 1.629416184283630e-02
2.88750 1.645368887472362e-02
2.90000 1.669821841658710e-02
2.91250 1.726530355641509e-02
2.92500 1.761093485861902e-02
2.93750 1.765587192996626e-02
2.95000 1.766086606914975e-02
2.96250 1.781895036689943e-02
2.97500 1.780256295898363e-02
2.98750 1.785506517654081e-02
3.00000 1.811160467457162e-02
3.01250 1.833995292177312e-02
3.02500 1.831456640109002e-02
3.03750 1.838610630618947e-02
3.05000 1.874276691497610e-02
3.06250 1.875794979289465e-02
3.07500 1.867935701793782e-02
3.08750 1.871117692637639e-02
3.10000 1.880757014754822e-02
3.11250 1.909085708945526e-02
3.12500 1.895599524317248e-02
3.13750 1.887259967575948e-02
3.15000 1.896537370624196e-02
3.16250 1.890178690709347e-02
3.17500 1.878901075621163e-02
3.18750 1.870995998781757e-02
3.20000 1.875120762744516e-02
3.21250 1.885781923788590e-02
3.22500 1.891247470132787e-02
3.23750 1.894549646043946e-02
3.25000 1.897950728652260e-02
3.26250 1.903269805878138e-02
3.27500 1.914136183951909e-02
3.28750 1.929668715676795e-02
3.30000 1.938269904073097e-02
3.31250 1.938909034933931e-02
3.32500 1.935246961998209e-02
3.33750 1.931275761990195e-02
3.35000 1.933865127577865e-02
3.36250 1.941324092262849e-02
3.37500 1.936446327992936e-02
3.38750 1.918661999573868e-02
3.40000 1.894494704094477e-02
3.41250 1.867866167827644e-02
3.42500 1.840313490338607e-02
3.43750 1.812951363768419e-02
3.45000 1.784339938311567e-02
3.46250 1.752053250909588e-02
3.47500 1.715262638362391e-02
3.48750 1.669556985145444e-02
3.50000 1.616091185553555e-02
3.51250 1.566343669209708e-02
3.52500 1.525123713427240e-02
3.53750 1.474694914297365e-02
3.55000 1.396877754031454e-02
3.56250 1.480549067404427e-02
3.57500 1.497428416622955e-02
3.58750 1.490712115617126e-02
3.60000 1.500056766800453e-02
3.61250 1.506355296718156e-02
3.62500 1.503036252248754e-02
3.63750 1.515234735389016e-02
3.65000 1.528832202597274e-02
3.66250 1.464889402925527e-02
3.67500 1.480967791082823e-02
3.68750 1.417183967794091e-02
3.70000 1.329755016683239e-02
3.71250 1.340931269596490e-02
3.72500 1.213513561775364e-02
3.73750 1.170119946641476e-02
3.75000 1.382345578970155e-02
3.76250 1.522411190041615e-02
3.77500 1.559219197209163e-02
3.78750 1.595920604502410e-02
3.80000 1.606584345172745e-02
3.81250 1.588542057090923e-02
3.82500 1.700924912932515e-02
3.83750 1.743380824447360e-02
3.85000 1.770609280442614e-02
3.86250 1.798616169105214e-02
3.87500 1.834282890939124e-02
3.88750 1.880765163514871e-02
3.90000 1.938756498437621e-02
3.91250 2.007082808804792e-02
3.92500 2.083348953939445e-02
3.93750 2.164591751992321e-02
3.95000 2.247720969760511e-02
3.96250 2.330335052856176e-02
3.97500 2.411651958591256e-02
3.98750 2.491923753056050e-02
4.00000 2.570835727505603e-02
4.01250 2.646935652598817e-02
4.02500 2.717954482223062e-02
4.03750 2.781444605679306e-02
4.05000 2.835588649600055e-02
4.06250 2.879920107729175e-02
4.07500 2.915458685534129e-02
4.08750 2.943885136712089e-02
4.10000 2.966421378828751e-02
4.11250 2.983755830843371e-02
4.12500 2.997059368834285e-02
4.13750 3.008614082420496e-02
4.15000 3.021371421146113e-02
4.16250 3.038346434644742e-02
4.17500 3.061602136367464e-02
4.18750 3.091131991584564e-02
4.20000 3.125368634785472e-02
4.21250 3.162611237263669e-02
4.22500 3.202074317565081e-02
4.23750 3.243563432032558e-02
4.25000 3.286218804286634e-02
4.26250 3.329702774040544e-02
4.27500 3.374797511837058e-02
4.28750 3.422672952653472e-02
4.30000 3.479073080138673e-02
4.31250 3.549279121293482e-02
4.32500 3.629108360018066e-02
4.33750 3.710072247449688e-02
4.35000 3.787241611234029e-02
4.36250 3.867966072428593e-02
4.37500 3.947753702006947e-02
4.38750 4.001065239511734e-02
4.40000 4.044146193837208e-02
4.41250 4.094993078526649e-02
4.42500 4.142379412577518e-02
4.43750 4.189588240345686e-02
4.45000 4.190917282555816e-02
4.46250 4.200029792547010e-02
4.47500 4.205833173597281e-02
4.48750 4.231229217746772e-02
4.50000 4.214014129185617e-02
4.51250 4.005206411481936e-02
4.52500 3.607581287492070e-02
4.53750 2.955753212059265e-02
4.55000 3.175293570038916e-02
4.56250 3.243937155425849e-02
4.57500 3.308543474807395e-02
4.58750 3.374114350304255e-02
4.60000 3.431658169647692e-02
4.61250 3.474878770445840e-02
4.62500 3.515716379426959e-02
4.63750 3.561597626381875e-02
4.65000 3.604492835663262e-02
4.66250 3.639588115355140e-02
4.67500 3.666676627775824e-02
4.68750 3.686786591573699e-02
4.70000 3.701670754948755e-02
4.71250 3.713168329055357e-02
4.72500 3.722457183022569e-02
4.73750 3.730214207328551e-02
4.75000 3.737301675772389e-02
4.76250 3.745189452140948e-02
4.77500 3.755757551073270e-02
4.78750 3.770645664499272e-02
4.80000 3.790707897199471e-02
4.81250 3.815813827617191e-02
4.82500 3.844995919636827e-02
4.83750 3.877060043133222e-02
4.85000 3.911287655571595e-02
4.86250 3.947529214906093e-02
4.87500 3.985655019230364e-02
4.88750 4.025174267800925e-02
4.90000 4.065527956434312e-02
4.91250 4.106459343500436e-02
4.92500 4.147744959283594e-02
4.93750 4.188843797565472e-02
4.95000 4.229360778767385e-02
4.96250 4.269680004584294e-02
4.97500 4.310666451177617e-02
4.98750 4.353042232258258e-02
5.00000 4.397422558934932e-02
5.01250 4.444182432987703e-02
5.02500 4.492402736184331e-02
5.03750 4.539718572123968e-02
5.05000 4.585248175081597e-02
5.06250 4.631413543446945e-02
5.07500 4.680000936115042e-02
5.08750 4.730249581555233e-02
5.10000 4.779854384469107e-02
5.11250 4.820453706106348e-02
5.12500 4.803246764568588e-02
5.13750 4.729807982468782e-02
5.15000 4.708950107418709e-02
5.16250 4.708119278399732e-02
5.17500 4.723945284786313e-02
5.18750 4.746808307245541e-02
5.20000 4.771419717449963e-02
5.21250 4.797212165925362e-02
5.22500 4.823510331935117e-02
5.23750 4.848479127814261e-02
5.25000 4.869335203982026e-02
5.26250 4.881965758796945e-02
5.27500 4.881290388378647e-02
5.28750 4.862368508599316e-02
5.30000 4.829051060705331e-02
5.31250 4.799632664627375e-02
5.32500 4.785391978907429e-02
5.33750 4.781832346892784e-02
5.35000 4.780150445646550e-02
5.36250 4.782713902940051e-02
5.37500 4.797226443200555e-02
5.38750 4.814546400520702e-02
5.40000 4.821753052530595e-02
5.41250 4.824564538479348e-02
5.42500 4.838373886072336e-02
5.43750 4.862629999343932e-02
5.45000 4.890937423708866e-02
5.46250 4.919525811316387e-02
5.47500 4.947146635785571e-02
5.48750 4.974198132401842e-02
5.50000 5.002233193007360e-02
5.51250 5.033930412116545e-02
5.52500 5.071989486668741e-02
5.53750 5.117264786900973e-02
5.55000 5.167067820842927e-02
5.56250 5.202571525255768e-02
5.57500 5.199044355726517e-02
5.58750 5.199526134797387e-02
5.60000 5.202226955119613e-02
5.61250 5.209001079189867e-02
5.62500 5.224154453454514e-02
5.63750 5.244049785203307e-02
5.65000 5.262346377935084e-02
5.66250 5.272877262042858e-02
5.67500 5.274681700931170e-02
5.68750 5.274321525428640e-02
5.70000 5.280381989833501e-02
5.71250 5.297978934365930e-02
5.72500 5.328185395317177e-02
5.73750 5.369561501418325e-02
5.75000 5.419461624491329e-02
5.76250 5.474931654675935e-02
5.77500 5.533358634492479e-02
5.78750 5.592789483174754e-02
5.80000 5.652164702560694e-02
5.81250 5.711647263996928e-02
5.82500 5.772279985660207e-02
5.83750 5.834748039091090e-02
5.85000 5.898584044114903e-02
5.86250 5.962339837629559e-02
5.87500 6.024106346585773e-02
5.88750 6.082120471401608e-02
5.90000 6.135444162201122e-02
5.91250 6.184227429645761e-02
5.92500 6.229142963203099e-02
5.93750 6.270640304125857e-02
5.95000 6.308795912725722e-02
5.96250 6.343758953894653e-02
5.97500 6.376166326873922e-02
5.98750 6.406735145429365e-02
6.00000 6.435478107748287e-02
6.01250 6.461642998701540e-02
6.02500 6.484300914574531e-02
6.03750 6.502900873374247e-02
6.05000 6.517527111727520e-02
6.06250 6.528770299049592e-02
6.07500 6.537232007547596e-02
6.08750 6.543425559129568e-02
6.10000 6.547809422505116e-02
6.11250 6.551048737241910e-02
6.12500 6.554934134590484e-02
6.13750 6.557108476616877e-02
6.15000 6.561954848459080e-02
6.16250 6.568219130528549e-02
6.17500 6.575510331855386e-02
6.18750 6.584225664867001e-02
6.20000 6.594903926886642e-02
6.21250 6.608155896011553e-02
6.22500 6.624590142358468e-02
6.23750 6.644734515482771e-02
6.25000 6.668956451084949e-02
6.26250 6.697414948512602e-02
6.27500 6.730054648798117e-02
6.28750 6.766614415608985e-02
6.30000 6.806629501613626e-02
6.31250 6.849453588537704e-02
6.32500 6.894360918159698e-02
6.33750 6.940766476098134e-02
6.35000 6.988502324651372e-02
6.36250 7.037961921021985e-02
6.37500 7.089951702080105e-02
6.38750 7.145334584109152e-02
6.40000 7.204721477349484e-02
6.41250 7.268355510153694e-02
6.42500 7.336156198317208e-02
6.43750 7.407830034133712e-02
6.45000 7.482992058992465e-02
6.46250 7.561346044085195e-02
6.47500 7.642893860148738e-02
6.48750 7.727970783321411e-02
6.50000 7.817013158263919e-02
6.51250 7.910237934911578e-02
6.52500 8.007511007829275e-02
6.53750 8.108554696603762e-02
6.55000 8.213441555834659e-02
6.56250 8.323083613603525e-02
6.57500 8.439345637966925e-02
6.58750 8.564777252821516e-02
6.60000 8.702209025676845e-02
6.61250 8.853203947907100e-02
6.62500 9.009908201561198e-02
6.63750 9.127627143530687e-02
6.65000 9.126261860883325e-02
6.66250 9.090033366500468e-02
6.67500 9.142760642786929e-02
6.68750 9.252121618829863e-02
6.70000 9.375507568183340e-02
6.71250 9.492531512493772e-02
6.72500 9.588387780006455e-02
6.73750 9.650885770673832e-02
6.75000 9.680219665850644e-02
6.76250 9.694607937518047e-02
6.77500 9.716123132646325e-02
6.78750 9.753062784367454e-02
6.80000 9.800046727523479e-02
6.81250 9.848019647260560e-02
6.82500 9.890776035111855e-02
6.83750 9.926355768267087e-02
6.85000 9.956235300222992e-02
6.86250 9.983559033161361e-02
6.87500 1.000952826124218e-01
6.88750 1.003044646292430e-01
6.90000 1.004068256749847e-01
6.91250 1.004063748234733e-01
6.92500 1.003912143796734e-01
6.93750 1.004558765758973e-01
6.95000 1.006428281287326e-01
6.96250 1.009510111606301e-01
6.97500 1.013528203627276e-01
6.98750 1.018054120030188e-01
7.00000 1.022738716560645e-01
7.01250 1.027540830805762e-01
7.02500 1.032602833910981e-01
7.03750 1.037844280396579e-01
7.05000 1.042774426964461e-01
7.06250 1.046805538403955e-01
7.07500 1.049949652762386e-01
7.08750 1.053196248582390e-01
7.10000 1.058000628830601e-01
7.11250 1.065618253400495e-01
7.12500 1.077158659882364e-01
7.13750 1.095051716485435e-01
7.15000 1.126073034664342e-01
7.16250 1.097141973506123e-01
7.17500 1.092252308453629e-01
7.18750 1.106334361138629e-01
7.20000 1.115017798100013e-01
7.21250 1.120206045777951e-01
7.22500 1.125046689963807e-01
7.23750 1.130265338463155e-01
7.25000 1.136721027016436e-01
7.26250 1.144979550328958e-01
7.27500 1.154336124897423e-01
7.28750 1.163830304291670e-01
7.30000 1.172598868973274e-01
7.31250 1.181960257188591e-01
7.32500 1.192181186774022e-01
7.33750 1.202739531783978e-01
7.35000 1.213145511784280e-01
7.36250 1.222249753212779e-01
7.37500 1.230681149965609e-01
7.38750 1.241001763927511e-01
7.40000 1.252335263044356e-01
7.41250 1.263422103302788e-01
7.42500 1.273130715405233e-01
7.43750 1.282385265105049e-01
7.45000 1.292825038753290e-01
7.46250 1.304601111047427e-01
7.47500 1.316950082249595e-01
7.48750 1.328761605945762e-01
7.50000 1.339031218155071e-01
7.51250 1.346287386161510e-01
7.52500 1.350335409150605e-01
7.53750 1.355644506927959e-01
7.55000 1.363797686290329e-01
7.56250 1.373846835648755e-01
7.57500 1.386082016771610e-01
7.58750 1.400396236005208e-01
7.60000 1.415916091221296e-01
7.61250 1.427458236136203e-01
7.62500 1.431826619316635e-01
7.63750 1.448301260988869e-01
7.65000 1.466014753982477e-01
7.66250 1.444135241441841e-01
7.67500 1.452573326186650e-01
7.68750 1.454274478744887e-01
7.70000 1.448092757314221e-01
7.71250 1.454132579780651e-01
7.72500 1.455716292585484e-01
7.73750 1.467959101272416e-01
7.75000 1.479879483776718e-01
7.76250 1.491789263643425e-01
7.77500 1.503843166896299e-01
7.78750 1.515517401778474e-01
7.80000 1.526003556299255e-01
7.81250 1.534618220661450e-01
7.82500 1.541363954013526e-01
7.83750 1.547558048524756e-01
7.85000 1.554370557539616e-01
7.86250 1.561665677210393e-01
7.87500 1.569150039994625e-01
7.88750 1.576983519353954e-01
7.90000 1.585625455601432e-01
7.91250 1.595522261366270e-01
7.92500 1.606940517898146e-01
7.93750 1.619982239639162e-01
7.95000 1.634636685457926e-01
7.96250 1.650801017294318e-01
7.97500 1.668306794277162e-01
7.98750 1.686890771562073e-01
8.00000 1.706225336087295e-01
8.01250 1.725981657486308e-01
8.02500 1.745896334227758e-01
8.03750 1.765816903328807e-01
8.05000 1.785678379552480e-01
8.06250 1.805440717639877e-01
8.07500 1.824980460041552e-01
8.08750 1.844125310486190e-01
8.10000 1.862932831030677e-01
8.11250 1.881695203848749e-01
8.12500 1.900470883543706e-01
8.13750 1.919113973602473e-01
8.15000 1.937482980662824e-01
8.16250 1.955482794385278e-01
8.17500 1.973058502580090e-01
8.18750 1.990239185704528e-01
8.20000 2.007269728683682e-01
8.21250 2.024511080690013e-01
8.22500 2.042029042970310e-01
8.23750 2.059568788273189e-01
8.25000 2.076996045829676e-01
8.26250 2.094501722976400e-01
8.27500 2.112076664988991e-01
8.28750 2.129366940075474e-01
8.30000 2.145710940310018e-01
8.31250 2.161463343327868e-01
8.32500 2.178108649763261e-01
8.33750 2.194419354068334e-01
8.35000 2.205962033328416e-01
8.36250 2.220727125323645e-01
8.37500 2.234974622260817e-01
8.38750 2.251540113574837e-01
8.40000 2.268391588813430e-01
8.41250 2.284984200466666e-01
8.42500 2.303042397397794e-01
8.43750 2.321090320959966e-01
8.45000 2.331770771203015e-01
8.46250 2.332035239663952e-01
8.47500 2.341542731784551e-01
8.48750 2.354299022177992e-01
8.50000 2.368956511075889e-01
8.51250 2.384075394471040e-01
8.52500 2.399533689409755e-01
8.53750 2.415409970331873e-01
8.55000 2.431923568395785e-01
8.56250 2.449940119368709e-01
8.57500 2.469266848681477e-01
8.58750 2.489495311462255e-01
8.60000 2.510298088805660e-01
8.61250 2.531514307349878e-01
8.62500 2.553524693934393e-01
8.63750 2.576806963740963e-01
8.65000 2.601526064832415e-01
8.66250 2.628754563534648e-01
8.67500 2.660146182274977e-01
8.68750 2.692105921261768e-01
8.70000 2.705161599930503e-01
8.71250 2.735410186654134e-01
8.72500 2.770679079724805e-01
8.73750 2.806802728008192e-01
8.75000 2.843449101125496e-01
8.76250 2.880489262572330e-01
8.77500 2.917810400656396e-01
8.78750 2.955320763995244e-01
8.80000 2.992941957950007e-01
8.81250 3.030437025101171e-01
8.82500 3.066511719113259e-01
8.83750 3.102614719732313e-01
8.85000 3.139180462313553e-01
8.86250 3.176246573964476e-01
8.87500 3.214048810119251e-01
8.88750 3.252513898831766e-01
8.90000 3.291352514644293e-01
8.91250 3.330538767978945e-01
8.92500 3.370279045936417e-01
8.93750 3.410976320054183e-01
8.95000 3.452977100662389e-01
8.96250 3.496127792848572e-01
8.97500 3.540006109242093e-01
8.98750 3.584915507629982e-01
9.00000 3.631401743455299e-01
9.01250 3.679348192494201e-01
9.02500 3.728655209790883e-01
9.03750 3.779207129440765e-01
9.05000 3.830698222253127e-01
9.06250 3.882644354674964e-01
9.07500 3.934401984860728e-01
9.08750 3.985417997574782e-01
9.10000 4.035466213180111e-01
9.11250 4.084678552171936e-01
9.12500 4.133571506148975e-01
9.13750 4.182111465415023e-01
9.15000 4.229902990488149e-01
9.16250 4.276958191085319e-01
9.17500 4.323580742048631e-01
9.18750 4.370010987364636e-01
9.20000 4.416359742277992e-01
9.21250 4.462709999267676e-01
9.22500 4.509115531594684e-01
9.23750 4.555548514406044e-01
9.25000 4.601965829460923e-01
9.26250 4.648392388501746e-01
9.27500 4.694959337817092e-01
9.28750 4.741907833531251e-01
9.30000 4.789558042571939e-01
9.31250 4.838222711785907e-01
9.32500 4.888138677718489e-01
9.33750 4.939548275306546e-01
9.35000 4.992794263555012e-01
9.36250 5.048241243452720e-01
9.37500 5.106148700276660e-01
9.38750 5.166620608907145e-01
9.40000 5.229643236382807e-01
9.41250 5.295309252171394e-01
9.42500 5.364031777841811e-01
9.43750 5.436171547173270e-01
9.45000 5.511587474226859e-01
9.46250 5.589831671909282e-01
9.47500 5.670512389218418e-01
9.48750 5.753538910708440e-01
9.50000 5.839207852023162e-01
9.51250 5.927964229924187e-01
9.52500 6.019992664422965e-01
9.53750 6.115105650779740e-01
9.55000 6.212962776056277e-01
9.56250 6.312946502924119e-01
9.57500 6.412205929248185e-01
9.58750 6.504097180952736e-01
9.60000 6.595910196865110e-01
9.61250 6.694113152277859e-01
9.62500 6.791433538796928e-01
9.63750 6.899257072641567e-01
9.65000 7.007354882901939e-01
9.66250 7.112887816564895e-01
9.67500 7.214569864479866e-01
9.68750 7.322611998956013e-01
9.70000 7.434564688078137e-01
9.71250 7.548110766252855e-01
9.72500 7.662082592606149e-01
9.73750 7.775997007385982e-01
9.75000 7.889563732158175e-01
9.76250 8.002477774480519e-01
9.77500 8.114451705745038e-01
9.78750 8.225315521981523e-01
9.80000 8.335062973273460e-01
9.81250 8.443836431012250e-01
9.82500 8.551794725777506e-01
9.83750 8.658740115068929e-01
9.85000 8.762936189028401e-01
9.86250 8.860255506385385e-01
9.87500 8.958179740301399e-01
9.88750 9.058554871293846e-01
9.90000 9.157895696974625e-01
9.91250 9.254086703404997e-01
9.92500 9.347474473845464e-01
9.93750 9.438752440311386e-01
9.95000 9.528532298665199e-01
9.96250 9.617167501264897e-01
9.97500 9.704799383183172e-01
9.98750 9.791506101211519e-01
10.00000 9.877548968564765e-01
