0.00001 8.211372915807302e-09
0.01250 1.026425836623902e-05
0.02500 2.052877007391145e-05
0.03750 3.079378852642184e-05
0.05000 4.105956725116414e-05
0.06250 5.132635996163843e-05
0.07500 6.159442061971174e-05
0.08750 7.186400349807206e-05
0.10000 8.213536324292234e-05
0.11250 9.240875493697941e-05
0.12500 1.026844341627912e-04
0.13750 1.129626570664687e-04
0.15000 1.232436804218500e-04
0.16250 1.335277616951542e-04
0.17500 1.438151591101919e-04
0.18750 1.541061317141686e-04
0.20000 1.644009394441405e-04
0.21250 1.746998431941752e-04
0.22500 1.850031048832879e-04
0.23750 1.953109875241816e-04
0.25000 2.056237552928748e-04
0.26250 2.159416735992651e-04
0.27500 2.262650091586912e-04
0.28750 2.365940300645565e-04
0.30000 2.469290058620607e-04
0.31250 2.572702076231642e-04
0.32500 2.676179080227485e-04
0.33750 2.779723814161593e-04
0.35000 2.883339039181082e-04
0.36250 2.987027534830644e-04
0.37500 3.090792099872018e-04
0.38750 3.194635553119234e-04
0.40000 3.298560734291650e-04
0.41250 3.402570504884248e-04
0.42500 3.506667749056812e-04
0.43750 3.610855374543100e-04
0.45000 3.715136313580064e-04
0.46250 3.819513523859021e-04
0.47500 3.923989989498946e-04
0.48750 4.028568722043705e-04
0.50000 4.133252761483432e-04
0.51250 4.238045177302186e-04
0.52500 4.342949069551901e-04
0.53750 4.447967569954757e-04
0.55000 4.553103843034815e-04
0.56250 4.658361087280202e-04
0.57500 4.763742536337100e-04
0.58750 4.869251460237559e-04
0.60000 4.974891166661625e-04
0.61250 5.080665002236086e-04
0.62500 5.186576353871380e-04
0.63750 5.292628650137721e-04
0.65000 5.398825362682656e-04
0.66250 5.505170007692189e-04
0.67500 5.611666147396630e-04
0.68750 5.718317391623573e-04
0.70000 5.825127399400061e-04
0.71250 5.932099880606132e-04
0.72500 6.039238597681844e-04
0.73750 6.146547367390163e-04
0.75000 6.254030062638847e-04
0.76250 6.361690614362502e-04
0.77500 6.469533013469416e-04
0.78750 6.577561312854495e-04
0.80000 6.685779629482029e-04
0.81250 6.794192146541544e-04
0.82500 6.902803115679414e-04
0.83750 7.011616859310276e-04
0.85000 7.120637773012794e-04
0.86250 7.229870328010764e-04
0.87500 7.339319073746714e-04
0.88750 7.448988640551578e-04
0.90000 7.558883742412238e-04
0.91250 7.669009179846321e-04
0.92500 7.779369842885021e-04
0.93750 7.889970714171382e-04
0.95000 8.000816872178775e-04
0.96250 8.111913494556909e-04
0.97500 8.223265861607850e-04
0.98750 8.334879359903434e-04
1.00000 8.446759486047202e-04
1.01250 8.558911850589328e-04
1.02500 8.671342182102195e-04
1.03750 8.784056331425160e-04
1.05000 8.897060276086337e-04
1.06250 9.010360124909558e-04
1.07500 9.123962122819526e-04
1.08750 9.237872655849898e-04
1.10000 9.352098256370719e-04
1.11250 9.466645608542002e-04
1.12500 9.581521554008386e-04
1.13750 9.696733097845874e-04
1.15000 9.812287414775727e-04
1.16250 9.928191855657965e-04
1.17500 1.004445395428263e-03
1.18750 1.016108143447133e-03
1.20000 1.027808221750977e-03
1.21250 1.039546442992808e-03
1.22500 1.051323641164751e-03
1.23750 1.063140672451708e-03
1.25000 1.074998416125959e-03
1.26250 1.086897775485196e-03
1.27500 1.098839678836583e-03
1.28750 1.110825080529352e-03
1.30000 1.122854962038953e-03
1.31250 1.134930333105810e-03
1.32500 1.147052232931963e-03
1.33750 1.159221731438968e-03
1.35000 1.171439930591200e-03
1.36250 1.183707965788087e-03
1.37500 1.196027007330031e-03
1.38750 1.208398261962367e-03
1.40000 1.220822974502436e-03
1.41250 1.233302429555213e-03
1.42500 1.245837953323076e-03
1.43750 1.258430915515748e-03
1.45000 1.271082731367678e-03
1.46250 1.283794863769101e-03
1.47500 1.296568825519342e-03
1.48750 1.309406181710058e-03
1.50000 1.322308552247849e-03
1.51250 1.335277614525515e-03
1.52500 1.348315106252875e-03
1.53750 1.361422828458072e-03
1.55000 1.374602648672096e-03
1.56250 1.387856504309298e-03
1.57500 1.401186406258948e-03
1.58750 1.414594442703075e-03
1.60000 1.428082783177783e-03
1.61250 1.441653682896755e-03
1.62500 1.455309487356881e-03
1.63750 1.469052637248164e-03
1.65000 1.482885673692080e-03
1.66250 1.496811243834473e-03
1.67500 1.510832106821708e-03
1.68750 1.524951140191606e-03
1.70000 1.539171346713687e-03
1.71250 1.553495861716391e-03
1.72500 1.567927960942872e-03
1.73750 1.582471068981224e-03
1.75000 1.597128768319357e-03
1.76250 1.611904809080168e-03
1.77500 1.626803119498222e-03
1.78750 1.641827817206003e-03
1.80000 1.656983221404681e-03
1.81250 1.672273866003129e-03
1.82500 1.687704513817358e-03
1.83750 1.703280171933827e-03
1.85000 1.719006108351584e-03
1.86250 1.734887870031062e-03
1.87500 1.750931302493719e-03
1.88750 1.767142571132901e-03
1.90000 1.783528184416561e-03
1.91250 1.800095019184910e-03
1.92500 1.816850348272137e-03
1.93750 1.833801870710578e-03
1.95000 1.850957744810046e-03
1.96250 1.868326624444719e-03
1.97500 1.885917698925121e-03
1.98750 1.903740736885901e-03
2.00000 1.921806134682000e-03
2.01250 1.940124969857164e-03
2.02500 1.958709060333583e-03
2.03750 1.977571030070228e-03
2.05000 1.996724382054580e-03
2.06250 2.016183579629990e-03
2.07500 2.035964137326694e-03
2.08750 2.056082722558782e-03
2.10000 2.076557269786179e-03
2.11250 2.097407109021916e-03
2.12500 2.118653110907885e-03
2.13750 2.140317850996621e-03
2.15000 2.162425796385123e-03
2.16250 2.185003518467961e-03
2.17500 2.208079936347242e-03
2.18750 2.231686596392314e-03
2.20000 2.255857994636811e-03
2.21250 2.280631950206188e-03
2.22500 2.306050039877041e-03
2.23750 2.332158106309776e-03
2.25000 2.359006855641400e-03
2.26250 2.386652564214709e-03
2.27500 2.415157919592569e-03
2.28750 2.444593028129433e-03
2.30000 2.475036630936176e-03
2.31250 2.506577583059180e-03
2.32500 2.539316668575203e-03
2.33750 2.573368849284718e-03
2.35000 2.608866080175687e-03
2.36250 2.645960876187946e-03
2.37500 2.684830890726758e-03
2.38750 2.725684881363765e-03
2.40000 2.768770617404756e-03
2.41250 2.814385573105119e-03
2.42500 2.862891736481031e-03
2.43750 2.914736724754125e-03
2.45000 2.970485026625799e-03
2.46250 3.030866549216589e-03
2.47500 3.096857394886544e-03
2.48750 3.169828593411539e-03
2.50000 3.251867177465602e-03
2.51250 3.346676578940479e-03
2.52500 3.463501429705851e-03
2.53750 3.653328182448070e-03
2.55000 4.161850857431489e-03
2.56250 4.170078273756854e-03
2.57500 4.604016881022630e-03
2.58750 5.158944089180166e-03
2.60000 5.651157713161051e-03
2.61250 5.689869052753480e-03
2.62500 6.101749304275554e-03
2.63750 8.088344180155001e-03
2.65000 9.172781398970127e-03
2.66250 9.674846645675226e-03
2.67500 1.073273217471842e-02
2.68750 1.225193517244065e-02
2.70000 1.353920934304968e-02
2.71250 1.395993066801461e-02
2.72500 1.397998998786621e-02
2.73750 1.398330150863818e-02
2.75000 1.396667273786408e-02
2.76250 1.383187120321688e-02
2.77500 1.369251931520361e-02
2.78750 1.375461538540738e-02
2.80000 1.401712031176238e-02
2.81250 1.422466694739714e-02
2.82500 1.456075339488682e-02
2.83750 1.509827464464494e-02
2.85000 1.559606072645834e-02
2.86250 1.604674796624964e-02
2.87500 1.629451493998093e-02
2.88750 1.645408787786897e-02
2.90000 1.669894856201266e-02
2.91250 1.726664414485347e-02
2.92500 1.761198271508994e-02
2.93750 1.765695515493580e-02
2.95000 1.766190888410693e-02
2.96250 1.781985049690226e-02
2.97500 1.780324511967481e-02
2.98750 1.785557344173256e-02
3.00000 1.811202921122225e-02
3.01250 1.833990143695462e-02
3.02500 1.831451589222255e-02
3.03750 1.838621453469709e-02
3.05000 1.874260168057574e-02
3.06250 1.875837732274756e-02
3.07500 1.867991514495300e-02
3.08750 1.871040377527459e-02
3.10000 1.880807621374302e-02
3.11250 1.909194600365468e-02
3.12500 1.895710811837180e-02
3.13750 1.887411952016374e-02
3.15000 1.896798898446698e-02
3.16250 1.890414340042742e-02
3.17500 1.879134691083176e-02
3.18750 1.871210405970353e-02
3.20000 1.875298108133714e-02
3.21250 1.885931835354341e-02
3.22500 1.891314085271933e-02
3.23750 1.894514018549399e-02
3.25000 1.897831914287101e-02
3.26250 1.903108279918003e-02
3.27500 1.913989743821978e-02
3.28750 1.929526542357517e-02
3.30000 1.938103577189591e-02
3.31250 1.938744814157912e-02
3.32500 1.935099056800678e-02
3.33750 1.931150159064169e-02
3.35000 1.933762287600266e-02
3.36250 1.941229202855966e-02
3.37500 1.936360713225042e-02
3.38750 1.918587009516640e-02
3.40000 1.894426503742239e-02
3.41250 1.867801070165160e-02
3.42500 1.840249340257072e-02
3.43750 1.812887886864725e-02
3.45000 1.784275926515333e-02
3.46250 1.751989347585635e-02
3.47500 1.715205143503402e-02
3.48750 1.669511170632026e-02
3.50000 1.616060849174636e-02
3.51250 1.566329478965700e-02
3.52500 1.525114584957073e-02
3.53750 1.474700505878632e-02
3.55000 1.396897966039087e-02
3.56250 1.480596154335922e-02
3.57500 1.497430160221232e-02
3.58750 1.490749772338856e-02
3.60000 1.500122966613716e-02
3.61250 1.506404517548796e-02
3.62500 1.503088423382862e-02
3.63750 1.515314216757338e-02
3.65000 1.528935591330742e-02
3.66250 1.464985983637905e-02
3.67500 1.481046189982534e-02
3.68750 1.417248444124662e-02
3.70000 1.329797889577712e-02
3.71250 1.340948886656922e-02
3.72500 1.213514697090024e-02
3.73750 1.170147589189043e-02
3.75000 1.382376131970329e-02
3.76250 1.522426850787025e-02
3.77500 1.559236106933203e-02
3.78750 1.595908797963797e-02
3.80000 1.606572679308231e-02
3.81250 1.588525778629846e-02
3.82500 1.700905291586540e-02
3.83750 1.743357432187655e-02
3.85000 1.770583561316505e-02
3.86250 1.798589461818534e-02
3.87500 1.834256124635058e-02
3.88750 1.880738951703890e-02
3.90000 1.938731408117668e-02
3.91250 2.007059474794844e-02
3.92500 2.083327867772449e-02
3.93750 2.164572937392794e-02
3.95000 2.247703444438614e-02
3.96250 2.330315098938138e-02
3.97500 2.411623415995972e-02
3.98750 2.491883177233770e-02
4.00000 2.570783114867664e-02
4.01250 2.646871137279318e-02
4.02500 2.717877385909477e-02
4.03750 2.781353986892142e-02
4.05000 2.835483890668901e-02
4.06250 2.879801314674471e-02
4.07500 2.915326848505598e-02
4.08750 2.943742030401734e-02
4.10000 2.966269285516317e-02
4.11250 2.983597319407933e-02
4.12500 2.996897407370986e-02
4.13750 3.008451822194260e-02
4.15000 3.021211047138294e-02
4.16250 3.038188922067158e-02
4.17500 3.061449033202006e-02
4.18750 3.090987379301303e-02
4.20000 3.125239485784331e-02
4.21250 3.162505253615937e-02
4.22500 3.201994845338067e-02
4.23750 3.243504199942206e-02
4.25000 3.286163516907155e-02
4.26250 3.329630255938095e-02
4.27500 3.374687688614050e-02
4.28750 3.422508483541486e-02
4.30000 3.478837912266017e-02
4.31250 3.548955978293512e-02
4.32500 3.628675847375264e-02
4.33750 3.709504031061349e-02
4.35000 3.786504380287493e-02
4.36250 3.867017295382560e-02
4.37500 3.946558125581696e-02
4.38750 3.999625283193483e-02
4.40000 4.042508584396184e-02
4.41250 4.093342242296898e-02
4.42500 4.141270373164076e-02
4.43750 4.190235328612544e-02
4.45000 4.194212742189573e-02
4.46250 4.204131317386897e-02
4.47500 4.209042284980111e-02
4.48750 4.233337296733237e-02
4.50000 4.215127682816002e-02
4.51250 4.005599696824368e-02
4.52500 3.608066090670473e-02
4.53750 2.956032893202014e-02
4.55000 3.175558432812816e-02
4.56250 3.244163295171851e-02
4.57500 3.308747423877399e-02
4.58750 3.374288855800738e-02
4.60000 3.431798302635349e-02
4.61250 3.474987523343744e-02
4.62500 3.515797499607259e-02
4.63750 3.561654572299845e-02
4.65000 3.604530348266703e-02
4.66250 3.639611616676146e-02
4.67500 3.666691134176939e-02
4.68750 3.686795838374422e-02
4.70000 3.701676647679988e-02
4.71250 3.713171117310263e-02
4.72500 3.722456279789612e-02
4.73750 3.730209052870658e-02
4.75000 3.737292200017077e-02
4.76250 3.745176035490737e-02
4.77500 3.755740748311218e-02
4.78750 3.770626016739947e-02
4.80000 3.790685669323534e-02
4.81250 3.815788712438750e-02
4.82500 3.844967277479032e-02
4.83750 3.877027485251594e-02
4.85000 3.911251307066012e-02
4.86250 3.947489542246355e-02
4.87500 3.985612530160866e-02
4.88750 4.025129342790540e-02
4.90000 4.065480779853844e-02
4.91250 4.106409828651717e-02
4.92500 4.147692712842192e-02
4.93750 4.188788048040392e-02
4.95000 4.229300186825984e-02
4.96250 4.269612753886375e-02
4.97500 4.310590720038723e-02
4.98750 4.352956596253611e-02
5.00000 4.397326406676806e-02
5.01250 4.444076214574209e-02
5.02500 4.492287353802887e-02
5.03750 4.539594037016774e-02
5.05000 4.585112783861956e-02
5.06250 4.631265575943420e-02
5.07500 4.679839969537671e-02
5.08750 4.730075640344463e-02
5.10000 4.779668520619682e-02
5.11250 4.820263817552038e-02
5.12500 4.803068455662726e-02
5.13750 4.729606664663344e-02
5.15000 4.708747819427532e-02
5.16250 4.707906170051130e-02
5.17500 4.723717286558817e-02
5.18750 4.746569596771495e-02
5.20000 4.771174007052468e-02
5.21250 4.796962717723297e-02
5.22500 4.823261255003961e-02
5.23750 4.848235909611655e-02
5.25000 4.869104328108965e-02
5.26250 4.881754129007367e-02
5.27500 4.881104298677820e-02
5.28750 4.862208331284610e-02
5.30000 4.828906754726813e-02
5.31250 4.799498273746362e-02
5.32500 4.785274535891731e-02
5.33750 4.781744400060431e-02
5.35000 4.780095548803114e-02
5.36250 4.782677451251948e-02
5.37500 4.797211782639586e-02
5.38750 4.814566140375770e-02
5.40000 4.821808894975415e-02
5.41250 4.824641557589832e-02
5.42500 4.838464433552273e-02
5.43750 4.862738099336320e-02
5.45000 4.891065444023645e-02
5.46250 4.919673356734198e-02
5.47500 4.947312144833070e-02
5.48750 4.974379604739643e-02
5.50000 5.002428406254113e-02
5.51250 5.034137161022585e-02
5.52500 5.072205741209779e-02
5.53750 5.117488484279910e-02
5.55000 5.167297456411237e-02
5.56250 5.202806946085205e-02
5.57500 5.199272379102750e-02
5.58750 5.199746404532394e-02
5.60000 5.202440178751440e-02
5.61250 5.209206973203476e-02
5.62500 5.224352543840928e-02
5.63750 5.244238658435851e-02
5.65000 5.262524223396721e-02
5.66250 5.273042475758856e-02
5.67500 5.274833153149113e-02
5.68750 5.274458539122683e-02
5.70000 5.280504161372861e-02
5.71250 5.298085729810514e-02
5.72500 5.328275888031648e-02
5.73750 5.369634378858913e-02
5.75000 5.419515315131429e-02
5.76250 5.474964499390671e-02
5.77500 5.533369015321881e-02
5.78750 5.592775846035235e-02
5.80000 5.652125534009268e-02
5.81250 5.711581083510060e-02
5.82500 5.772185351811408e-02
5.83750 5.834623603216049e-02
5.85000 5.898428682847195e-02
5.86250 5.962152820807348e-02
5.87500 6.023887464912098e-02
5.88750 6.081870072156296e-02
5.90000 6.135163147343804e-02
5.91250 6.183917370027054e-02
5.92500 6.228806327505738e-02
5.93750 6.270280612418500e-02
5.95000 6.308417721051436e-02
5.96250 6.343367708638155e-02
5.97500 6.375768226111321e-02
5.98750 6.406337147247947e-02
6.00000 6.435087935946932e-02
6.01250 6.461268908406129e-02
6.02500 6.483951267002577e-02
6.03750 6.502583699900009e-02
6.05000 6.517249768704740e-02
6.06250 6.528539238566655e-02
6.07500 6.537052583656772e-02
6.08750 6.543301751893423e-02
6.10000 6.547743725639345e-02
6.11250 6.551042556469029e-02
6.12500 6.554987674263402e-02
6.13750 6.557221837939936e-02
6.15000 6.562124958891422e-02
6.16250 6.568443368364642e-02
6.17500 6.575785003561690e-02
6.18750 6.584546455128021e-02
6.20000 6.595266095624321e-02
6.21250 6.608554462356529e-02
6.22500 6.625020052291765e-02
6.23750 6.645190799582019e-02
6.25000 6.669434362957574e-02
6.26250 6.697910058373818e-02
6.27500 6.730562883938825e-02
6.28750 6.767132064794813e-02
6.30000 6.807153210118359e-02
6.31250 6.849980362614513e-02
6.32500 6.894888137719561e-02
6.33750 6.941291894821336e-02
6.35000 6.989024039431709e-02
6.36250 7.038478325635927e-02
6.37500 7.090461460836596e-02
6.38750 7.145836629223271e-02
6.40000 7.205214999173395e-02
6.41250 7.268839926337266e-02
6.42500 7.336631117965192e-02
6.43750 7.408295215468823e-02
6.45000 7.483447325140670e-02
6.46250 7.561791164470129e-02
6.47500 7.643328464261587e-02
6.48750 7.728394365829026e-02
6.50000 7.817425157699308e-02
6.51250 7.910637796462720e-02
6.52500 8.007898176606236e-02
6.53750 8.108928588526527e-02
6.55000 8.213801599987693e-02
6.56250 8.323429383788039e-02
6.57500 8.439676958208607e-02
6.58750 8.565094183833666e-02
6.60000 8.702511793358245e-02
6.61250 8.853492711715190e-02
6.62500 9.010181051306115e-02
6.63750 9.127871717553304e-02
6.65000 9.126472428706926e-02
6.66250 9.090239044247460e-02
6.67500 9.142962118966561e-02
6.68750 9.252312908752346e-02
6.70000 9.375687635773230e-02
6.71250 9.492702414411390e-02
6.72500 9.588553909767750e-02
6.73750 9.651052064938057e-02
6.75000 9.680388003858063e-02
6.76250 9.694776115835330e-02
6.77500 9.716288732390389e-02
6.78750 9.753226048038267e-02
6.80000 9.800209709864506e-02
6.81250 9.848184633640804e-02
6.82500 9.890944683479130e-02
6.83750 9.926528696463227e-02
6.85000 9.956412421195568e-02
6.86250 9.983740544106535e-02
6.87500 1.000971489554616e-01
6.88750 1.003063889863703e-01
6.90000 1.004088121625965e-01
6.91250 1.004084251898749e-01
6.92500 1.003933236603645e-01
6.93750 1.004580311083856e-01
6.95000 1.006450100200414e-01
6.96250 1.009532025161451e-01
6.97500 1.013550046370032e-01
6.98750 1.018075744907872e-01
7.00000 1.022760008953998e-01
7.01250 1.027561723997239e-01
7.02500 1.032623305040868e-01
7.03750 1.037864335639691e-01
7.05000 1.042794088535044e-01
7.06250 1.046824817684837e-01
7.07500 1.049968515482090e-01
7.08750 1.053214610490309e-01
7.10000 1.058018359325380e-01
7.11250 1.065635131899419e-01
7.12500 1.077174253083748e-01
7.13750 1.095065090029788e-01
7.15000 1.126089476597629e-01
7.16250 1.097165997612774e-01
7.17500 1.092264686961657e-01
7.18750 1.106346404034259e-01
7.20000 1.115028902117076e-01
7.21250 1.120215758244279e-01
7.22500 1.125054859411564e-01
7.23750 1.130272030931688e-01
7.25000 1.136726435859244e-01
7.26250 1.144983803094438e-01
7.27500 1.154339536280354e-01
7.28750 1.163833156242084e-01
7.30000 1.172601582927628e-01
7.31250 1.181962837167729e-01
7.32500 1.192183687452521e-01
7.33750 1.202742241823397e-01
7.35000 1.213149291258889e-01
7.36250 1.222255761343306e-01
7.37500 1.230690128903503e-01
7.38750 1.241015550495324e-01
7.40000 1.252356009311107e-01
7.41250 1.263451869729306e-01
7.42500 1.273171763567733e-01
7.43750 1.282440329838187e-01
7.45000 1.292896039343201e-01
7.46250 1.304688247736631e-01
7.47500 1.317050816052564e-01
7.48750 1.328869489782102e-01
7.50000 1.339135804054878e-01
7.51250 1.346376905052405e-01
7.52500 1.350403172390316e-01
7.53750 1.355693206140323e-01
7.55000 1.363837648886244e-01
7.56250 1.373891662414173e-01
7.57500 1.386140796733963e-01
7.58750 1.400468582890631e-01
7.60000 1.415993862487307e-01
7.61250 1.427532131549992e-01
7.62500 1.431893710221363e-01
7.63750 1.448364769045856e-01
7.65000 1.466075146023878e-01
7.66250 1.444192031277275e-01
7.67500 1.452611026513461e-01
7.68750 1.454318748713261e-01
7.70000 1.448089773735755e-01
7.71250 1.454093646165221e-01
7.72500 1.455636848297855e-01
7.73750 1.467861547727509e-01
7.75000 1.479781748581267e-01
7.76250 1.491699250860508e-01
7.77500 1.503762148916120e-01
7.78750 1.515443354878301e-01
7.80000 1.525934406768135e-01
7.81250 1.534555607994218e-01
7.82500 1.541314619491929e-01
7.83750 1.547529271005612e-01
7.85000 1.554364201534013e-01
7.86250 1.561677824209587e-01
7.87500 1.569174445439430e-01
7.88750 1.577014108196438e-01
7.90000 1.585656892687125e-01
7.91250 1.595549875922478e-01
7.92500 1.606960635136443e-01
7.93750 1.619993244511157e-01
7.95000 1.634639757427125e-01
7.96250 1.650798246311548e-01
7.97500 1.668298345890747e-01
7.98750 1.686875645815445e-01
8.00000 1.706203542627798e-01
8.01250 1.725954606980139e-01
8.02500 1.745866132910148e-01
8.03750 1.765785819418088e-01
8.05000 1.785648524172819e-01
8.06250 1.805413332932814e-01
8.07500 1.824956556147397e-01
8.08750 1.844105475187012e-01
8.10000 1.862917303180198e-01
8.11250 1.881683998883945e-01
8.12500 1.900463962127440e-01
8.13750 1.919111339384974e-01
8.15000 1.937484695948909e-01
8.16250 1.955488918555225e-01
8.17500 1.973068951589768e-01
8.18750 1.990253562193040e-01
8.20000 2.007287221763857e-01
8.21250 2.024530502422265e-01
8.22500 2.042048901144247e-01
8.23750 2.059587413148626e-01
8.25000 2.077011917421749e-01
8.26250 2.094513721173361e-01
8.27500 2.112084255933232e-01
8.28750 2.129370201009431e-01
8.30000 2.145710424264737e-01
8.31250 2.161459696230477e-01
8.32500 2.178102329730757e-01
8.33750 2.194410607145816e-01
8.35000 2.205950827939156e-01
8.36250 2.220713841831282e-01
8.37500 2.234958324896233e-01
8.38750 2.251520321617015e-01
8.40000 2.268368540763637e-01
8.41250 2.284957053892277e-01
8.42500 2.303011721672936e-01
8.43750 2.321057013252668e-01
8.45000 2.331734497210470e-01
8.46250 2.331997397917539e-01
8.47500 2.341506908189116e-01
8.48750 2.354268230413807e-01
8.50000 2.368934479880846e-01
8.51250 2.384065411570246e-01
8.52500 2.399538938271900e-01
8.53750 2.415433338590992e-01
8.55000 2.431967431281062e-01
8.56250 2.450009471474843e-01
8.57500 2.469369774203883e-01
8.58750 2.489644757461984e-01
8.60000 2.510513372052459e-01
8.61250 2.531820076802673e-01
8.62500 2.553941351443241e-01
8.63750 2.577323222307218e-01
8.65000 2.602107444668824e-01
8.66250 2.629495465482681e-01
8.67500 2.661345989313320e-01
8.68750 2.693623180729823e-01
8.70000 2.704507814693490e-01
8.71250 2.734511281949465e-01
8.72500 2.769986981528402e-01
8.73750 2.806282288135502e-01
8.75000 2.843055244520021e-01
8.76250 2.880190569580719e-01
8.77500 2.917583502153652e-01
8.78750 2.955143749690511e-01
8.80000 2.992790770740513e-01
8.81250 3.030291338085054e-01
8.82500 3.066366780659737e-01
8.83750 3.102479119202590e-01
8.85000 3.139062623924777e-01
8.86250 3.176149293283907e-01
8.87500 3.213970734269982e-01
8.88750 3.252456888826275e-01
8.90000 3.291317951095731e-01
8.91250 3.330483662778167e-01
8.92500 3.370190177620531e-01
8.93750 3.410877043448315e-01
8.95000 3.452883190679732e-01
8.96250 3.496041783824279e-01
8.97500 3.539923287049591e-01
8.98750 3.584832390617922e-01
9.00000 3.631318074346013e-01
9.01250 3.679263510285795e-01
9.02500 3.728568758530616e-01
9.03750 3.779118445513471e-01
9.05000 3.830607266146826e-01
9.06250 3.882551432636736e-01
9.07500 3.934307618873522e-01
9.08750 3.985322772558013e-01
9.10000 4.035370708185441e-01
9.11250 4.084583474127287e-01
9.12500 4.133477851185194e-01
9.13750 4.182020193254242e-01
9.15000 4.229814620378806e-01
9.16250 4.276872699498916e-01
9.17500 4.323497589899266e-01
9.18750 4.369929180262654e-01
9.20000 4.416277930518669e-01
9.21250 4.462626640089962e-01
9.22500 4.509029151358817e-01
9.23750 4.555458067006084e-01
9.25000 4.601871121398278e-01
9.26250 4.648294550094602e-01
9.27500 4.694861251387823e-01
9.28750 4.741814324874093e-01
9.30000 4.789475573019156e-01
9.31250 4.838158382780996e-01
9.32500 4.888098609311680e-01
9.33750 4.939535799238690e-01
9.35000 4.992808696122211e-01
9.36250 5.048277837650453e-01
9.37500 5.106199734395778e-01
9.38750 5.166677010822622e-01
9.40000 5.229696072129619e-01
9.41250 5.295350699793211e-01
9.42500 5.364055476402432e-01
9.43750 5.436172443714961e-01
9.45000 5.511561476691058e-01
9.46250 5.589775301492189e-01
9.47500 5.670422460668142e-01
9.48750 5.753412246029037e-01
9.50000 5.839041091429981e-01
9.51250 5.927753863403558e-01
9.52500 6.019735379771833e-01
9.53750 6.114798944025631e-01
9.55000 6.212605421060832e-01
9.56250 6.312537943106176e-01
9.57500 6.411743967206835e-01
9.58750 6.503581648258702e-01
9.60000 6.595398884700507e-01
9.61250 6.694047675246760e-01
9.62500 6.792163950618139e-01
9.63750 6.900062569595152e-01
9.65000 7.008032678065018e-01
9.66250 7.113464119117351e-01
9.67500 7.215081065933978e-01
9.68750 7.323077233033656e-01
9.70000 7.434999445343133e-01
9.71250 7.548527751482361e-01
9.72500 7.662488082163985e-01
9.73750 7.776384057986929e-01
9.75000 7.889907475244307e-01
9.76250 8.002735777558606e-01
9.77500 8.114577368088201e-01
9.78750 8.225286916127040e-01
9.80000 8.334903926030692e-01
9.81250 8.443601984693069e-01
9.82500 8.551536813612923e-01
9.83750 8.658488622473351e-01
9.85000 8.762700704571201e-01
9.86250 8.860034382097033e-01
9.87500 8.957967131643604e-01
9.88750 9.058343353573918e-01
9.90000 9.157679896097343e-01
9.91250 9.253862576646128e-01
9.92500 9.347239484595991e-01
9.93750 9.438505450405977e-01
9.95000 9.528273190179350e-01
9.96250 9.616896428228613e-01
9.97500 9.704516032268619e-01
9.98750 9.791209655031026e-01
10.00000 9.877238786362577e-01
