0.00001 2.376060746120841e-06
0.01250 2.970150208690349e-03
0.02500 5.940746111772003e-03
0.03750 8.912233593022843e-03
0.05000 1.188505891515727e-02
0.06250 1.485966890970468e-02
0.07500 1.783651116737931e-02
0.08750 2.081603422910868e-02
0.10000 2.379868777788438e-02
0.11250 2.678492283160559e-02
0.12500 2.977519193708154e-02
0.13750 3.276994936536484e-02
0.15000 3.576965130858855e-02
0.16250 3.877475607848122e-02
0.17500 4.178572430673811e-02
0.18750 4.480301914742522e-02
0.20000 4.782710648160828e-02
0.21250 5.085845512438084e-02
0.22500 5.389753703449335e-02
0.23750 5.694482752676982e-02
0.25000 6.000080548751161e-02
0.26250 6.306595359309862e-02
0.27500 6.614075853198426e-02
0.28750 6.922571123030684e-02
0.30000 7.232130708133186e-02
0.31250 7.542804617895257e-02
0.32500 7.854643355547719e-02
0.33750 8.167697942394420e-02
0.35000 8.482019942520823e-02
0.36250 8.797661488005284e-02
0.37500 9.114675304658504e-02
0.38750 9.433114738319488e-02
0.40000 9.753033781733594e-02
0.41250 1.007448710204432e-01
0.42500 1.039753006892622e-01
0.43750 1.072221878339157e-01
0.45000 1.104861010730159e-01
0.46250 1.137676169361712e-01
0.47500 1.170673201742089e-01
0.48750 1.203858040774992e-01
0.50000 1.237236708027317e-01
0.51250 1.270815317085448e-01
0.52500 1.304600077004044e-01
0.53750 1.338597295851574e-01
0.55000 1.372813384356897e-01
0.56250 1.407254859661508e-01
0.57500 1.441928349182173e-01
0.58750 1.476840594588896e-01
0.60000 1.511998455903419e-01
0.61250 1.547408915723646e-01
0.62500 1.583079083579517e-01
0.63750 1.619016200426447e-01
0.65000 1.655227643282327e-01
0.66250 1.691720930014475e-01
0.67500 1.728503724283509e-01
0.68750 1.765583840650889e-01
0.70000 1.802969249857860e-01
0.71250 1.840668084283167e-01
0.72500 1.878688643587998e-01
0.73750 1.917039400556396e-01
0.75000 1.955729007140203e-01
0.76250 1.994766300717887e-01
0.77500 2.034160310577001e-01
0.78750 2.073920264630649e-01
0.80000 2.114055596378843e-01
0.81250 2.154575952125971e-01
0.82500 2.195491198466650e-01
0.83750 2.236811430052188e-01
0.85000 2.278546977651235e-01
0.86250 2.320708416518406e-01
0.87500 2.363306575085579e-01
0.88750 2.406352543991424e-01
0.90000 2.449857685465340e-01
0.91250 2.493833643083180e-01
0.92500 2.538292351912653e-01
0.93750 2.583246049067821e-01
0.95000 2.628707284692633e-01
0.96250 2.674688933395046e-01
0.97500 2.721204206154020e-01
0.98750 2.768266662723466e-01
1.00000 2.815890224558182e-01
1.01250 2.864089188288288e-01
1.02500 2.912878239770794e-01
1.03750 2.962272468747431e-01
1.05000 3.012287384141187e-01
1.06250 3.062938930024257e-01
1.07500 3.114243502293487e-01
1.08750 3.166217966090653e-01
1.10000 3.218879674007726e-01
1.11250 3.272246485119268e-01
1.12500 3.326336784887483e-01
1.13750 3.381169505987330e-01
1.15000 3.436764150102786e-01
1.16250 3.493140810748556e-01
1.17500 3.550320197174677e-01
1.18750 3.608323659415313e-01
1.20000 3.667173214547486e-01
1.21250 3.726891574228831e-01
1.22500 3.787502173589361e-01
1.23750 3.849029201555938e-01
1.25000 3.911497632694645e-01
1.26250 3.974933260661005e-01
1.27500 4.039362733355205e-01
1.28750 4.104813589885367e-01
1.30000 4.171314299449783e-01
1.31250 4.238894302256477e-01
1.32500 4.307584052607034e-01
1.33750 4.377415064281123e-01
1.35000 4.448419958367383e-01
1.36250 4.520632513697644e-01
1.37500 4.594087720053168e-01
1.38750 4.668821834323670e-01
1.40000 4.744872439814036e-01
1.41250 4.822278508908497e-01
1.42500 4.901080469318300e-01
1.43750 4.981320274156191e-01
1.45000 5.063041476100689e-01
1.46250 5.146289305933934e-01
1.47500 5.231110755759427e-01
1.48750 5.317554667231754e-01
1.50000 5.405671825156475e-01
1.51250 5.495515056849728e-01
1.52500 5.587139337677938e-01
1.53750 5.680601903236173e-01
1.55000 5.775962368660550e-01
1.56250 5.873282855615352e-01
1.57500 5.972628127541906e-01
1.58750 6.074065733809004e-01
1.60000 6.177666163461973e-01
1.61250 6.283503009331614e-01
1.62500 6.391653143334152e-01
1.63750 6.502196903870543e-01
1.65000 6.615218296320936e-01
1.66250 6.730805207723521e-01
1.67500 6.849049636834179e-01
1.68750 6.970047940880569e-01
1.70000 7.093901100454781e-01
1.71250 7.220715004135293e-01
1.72500 7.350600754589881e-01
1.73750 7.483674998096237e-01
1.75000 7.620060279616445e-01
1.76250 7.759885425792679e-01
1.77500 7.903285958486684e-01
1.78750 8.050404541771932e-01
1.80000 8.201391465614287e-01
1.81250 8.356405169840503e-01
1.82500 8.515612812408260e-01
1.83750 8.679190886459459e-01
1.85000 8.847325891169751e-01
1.86250 9.020215062009281e-01
1.87500 9.198067166718709e-01
1.88750 9.381103374087362e-01
1.90000 9.569558203517433e-01
1.91250 9.763680564385981e-01
1.92500 9.963734895396118e-01
1.93750 1.017000241546949e+00
1.95000 1.038278249929835e+00
1.96250 1.060239419249332e+00
1.97500 1.082917788336594e+00
1.98750 1.106349715083786e+00
2.00000 1.130574081082209e+00
2.01250 1.155632518676970e+00
2.02500 1.181569663399740e+00
2.03750 1.208433435203142e+00
2.05000 1.236275352466268e+00
2.06250 1.265150883387917e+00
2.07500 1.295119840153879e+00
2.08750 1.326246822184067e+00
2.10000 1.358601715867982e+00
2.11250 1.392260259524391e+00
2.12500 1.427304683926752e+00
2.13750 1.463824440686913e+00
2.15000 1.501917033171054e+00
2.16250 1.541688967545635e+00
2.17500 1.583256845157389e+00
2.18750 1.626748621927720e+00
2.20000 1.672305066030594e+00
2.21250 1.720081452146276e+00
2.22500 1.770249539469385e+00
2.23750 1.822999891977613e+00
2.25000 1.878544614018753e+00
2.26250 1.937120593126971e+00
2.27500 1.998993366626465e+00
2.28750 2.064461761119221e+00
2.30000 2.133863497371438e+00
2.31250 2.207582011715704e+00
2.32500 2.286054825198485e+00
2.33750 2.369783902750563e+00
2.35000 2.459348600994924e+00
2.36250 2.555422027238456e+00
2.37500 2.658791959289750e+00
2.38750 2.770387964335872e+00
2.40000 2.891317104117689e+00
2.41250 3.022911797550023e+00
2.42500 3.166795353450955e+00
2.43750 3.324974017612818e+00
2.45000 3.499970432033491e+00
2.46250 3.695025251936586e+00
2.47500 3.914419270810417e+00
2.48750 4.164031787680958e+00
2.50000 4.452440778315977e+00
2.51250 4.793617799561973e+00
2.52500 5.216692780378155e+00
2.53750 5.837255874085340e+00
2.55000 6.904616862046602e+00
2.56250 7.339449227540568e+00
2.57500 8.650613138686495e+00
2.58750 1.015243840927617e+01
2.60000 1.146941996945126e+01
2.61250 1.226491122296696e+01
2.62500 1.479870045284381e+01
2.63750 2.095827470435098e+01
2.65000 2.108793053484906e+01
2.66250 2.257668667622685e+01
2.67500 2.494445329753391e+01
2.68750 2.647957228954267e+01
2.70000 2.582960650964727e+01
2.71250 2.439264735261574e+01
2.72500 2.354232082429626e+01
2.73750 2.311219376806563e+01
2.75000 2.282367902153149e+01
2.76250 2.265284841827127e+01
2.77500 2.288567811391583e+01
2.78750 2.352920774826720e+01
2.80000 2.417763652761751e+01
2.81250 2.473833379515340e+01
2.82500 2.554939760817752e+01
2.83750 2.617884936975788e+01
2.85000 2.645201002173360e+01
2.86250 2.646914406900122e+01
2.87500 2.636279590899969e+01
2.88750 2.645695215708275e+01
2.90000 2.682824230980560e+01
2.91250 2.701738853602692e+01
2.92500 2.658138450022727e+01
2.93750 2.627281723089925e+01
2.95000 2.632643428150124e+01
2.96250 2.631910179758588e+01
2.97500 2.635026878348943e+01
2.98750 2.662251353784883e+01
3.00000 2.691830055063397e+01
3.01250 2.676747701303481e+01
3.02500 2.678625317979401e+01
3.03750 2.712000177187075e+01
3.05000 2.713669022285298e+01
3.06250 2.693355575272169e+01
3.07500 2.701403884544186e+01
3.08750 2.731364068932060e+01
3.10000 2.748438958956426e+01
3.11250 2.741676144524719e+01
3.12500 2.735568988537852e+01
3.13750 2.761819824951652e+01
3.15000 2.777130724349178e+01
3.16250 2.783047516570991e+01
3.17500 2.806752725964294e+01
3.18750 2.845662665185690e+01
3.20000 2.890875220600537e+01
3.21250 2.919835634352403e+01
3.22500 2.943670202755222e+01
3.23750 2.970403672336687e+01
3.25000 3.000397290722674e+01
3.26250 3.033101621938254e+01
3.27500 3.064544373642501e+01
3.28750 3.080601849142662e+01
3.30000 3.085408325023358e+01
3.31250 3.093458830191906e+01
3.32500 3.108764314427485e+01
3.33750 3.132348951999460e+01
3.35000 3.157191319745303e+01
3.36250 3.161907529843767e+01
3.37500 3.155280135719804e+01
3.38750 3.158534965378420e+01
3.40000 3.175466085365047e+01
3.41250 3.203574620264691e+01
3.42500 3.240692663864723e+01
3.43750 3.283994629338910e+01
3.45000 3.330035826012588e+01
3.46250 3.381559609299369e+01
3.47500 3.439680313015811e+01
3.48750 3.511846635836530e+01
3.50000 3.619558598792418e+01
3.51250 3.771555822920805e+01
3.52500 3.943025467600555e+01
3.53750 4.141991128386790e+01
3.55000 4.565942757271469e+01
3.56250 4.916167733860878e+01
3.57500 4.966709886488080e+01
3.58750 5.076804794042543e+01
3.60000 5.266005941091402e+01
3.61250 5.382440805670200e+01
3.62500 5.560066368105475e+01
3.63750 5.606819594729074e+01
3.65000 5.674439610072712e+01
3.66250 5.937416392522675e+01
3.67500 6.069612693097295e+01
3.68750 6.329404919832724e+01
3.70000 6.933408054516865e+01
3.71250 7.158629036555757e+01
3.72500 8.023714889756518e+01
3.73750 8.414105769262888e+01
3.75000 6.906251407715196e+01
3.76250 6.260939769313854e+01
3.77500 6.123285125874679e+01
3.78750 5.915651864750848e+01
3.80000 5.782720785117936e+01
3.81250 5.524188329880243e+01
3.82500 5.128055184732423e+01
3.83750 4.955409498511438e+01
3.85000 4.786940165080689e+01
3.86250 4.595186481560922e+01
3.87500 4.381406236894498e+01
3.88750 4.157514538834161e+01
3.90000 3.938066934397428e+01
3.91250 3.734939604299912e+01
3.92500 3.554920193857656e+01
3.93750 3.400088744226676e+01
3.95000 3.269173813617875e+01
3.96250 3.158489525621298e+01
3.97500 3.063566578239600e+01
3.98750 2.981472122169134e+01
4.00000 2.911285702122275e+01
4.01250 2.852888620109210e+01
4.02500 2.805985444295479e+01
4.03750 2.769593235678025e+01
4.05000 2.741836000010051e+01
4.06250 2.720095178514054e+01
4.07500 2.701641436585198e+01
4.08750 2.684483572748115e+01
4.10000 2.667545783335213e+01
4.11250 2.649829500635807e+01
4.12500 2.629634037864554e+01
4.13750 2.604905743836778e+01
4.15000 2.574142769632355e+01
4.16250 2.537019767234188e+01
4.17500 2.494985511650852e+01
4.18750 2.450762458969954e+01
4.20000 2.406716540959292e+01
4.21250 2.363939399363407e+01
4.22500 2.322492326349754e+01
4.23750 2.282462898844673e+01
4.25000 2.244086441336446e+01
4.26250 2.206662588811830e+01
4.27500 2.169409289682254e+01
4.28750 2.131076768689899e+01
4.30000 2.089853219643025e+01
4.31250 2.048674603958708e+01
4.32500 2.013140018994190e+01
4.33750 1.985581094575359e+01
4.35000 1.963762840261435e+01
4.36250 1.944476618511011e+01
4.37500 1.935159932114915e+01
4.38750 1.937189470177892e+01
4.40000 1.935571674530494e+01
4.41250 1.933253388330785e+01
4.42500 1.934421562980904e+01
4.43750 1.943929759653636e+01
4.45000 1.968964024037743e+01
4.46250 1.984445873211535e+01
4.47500 2.004855358550207e+01
4.48750 2.030446900363465e+01
4.50000 2.102403851257300e+01
4.51250 2.250830439087944e+01
4.52500 2.568096083892146e+01
4.53750 2.590850004293810e+01
4.55000 2.244333837567208e+01
4.56250 2.132196622067603e+01
4.57500 2.039011346348364e+01
4.58750 1.968137289589425e+01
4.60000 1.916055507813001e+01
4.61250 1.873813477806631e+01
4.62500 1.832826487877781e+01
4.63750 1.796385747773323e+01
4.65000 1.767290288802188e+01
4.66250 1.743361543891008e+01
4.67500 1.722239607389855e+01
4.68750 1.702228185530008e+01
4.70000 1.682108275875434e+01
4.71250 1.661273073605034e+01
4.72500 1.639528054127922e+01
4.73750 1.616684882212013e+01
4.75000 1.592422516074308e+01
4.76250 1.566476483425736e+01
4.77500 1.538932646968063e+01
4.78750 1.510335778569404e+01
4.80000 1.481524388157521e+01
4.81250 1.453355891600911e+01
4.82500 1.426429557838201e+01
4.83750 1.400934480140073e+01
4.85000 1.376778193215898e+01
4.86250 1.353875032996376e+01
4.87500 1.332272196860799e+01
4.88750 1.312015263768378e+01
4.90000 1.293019646122895e+01
4.91250 1.275159762522110e+01
4.92500 1.258385566841184e+01
4.93750 1.242613138355922e+01
4.95000 1.227591897363379e+01
4.96250 1.213048478582982e+01
4.97500 1.198902907174660e+01
4.98750 1.185235242984001e+01
5.00000 1.172200291296314e+01
5.01250 1.160115448757616e+01
5.02500 1.149393728091701e+01
5.03750 1.140052055105528e+01
5.05000 1.131498328584452e+01
5.06250 1.123487963837343e+01
5.07500 1.116674120116000e+01
5.08750 1.111946392337773e+01
5.10000 1.110467732657020e+01
5.11250 1.114917065885801e+01
5.12500 1.127083086093408e+01
5.13750 1.120566670075517e+01
5.15000 1.104561117936405e+01
5.16250 1.088326317422939e+01
5.17500 1.073251774397573e+01
5.18750 1.060468245850381e+01
5.20000 1.049275826996809e+01
5.21250 1.039276646851647e+01
5.22500 1.030580121132565e+01
5.23750 1.023327262214553e+01
5.25000 1.017591520553276e+01
5.26250 1.013209756491618e+01
5.27500 1.009523829967741e+01
5.28750 1.004814362972615e+01
5.30000 9.960005160745544e+00
5.31250 9.822046481704321e+00
5.32500 9.664327915202637e+00
5.33750 9.511856360732217e+00
5.35000 9.363662312626730e+00
5.36250 9.206638892582186e+00
5.37500 9.057589503498377e+00
5.38750 8.932260114686997e+00
5.40000 8.812598700487300e+00
5.41250 8.671511834533199e+00
5.42500 8.521609204188991e+00
5.43750 8.383838623611203e+00
5.45000 8.260669691345731e+00
5.46250 8.147579584939820e+00
5.47500 8.039845634134229e+00
5.48750 7.934194759693646e+00
5.50000 7.829115539514347e+00
5.51250 7.725728522123927e+00
5.52500 7.628982903373196e+00
5.53750 7.546428336972126e+00
5.55000 7.488428253905359e+00
5.56250 7.461458929617459e+00
5.57500 7.408688770849688e+00
5.58750 7.321984962753275e+00
5.60000 7.230659517636554e+00
5.61250 7.130174835119204e+00
5.62500 7.031652778631218e+00
5.63750 6.941772144396945e+00
5.65000 6.859804523228044e+00
5.66250 6.778220501833787e+00
5.67500 6.686095435567405e+00
5.68750 6.578540715126543e+00
5.70000 6.460456575198741e+00
5.71250 6.340831317198763e+00
5.72500 6.227147894954498e+00
5.73750 6.123736728212708e+00
5.75000 6.032118914761353e+00
5.76250 5.951776309778748e+00
5.77500 5.881023726126821e+00
5.78750 5.817712833114524e+00
5.80000 5.759668387947555e+00
5.81250 5.705351569863272e+00
5.82500 5.654603958534997e+00
5.83750 5.608339679381673e+00
5.85000 5.567420634960221e+00
5.86250 5.531947577877421e+00
5.87500 5.501131290237426e+00
5.88750 5.473437102957729e+00
5.90000 5.447063692216588e+00
5.91250 5.420690131362410e+00
5.92500 5.393814949596303e+00
5.93750 5.366369871962703e+00
5.95000 5.338183807053898e+00
5.96250 5.308875508598829e+00
5.97500 5.278303121470488e+00
5.98750 5.246906228746305e+00
6.00000 5.215268722121396e+00
6.01250 5.183474251050233e+00
6.02500 5.150979258139593e+00
6.03750 5.116908659575949e+00
6.05000 5.080450644523228e+00
6.06250 5.041187782442152e+00
6.07500 4.999021391453429e+00
6.08750 4.953897704993524e+00
6.10000 4.905809326339084e+00
6.11250 4.854579394680555e+00
6.12500 4.800958997489576e+00
6.13750 4.745568825673954e+00
6.15000 4.687141137091531e+00
6.16250 4.628397565226608e+00
6.17500 4.568631043741719e+00
6.18750 4.507879915168624e+00
6.20000 4.446361020884650e+00
6.21250 4.384428895310229e+00
6.22500 4.322545570655755e+00
6.23750 4.261240734464018e+00
6.25000 4.201052043490257e+00
6.26250 4.142459529175183e+00
6.27500 4.085839470684989e+00
6.28750 4.031439762776378e+00
6.30000 3.979356300170197e+00
6.31250 3.929500625552453e+00
6.32500 3.881582517020932e+00
6.33750 3.835156966721894e+00
6.35000 3.789769949018102e+00
6.36250 3.745156307340594e+00
6.37500 3.701356960308886e+00
6.38750 3.658666693565348e+00
6.40000 3.617473134435568e+00
6.41250 3.578108272054973e+00
6.42500 3.540771626555260e+00
6.43750 3.505516792522207e+00
6.45000 3.472264167134139e+00
6.46250 3.440842703184011e+00
6.47500 3.411096444660677e+00
6.48750 3.383003330683841e+00
6.50000 3.356696894321163e+00
6.51250 3.332362797561199e+00
6.52500 3.310094456822820e+00
6.53750 3.289823683172954e+00
6.55000 3.271407033879005e+00
6.56250 3.254863436924169e+00
6.57500 3.240638182020685e+00
6.58750 3.229790046423773e+00
6.60000 3.224260175350470e+00
6.61250 3.227487983647158e+00
6.62500 3.244702449220842e+00
6.63750 3.276289123176445e+00
6.65000 3.290137592672743e+00
6.66250 3.256004924717360e+00
6.67500 3.217879930168793e+00
6.68750 3.198428655288045e+00
6.70000 3.193392733654660e+00
6.71250 3.197516170928554e+00
6.72500 3.206371856090600e+00
6.73750 3.213911539524368e+00
6.75000 3.213324030032110e+00
6.76250 3.202110181319560e+00
6.77500 3.184439578471729e+00
6.78750 3.166409824461708e+00
6.80000 3.151080718202247e+00
6.81250 3.138213791417928e+00
6.82500 3.126158677558979e+00
6.83750 3.113310218636975e+00
6.85000 3.098802658736419e+00
6.86250 3.082856634436688e+00
6.87500 3.066428587137041e+00
6.88750 3.049725688962666e+00
6.90000 3.031002031957200e+00
6.91250 3.007755857474128e+00
6.92500 2.979551054929136e+00
6.93750 2.948431314333031e+00
6.95000 2.916873352706220e+00
6.96250 2.886604357555269e+00
6.97500 2.858477957844624e+00
6.98750 2.832410760836574e+00
7.00000 2.807600837654721e+00
7.01250 2.783389421110037e+00
7.02500 2.759959332951064e+00
7.03750 2.737831105624507e+00
7.05000 2.716654894632195e+00
7.06250 2.694580697021483e+00
7.07500 2.669210295257064e+00
7.08750 2.639814693275682e+00
7.10000 2.608287771097498e+00
7.11250 2.577975991598163e+00
7.12500 2.552615092555536e+00
7.13750 2.538589609576359e+00
7.15000 2.573730905677586e+00
7.16250 2.597219041157747e+00
7.17500 2.505339268514379e+00
7.18750 2.484843030756777e+00
7.20000 2.471867640428554e+00
7.21250 2.453792527677906e+00
7.22500 2.432035760800961e+00
7.23750 2.408609365635398e+00
7.25000 2.384543749385349e+00
7.26250 2.362634205551994e+00
7.27500 2.343949352749234e+00
7.28750 2.327579100759178e+00
7.30000 2.311041876166784e+00
7.31250 2.294132064965535e+00
7.32500 2.279022231164006e+00
7.33750 2.265712065180662e+00
7.35000 2.253985208008610e+00
7.36250 2.242117816866573e+00
7.37500 2.226887740675678e+00
7.38750 2.212404768560574e+00
7.40000 2.200758366598637e+00
7.41250 2.191152028813133e+00
7.42500 2.181078585425705e+00
7.43750 2.168776863808936e+00
7.45000 2.156435146036354e+00
7.46250 2.146155588037982e+00
7.47500 2.138637335310677e+00
7.48750 2.133271234140227e+00
7.50000 2.128880797232155e+00
7.51250 2.123158138552868e+00
7.52500 2.111046521768382e+00
7.53750 2.093897671808512e+00
7.55000 2.077478392064424e+00
7.56250 2.062527534406508e+00
7.57500 2.049895144731691e+00
7.58750 2.041158866540998e+00
7.60000 2.038101476620693e+00
7.61250 2.039544593855994e+00
7.62500 2.028793813029376e+00
7.63750 2.019438434883458e+00
7.65000 2.050472108428788e+00
7.66250 2.019089227450265e+00
7.67500 2.010105574139969e+00
7.68750 1.985041151674956e+00
7.70000 1.970772388070569e+00
7.71250 1.939960590116381e+00
7.72500 1.915991567266621e+00
7.73750 1.896496749269847e+00
7.75000 1.881577944250097e+00
7.76250 1.868259625870195e+00
7.77500 1.856570440412031e+00
7.78750 1.846336190874548e+00
7.80000 1.836785978935650e+00
7.81250 1.826631237176085e+00
7.82500 1.814410588769256e+00
7.83750 1.799869805942177e+00
7.85000 1.784376811739142e+00
7.86250 1.768618399347070e+00
7.87500 1.752368313048945e+00
7.88750 1.735410205249113e+00
7.90000 1.717920433013593e+00
7.91250 1.700358145235226e+00
7.92500 1.683219732237440e+00
7.93750 1.666905777123768e+00
7.95000 1.651717326873238e+00
7.96250 1.637852194462620e+00
7.97500 1.625427690479633e+00
7.98750 1.614463334804052e+00
8.00000 1.604855409676792e+00
8.01250 1.596403710043376e+00
8.02500 1.588858861985542e+00
8.03750 1.582000610926266e+00
8.05000 1.575671534433343e+00
8.06250 1.569804691849015e+00
8.07500 1.564311948436518e+00
8.08750 1.558989892358176e+00
8.10000 1.553615692260287e+00
8.11250 1.548264134110055e+00
8.12500 1.543105982585727e+00
8.13750 1.538149101420431e+00
8.15000 1.533305413238529e+00
8.16250 1.528464634204817e+00
8.17500 1.523501238847608e+00
8.18750 1.518273873571225e+00
8.20000 1.512723179067335e+00
8.21250 1.507041357017304e+00
8.22500 1.501488126411425e+00
8.23750 1.496099981720564e+00
8.25000 1.490714732126740e+00
8.26250 1.485373524786886e+00
8.27500 1.480258291948700e+00
8.28750 1.475404311709829e+00
8.30000 1.470444672963088e+00
8.31250 1.464750055379564e+00
8.32500 1.459127664469233e+00
8.33750 1.455341467504760e+00
8.35000 1.447372112733204e+00
8.36250 1.440764569760441e+00
8.37500 1.432552050654157e+00
8.38750 1.425104575047603e+00
8.40000 1.418510018475007e+00
8.41250 1.411724359997072e+00
8.42500 1.405893470922322e+00
8.43750 1.402087981281425e+00
8.45000 1.399908685432019e+00
8.46250 1.388666526900763e+00
8.47500 1.375247115308051e+00
8.48750 1.363412335002122e+00
8.50000 1.352359331157925e+00
8.51250 1.341617766153858e+00
8.52500 1.330886883758037e+00
8.53750 1.320040285679883e+00
8.55000 1.308887989960188e+00
8.56250 1.297769520705208e+00
8.57500 1.287017059623036e+00
8.58750 1.276601942707212e+00
8.60000 1.266407086571024e+00
8.61250 1.256211864545656e+00
8.62500 1.245906238835283e+00
8.63750 1.235644944747378e+00
8.65000 1.225446526336410e+00
8.66250 1.215496871673652e+00
8.67500 1.207046056640457e+00
8.68750 1.203082601789743e+00
8.70000 1.192378039147823e+00
8.71250 1.179906069503130e+00
8.72500 1.171110894193667e+00
8.73750 1.163712881802582e+00
8.75000 1.157122151952376e+00
8.76250 1.151120420025466e+00
8.77500 1.145581006022034e+00
8.78750 1.140417721965623e+00
8.80000 1.135580835442177e+00
8.81250 1.131087508217778e+00
8.82500 1.126567050894648e+00
8.83750 1.121610548944107e+00
8.85000 1.116635732047363e+00
8.86250 1.111604249659651e+00
8.87500 1.106602696529343e+00
8.88750 1.101713783999814e+00
8.90000 1.096897405369156e+00
8.91250 1.092050342387425e+00
8.92500 1.087109688861891e+00
8.93750 1.082107768577733e+00
8.95000 1.077185650100495e+00
8.96250 1.072461177812360e+00
8.97500 1.067859133392929e+00
8.98750 1.063262309669515e+00
9.00000 1.058821350351658e+00
9.01250 1.054647609212211e+00
9.02500 1.050779710039013e+00
9.03750 1.047280899332277e+00
9.05000 1.044202300700296e+00
9.06250 1.041556467742569e+00
9.07500 1.039288060922088e+00
9.08750 1.037254591769799e+00
9.10000 1.035298761286974e+00
9.11250 1.033278011840811e+00
9.12500 1.031189335356103e+00
9.13750 1.029118177064341e+00
9.15000 1.027008772248543e+00
9.16250 1.024750751478131e+00
9.17500 1.022302077166115e+00
9.18750 1.019674003615788e+00
9.20000 1.016879841783483e+00
9.21250 1.013925003861505e+00
9.22500 1.010819703977743e+00
9.23750 1.007564944700510e+00
9.25000 1.004138903891556e+00
9.26250 1.000504185303173e+00
9.27500 9.966210052928618e-01
9.28750 9.924598297489668e-01
9.30000 9.880126652972975e-01
9.31250 9.832958297408808e-01
9.32500 9.783307555559496e-01
9.33750 9.731278186548431e-01
9.35000 9.677043304409828e-01
9.36250 9.621048204795278e-01
9.37500 9.563921503701539e-01
9.38750 9.506266872741868e-01
9.40000 9.448417975112294e-01
9.41250 9.390340231311325e-01
9.42500 9.332193713767437e-01
9.43750 9.274908172546864e-01
9.45000 9.219531670903378e-01
9.46250 9.166487172148980e-01
9.47500 9.115565876828841e-01
9.48750 9.066237814733126e-01
9.50000 9.018153784741163e-01
9.51250 8.971599062000135e-01
9.52500 8.927390324780066e-01
9.53750 8.886378268443078e-01
9.55000 8.849333996581177e-01
9.56250 8.817702460826373e-01
9.57500 8.793976950607894e-01
9.58750 8.773738420056266e-01
9.60000 8.740910352340853e-01
9.61250 8.710371904579084e-01
9.62500 8.676155618904913e-01
9.63750 8.642970191377798e-01
9.65000 8.618706286416102e-01
9.66250 8.598564851785310e-01
9.67500 8.575346587203013e-01
9.68750 8.547686467236310e-01
9.70000 8.522572401970077e-01
9.71250 8.500852788433260e-01
9.72500 8.482091904353651e-01
9.73750 8.465781115962537e-01
9.75000 8.451609984437716e-01
9.76250 8.439359198781660e-01
9.77500 8.428750889881089e-01
9.78750 8.419429752276517e-01
9.80000 8.411056170631868e-01
9.81250 8.403430700978832e-01
9.82500 8.396659924795444e-01
9.83750 8.391383615149101e-01
9.85000 8.389180626334185e-01
9.86250 8.388570427751436e-01
9.87500 8.382773705821474e-01
9.88750 8.375847919551387e-01
9.90000 8.371207320278441e-01
9.91250 8.368119415669257e-01
9.92500 8.365292140402404e-01
9.93750 8.361974207008941e-01
9.95000 8.357830854107595e-01
9.96250 8.352802468580701e-01
9.97500 8.346903126865095e-01
9.98750 8.340069618214420e-01
10.00000 8.332040866063841e-01
