0.00001 1.701085831857654e+01
0.01250 1.701103577719650e+01
0.02500 1.701156818245023e+01
0.03750 1.701245562139660e+01
0.05000 1.701369823936730e+01
0.06250 1.701529623991886e+01
0.07500 1.701724988492535e+01
0.08750 1.701955949469716e+01
0.10000 1.702222544812722e+01
0.11250 1.702524818286284e+01
0.12500 1.702862819550617e+01
0.13750 1.703236604183940e+01
0.15000 1.703646233708010e+01
0.16250 1.704091775616260e+01
0.17500 1.704573303404659e+01
0.18750 1.705090896605568e+01
0.20000 1.705644640824296e+01
0.21250 1.706234627778583e+01
0.22500 1.706860955341045e+01
0.23750 1.707523727584464e+01
0.25000 1.708223054830222e+01
0.26250 1.708959053699638e+01
0.27500 1.709731847168502e+01
0.28750 1.710541564624721e+01
0.30000 1.711388341929120e+01
0.31250 1.712272321479600e+01
0.32500 1.713193652278485e+01
0.33750 1.714152490003459e+01
0.35000 1.715148997081665e+01
0.36250 1.716183342767665e+01
0.37500 1.717255703224694e+01
0.38750 1.718366261609835e+01
0.40000 1.719515208162851e+01
0.41250 1.720702740298892e+01
0.42500 1.721929062705163e+01
0.43750 1.723194387441632e+01
0.45000 1.724498934045923e+01
0.46250 1.725842929642438e+01
0.47500 1.727226609055856e+01
0.48750 1.728650214929150e+01
0.50000 1.730113997846185e+01
0.51250 1.731618216459118e+01
0.52500 1.733163137620604e+01
0.53750 1.734749036521084e+01
0.55000 1.736376196831253e+01
0.56250 1.738044910849787e+01
0.57500 1.739755479656657e+01
0.58750 1.741508213272050e+01
0.60000 1.743303430821100e+01
0.61250 1.745141460704711e+01
0.62500 1.747022640776596e+01
0.63750 1.748947318526675e+01
0.65000 1.750915851271175e+01
0.66250 1.752928606349575e+01
0.67500 1.754985961328605e+01
0.68750 1.757088304213689e+01
0.70000 1.759236033667839e+01
0.71250 1.761429559238506e+01
0.72500 1.763669301592553e+01
0.73750 1.765955692759648e+01
0.75000 1.768289176384404e+01
0.76250 1.770670207987564e+01
0.77500 1.773099255236617e+01
0.78750 1.775576798226102e+01
0.80000 1.778103329768092e+01
0.81250 1.780679355693171e+01
0.82500 1.783305395162248e+01
0.83750 1.785981980989801e+01
0.85000 1.788709659978830e+01
0.86250 1.791488993268114e+01
0.87500 1.794320556692091e+01
0.88750 1.797204941154169e+01
0.90000 1.800142753013630e+01
0.91250 1.803134614487006e+01
0.92500 1.806181164064398e+01
0.93750 1.809283056941334e+01
0.95000 1.812440965466853e+01
0.96250 1.815655579608610e+01
0.97500 1.818927607435463e+01
0.98750 1.822257775618650e+01
1.00000 1.825646829952079e+01
1.01250 1.829095535892700e+01
1.02500 1.832604679121899e+01
1.03750 1.836175066128694e+01
1.05000 1.839807524815939e+01
1.06250 1.843502905130311e+01
1.07500 1.847262079717487e+01
1.08750 1.851085944603454e+01
1.10000 1.854975419903164e+01
1.11250 1.858931450558082e+01
1.12500 1.862955007103687e+01
1.13750 1.867047086468507e+01
1.15000 1.871208712806348e+01
1.16250 1.875440938363022e+01
1.17500 1.879744844379622e+01
1.18750 1.884121542033896e+01
1.20000 1.888572173421829e+01
1.21250 1.893097912581317e+01
1.22500 1.897699966560215e+01
1.23750 1.902379576530895e+01
1.25000 1.907138018953943e+01
1.26250 1.911976606793461e+01
1.27500 1.916896690786569e+01
1.28750 1.921899660770407e+01
1.30000 1.926986947069286e+01
1.31250 1.932160021945583e+01
1.32500 1.937420401117873e+01
1.33750 1.942769645349795e+01
1.35000 1.948209362114001e+01
1.36250 1.953741207335069e+01
1.37500 1.959366887216274e+01
1.38750 1.965088160154714e+01
1.40000 1.970906838750314e+01
1.41250 1.976824791913944e+01
1.42500 1.982843947080784e+01
1.43750 1.988966292535178e+01
1.45000 1.995193879853893e+01
1.46250 2.001528826474863e+01
1.47500 2.007973318399482e+01
1.48750 2.014529613036739e+01
1.50000 2.021200042198186e+01
1.51250 2.027987015253546e+01
1.52500 2.034893022457389e+01
1.53750 2.041920638458092e+01
1.55000 2.049072526001288e+01
1.56250 2.056351439840881e+01
1.57500 2.063760230871846e+01
1.58750 2.071301850499903e+01
1.60000 2.078979355265003e+01
1.61250 2.086795911736102e+01
1.62500 2.094754801697028e+01
1.63750 2.102859427644270e+01
1.65000 2.111113318619744e+01
1.66250 2.119520136403366e+01
1.67500 2.128083682092522e+01
1.68750 2.136807903097919e+01
1.70000 2.145696900588179e+01
1.71250 2.154754937418069e+01
1.72500 2.163986446579093e+01
1.73750 2.173396040214240e+01
1.75000 2.182988519243140e+01
1.76250 2.192768883648310e+01
1.77500 2.202742343477758e+01
1.78750 2.212914330625422e+01
1.80000 2.223290511456570e+01
1.81250 2.233876800352581e+01
1.82500 2.244679374257191e+01
1.83750 2.255704688315027e+01
1.85000 2.266959492703169e+01
1.86250 2.278450850767213e+01
1.87500 2.290186158586726e+01
1.88750 2.302173166107561e+01
1.90000 2.314419999996207e+01
1.91250 2.326935188388349e+01
1.92500 2.339727687724748e+01
1.93750 2.352806911891710e+01
1.95000 2.366182763909335e+01
1.96250 2.379865670442624e+01
1.97500 2.393866619445260e+01
1.98750 2.408197201287024e+01
2.00000 2.422869653762905e+01
2.01250 2.437896911436549e+01
2.02500 2.453292659833692e+01
2.03750 2.469071395075850e+01
2.05000 2.485248489629524e+01
2.06250 2.501840264948394e+01
2.07500 2.518864071903870e+01
2.08750 2.536338380040243e+01
2.10000 2.554282876856252e+01
2.11250 2.572718578513087e+01
2.12500 2.591667953604241e+01
2.13750 2.611155061906313e+01
2.15000 2.631205710370511e+01
2.16250 2.651847629028074e+01
2.17500 2.673110669985338e+01
2.18750 2.695027033299619e+01
2.20000 2.717631524284032e+01
2.21250 2.740961847727211e+01
2.22500 2.765058945682000e+01
2.23750 2.789967386944337e+01
2.25000 2.815735818197635e+01
2.26250 2.842417489162095e+01
2.27500 2.870070867128344e+01
2.28750 2.898760360200920e+01
2.30000 2.928557173753318e+01
2.31250 2.959540331463632e+01
2.32500 2.991797901525757e+01
2.33750 3.025428481203046e+01
2.35000 3.060543010292420e+01
2.36250 3.097267008592872e+01
2.37500 3.135743367756856e+01
2.38750 3.176135879897069e+01
2.40000 3.218633764126493e+01
2.41250 3.263457575720911e+01
2.42500 3.310867084161011e+01
2.43750 3.361172051899626e+01
2.45000 3.414747475362440e+01
2.46250 3.472056087045757e+01
2.47500 3.533683590361708e+01
2.48750 3.600398601318249e+01
2.50000 3.673267645429775e+01
2.51250 3.753918066525295e+01
2.52500 3.845299446670901e+01
2.53750 3.953658345967554e+01
2.55000 4.013148662948438e+01
2.56250 4.129163997733571e+01
2.57500 4.246332070660768e+01
2.58750 4.318807718921414e+01
2.60000 4.357569368682982e+01
2.61250 4.479580194380672e+01
2.62500 4.697780393532272e+01
2.63750 4.638899222103286e+01
2.65000 4.305908683962463e+01
2.66250 4.270356980210983e+01
2.67500 4.125185491215647e+01
2.68750 3.820913759188425e+01
2.70000 3.522083422639626e+01
2.71250 3.394544146935971e+01
2.72500 3.361172249494670e+01
2.73750 3.344674224788211e+01
2.75000 3.336569225423768e+01
2.76250 3.353544445546061e+01
2.77500 3.387770934493691e+01
2.78750 3.401605315484826e+01
2.80000 3.376978762629123e+01
2.81250 3.357367652792995e+01
2.82500 3.319579878952167e+01
2.83750 3.238229495828264e+01
2.85000 3.156588707452879e+01
2.86250 3.080446317317406e+01
2.87500 3.037967191017808e+01
2.88750 3.013278330095106e+01
2.90000 2.978037839015527e+01
2.91250 2.889354398549446e+01
2.92500 2.833266758867453e+01
2.93750 2.824405161262032e+01
2.95000 2.824044290331199e+01
2.96250 2.800494316659528e+01
2.97500 2.803134219745491e+01
2.98750 2.796856948127320e+01
3.00000 2.759761468394307e+01
3.01250 2.725813893232085e+01
3.02500 2.729549135647968e+01
3.03750 2.719379290033314e+01
3.05000 2.667251153014809e+01
3.06250 2.665285699098126e+01
3.07500 2.676508187568563e+01
3.08750 2.671505267386634e+01
3.10000 2.656837560486980e+01
3.11250 2.615978263788191e+01
3.12500 2.635649883014314e+01
3.13750 2.646679822518820e+01
3.15000 2.632255724097122e+01
3.16250 2.641296279755311e+01
3.17500 2.656764458151743e+01
3.18750 2.666385362733702e+01
3.20000 2.656726659947172e+01
3.21250 2.637556454074818e+01
3.22500 2.626588010389568e+01
3.23750 2.618337307111907e+01
3.25000 2.609068153680374e+01
3.26250 2.595758528816169e+01
3.27500 2.572948563819448e+01
3.28750 2.544743691720603e+01
3.30000 2.529843553715488e+01
3.31250 2.527170452734944e+01
3.32500 2.529986691372588e+01
3.33750 2.531532966260113e+01
3.35000 2.521710302342276e+01
3.36250 2.508131123082542e+01
3.37500 2.517806343830690e+01
3.38750 2.546914527335800e+01
3.40000 2.584359261119340e+01
3.41250 2.624706322365320e+01
3.42500 2.666160514735355e+01
3.43750 2.707500946163746e+01
3.45000 2.752199362039824e+01
3.46250 2.804791469755876e+01
3.47500 2.867623370176755e+01
3.48750 2.950056379911403e+01
3.50000 3.049105109406766e+01
3.51250 3.139301341301312e+01
3.52500 3.210492221948443e+01
3.53750 3.306308545879642e+01
3.55000 3.440941563894125e+01
3.56250 3.006194807883024e+01
3.57500 2.915587460025700e+01
3.58750 2.878000705099274e+01
3.60000 2.715633287211328e+01
3.61250 2.600264116412883e+01
3.62500 2.465526893537217e+01
3.63750 2.359492967090306e+01
3.65000 2.217655746965426e+01
3.66250 2.297715833261767e+01
3.67500 2.035878028125394e+01
3.68750 2.145087794753846e+01
3.70000 2.017279401037765e+01
3.71250 1.462976375738087e+01
3.72500 1.319380231968577e+01
3.73750 -1.054578530956350e+01
3.75000 -1.505046480139847e+01
3.76250 -1.388098660472043e+01
3.77500 -1.333159162934646e+01
3.78750 -1.439874087456240e+01
3.80000 -1.598437599159253e+01
3.81250 -2.063865341820988e+01
3.82500 -1.962790747595252e+01
3.83750 -1.966946732934134e+01
3.85000 -2.030162654194352e+01
3.86250 -2.105588192919078e+01
3.87500 -2.165698719075440e+01
3.88750 -2.195734635281895e+01
3.90000 -2.191954252206392e+01
3.91250 -2.158629925671472e+01
3.92500 -2.103960017498342e+01
3.93750 -2.036597105760378e+01
3.95000 -1.964032677212245e+01
3.96250 -1.891622865439835e+01
3.97500 -1.821596448682877e+01
3.98750 -1.753795856243361e+01
4.00000 -1.687922701530614e+01
4.01250 -1.624634249616560e+01
4.02500 -1.565435861805352e+01
4.03750 -1.512257220311480e+01
4.05000 -1.466901982317970e+01
4.06250 -1.430430844672330e+01
4.07500 -1.402739751366196e+01
4.08750 -1.382845603034088e+01
4.10000 -1.369846535986076e+01
4.11250 -1.363458218100966e+01
4.12500 -1.363377815043468e+01
4.13750 -1.368329914875658e+01
4.15000 -1.375958017023946e+01
4.16250 -1.383192635332949e+01
4.17500 -1.387096047923290e+01
4.18750 -1.386317396604200e+01
4.20000 -1.381344479603082e+01
4.21250 -1.373440499862500e+01
4.22500 -1.363497698982342e+01
4.23750 -1.351802751463423e+01
4.25000 -1.339044377737735e+01
4.26250 -1.325927599877709e+01
4.27500 -1.312330066972251e+01
4.28750 -1.298149502690396e+01
4.30000 -1.280555503738656e+01
4.31250 -1.255177836441613e+01
4.32500 -1.222705959923724e+01
4.33750 -1.187427197466957e+01
4.35000 -1.153094580936025e+01
4.36250 -1.116731689949462e+01
4.37500 -1.076204665023107e+01
4.38750 -1.044178440984549e+01
4.40000 -1.020368056560412e+01
4.41250 -9.924694164505883e+00
4.42500 -9.637311979247558e+00
4.43750 -9.276335218651798e+00
4.45000 -9.048079868394693e+00
4.46250 -8.851306176107220e+00
4.47500 -8.629732023724683e+00
4.48750 -8.211221998019843e+00
4.50000 -7.536599072117872e+00
4.51250 -7.437394841845277e+00
4.52500 -7.229600738363855e+00
4.53750 -1.432527538303752e+01
4.55000 -1.424981823358586e+01
4.56250 -1.423462283648993e+01
4.57500 -1.415988415551114e+01
4.58750 -1.399740094768668e+01
4.60000 -1.382762976990989e+01
4.61250 -1.371548332468159e+01
4.62500 -1.361568114769808e+01
4.63750 -1.347833510625821e+01
4.65000 -1.334017588641538e+01
4.66250 -1.323096412868503e+01
4.67500 -1.315594382729154e+01
4.68750 -1.311264165260615e+01
4.70000 -1.309421224537233e+01
4.71250 -1.309220977519254e+01
4.72500 -1.310059409481294e+01
4.73750 -1.311580195730785e+01
4.75000 -1.313380360389677e+01
4.76250 -1.314793136006286e+01
4.77500 -1.314957748716724e+01
4.78750 -1.313125730707037e+01
4.80000 -1.308930936228301e+01
4.81250 -1.302475586355374e+01
4.82500 -1.294238989651455e+01
4.83750 -1.284797697737117e+01
4.85000 -1.274531089289590e+01
4.86250 -1.263582365334248e+01
4.87500 -1.252064404767545e+01
4.88750 -1.240198137097029e+01
4.90000 -1.228211417912749e+01
4.91250 -1.216216141773730e+01
4.92500 -1.204297995537517e+01
4.93750 -1.192629163065330e+01
4.95000 -1.181329367957616e+01
4.96250 -1.170285319409143e+01
4.97500 -1.159250777174096e+01
4.98750 -1.148033191824351e+01
5.00000 -1.136482595615957e+01
5.01250 -1.124519209609912e+01
5.02500 -1.112395417757383e+01
5.03750 -1.100713561460414e+01
5.05000 -1.089684990359661e+01
5.06250 -1.078696852643256e+01
5.07500 -1.067291320917576e+01
5.08750 -1.055608664918250e+01
5.10000 -1.044083753641898e+01
5.11250 -1.034347762614134e+01
5.12500 -1.037406666682197e+01
5.13750 -1.055235464400564e+01
5.15000 -1.060961895728569e+01
5.16250 -1.061684873175987e+01
5.17500 -1.058351603983394e+01
5.18750 -1.053334577295397e+01
5.20000 -1.047925605955574e+01
5.21250 -1.042288862886618e+01
5.22500 -1.036593755457397e+01
5.23750 -1.031242709577634e+01
5.25000 -1.026814310273656e+01
5.26250 -1.024139702393629e+01
5.27500 -1.024231678536263e+01
5.28750 -1.028054437824090e+01
5.30000 -1.034666394721809e+01
5.31250 -1.040058530755859e+01
5.32500 -1.041912887771814e+01
5.33750 -1.041360575041199e+01
5.35000 -1.040238675872876e+01
5.36250 -1.037966006962760e+01
5.37500 -1.033295832755520e+01
5.38750 -1.028308392204262e+01
5.40000 -1.025210705948735e+01
5.41250 -1.022454525065510e+01
5.42500 -1.017384601316479e+01
5.43750 -1.010564360172752e+01
5.45000 -1.003282165222512e+01
5.46250 -9.961545917731144e+00
5.47500 -9.893106122789648e+00
5.48750 -9.826140586014397e+00
5.50000 -9.757790717339661e+00
5.51250 -9.684163694955693e+00
5.52500 -9.602561863089480e+00
5.53750 -9.514081039986303e+00
5.55000 -9.425800641028598e+00
5.56250 -9.367038021663349e+00
5.57500 -9.359935174183269e+00
5.58750 -9.338355748813273e+00
5.60000 -9.311572154289792e+00
5.61250 -9.275705446129500e+00
5.62500 -9.227738477749563e+00
5.63750 -9.175110528389432e+00
5.65000 -9.126677925603733e+00
5.66250 -9.088537983079990e+00
5.67500 -9.058235129554699e+00
5.68750 -9.024853201128122e+00
5.70000 -8.978222365842507e+00
5.71250 -8.914917712810782e+00
5.72500 -8.837003818244122e+00
5.73750 -8.748922769157225e+00
5.75000 -8.655459610439371e+00
5.76250 -8.560659693786029e+00
5.77500 -8.467339158448453e+00
5.78750 -8.377072545070225e+00
5.80000 -8.290231365010932e+00
5.81250 -8.206017759509130e+00
5.82500 -8.123242466680068e+00
5.83750 -8.041560745372438e+00
5.85000 -7.961803848041294e+00
5.86250 -7.885434624289159e+00
5.87500 -7.813927785221042e+00
5.88750 -7.748242331005969e+00
5.90000 -7.688401040758542e+00
5.91250 -7.633580235586200e+00
5.92500 -7.582803347866179e+00
5.93750 -7.535494853869908e+00
5.95000 -7.491407149253993e+00
5.96250 -7.450166499300364e+00
5.97500 -7.411065751240969e+00
5.98750 -7.373556184833408e+00
6.00000 -7.337772893415320e+00
6.01250 -7.304331453215656e+00
6.02500 -7.273754909673283e+00
6.03750 -7.246104592430509e+00
6.05000 -7.220915886148550e+00
6.06250 -7.197441042297871e+00
6.07500 -7.175044606376346e+00
6.08750 -7.153186521165443e+00
6.10000 -7.131393282389380e+00
6.11250 -7.108964993556119e+00
6.12500 -7.084688712966553e+00
6.13750 -7.060609871407104e+00
6.15000 -7.032718814593597e+00
6.16250 -7.003108908074978e+00
6.17500 -6.971787783569981e+00
6.18750 -6.938464839860408e+00
6.20000 -6.902840478275720e+00
6.21250 -6.864654158731852e+00
6.22500 -6.823735179304562e+00
6.23750 -6.780045600550300e+00
6.25000 -6.733706230349138e+00
6.26250 -6.684988119933592e+00
6.27500 -6.634277621859165e+00
6.28750 -6.582039764838468e+00
6.30000 -6.528786487778323e+00
6.31250 -6.475028250013756e+00
6.32500 -6.421185160533931e+00
6.33750 -6.367466761030713e+00
6.35000 -6.313786467759027e+00
6.36250 -6.259804294135717e+00
6.37500 -6.205112082408710e+00
6.38750 -6.149440048412169e+00
6.40000 -6.092751621279023e+00
6.41250 -6.035213138079198e+00
6.42500 -5.977104723612605e+00
6.43750 -5.918732991780744e+00
6.45000 -5.860361036819393e+00
6.46250 -5.802133452892475e+00
6.47500 -5.744034124484319e+00
6.48750 -5.685949393757344e+00
6.50000 -5.627808869295942e+00
6.51250 -5.569685076061671e+00
6.52500 -5.511764805191862e+00
6.53750 -5.454200979975460e+00
6.55000 -5.396933125709437e+00
6.56250 -5.339614067855194e+00
6.57500 -5.281728864021209e+00
6.58750 -5.222825814830232e+00
6.60000 -5.162807324549394e+00
6.61250 -5.102779984932096e+00
6.62500 -5.048171694083734e+00
6.63750 -5.015954106679909e+00
6.65000 -5.022560386692523e+00
6.66250 -5.021723535615003e+00
6.67500 -4.984068394156828e+00
6.68750 -4.933510194099594e+00
6.70000 -4.884985817937220e+00
6.71250 -4.843583281391150e+00
6.72500 -4.812401746931848e+00
6.73750 -4.792949659777827e+00
6.75000 -4.782169186991777e+00
6.76250 -4.772434691756749e+00
6.77500 -4.757517217454988e+00
6.78750 -4.737031674534964e+00
6.80000 -4.714257840805559e+00
6.81250 -4.692317241160547e+00
6.82500 -4.672653749091847e+00
6.83750 -4.655222930805429e+00
6.85000 -4.639111143200561e+00
6.86250 -4.623309285493570e+00
6.87500 -4.607791234719071e+00
6.88750 -4.593849953082787e+00
6.90000 -4.582555013815742e+00
6.91250 -4.572612224219669e+00
6.92500 -4.560834668631429e+00
6.93750 -4.544974187711754e+00
6.95000 -4.524798082429860e+00
6.96250 -4.501238446570008e+00
6.97500 -4.475697865928125e+00
6.98750 -4.449583739591494e+00
7.00000 -4.423654300497902e+00
7.01250 -4.397747217011795e+00
7.02500 -4.371542761070996e+00
7.03750 -4.345556405107184e+00
7.05000 -4.321062749587783e+00
7.06250 -4.298819468597848e+00
7.07500 -4.277525534319576e+00
7.08750 -4.253918737855773e+00
7.10000 -4.224866107269010e+00
7.11250 -4.188798717572087e+00
7.12500 -4.145062822962599e+00
7.13750 -4.091173003052846e+00
7.15000 -4.028853647664090e+00
7.16250 -4.114162615206056e+00
7.17500 -4.081709780563133e+00
7.18750 -4.035522696589729e+00
7.20000 -4.007304326167725e+00
7.21250 -3.985412247223760e+00
7.22500 -3.962600313849671e+00
7.23750 -3.938089815100938e+00
7.25000 -3.910395870980055e+00
7.26250 -3.879763514750644e+00
7.27500 -3.848557109142723e+00
7.28750 -3.818580284567202e+00
7.30000 -3.790470309888019e+00
7.31250 -3.761163597628701e+00
7.32500 -3.731256289642791e+00
7.33750 -3.701923760774836e+00
7.35000 -3.674088790740274e+00
7.36250 -3.649207016406010e+00
7.37500 -3.624257843728440e+00
7.38750 -3.596138906902792e+00
7.40000 -3.567786106481689e+00
7.41250 -3.541302313223966e+00
7.42500 -3.517558919507944e+00
7.43750 -3.493831582023587e+00
7.45000 -3.468123210723992e+00
7.46250 -3.441284089027421e+00
7.47500 -3.415122854303076e+00
7.48750 -3.391335530584930e+00
7.50000 -3.371065499151699e+00
7.51250 -3.355682355168731e+00
7.52500 -3.342972978229948e+00
7.53750 -3.325721128238946e+00
7.55000 -3.304034553208839e+00
7.56250 -3.280029236317746e+00
7.57500 -3.253776092919630e+00
7.58750 -3.226360153640422e+00
7.60000 -3.200115438306141e+00
7.61250 -3.182597009399304e+00
7.62500 -3.170864908345891e+00
7.63750 -3.141179194050657e+00
7.65000 -3.128037313667146e+00
7.66250 -3.147632252265197e+00
7.67500 -3.130606915734596e+00
7.68750 -3.116170538087744e+00
7.70000 -3.118463515421832e+00
7.71250 -3.094596422141607e+00
7.72500 -3.080585464423833e+00
7.73750 -3.053212832411275e+00
7.75000 -3.028835718988630e+00
7.76250 -3.005519012012321e+00
7.77500 -2.983060510724189e+00
7.78750 -2.962087697530362e+00
7.80000 -2.943274745345040e+00
7.81250 -2.926827537937643e+00
7.82500 -2.911934389692130e+00
7.83750 -2.896670261484959e+00
7.85000 -2.880177034469813e+00
7.86250 -2.862995520799249e+00
7.87500 -2.845399871409994e+00
7.88750 -2.827084632201979e+00
7.90000 -2.807586985723471e+00
7.91250 -2.786640302900581e+00
7.92500 -2.764249613436779e+00
7.93750 -2.740587153910841e+00
7.95000 -2.715911773554123e+00
7.96250 -2.690531245960233e+00
7.97500 -2.664773173616006e+00
7.98750 -2.638995212357451e+00
8.00000 -2.613529851205137e+00
8.01250 -2.588632073716808e+00
8.02500 -2.564441525260895e+00
8.03750 -2.540986076473054e+00
8.05000 -2.518232344742791e+00
8.06250 -2.496166122002655e+00
8.07500 -2.474841520980883e+00
8.08750 -2.454299314361767e+00
8.10000 -2.434355340553283e+00
8.11250 -2.414758797989113e+00
8.12500 -2.395526196611905e+00
8.13750 -2.376780289780655e+00
8.15000 -2.358589989864042e+00
8.16250 -2.340970265016219e+00
8.17500 -2.323894144448968e+00
8.18750 -2.307258772926696e+00
8.20000 -2.290823773313690e+00
8.21250 -2.274373418386813e+00
8.22500 -2.257968624878600e+00
8.23750 -2.241828383483106e+00
8.25000 -2.225984603983140e+00
8.26250 -2.210299957827492e+00
8.27500 -2.194852387093481e+00
8.28750 -2.179915325506818e+00
8.30000 -2.165815976914233e+00
8.31250 -2.152020281803476e+00
8.32500 -2.137763986537562e+00
8.33750 -2.124623946166682e+00
8.35000 -2.113370587965240e+00
8.36250 -2.100486945693790e+00
8.37500 -2.087473115640978e+00
8.38750 -2.073305654507469e+00
8.40000 -2.059432882658118e+00
8.41250 -2.045817725341010e+00
8.42500 -2.031758915253894e+00
8.43750 -2.018631821211842e+00
8.45000 -2.010962141551744e+00
8.46250 -2.006596097362072e+00
8.47500 -1.995501260907203e+00
8.48750 -1.983011247806066e+00
8.50000 -1.969732051778279e+00
8.51250 -1.956400206381728e+00
8.52500 -1.942982523479932e+00
8.53750 -1.929390092635811e+00
8.55000 -1.915430932854170e+00
8.56250 -1.900756053386025e+00
8.57500 -1.885639015468198e+00
8.58750 -1.870323840200137e+00
8.60000 -1.854960414763581e+00
8.61250 -1.839558833207707e+00
8.62500 -1.823887852392347e+00
8.63750 -1.807790852567239e+00
8.65000 -1.791226271128106e+00
8.66250 -1.773738755710322e+00
8.67500 -1.755028937755274e+00
8.68750 -1.738091108994339e+00
8.70000 -1.728125809435028e+00
8.71250 -1.709309877074602e+00
8.72500 -1.689864567746695e+00
8.73750 -1.670945176093746e+00
8.75000 -1.652472615211635e+00
8.76250 -1.634410556466872e+00
8.77500 -1.616749259845645e+00
8.78750 -1.599485137929828e+00
8.80000 -1.582621665601022e+00
8.81250 -1.566243186290170e+00
8.82500 -1.550704923287006e+00
8.83750 -1.535285347968546e+00
8.85000 -1.519955091863196e+00
8.86250 -1.504693529581969e+00
8.87500 -1.489447450187505e+00
8.88750 -1.474272704886025e+00
8.90000 -1.459261675376356e+00
8.91250 -1.444407510192112e+00
8.92500 -1.429612660751901e+00
8.93750 -1.414745668840490e+00
8.95000 -1.399745787095978e+00
8.96250 -1.384710416290987e+00
8.97500 -1.369762373247293e+00
8.98750 -1.354782340441957e+00
9.00000 -1.339651302420683e+00
9.01250 -1.324443759300780e+00
9.02500 -1.309206293989560e+00
9.03750 -1.293990774832086e+00
9.05000 -1.278893752921054e+00
9.06250 -1.264043921655242e+00
9.07500 -1.249589683504517e+00
9.08750 -1.235630601584281e+00
9.10000 -1.222175461813893e+00
9.11250 -1.209146987269915e+00
9.12500 -1.196399905336806e+00
9.13750 -1.183946844399400e+00
9.15000 -1.171867557168272e+00
9.16250 -1.160133454562423e+00
9.17500 -1.148658739475689e+00
9.18750 -1.137383974068262e+00
9.20000 -1.126282872523228e+00
9.21250 -1.115335836205487e+00
9.22500 -1.104531148441159e+00
9.23750 -1.093874770748982e+00
9.25000 -1.083373795425258e+00
9.26250 -1.073019420711773e+00
9.27500 -1.062781114874682e+00
9.28750 -1.052608189280611e+00
9.30000 -1.042438216336841e+00
9.31250 -1.032215528335066e+00
9.32500 -1.021903557451238e+00
9.33750 -1.011466947723662e+00
9.35000 -1.000854047027505e+00
9.36250 -9.900137553289454e-01
9.37500 -9.789186291623986e-01
9.38750 -9.675714543855971e-01
9.40000 -9.559955048497819e-01
9.41250 -9.441935218906607e-01
9.42500 -9.321133887520154e-01
9.43750 -9.197160130693138e-01
9.45000 -9.070475778874030e-01
9.46250 -8.941999330254895e-01
9.47500 -8.812495335979977e-01
9.48750 -8.682213867824857e-01
9.50000 -8.550795716264206e-01
9.51250 -8.417657193423811e-01
9.52500 -8.282592030293607e-01
9.53750 -8.145903161649242e-01
9.55000 -8.008038743208186e-01
9.56250 -7.869662083962909e-01
9.57500 -7.734223619894496e-01
9.58750 -7.610910217385580e-01
9.60000 -7.491682534081074e-01
9.61250 -7.365399876796719e-01
9.62500 -7.242977106632869e-01
9.63750 -7.110360418017330e-01
9.65000 -6.978552707811858e-01
9.66250 -6.851367032008175e-01
9.67500 -6.731706722990241e-01
9.68750 -6.607506161661858e-01
9.70000 -6.480207542343657e-01
9.71250 -6.352259098499324e-01
9.72500 -6.224960415027976e-01
9.73750 -6.098813841838260e-01
9.75000 -5.974047580576334e-01
9.76250 -5.850881067031370e-01
9.77500 -5.729527557657499e-01
9.78750 -5.610085441605019e-01
9.80000 -5.492471859569332e-01
9.81250 -5.376426717673928e-01
9.82500 -5.261585821332158e-01
9.83750 -5.147716474155200e-01
9.85000 -5.035687097861883e-01
9.86250 -4.930483978940976e-01
9.87500 -4.827736558667528e-01
9.88750 -4.723307709547391e-01
9.90000 -4.618832757767013e-01
9.91250 -4.516832094848398e-01
9.92500 -4.417627556824022e-01
9.93750 -4.320922643485128e-01
9.95000 -4.226283487649962e-01
9.96250 -4.133383073989305e-01
9.97500 -4.042075376521903e-01
9.98750 -3.952347200636659e-01
10.00000 -3.864159006668837e-01
