0.00001 1.701085710025009e+01
0.01250 1.701103455875040e+01
0.02500 1.701156696364528e+01
0.03750 1.701245440199318e+01
0.05000 1.701369701912554e+01
0.06250 1.701529501859814e+01
0.07500 1.701724866228419e+01
0.08750 1.701955827049337e+01
0.10000 1.702222422211737e+01
0.11250 1.702524695480220e+01
0.12500 1.702862696514826e+01
0.13750 1.703236480893653e+01
0.15000 1.703646110138260e+01
0.16250 1.704091651741858e+01
0.17500 1.704573179200215e+01
0.18750 1.705090772045438e+01
0.20000 1.705644515882570e+01
0.21250 1.706234502429102e+01
0.22500 1.706860829557304e+01
0.23750 1.707523601339690e+01
0.25000 1.708222928097261e+01
0.26250 1.708958926450997e+01
0.27500 1.709731719376293e+01
0.28750 1.710541436260639e+01
0.30000 1.711388212964455e+01
0.31250 1.712272191885175e+01
0.32500 1.713193522024672e+01
0.33750 1.714152359060108e+01
0.35000 1.715148865418110e+01
0.36250 1.716183210352668e+01
0.37500 1.717255570026459e+01
0.38750 1.718366127595985e+01
0.40000 1.719515073300350e+01
0.41250 1.720702604554059e+01
0.42500 1.721928926043608e+01
0.43750 1.723194249828257e+01
0.45000 1.724498795444881e+01
0.46250 1.725842790017096e+01
0.47500 1.727226468368760e+01
0.48750 1.728650073141988e+01
0.50000 1.730113854919772e+01
0.51250 1.731618072353330e+01
0.52500 1.733162992294366e+01
0.53750 1.734748889932316e+01
0.55000 1.736376048936805e+01
0.56250 1.738044761605448e+01
0.57500 1.739755329017080e+01
0.58750 1.741508061190688e+01
0.60000 1.743303277250210e+01
0.61250 1.745141305595263e+01
0.62500 1.747022484078225e+01
0.63750 1.748947160187636e+01
0.65000 1.750915691238286e+01
0.66250 1.752928444568163e+01
0.67500 1.754985797742448e+01
0.68750 1.757088138764923e+01
0.70000 1.759235866296947e+01
0.71250 1.761429389884183e+01
0.72500 1.763669130191709e+01
0.73750 1.765955519247262e+01
0.75000 1.768289000693497e+01
0.76250 1.770670030049094e+01
0.77500 1.773099074979407e+01
0.78750 1.775576615576745e+01
0.80000 1.778103144650865e+01
0.81250 1.780679168029924e+01
0.82500 1.783305204872321e+01
0.83750 1.785981787989917e+01
0.85000 1.788709464182978e+01
0.86250 1.791488794587418e+01
0.87500 1.794320355034746e+01
0.88750 1.797204736425243e+01
0.90000 1.800142545114974e+01
0.91250 1.803134403317129e+01
0.92500 1.806180949518266e+01
0.93750 1.809282838910284e+01
0.95000 1.812440743838382e+01
0.96250 1.815655354266232e+01
0.97500 1.818927378258536e+01
0.98750 1.822257542482182e+01
1.00000 1.825646592726523e+01
1.01250 1.829095294443785e+01
1.02500 1.832604433310374e+01
1.03750 1.836174815810143e+01
1.05000 1.839807269840480e+01
1.06250 1.843502645342424e+01
1.07500 1.847261814955697e+01
1.08750 1.851085674700091e+01
1.10000 1.854975144684018e+01
1.11250 1.858931169842156e+01
1.12500 1.862954720702827e+01
1.13750 1.867046794187083e+01
1.15000 1.871208414440856e+01
1.16250 1.875440633701729e+01
1.17500 1.879744533202180e+01
1.18750 1.884121224110867e+01
1.20000 1.888571848514257e+01
1.21250 1.893097580440251e+01
1.22500 1.897699626926167e+01
1.23750 1.902379229133341e+01
1.25000 1.907137663510752e+01
1.26250 1.911976243010234e+01
1.27500 1.916896318356066e+01
1.28750 1.921899279371818e+01
1.30000 1.926986556367496e+01
1.31250 1.932159621590451e+01
1.32500 1.937419990743347e+01
1.33750 1.942769224573106e+01
1.35000 1.948208930534646e+01
1.36250 1.953740764533908e+01
1.37500 1.959366432754400e+01
1.38750 1.965087693572377e+01
1.40000 1.970906359565674e+01
1.41250 1.976824299621795e+01
1.42500 1.982843441151183e+01
1.43750 1.988965772411983e+01
1.45000 1.995193344953128e+01
1.46250 2.001528276183108e+01
1.47500 2.007972752071989e+01
1.48750 2.014529029995531e+01
1.50000 2.021199441729942e+01
1.51250 2.027986396607359e+01
1.52500 2.034892384842364e+01
1.53750 2.041919981040746e+01
1.55000 2.049071847902698e+01
1.56250 2.056350740133740e+01
1.57500 2.063759508577121e+01
1.58750 2.071301104583387e+01
1.60000 2.078978584633471e+01
1.61250 2.086795115233162e+01
1.62500 2.094753978098695e+01
1.63750 2.102858575654112e+01
1.65000 2.111112436863589e+01
1.66250 2.119519223423624e+01
1.67500 2.128082736341946e+01
1.68750 2.136806922932843e+01
1.70000 2.145695884261108e+01
1.71250 2.154753883069654e+01
1.72500 2.163985352229284e+01
1.73750 2.173394903752624e+01
1.75000 2.182987338418438e+01
1.76250 2.192767656056714e+01
1.77500 2.202741066550228e+01
1.78750 2.212913001613610e+01
1.80000 2.223289127417441e+01
1.81250 2.233875358131332e+01
1.82500 2.244677870468417e+01
1.83750 2.255703119321884e+01
1.85000 2.266957854594177e+01
1.86250 2.278449139330722e+01
1.87500 2.290184369282233e+01
1.88750 2.302171294033940e+01
1.90000 2.314418039856202e+01
1.91250 2.326933134448742e+01
1.92500 2.339725533771869e+01
1.93750 2.352804651181413e+01
1.95000 2.366180389110688e+01
1.96250 2.379863173574406e+01
1.97500 2.393863991804182e+01
1.98750 2.408194433366417e+01
2.00000 2.422866735160392e+01
2.01250 2.437893830748829e+01
2.02500 2.453289404536598e+01
2.03750 2.469067951386868e+01
2.05000 2.485244842350201e+01
2.06250 2.501836397282802e+01
2.07500 2.518859965249128e+01
2.08750 2.536334013743776e+01
2.10000 2.554278227933949e+01
2.11250 2.572713621320555e+01
2.12500 2.591662659452421e+01
2.13750 2.611149398610008e+01
2.15000 2.631199641716419e+01
2.16250 2.651841114145333e+01
2.17500 2.673103662597799e+01
2.18750 2.695019480833680e+01
2.20000 2.717623366799636e+01
2.21250 2.740953016630913e+01
2.22500 2.765049362170345e+01
2.23750 2.789956960111795e+01
2.25000 2.815724442725109e+01
2.26250 2.842405042478143e+01
2.27500 2.870057205904105e+01
2.28750 2.898745315998801e+01
2.30000 2.928540547595006e+01
2.31250 2.959521887012065e+01
2.32500 2.991777356481274e+01
2.33750 3.025405496391176e+01
2.35000 3.060517175762384e+01
2.36250 3.097237825846034e+01
2.37500 3.135710226986344e+01
2.38750 3.176098030863999e+01
2.40000 3.218590279097364e+01
2.41250 3.263407302935418e+01
2.42500 3.310808591059981e+01
2.43750 3.361103559927739e+01
2.45000 3.414666795163177e+01
2.46250 3.471960580295197e+01
2.47500 3.533570226274735e+01
2.48750 3.600264274066683e+01
2.50000 3.673110145510417e+01
2.51250 3.753738606314088e+01
2.52500 3.845108685774914e+01
2.53750 3.953489637032005e+01
2.55000 4.013092551221823e+01
2.56250 4.129381322659537e+01
2.57500 4.247014035650120e+01
2.58750 4.319484625182977e+01
2.60000 4.357042566223294e+01
2.61250 4.477862737841093e+01
2.62500 4.694752958740276e+01
2.63750 4.636453643535443e+01
2.65000 4.306906537702967e+01
2.66250 4.271499947375338e+01
2.67500 4.126046798369873e+01
2.68750 3.821338353630426e+01
2.70000 3.522245701442050e+01
2.71250 3.394664379167504e+01
2.72500 3.361422834743752e+01
2.73750 3.345062145496652e+01
2.75000 3.337004640318980e+01
2.76250 3.353956313220404e+01
2.77500 3.388119619948137e+01
2.78750 3.401858042469934e+01
2.80000 3.377113516179105e+01
2.81250 3.357458034037987e+01
2.82500 3.319600275457693e+01
2.83750 3.238206021999778e+01
2.85000 3.156545360074074e+01
2.86250 3.080436467491746e+01
2.87500 3.037973631125084e+01
2.88750 3.013286482232884e+01
2.90000 2.978073189044495e+01
2.91250 2.889454880857263e+01
2.92500 2.833365914242093e+01
2.93750 2.824513124554224e+01
2.95000 2.824151581251770e+01
2.96250 2.800595906434777e+01
2.97500 2.803217769977237e+01
2.98750 2.796920689793851e+01
3.00000 2.759803155825763e+01
3.01250 2.725838010499629e+01
3.02500 2.729581875767624e+01
3.03750 2.719434423131158e+01
3.05000 2.667300942234661e+01
3.06250 2.665392188307707e+01
3.07500 2.676638450612648e+01
3.08750 2.671545526022955e+01
3.10000 2.656987022494078e+01
3.11250 2.616186445792553e+01
3.12500 2.635873302084962e+01
3.13750 2.646957791950422e+01
3.15000 2.632621934248734e+01
3.16250 2.641654942321461e+01
3.17500 2.657131520802155e+01
3.18750 2.666728798466772e+01
3.20000 2.657003424708079e+01
3.21250 2.637747855233527e+01
3.22500 2.626627423989279e+01
3.23750 2.618210390189226e+01
3.25000 2.608812657708940e+01
3.26250 2.595437546935490e+01
3.27500 2.572630718637952e+01
3.28750 2.544430867753365e+01
3.30000 2.529526485314489e+01
3.31250 2.526873959881499e+01
3.32500 2.529719903704755e+01
3.33750 2.531297087324608e+01
3.35000 2.521501694578549e+01
3.36250 2.507935209807174e+01
3.37500 2.517620594017075e+01
3.38750 2.546735459535292e+01
3.40000 2.584181255719374e+01
3.41250 2.624525024532412e+01
3.42500 2.665973848631993e+01
3.43750 2.707308381959194e+01
3.45000 2.751999845872137e+01
3.46250 2.804587512939789e+01
3.47500 2.867421705742773e+01
3.48750 2.949864376738876e+01
3.50000 3.048933027192377e+01
3.51250 3.139163328981804e+01
3.52500 3.210399325774908e+01
3.53750 3.306256161380780e+01
3.55000 3.440836808957688e+01
3.56250 3.006175229578811e+01
3.57500 2.915609038691320e+01
3.58750 2.878037732592529e+01
3.60000 2.715704966819317e+01
3.61250 2.600243518062612e+01
3.62500 2.465505561246355e+01
3.63750 2.359481311953727e+01
3.65000 2.217647930100843e+01
3.66250 2.297742416647824e+01
3.67500 2.035939449528360e+01
3.68750 2.145151724532367e+01
3.70000 2.017372792944181e+01
3.71250 1.463161913900254e+01
3.72500 1.319529592155340e+01
3.73750 -1.054434457185260e+01
3.75000 -1.504912954970045e+01
3.76250 -1.387915738157148e+01
3.77500 -1.333033037908484e+01
3.78750 -1.439740121373512e+01
3.80000 -1.598311669864507e+01
3.81250 -2.063704967582144e+01
3.82500 -1.962634964085973e+01
3.83750 -1.966789978445768e+01
3.85000 -2.030004660648205e+01
3.86250 -2.105429305407844e+01
3.87500 -2.165539651286920e+01
3.88750 -2.195576208284421e+01
3.90000 -2.191797160101631e+01
3.91250 -2.158474694367049e+01
3.92500 -2.103807026471992e+01
3.93750 -2.036446574198787e+01
3.95000 -1.963884570567485e+01
3.96250 -1.891475941930230e+01
3.97500 -1.821448009814513e+01
3.98750 -1.753645057611421e+01
4.00000 -1.687771919729058e+01
4.01250 -1.624487162166404e+01
4.02500 -1.565296347735165e+01
4.03750 -1.512129112562049e+01
4.05000 -1.466788825720932e+01
4.06250 -1.430335634813705e+01
4.07500 -1.402664804474123e+01
4.08750 -1.382792445674809e+01
4.10000 -1.369815698540179e+01
4.11250 -1.363449212437566e+01
4.12500 -1.363389587554975e+01
4.13750 -1.368361325708579e+01
4.15000 -1.376007519123265e+01
4.16250 -1.383257577972414e+01
4.17500 -1.387172333363579e+01
4.18750 -1.386398992125986e+01
4.20000 -1.381422674478955e+01
4.21250 -1.373504289101720e+01
4.22500 -1.363536944574147e+01
4.23750 -1.351812960495277e+01
4.25000 -1.339028144392419e+01
4.26250 -1.325890567413292e+01
4.27500 -1.312276177479673e+01
4.28750 -1.298079119339499e+01
4.30000 -1.280465809786791e+01
4.31250 -1.255063741906781e+01
4.32500 -1.222559742909283e+01
4.33750 -1.187238130151270e+01
4.35000 -1.152847826201542e+01
4.36250 -1.116406588867999e+01
4.37500 -1.075775152031751e+01
4.38750 -1.043612993999306e+01
4.40000 -1.019634252328185e+01
4.41250 -9.915594695335267e+00
4.42500 -9.627290811582659e+00
4.43750 -9.268673525933687e+00
4.45000 -9.048638545681850e+00
4.46250 -8.859352846198457e+00
4.47500 -8.639442429390783e+00
4.48750 -8.219780492076243e+00
4.50000 -7.543302861970906e+00
4.51250 -7.441705077977694e+00
4.52500 -7.232762987579733e+00
4.53750 -1.432919424199215e+01
4.55000 -1.425238956839875e+01
4.56250 -1.423647792813912e+01
4.57500 -1.416132046619428e+01
4.58750 -1.399852580410129e+01
4.60000 -1.382852976649036e+01
4.61250 -1.371621565023034e+01
4.62500 -1.361629631942835e+01
4.63750 -1.347887621008045e+01
4.65000 -1.334067378627332e+01
4.66250 -1.323144229607684e+01
4.67500 -1.315641867439474e+01
4.68750 -1.311312208018086e+01
4.70000 -1.309470024530925e+01
4.71250 -1.309270204206714e+01
4.72500 -1.310108433735397e+01
4.73750 -1.311628328133614e+01
4.75000 -1.313427025124131e+01
4.76250 -1.314837930016979e+01
4.77500 -1.315000413338635e+01
4.78750 -1.313166112960825e+01
4.80000 -1.308968931607573e+01
4.81250 -1.302511074105733e+01
4.82500 -1.294271860578221e+01
4.83750 -1.284827935308737e+01
4.85000 -1.274558793898108e+01
4.86250 -1.263607714633010e+01
4.87500 -1.252087596711127e+01
4.88750 -1.240219345389926e+01
4.90000 -1.228230764058467e+01
4.91250 -1.216233690140859e+01
4.92500 -1.204313772091499e+01
4.93750 -1.192643159111450e+01
4.95000 -1.181341516533137e+01
4.96250 -1.170295506926549e+01
4.97500 -1.159258893407894e+01
4.98750 -1.148039161754066e+01
5.00000 -1.136486430890893e+01
5.01250 -1.124521053643880e+01
5.02500 -1.112395462666558e+01
5.03750 -1.100711911587195e+01
5.05000 -1.089681648761963e+01
5.06250 -1.078691812285346e+01
5.07500 -1.067284543438690e+01
5.08750 -1.055600034148940e+01
5.10000 -1.044073192517757e+01
5.11250 -1.034335867819003e+01
5.12500 -1.037395260535192e+01
5.13750 -1.055220859102847e+01
5.15000 -1.060947223502112e+01
5.16250 -1.061668990866265e+01
5.17500 -1.058333779083220e+01
5.18750 -1.053315281101812e+01
5.20000 -1.047905247412163e+01
5.21250 -1.042267706230076e+01
5.22500 -1.036572050379761e+01
5.23750 -1.031220800661385e+01
5.25000 -1.026792679436750e+01
5.26250 -1.024118984073082e+01
5.27500 -1.024212636864775e+01
5.28750 -1.028037431003188e+01
5.30000 -1.034650849333986e+01
5.31250 -1.040044517679103e+01
5.32500 -1.041901553483713e+01
5.33750 -1.041352853407284e+01
5.35000 -1.040233929676780e+01
5.36250 -1.037962229313253e+01
5.37500 -1.033293659199177e+01
5.38750 -1.028308944773509e+01
5.40000 -1.025213860896297e+01
5.41250 -1.022459353739100e+01
5.42500 -1.017391075558984e+01
5.43750 -1.010572849516346e+01
5.45000 -1.003292810691821e+01
5.46250 -9.961673684728868e+00
5.47500 -9.893254086183322e+00
5.48750 -9.826306940551754e+00
5.50000 -9.757973042497161e+00
5.51250 -9.684359226831731e+00
5.52500 -9.602767700959030e+00
5.53750 -9.514294127263804e+00
5.55000 -9.426018042756436e+00
5.56250 -9.367256623428636e+00
5.57500 -9.360149664788723e+00
5.58750 -9.338564055542481e+00
5.60000 -9.311772104184177e+00
5.61250 -9.275895844331401e+00
5.62500 -9.227918056664773e+00
5.63750 -9.175277886499046e+00
5.65000 -9.126831714780607e+00
5.66250 -9.088676967401204e+00
5.67500 -9.058358459403177e+00
5.68750 -9.024960736635983e+00
5.70000 -8.978314537017715e+00
5.71250 -8.914995039948874e+00
5.72500 -8.837066640865425e+00
5.73750 -8.748971239671405e+00
5.75000 -8.655493777364526e+00
5.76250 -8.560679592573630e+00
5.77500 -8.467344849459264e+00
5.78750 -8.377064094491175e+00
5.80000 -8.290208839292998e+00
5.81250 -8.205981263359142e+00
5.82500 -8.123192179467910e+00
5.83750 -8.041496935669178e+00
5.85000 -7.961726894749198e+00
5.86250 -7.885345055263016e+00
5.87500 -7.813826314390086e+00
5.88750 -7.748129869848421e+00
5.90000 -7.688278686804750e+00
5.91250 -7.633449287940664e+00
5.92500 -7.582665377031397e+00
5.93750 -7.535351775330442e+00
5.95000 -7.491261252479188e+00
5.96250 -7.450020417824213e+00
5.97500 -7.410922377947475e+00
5.98750 -7.373418580615725e+00
6.00000 -7.337644217412230e+00
6.01250 -7.304214875334850e+00
6.02500 -7.273653490901230e+00
6.03750 -7.246021167561340e+00
6.05000 -7.220852978529635e+00
6.06250 -7.197400788658054e+00
6.07500 -7.175028676700570e+00
6.08750 -7.153196064911432e+00
6.10000 -7.131428871117407e+00
6.11250 -7.109026623903580e+00
6.12500 -7.084775915880975e+00
6.13750 -7.060721578650558e+00
6.15000 -7.032853271915933e+00
6.16250 -7.003263931191837e+00
6.17500 -6.971960812813652e+00
6.18750 -6.938653029852643e+00
6.20000 -6.903040809838894e+00
6.21250 -6.864863554909907e+00
6.22500 -6.823950614035115e+00
6.23750 -6.780264195074478e+00
6.25000 -6.733925336849614e+00
6.26250 -6.685205388969752e+00
6.27500 -6.634491048774835e+00
6.28750 -6.582247711481196e+00
6.30000 -6.528987678650664e+00
6.31250 -6.475221746464503e+00
6.32500 -6.421370319651133e+00
6.33750 -6.367643185421704e+00
6.35000 -6.313953951636479e+00
6.36250 -6.259962773490425e+00
6.37500 -6.205261598097112e+00
6.38750 -6.149580724301939e+00
6.40000 -6.092883651322136e+00
6.41250 -6.035336776338917e+00
6.42500 -5.977220275035234e+00
6.43750 -5.918840795602391e+00
6.45000 -5.860461433917391e+00
6.46250 -5.802226751523805e+00
6.47500 -5.744120587046136e+00
6.48750 -5.686029250567440e+00
6.50000 -5.627882342771120e+00
6.51250 -5.569752391773860e+00
6.52500 -5.511826186081393e+00
6.53750 -5.454256640297918e+00
6.55000 -5.396983279163386e+00
6.56250 -5.339658944932303e+00
6.57500 -5.281768721728144e+00
6.58750 -5.222860930041223e+00
6.60000 -5.162837946791126e+00
6.61250 -5.102806109626242e+00
6.62500 -5.048192037861455e+00
6.63750 -5.015963859480059e+00
6.65000 -5.022562971549228e+00
6.66250 -5.021732756881359e+00
6.67500 -4.984079432454251e+00
6.68750 -4.933519228851719e+00
6.70000 -4.884993126034528e+00
6.71250 -4.843590204215373e+00
6.72500 -4.812409956233410e+00
6.73750 -4.792960571725449e+00
6.75000 -4.782183117204849e+00
6.76250 -4.772450902980163e+00
6.77500 -4.757535147653818e+00
6.78750 -4.737051613804922e+00
6.80000 -4.714280505731952e+00
6.81250 -4.692343246757452e+00
6.82500 -4.672683386673255e+00
6.83750 -4.655256131802274e+00
6.85000 -4.639147621378322e+00
6.86250 -4.623348788695576e+00
6.87500 -4.607833582136686e+00
6.88750 -4.593894806542454e+00
6.90000 -4.582601760395547e+00
6.91250 -4.572660164382738e+00
6.92500 -4.560883219845929e+00
6.93750 -4.545022840718146e+00
6.95000 -4.524846330942239e+00
6.96250 -4.501285820986424e+00
6.97500 -4.475743973420999e+00
6.98750 -4.449628274552955e+00
7.00000 -4.423697055504005e+00
7.01250 -4.397788095683727e+00
7.02500 -4.371581784356108e+00
7.03750 -4.345593734981886e+00
7.05000 -4.321098683397222e+00
7.06250 -4.298854286183130e+00
7.07500 -4.277559240968288e+00
7.08750 -4.253951046683285e+00
7.10000 -4.224896702261930e+00
7.11250 -4.188827350558170e+00
7.12500 -4.145089081134809e+00
7.13750 -4.091195367973866e+00
7.15000 -4.028858467743979e+00
7.16250 -4.114248638528608e+00
7.17500 -4.081736456196101e+00
7.18750 -4.035549751306665e+00
7.20000 -4.007331062263333e+00
7.21250 -3.985437383607508e+00
7.22500 -3.962624021544441e+00
7.23750 -3.938112096744535e+00
7.25000 -3.910417167049466e+00
7.26250 -3.879785651317859e+00
7.27500 -3.848581576677232e+00
7.28750 -3.818608839626489e+00
7.30000 -3.790504130055075e+00
7.31250 -3.761203485620769e+00
7.32500 -3.731303564928782e+00
7.33750 -3.701980079789215e+00
7.35000 -3.674156413897925e+00
7.36250 -3.649288383905509e+00
7.37500 -3.624355247551255e+00
7.38750 -3.596256718522493e+00
7.40000 -3.567928340744254e+00
7.41250 -3.541472473285872e+00
7.42500 -3.517760113228976e+00
7.43750 -3.494065175232933e+00
7.45000 -3.468386243865896e+00
7.46250 -3.441568111622197e+00
7.47500 -3.415412028039087e+00
7.48750 -3.391605443557755e+00
7.50000 -3.371285499531216e+00
7.51250 -3.355824484822040e+00
7.52500 -3.343027740795260e+00
7.53750 -3.325700387308930e+00
7.55000 -3.303962159702052e+00
7.56250 -3.279929680347003e+00
7.57500 -3.253661774393687e+00
7.58750 -3.226228170150044e+00
7.60000 -3.199952749313350e+00
7.61250 -3.182387929731121e+00
7.62500 -3.170606707287244e+00
7.63750 -3.140859136587062e+00
7.65000 -3.127648613863049e+00
7.66250 -3.147218620930947e+00
7.67500 -3.130295240982979e+00
7.68750 -3.116185742604646e+00
7.70000 -3.118677529651619e+00
7.71250 -3.094787760941684e+00
7.72500 -3.080701125154903e+00
7.73750 -3.053265042726686e+00
7.75000 -3.028852470785834e+00
7.76250 -3.005519383341785e+00
7.77500 -2.983054075816001e+00
7.78750 -2.962078696369869e+00
7.80000 -2.943266758879869e+00
7.81250 -2.926827442950895e+00
7.82500 -2.911952017537663e+00
7.83750 -2.896711725143086e+00
7.85000 -2.880239491400466e+00
7.86250 -2.863070044008684e+00
7.87500 -2.845476663182771e+00
7.88750 -2.827155300916573e+00
7.90000 -2.807644663397996e+00
7.91250 -2.786679619531622e+00
7.92500 -2.764267377217639e+00
7.93750 -2.740583441492858e+00
7.95000 -2.715889788828179e+00
7.96250 -2.690494589402463e+00
7.97500 -2.664723871739925e+00
7.98750 -2.638935340800143e+00
8.00000 -2.613462907000315e+00
8.01250 -2.588562299708844e+00
8.02500 -2.564372832049717e+00
8.03750 -2.540921534196789e+00
8.05000 -2.518173951656889e+00
8.06250 -2.496114911537268e+00
8.07500 -2.474797864144880e+00
8.08750 -2.454263072077461e+00
8.10000 -2.434326056811297e+00
8.11250 -2.414735876382729e+00
8.12500 -2.395509044461489e+00
8.13750 -2.376768380225814e+00
8.15000 -2.358582850329132e+00
8.16250 -2.340967406297745e+00
8.17500 -2.323894954675607e+00
8.18750 -2.307262435099632e+00
8.20000 -2.290829262009469e+00
8.21250 -2.274379569785136e+00
8.22500 -2.257974236692836e+00
8.23750 -2.241832353901394e+00
8.25000 -2.225986112575695e+00
8.26250 -2.210298609644283e+00
8.27500 -2.194848281520354e+00
8.28750 -2.179908918287841e+00
8.30000 -2.165807875168800e+00
8.31250 -2.152011008917167e+00
8.32500 -2.137753863577740e+00
8.33750 -2.124613322918684e+00
8.35000 -2.113359214701203e+00
8.36250 -2.100474828263764e+00
8.37500 -2.087460061030720e+00
8.38750 -2.073291566827863e+00
8.40000 -2.059417646421158e+00
8.41250 -2.045801432120270e+00
8.42500 -2.031741871769461e+00
8.43750 -2.018614502341179e+00
8.45000 -2.010945670406900e+00
8.46250 -2.006581654054625e+00
8.47500 -1.995489438882702e+00
8.48750 -1.983003744257668e+00
8.50000 -1.969729932411293e+00
8.51250 -1.956404386180406e+00
8.52500 -1.942993277334454e+00
8.53750 -1.929407137357257e+00
8.55000 -1.915452985356547e+00
8.56250 -1.900783586682083e+00
8.57500 -1.885673240490546e+00
8.58750 -1.870367076895439e+00
8.60000 -1.855015734975280e+00
8.61250 -1.839627948650420e+00
8.62500 -1.823966436599020e+00
8.63750 -1.807864186800423e+00
8.65000 -1.791281612267347e+00
8.66250 -1.773793434984893e+00
8.67500 -1.755121263778609e+00
8.68750 -1.738162802014144e+00
8.70000 -1.727948363158057e+00
8.71250 -1.709164418935972e+00
8.72500 -1.689768898004282e+00
8.73750 -1.670882279157460e+00
8.75000 -1.652431768739311e+00
8.76250 -1.634385045888771e+00
8.77500 -1.616733887218716e+00
8.78750 -1.599474414886159e+00
8.80000 -1.582609566544848e+00
8.81250 -1.566226172554611e+00
8.82500 -1.550685269872683e+00
8.83750 -1.535268348995638e+00
8.85000 -1.519944058035821e+00
8.86250 -1.504688999820782e+00
8.87500 -1.489448366449672e+00
8.88750 -1.474279471491303e+00
8.90000 -1.459271897508757e+00
8.91250 -1.444406956710621e+00
8.92500 -1.429600962951679e+00
8.93750 -1.414731480952010e+00
8.95000 -1.399733246842650e+00
8.96250 -1.384699510705973e+00
8.97500 -1.369751634451312e+00
8.98750 -1.354770726273778e+00
9.00000 -1.339638401623522e+00
9.01250 -1.324429328426278e+00
9.02500 -1.309190215383610e+00
9.03750 -1.293973079221373e+00
9.05000 -1.278874599446953e+00
9.06250 -1.264023562938828e+00
9.07500 -1.249568427827921e+00
9.08750 -1.235608773739522e+00
9.10000 -1.222153391704502e+00
9.11250 -1.209125076471577e+00
9.12500 -1.196378678109867e+00
9.13750 -1.183926831279500e+00
9.15000 -1.171849180681626e+00
9.16250 -1.160117001161553e+00
9.17500 -1.148644353392199e+00
9.18750 -1.137371652954361e+00
9.20000 -1.126272472687848e+00
9.21250 -1.115327098674780e+00
9.22500 -1.104523754938705e+00
9.23750 -1.093868423605683e+00
9.25000 -1.083368317235283e+00
9.26250 -1.073014866122947e+00
9.27500 -1.062777867384742e+00
9.28750 -1.052606998004857e+00
9.30000 -1.042440120808643e+00
9.31250 -1.032221644976411e+00
9.32500 -1.021914758025503e+00
9.33750 -1.011483529065019e+00
9.35000 -1.000875541517876e+00
9.36250 -9.900389853571909e-01
9.37500 -9.789459713942295e-01
9.38750 -9.675991745136656e-01
9.40000 -9.560220299107245e-01
9.41250 -9.442175864469666e-01
9.42500 -9.321340502727218e-01
9.43750 -9.197325914262291e-01
9.45000 -9.070595837437156e-01
9.46250 -8.942069963686450e-01
9.47500 -8.812513353299805e-01
9.48750 -8.682176037282985e-01
9.50000 -8.550698449088157e-01
9.51250 -8.417496520736527e-01
9.52500 -8.282363853758081e-01
9.53750 -8.145603723326933e-01
9.55000 -8.007664940804835e-01
9.56250 -7.869210227222605e-01
9.57500 -7.733684693860599e-01
9.58750 -7.610266902944054e-01
9.60000 -7.490973304961381e-01
9.61250 -7.365152702585946e-01
9.62500 -7.243777666258426e-01
9.63750 -7.111344309862995e-01
9.65000 -6.979409706983402e-01
9.66250 -6.852105140871112e-01
9.67500 -6.732365691842768e-01
9.68750 -6.608107046944660e-01
9.70000 -6.480768741341498e-01
9.71250 -6.352799144334660e-01
9.72500 -6.225493900330716e-01
9.73750 -6.099344031892440e-01
9.75000 -5.974560039626500e-01
9.76250 -5.851340260093039e-01
9.77500 -5.729884388388291e-01
9.78750 -5.610302959826035e-01
9.80000 -5.492552891710285e-01
9.81250 -5.376411820640614e-01
9.82500 -5.261524630265262e-01
9.83750 -5.147644930030904e-01
9.85000 -5.035623270725873e-01
9.86250 -4.930433282060807e-01
9.87500 -4.827698049313296e-01
9.88750 -4.723276728127193e-01
9.90000 -4.618805737035812e-01
9.91250 -4.516805416410181e-01
9.92500 -4.417598175454862e-01
9.93750 -4.320888410665960e-01
9.95000 -4.226243159125587e-01
9.96250 -4.133335900771278e-01
9.97500 -4.042020380251454e-01
9.98750 -3.952282717481099e-01
10.00000 -3.864082852933046e-01
