0.00001 1.701085581475452e+01
0.01250 1.701103327332952e+01
0.02500 1.701156567844840e+01
0.03750 1.701245311716996e+01
0.05000 1.701369573482576e+01
0.06250 1.701529373497215e+01
0.07500 1.701724737948273e+01
0.08750 1.701955698866772e+01
0.10000 1.702222294141988e+01
0.11250 1.702524567538578e+01
0.12500 1.702862568716695e+01
0.13750 1.703236353254549e+01
0.15000 1.703645982673814e+01
0.16250 1.704091524467836e+01
0.17500 1.704573052132536e+01
0.18750 1.705090645200182e+01
0.20000 1.705644389275990e+01
0.21250 1.706234376077627e+01
0.22500 1.706860703477581e+01
0.23750 1.707523475548552e+01
0.25000 1.708222802611794e+01
0.26250 1.708958801288515e+01
0.27500 1.709731594554372e+01
0.28750 1.710541311797116e+01
0.30000 1.711388088877460e+01
0.31250 1.712272068193123e+01
0.32500 1.713193398746314e+01
0.33750 1.714152236214500e+01
0.35000 1.715148743024683e+01
0.36250 1.716183088431227e+01
0.37500 1.717255448597162e+01
0.38750 1.718366006679397e+01
0.40000 1.719514952917469e+01
0.41250 1.720702484726299e+01
0.42500 1.721928806792863e+01
0.43750 1.723194131176897e+01
0.45000 1.724498677415771e+01
0.46250 1.725842672633613e+01
0.47500 1.727226351654837e+01
0.48750 1.728649957122119e+01
0.50000 1.730113739619046e+01
0.51250 1.731617957797443e+01
0.52500 1.733162878509650e+01
0.53750 1.734748776945773e+01
0.55000 1.736375936776142e+01
0.56250 1.738044650299083e+01
0.57500 1.739755218594189e+01
0.58750 1.741507951681220e+01
0.60000 1.743303168684920e+01
0.61250 1.745141198005776e+01
0.62500 1.747022377497034e+01
0.63750 1.748947054648143e+01
0.65000 1.750915586774853e+01
0.66250 1.752928341216135e+01
0.67500 1.754985695538214e+01
0.68750 1.757088037745941e+01
0.70000 1.759235766501769e+01
0.71250 1.761429291352554e+01
0.72500 1.763669032964540e+01
0.73750 1.765955423366768e+01
0.75000 1.768288906203162e+01
0.76250 1.770669936993783e+01
0.77500 1.773098983405374e+01
0.78750 1.775576525531747e+01
0.80000 1.778103056184176e+01
0.81250 1.780679081192409e+01
0.82500 1.783305119716510e+01
0.83750 1.785981704570080e+01
0.85000 1.788709382555174e+01
0.86250 1.791488714809587e+01
0.87500 1.794320277166788e+01
0.88750 1.797204660529082e+01
0.90000 1.800142471254680e+01
0.91250 1.803134331558961e+01
0.92500 1.806180879930819e+01
0.93750 1.809282771564522e+01
0.95000 1.812440678807846e+01
0.96250 1.815655291627005e+01
0.97500 1.818927318089480e+01
0.98750 1.822257484865007e+01
1.00000 1.825646537745913e+01
1.01250 1.829095242187531e+01
1.02500 1.832604383869527e+01
1.03750 1.836174769279159e+01
1.05000 1.839807226317347e+01
1.06250 1.843502604928864e+01
1.07500 1.847261777757292e+01
1.08750 1.851085640826467e+01
1.10000 1.854975114249100e+01
1.11250 1.858931142964282e+01
1.12500 1.862954697504976e+01
1.13750 1.867046774797143e+01
1.15000 1.871208398991797e+01
1.16250 1.875440622331908e+01
1.17500 1.879744526055518e+01
1.18750 1.884121221337206e+01
1.20000 1.888571850269615e+01
1.21250 1.893097586887096e+01
1.22500 1.897699638233793e+01
1.23750 1.902379245478183e+01
1.25000 1.907137685076738e+01
1.26250 1.911976269989204e+01
1.27500 1.916896350948136e+01
1.28750 1.921899317785834e+01
1.30000 1.926986600821499e+01
1.31250 1.932159672312143e+01
1.32500 1.937420047970597e+01
1.33750 1.942769288554523e+01
1.35000 1.948209001530155e+01
1.36250 1.953740842815352e+01
1.37500 1.959366518606197e+01
1.38750 1.965087787292237e+01
1.40000 1.970906461465346e+01
1.41250 1.976824410027853e+01
1.42500 1.982843560405838e+01
1.43750 1.988965900874081e+01
1.45000 1.995193482999021e+01
1.46250 2.001528424207723e+01
1.47500 2.007972910489959e+01
1.48750 2.014529199242337e+01
1.50000 2.021199622263194e+01
1.51250 2.027986588908168e+01
1.52500 2.034892589416770e+01
1.53750 2.041920198421293e+01
1.55000 2.049072078650107e+01
1.56250 2.056350984838708e+01
1.57500 2.063759767862285e+01
1.58750 2.071301379105364e+01
1.60000 2.078978875085146e+01
1.61250 2.086795422346107e+01
1.62500 2.094754302645732e+01
1.63750 2.102858918452208e+01
1.65000 2.111112798776903e+01
1.66250 2.119519605366778e+01
1.67500 2.128083139283600e+01
1.68750 2.136807347899628e+01
1.70000 2.145696332341807e+01
1.71250 2.154754355419767e+01
1.72500 2.163985850076018e+01
1.73750 2.173395428400343e+01
1.75000 2.182987891254539e+01
1.76250 2.192768238558069e+01
1.77500 2.202741680290234e+01
1.78750 2.212913648269912e+01
1.80000 2.223289808780345e+01
1.81250 2.233876076113058e+01
1.82500 2.244678627113252e+01
1.83750 2.255703916817372e+01
1.85000 2.266958695283362e+01
1.86250 2.278450025725780e+01
1.87500 2.290185304079374e+01
1.88750 2.302172280130012e+01
1.90000 2.314419080366935e+01
1.91250 2.326934232729178e+01
1.92500 2.339726693438971e+01
1.93750 2.352805876139139e+01
1.95000 2.366181683578131e+01
1.96250 2.379864542117119e+01
1.97500 2.393865439369261e+01
1.98750 2.408195965321896e+01
2.00000 2.422868357339457e+01
2.01250 2.437895549499672e+01
2.02500 2.453291226778673e+01
2.03750 2.469069884674605e+01
2.05000 2.485246894945100e+01
2.06250 2.501838578235640e+01
2.07500 2.518862284493427e+01
2.08750 2.536336482202895e+01
2.10000 2.554280857643634e+01
2.11250 2.572716425569931e+01
2.12500 2.591665652946464e+01
2.13750 2.611152597657679e+01
2.15000 2.631203064448832e+01
2.16250 2.651844780769952e+01
2.17500 2.673107595695591e+01
2.18750 2.695023705707783e+01
2.20000 2.717627911886111e+01
2.21250 2.740957913984698e+01
2.22500 2.765054648042776e+01
2.23750 2.789962675640056e+01
2.25000 2.815730634759208e+01
2.26250 2.842411764578279e+01
2.27500 2.870064519549634e+01
2.28750 2.898753292062217e+01
2.30000 2.928549268149824e+01
2.31250 2.959531447563749e+01
2.32500 2.991787868738700e+01
2.33750 3.025417091732811e+01
2.35000 3.060530009601872e+01
2.36250 3.097252083170644e+01
2.37500 3.135726129433977e+01
2.38750 3.176115845831004e+01
2.40000 3.218610331535861e+01
2.41250 3.263429990716637e+01
2.42500 3.310834405041152e+01
2.43750 3.361133110126065e+01
2.45000 3.414700844558574e+01
2.46250 3.472000087312944e+01
2.47500 3.533616394713288e+01
2.48750 3.600318601857105e+01
2.50000 3.673174442652556e+01
2.51250 3.753814896448552e+01
2.52500 3.845198771674075e+01
2.53750 3.953593742896388e+01
2.55000 4.013193392185727e+01
2.56250 4.129461561549457e+01
2.57500 4.247037005948124e+01
2.58750 4.319525432826585e+01
2.60000 4.357554457334134e+01
2.61250 4.479079859890732e+01
2.62500 4.697118591560740e+01
2.63750 4.638578947605458e+01
2.65000 4.305862007155957e+01
2.66250 4.270478565345797e+01
2.67500 4.125374929399138e+01
2.68750 3.821108430801480e+01
2.70000 3.522231963102777e+01
2.71250 3.394635670174373e+01
2.72500 3.361231883690866e+01
2.73750 3.344696967404479e+01
2.75000 3.336559065192105e+01
2.76250 3.353512030390481e+01
2.77500 3.387730006978447e+01
2.78750 3.401536146615801e+01
2.80000 3.376859998432130e+01
2.81250 3.357281379891134e+01
2.82500 3.319496899397410e+01
2.83750 3.238154490502234e+01
2.85000 3.156516793306626e+01
2.86250 3.080397395739413e+01
2.87500 3.037921101798130e+01
2.88750 3.013230097637948e+01
2.90000 2.977968250878236e+01
2.91250 2.889246658414024e+01
2.92500 2.833207276633864e+01
2.93750 2.824350363570125e+01
2.95000 2.823992360163665e+01
2.96250 2.800458056502579e+01
2.97500 2.803111019084412e+01
2.98750 2.796840753264466e+01
3.00000 2.759737158381502e+01
3.01250 2.725843970694889e+01
3.02500 2.729588766635145e+01
3.03750 2.719418380000575e+01
3.05000 2.667324220362605e+01
3.06250 2.665330260578563e+01
3.07500 2.676558009399308e+01
3.08750 2.671658092102408e+01
3.10000 2.656906290496662e+01
3.11250 2.616024788196775e+01
3.12500 2.635709282235832e+01
3.13750 2.646729143238647e+01
3.15000 2.632238123833525e+01
3.16250 2.641312874206143e+01
3.17500 2.656791658286642e+01
3.18750 2.666419966262543e+01
3.20000 2.656757808883012e+01
3.21250 2.637558340552572e+01
3.22500 2.626580296045027e+01
3.23750 2.618327720114546e+01
3.25000 2.609057075775733e+01
3.26250 2.595738579618699e+01
3.27500 2.572896792476963e+01
3.28750 2.544690517011329e+01
3.30000 2.529813909754856e+01
3.31250 2.527144997898503e+01
3.32500 2.529956421318947e+01
3.33750 2.531492894871322e+01
3.35000 2.521659576099427e+01
3.36250 2.508079173234599e+01
3.37500 2.517747449908715e+01
3.38750 2.546846322542451e+01
3.40000 2.584283681825855e+01
3.41250 2.624624994247193e+01
3.42500 2.666074373010765e+01
3.43750 2.707409320081977e+01
3.45000 2.752103054134492e+01
3.46250 2.804690551534157e+01
3.47500 2.867511954361800e+01
3.48750 2.949932117478304e+01
3.50000 3.048968897869946e+01
3.51250 3.139162010577201e+01
3.52500 3.210381906791370e+01
3.53750 3.306187041388009e+01
3.55000 3.440718601580379e+01
3.56250 3.005888633499140e+01
3.57500 2.915555816834308e+01
3.58750 2.877741735039319e+01
3.60000 2.715396367577412e+01
3.61250 2.600005216943940e+01
3.62500 2.465284488641902e+01
3.63750 2.359173427199066e+01
3.65000 2.217334245551971e+01
3.66250 2.297541471441914e+01
3.67500 2.035859849994727e+01
3.68750 2.145165759365701e+01
3.70000 2.017513513549577e+01
3.71250 1.463435256950669e+01
3.72500 1.319682672351491e+01
3.73750 -1.054217550273847e+01
3.75000 -1.504554139676204e+01
3.76250 -1.387712953148012e+01
3.77500 -1.332791844222272e+01
3.78750 -1.439560092616233e+01
3.80000 -1.598179397192807e+01
3.81250 -2.063614065269194e+01
3.82500 -1.962572795823508e+01
3.83750 -1.966749576713176e+01
3.85000 -2.029984119532672e+01
3.86250 -2.105424365289138e+01
3.87500 -2.165545232256306e+01
3.88750 -2.195587624471927e+01
3.90000 -2.191810348737970e+01
3.91250 -2.158486161631573e+01
3.92500 -2.103814095841983e+01
3.93750 -2.036447641316149e+01
3.95000 -1.963879256110556e+01
3.96250 -1.891467143628223e+01
3.97500 -1.821442870821023e+01
3.98750 -1.753648732107383e+01
4.00000 -1.687784766155849e+01
4.01250 -1.624508440956884e+01
4.02500 -1.565326189478833e+01
4.03750 -1.512168444866620e+01
4.05000 -1.466838956785399e+01
4.06250 -1.430397830999487e+01
4.07500 -1.402739886362989e+01
4.08750 -1.382880544330997e+01
4.10000 -1.369916289976986e+01
4.11250 -1.363561284598379e+01
4.12500 -1.363511423523807e+01
4.13750 -1.368490194631807e+01
4.15000 -1.376140496782050e+01
4.16250 -1.383392570284127e+01
4.17500 -1.387307404649023e+01
4.18750 -1.386530711180084e+01
4.20000 -1.381545077351642e+01
4.21250 -1.373609476716548e+01
4.22500 -1.363618240204917e+01
4.23750 -1.351869511956789e+01
4.25000 -1.339066920142420e+01
4.26250 -1.325923839524087e+01
4.27500 -1.312317059756325e+01
4.28750 -1.298139200361932e+01
4.30000 -1.280554924600766e+01
4.31250 -1.255190354241984e+01
4.32500 -1.222733428162917e+01
4.33750 -1.187471881472108e+01
4.35000 -1.153160380405003e+01
4.36250 -1.116824527211203e+01
4.37500 -1.076333632895854e+01
4.38750 -1.044353561508463e+01
4.40000 -1.020593866816772e+01
4.41250 -9.927533498009176e+00
4.42500 -9.640583630265587e+00
4.43750 -9.278984689083211e+00
4.45000 -9.047583674931275e+00
4.46250 -8.847921799612546e+00
4.47500 -8.625920044915892e+00
4.48750 -8.207857103714922e+00
4.50000 -7.533839132779622e+00
4.51250 -7.435350797880442e+00
4.52500 -7.227929140753956e+00
4.53750 -1.432413829578572e+01
4.55000 -1.424906797830640e+01
4.56250 -1.423393103225934e+01
4.57500 -1.415922505780435e+01
4.58750 -1.399679114934578e+01
4.60000 -1.382711605432297e+01
4.61250 -1.371507430192647e+01
4.62500 -1.361538989402124e+01
4.63750 -1.347816537697002e+01
4.65000 -1.334011639115220e+01
4.66250 -1.323100060604687e+01
4.67500 -1.315606095664247e+01
4.68750 -1.311282431711244e+01
4.70000 -1.309444793114875e+01
4.71250 -1.309248943234321e+01
4.72500 -1.310091086363170e+01
4.73750 -1.311614943130725e+01
4.75000 -1.313417490848235e+01
4.76250 -1.314831925170579e+01
4.77500 -1.314997490155273e+01
4.78750 -1.313165775380207e+01
4.80000 -1.308970762019543e+01
4.81250 -1.302514887324521e+01
4.82500 -1.294277639313543e+01
4.83750 -1.284835612117652e+01
4.85000 -1.274568144717664e+01
4.86250 -1.263618414217475e+01
4.87500 -1.252099326975353e+01
4.88750 -1.240231859839867e+01
4.90000 -1.228243908618507e+01
4.91250 -1.216247415116049e+01
4.92500 -1.204328131772386e+01
4.93750 -1.192658327437234e+01
4.95000 -1.181357834290391e+01
4.96250 -1.170313436586172e+01
4.97500 -1.159278867996772e+01
4.98750 -1.148061472508475e+01
5.00000 -1.136511125265912e+01
5.01250 -1.124547889258024e+01
5.02500 -1.112424102442595e+01
5.03750 -1.100742290573272e+01
5.05000 -1.089714149747146e+01
5.06250 -1.078726794880587e+01
5.07500 -1.067322040466859e+01
5.08750 -1.055640020450680e+01
5.10000 -1.044115525914484e+01
5.11250 -1.034379116347260e+01
5.12500 -1.037436419506062e+01
5.13750 -1.055268150717761e+01
5.15000 -1.060994570245697e+01
5.16250 -1.061718236834768e+01
5.17500 -1.058385625909998e+01
5.18750 -1.053368667984353e+01
5.20000 -1.047959299615721e+01
5.21250 -1.042321690736529e+01
5.22500 -1.036625118205198e+01
5.23750 -1.031271888400301e+01
5.25000 -1.026840584180537e+01
5.26250 -1.024162437720041e+01
5.27500 -1.024250429422566e+01
5.28750 -1.028069385926130e+01
5.30000 -1.034678662910231e+01
5.31250 -1.040068948880638e+01
5.32500 -1.041920968388025e+01
5.33750 -1.041364930560264e+01
5.35000 -1.040238469903319e+01
5.36250 -1.037962333466098e+01
5.37500 -1.033288761756340e+01
5.38750 -1.028297156540633e+01
5.40000 -1.025195439246095e+01
5.41250 -1.022437349531577e+01
5.42500 -1.017366912791608e+01
5.43750 -1.010546031653333e+01
5.45000 -1.003263245501536e+01
5.46250 -9.961353853478379e+00
5.47500 -9.892914679960871e+00
5.48750 -9.825952913439918e+00
5.50000 -9.757609507963016e+00
5.51250 -9.683991118014625e+00
5.52500 -9.602399416007326e+00
5.53750 -9.513929460265976e+00
5.55000 -9.425658736668899e+00
5.56250 -9.366901724211671e+00
5.57500 -9.359816356683616e+00
5.58750 -9.338251661038781e+00
5.60000 -9.311479760638999e+00
5.61250 -9.275624155232938e+00
5.62500 -9.227667701243533e+00
5.63750 -9.175050136126211e+00
5.65000 -9.126627833087555e+00
5.66250 -9.088497918269359e+00
5.67500 -9.058205011529859e+00
5.68750 -9.024833325937358e+00
5.70000 -8.978213045510278e+00
5.71250 -8.914919079767579e+00
5.72500 -8.837015855451996e+00
5.73750 -8.748945373565096e+00
5.75000 -8.655492640743526e+00
5.76250 -8.560702985443488e+00
5.77500 -8.467392525526188e+00
5.78750 -8.377135790684560e+00
5.80000 -8.290304282316749e+00
5.81250 -8.206100110831390e+00
5.82500 -8.123333956636424e+00
5.83750 -8.041660996458996e+00
5.85000 -7.961912374397965e+00
5.86250 -7.885550808571686e+00
5.87500 -7.814050869054537e+00
5.88750 -7.748371401733063e+00
5.90000 -7.688534951991594e+00
5.91250 -7.633717455591293e+00
5.92500 -7.582941874632814e+00
5.93750 -7.535632283907219e+00
5.95000 -7.491540825680818e+00
5.96250 -7.450293648464298e+00
5.97500 -7.411183544659654e+00
5.98750 -7.373661734700411e+00
6.00000 -7.337863300412563e+00
6.01250 -7.304403949602522e+00
6.02500 -7.273807023015671e+00
6.03750 -7.246134291153465e+00
6.05000 -7.220921718831340e+00
6.06250 -7.197422244409779e+00
6.07500 -7.175001167531812e+00
6.08750 -7.153119280449184e+00
6.10000 -7.131303792885660e+00
6.11250 -7.108855211136451e+00
6.12500 -7.084561166440695e+00
6.13750 -7.060466728124792e+00
6.15000 -7.032563743985543e+00
6.16250 -7.002944653001693e+00
6.17500 -6.971617126734213e+00
6.18750 -6.938290377402653e+00
6.20000 -6.902664551951268e+00
6.21250 -6.864478808053054e+00
6.22500 -6.823562107034709e+00
6.23750 -6.779876148122253e+00
6.25000 -6.733541378245823e+00
6.26250 -6.684828527444225e+00
6.27500 -6.634123696861725e+00
6.28750 -6.581891737583984e+00
6.30000 -6.528644466725110e+00
6.31250 -6.474892255790845e+00
6.32500 -6.421055150262585e+00
6.33750 -6.367342655777598e+00
6.35000 -6.313668178545281e+00
6.36250 -6.259691725412498e+00
6.37500 -6.205005105995097e+00
6.38750 -6.149338474008724e+00
6.40000 -6.092655192021990e+00
6.41250 -6.035121551126336e+00
6.42500 -5.977017659632393e+00
6.43750 -5.918650143726699e+00
6.45000 -5.860282136379509e+00
6.46250 -5.802058289206646e+00
6.47500 -5.743962542755259e+00
6.48750 -5.685881269576960e+00
6.50000 -5.627744076979551e+00
6.51250 -5.569623475941024e+00
6.52500 -5.511706253027898e+00
6.53750 -5.454145337087917e+00
6.55000 -5.396880246232042e+00
6.56250 -5.339563766973463e+00
6.57500 -5.281680901531318e+00
6.58750 -5.222779904872513e+00
6.60000 -5.162763117491274e+00
6.61250 -5.102736952126471e+00
6.62500 -5.048128889173820e+00
6.63750 -5.015910203492491e+00
6.65000 -5.022517639685414e+00
6.66250 -5.021687198141986e+00
6.67500 -4.984035692883140e+00
6.68750 -4.933478659986901e+00
6.70000 -4.884955113374454e+00
6.71250 -4.843553435979790e+00
6.72500 -4.812372806101868e+00
6.73750 -4.792921834293979e+00
6.75000 -4.782142993824015e+00
6.76250 -4.772410691510288e+00
6.77500 -4.757495628367718e+00
6.78750 -4.737012445614885e+00
6.80000 -4.714240890430598e+00
6.81250 -4.692302521468784e+00
6.82500 -4.672641235982451e+00
6.83750 -4.655212609076625e+00
6.85000 -4.639102928838890e+00
6.86250 -4.623302968796492e+00
6.87500 -4.607786532247807e+00
6.88750 -4.593846491118853e+00
6.90000 -4.582552277457834e+00
6.91250 -4.572609783359417e+00
6.92500 -4.560832476314397e+00
6.93750 -4.544972443871703e+00
6.95000 -4.524796944116038e+00
6.96250 -4.501237954839707e+00
6.97500 -4.475697990291818e+00
6.98750 -4.449584413817279e+00
7.00000 -4.423655433487893e+00
7.01250 -4.397748699175074e+00
7.02500 -4.371544498864981e+00
7.03750 -4.345558392356160e+00
7.05000 -4.321065128872150e+00
7.06250 -4.298822488326447e+00
7.07500 -4.277529358947414e+00
7.08750 -4.253923349379900e+00
7.10000 -4.224871475339883e+00
7.11250 -4.188804930500783e+00
7.12500 -4.145069971247506e+00
7.13750 -4.091179963855165e+00
7.15000 -4.028828951624131e+00
7.16250 -4.114208013988942e+00
7.17500 -4.081727703276315e+00
7.18750 -4.035539477542893e+00
7.20000 -4.007322312316854e+00
7.21250 -3.985431007256733e+00
7.22500 -3.962619932120216e+00
7.23750 -3.938109661557717e+00
7.25000 -3.910415665578649e+00
7.26250 -3.879784456554461e+00
7.27500 -3.848579788207376e+00
7.28750 -3.818605702443843e+00
7.30000 -3.790498935089556e+00
7.31250 -3.761196181593580e+00
7.32500 -3.731293764786240e+00
7.33750 -3.701966748198434e+00
7.35000 -3.674137601992152e+00
7.36250 -3.649262113169498e+00
7.37500 -3.624320236892437e+00
7.38750 -3.596209874009633e+00
7.40000 -3.567867026655160e+00
7.41250 -3.541394590319063e+00
7.42500 -3.517663538546245e+00
7.43750 -3.493948206766657e+00
7.45000 -3.468249950981966e+00
7.46250 -3.441416915343846e+00
7.47500 -3.415254508801521e+00
7.48750 -3.391454817180030e+00
7.50000 -3.371157818345655e+00
7.51250 -3.355732840747223e+00
7.52500 -3.342973339267439e+00
7.53750 -3.325670084021810e+00
7.55000 -3.303935234018563e+00
7.56250 -3.279887825821570e+00
7.57500 -3.253599361937322e+00
7.58750 -3.226153822559009e+00
7.60000 -3.199881397702474e+00
7.61250 -3.182330475174756e+00
7.62500 -3.170563778082445e+00
7.63750 -3.140824837144453e+00
7.65000 -3.127620591657180e+00
7.66250 -3.147207884589775e+00
7.67500 -3.130314427343780e+00
7.68750 -3.116199687429536e+00
7.70000 -3.118775105628578e+00
7.71250 -3.094925668995670e+00
7.72500 -3.080871045940370e+00
7.73750 -3.053431383017160e+00
7.75000 -3.028997922124229e+00
7.76250 -3.005641074743757e+00
7.77500 -2.983155679442690e+00
7.78750 -2.962165333080111e+00
7.80000 -2.943341038448790e+00
7.81250 -2.926886349464811e+00
7.82500 -2.911988285252769e+00
7.83750 -2.896721130065215e+00
7.85000 -2.880225821665665e+00
7.86250 -2.863042183218031e+00
7.87500 -2.845443580903483e+00
7.88750 -2.827123957721333e+00
7.90000 -2.807620103908314e+00
7.91250 -2.786665281483014e+00
7.92500 -2.764264786191620e+00
7.93750 -2.740591518326539e+00
7.95000 -2.715905264065543e+00
7.96250 -2.690514806413380e+00
7.97500 -2.664748593409163e+00
7.98750 -2.638964739642448e+00
8.00000 -2.613495802678130e+00
8.01250 -2.588596544853328e+00
8.02500 -2.564406223985156e+00
8.03750 -2.540952143256253e+00
8.05000 -2.518200578134539e+00
8.06250 -2.496137046428239e+00
8.07500 -2.474815281961025e+00
8.08750 -2.454275883461428e+00
8.10000 -2.434334583562802e+00
8.11250 -2.414740518794770e+00
8.12500 -2.395510158782255e+00
8.13750 -2.376766241817090e+00
8.15000 -2.358577684367994e+00
8.16250 -2.340959469265413e+00
8.17500 -2.323884648979488e+00
8.18750 -2.307250404159360e+00
8.20000 -2.290816397580957e+00
8.21250 -2.274366919085320e+00
8.22500 -2.257962904487299e+00
8.23750 -2.241823368516291e+00
8.25000 -2.225980199828575e+00
8.26250 -2.210296088274142e+00
8.27500 -2.194849017088133e+00
8.28750 -2.179912421079206e+00
8.30000 -2.165813471548218e+00
8.31250 -2.152018131832018e+00
8.32500 -2.137762132156545e+00
8.33750 -2.124622532645086e+00
8.35000 -2.113369410262890e+00
8.36250 -2.100485593660964e+00
8.37500 -2.087472114378014e+00
8.38750 -2.073304809141677e+00
8.40000 -2.059431750123300e+00
8.41250 -2.045816645015917e+00
8.42500 -2.031757425829359e+00
8.43750 -2.018629669234692e+00
8.45000 -2.010960561197713e+00
8.46250 -2.006594266153392e+00
8.47500 -1.995497517006466e+00
8.48750 -1.983005520037091e+00
8.50000 -1.969723530118702e+00
8.51250 -1.956388366482307e+00
8.52500 -1.942966346846574e+00
8.53750 -1.929368268950462e+00
8.55000 -1.915401183969829e+00
8.56250 -1.900716399628593e+00
8.57500 -1.885586851420130e+00
8.58750 -1.870255757904504e+00
8.60000 -1.854871949081378e+00
8.61250 -1.839444170520567e+00
8.62500 -1.823741109927525e+00
8.63750 -1.807612126676085e+00
8.65000 -1.791017528198202e+00
8.66250 -1.773468315502891e+00
8.67500 -1.754641340776628e+00
8.68750 -1.737776862743630e+00
8.70000 -1.728510365881449e+00
8.71250 -1.709639530238548e+00
8.72500 -1.690088589227961e+00
8.73750 -1.671103576233955e+00
8.75000 -1.652589213862099e+00
8.76250 -1.634499041012484e+00
8.77500 -1.616818157200000e+00
8.78750 -1.599540179738053e+00
8.80000 -1.582666923882259e+00
8.81250 -1.566281647410763e+00
8.82500 -1.550738799379791e+00
8.83750 -1.535316200688669e+00
8.85000 -1.519983959298021e+00
8.86250 -1.504721024429733e+00
8.87500 -1.489473859831522e+00
8.88750 -1.474298082678392e+00
8.90000 -1.459285921162876e+00
8.91250 -1.444430470306540e+00
8.92500 -1.429634165967991e+00
8.93750 -1.414765550615923e+00
8.95000 -1.399763985566980e+00
8.96250 -1.384727109783816e+00
8.97500 -1.369777939855114e+00
8.98750 -1.354796683032064e+00
9.00000 -1.339664013128957e+00
9.01250 -1.324454727950242e+00
9.02500 -1.309215589379708e+00
9.03750 -1.293998508832944e+00
9.05000 -1.278900053652639e+00
9.06250 -1.264048937834201e+00
9.07500 -1.249593587730764e+00
9.08750 -1.235633586541400e+00
9.10000 -1.222177735678290e+00
9.11250 -1.209148799655049e+00
9.12500 -1.196401570933592e+00
9.13750 -1.183948722385396e+00
9.15000 -1.171870019847057e+00
9.16250 -1.160136862602909e+00
9.17500 -1.148663417876135e+00
9.18750 -1.137390186872915e+00
9.20000 -1.126290799295883e+00
9.21250 -1.115345557412523e+00
9.22500 -1.104542642788453e+00
9.23750 -1.093887921284076e+00
9.25000 -1.083388407358771e+00
9.26250 -1.073035248788622e+00
9.27500 -1.062797893036719e+00
9.28750 -1.052625656797693e+00
9.30000 -1.042456136495652e+00
9.31250 -1.032233698752893e+00
9.32500 -1.021921813035273e+00
9.33750 -1.011485157213031e+00
9.35000 -1.000872107329018e+00
9.36250 -9.900315900141414e-01
9.37500 -9.789361911654435e-01
9.38750 -9.675887274991397e-01
9.40000 -9.560125009825886e-01
9.41250 -9.442102704468831e-01
9.42500 -9.321299155562264e-01
9.43750 -9.197323284438597e-01
9.45000 -9.070636846488367e-01
9.46250 -8.942158320169897e-01
9.47500 -8.812652211168002e-01
9.48750 -8.682368525926767e-01
9.50000 -8.550948007861210e-01
9.51250 -8.417806935249843e-01
9.52500 -8.282738945877670e-01
9.53750 -8.146046801469822e-01
9.55000 -8.008178582331094e-01
9.56250 -7.869797873601772e-01
9.57500 -7.734355709269689e-01
9.58750 -7.611036010245824e-01
9.60000 -7.491797492717276e-01
9.61250 -7.365507238144762e-01
9.62500 -7.243078550643043e-01
9.63750 -7.110451866127832e-01
9.65000 -6.978632939414438e-01
9.66250 -6.851436064087866e-01
9.67500 -6.731766225168492e-01
9.68750 -6.607557135532189e-01
9.70000 -6.480250059602597e-01
9.71250 -6.352294618709318e-01
9.72500 -6.224990601609066e-01
9.73750 -6.098840430537815e-01
9.75000 -5.974072336774079e-01
9.76250 -5.850905700635802e-01
9.77500 -5.729553660075235e-01
9.78750 -5.610114424537866e-01
9.80000 -5.492504900748261e-01
9.81250 -5.376464755419921e-01
9.82500 -5.261629581384908e-01
9.83750 -5.147766480432685e-01
9.85000 -5.035743809999471e-01
9.86250 -4.930547802721270e-01
9.87500 -4.827807062526908e-01
9.88750 -4.723384360642984e-01
9.90000 -4.618915831279999e-01
9.91250 -4.516921579371356e-01
9.92500 -4.417723317022209e-01
9.93750 -4.321024529440038e-01
9.95000 -4.226391354091594e-01
9.96250 -4.133496777401939e-01
9.97500 -4.042194767986669e-01
9.98750 -3.952472112969101e-01
10.00000 -3.864289172520980e-01
