0.00001 1.581716858326707e+01
0.01250 1.581542862867964e+01
0.02500 1.581222301130533e+01
0.03750 1.580846449379351e+01
0.05000 1.580429813439091e+01
0.06250 1.579976055826493e+01
0.07500 1.579486370915123e+01
0.08750 1.578961262222349e+01
0.10000 1.578401000264611e+01
0.11250 1.577805765671818e+01
0.12500 1.577175701610452e+01
0.13750 1.576510935506874e+01
0.15000 1.575811588959860e+01
0.16250 1.575077782621154e+01
0.17500 1.574309638746965e+01
0.18750 1.573507282594976e+01
0.20000 1.572670843215033e+01
0.21250 1.571800453905207e+01
0.22500 1.570896252474950e+01
0.23750 1.569958381392690e+01
0.25000 1.568986987861676e+01
0.26250 1.567982223849805e+01
0.27500 1.566944246089002e+01
0.28750 1.565873216053823e+01
0.30000 1.564769299925464e+01
0.31250 1.563632668545215e+01
0.32500 1.562463497360041e+01
0.33750 1.561261966362152e+01
0.35000 1.560028260023811e+01
0.36250 1.558762567228326e+01
0.37500 1.557465081197862e+01
0.38750 1.556135999418583e+01
0.40000 1.554775523563494e+01
0.41250 1.553383859413264e+01
0.42500 1.551961216775289e+01
0.43750 1.550507809401159e+01
0.45000 1.549023854902706e+01
0.46250 1.547509574666764e+01
0.47500 1.545965193768771e+01
0.48750 1.544390940885302e+01
0.50000 1.542787048205661e+01
0.51250 1.541153751342597e+01
0.52500 1.539491289242244e+01
0.53750 1.537799904093367e+01
0.55000 1.536079841235985e+01
0.56250 1.534331349069449e+01
0.57500 1.532554678960057e+01
0.58750 1.530750085148259e+01
0.60000 1.528917824655529e+01
0.61250 1.527058157190985e+01
0.62500 1.525171345057790e+01
0.63750 1.523257653059434e+01
0.65000 1.521317348405935e+01
0.66250 1.519350700620025e+01
0.67500 1.517357981443399e+01
0.68750 1.515339464743050e+01
0.70000 1.513295426417789e+01
0.71250 1.511226144304975e+01
0.72500 1.509131898087526e+01
0.73750 1.507012969201256e+01
0.75000 1.504869640742601e+01
0.76250 1.502702197376773e+01
0.77500 1.500510925246403e+01
0.78750 1.498296111880710e+01
0.80000 1.496058046105257e+01
0.81250 1.493797017952325e+01
0.82500 1.491513318571962e+01
0.83750 1.489207240143744e+01
0.85000 1.486879075789284e+01
0.86250 1.484529119485543e+01
0.87500 1.482157665978970e+01
0.88750 1.479765010700513e+01
0.90000 1.477351449681532e+01
0.91250 1.474917279470661e+01
0.92500 1.472462797051634e+01
0.93750 1.469988299762116e+01
0.95000 1.467494085213578e+01
0.96250 1.464980451212220e+01
0.97500 1.462447695680994e+01
0.98750 1.459896116582742e+01
1.00000 1.457326011844466e+01
1.01250 1.454737679282767e+01
1.02500 1.452131416530466e+01
1.03750 1.449507520964427e+01
1.05000 1.446866289634599e+01
1.06250 1.444208019194305e+01
1.07500 1.441533005831779e+01
1.08750 1.438841545202972e+01
1.10000 1.436133932365646e+01
1.11250 1.433410461714754e+01
1.12500 1.430671426919137e+01
1.13750 1.427917120859519e+01
1.15000 1.425147835567838e+01
1.16250 1.422363862167902e+01
1.17500 1.419565490817378e+01
1.18750 1.416753010651121e+01
1.20000 1.413926709725847e+01
1.21250 1.411086874966155e+01
1.22500 1.408233792111890e+01
1.23750 1.405367745666855e+01
1.25000 1.402489018848874e+01
1.26250 1.399597893541195e+01
1.27500 1.396694650245234e+01
1.28750 1.393779568034665e+01
1.30000 1.390852924510839e+01
1.31250 1.387914995759527e+01
1.32500 1.384966056309004e+01
1.33750 1.382006379089426e+01
1.35000 1.379036235393534e+01
1.36250 1.376055894838646e+01
1.37500 1.373065625329950e+01
1.38750 1.370065693025070e+01
1.40000 1.367056362299907e+01
1.41250 1.364037895715737e+01
1.42500 1.361010553987564e+01
1.43750 1.357974595953701e+01
1.45000 1.354930278546575e+01
1.46250 1.351877856764750e+01
1.47500 1.348817583646137e+01
1.48750 1.345749710242392e+01
1.50000 1.342674485594478e+01
1.51250 1.339592156709385e+01
1.52500 1.336502968537980e+01
1.53750 1.333407163953986e+01
1.55000 1.330304983734059e+01
1.56250 1.327196666538964e+01
1.57500 1.324082448895816e+01
1.58750 1.320962565181379e+01
1.60000 1.317837247606407e+01
1.61250 1.314706726200999e+01
1.62500 1.311571228800971e+01
1.63750 1.308430981035202e+01
1.65000 1.305286206313957e+01
1.66250 1.302137125818155e+01
1.67500 1.298983958489580e+01
1.68750 1.295826921021993e+01
1.70000 1.292666227853155e+01
1.71250 1.289502091157719e+01
1.72500 1.286334720840987e+01
1.73750 1.283164324533510e+01
1.75000 1.279991107586510e+01
1.76250 1.276815273068108e+01
1.77500 1.273637021760342e+01
1.78750 1.270456552156953e+01
1.80000 1.267274060461926e+01
1.81250 1.264089740588756e+01
1.82500 1.260903784160443e+01
1.83750 1.257716380510172e+01
1.85000 1.254527716682679e+01
1.86250 1.251337977436287e+01
1.87500 1.248147345245569e+01
1.88750 1.244956000304655e+01
1.90000 1.241764120531147e+01
1.91250 1.238571881570616e+01
1.92500 1.235379456801691e+01
1.93750 1.232187017341699e+01
1.95000 1.228994732052847e+01
1.96250 1.225802767548938e+01
1.97500 1.222611288202593e+01
1.98750 1.219420456152966e+01
2.00000 1.216230431313941e+01
2.01250 1.213041371382794e+01
2.02500 1.209853431849296e+01
2.03750 1.206666766005259e+01
2.05000 1.203481524954486e+01
2.06250 1.200297857623139e+01
2.07500 1.197115910770483e+01
2.08750 1.193935829000011e+01
2.10000 1.190757754770930e+01
2.11250 1.187581828409985e+01
2.12500 1.184408188123623e+01
2.13750 1.181236970010478e+01
2.15000 1.178068308074151e+01
2.16250 1.174902334236297e+01
2.17500 1.171739178349982e+01
2.18750 1.168578968213310e+01
2.20000 1.165421829583312e+01
2.21250 1.162267886190070e+01
2.22500 1.159117259751079e+01
2.23750 1.155970069985827e+01
2.25000 1.152826434630586e+01
2.26250 1.149686469453399e+01
2.27500 1.146550288269254e+01
2.28750 1.143418002955442e+01
2.30000 1.140289723467070e+01
2.31250 1.137165557852740e+01
2.32500 1.134045612270371e+01
2.33750 1.130929991003158e+01
2.35000 1.127818796475658e+01
2.36250 1.124712129269996e+01
2.37500 1.121610088142178e+01
2.38750 1.118512770038511e+01
2.40000 1.115420270112106e+01
2.41250 1.112332681739468e+01
2.42500 1.109250096537171e+01
2.43750 1.106172604378584e+01
2.45000 1.103100293410673e+01
2.46250 1.100033250070845e+01
2.47500 1.096971559103843e+01
2.48750 1.093915303578679e+01
2.50000 1.090864564905597e+01
2.51250 1.087819422853060e+01
2.52500 1.084779955564760e+01
2.53750 1.081746239576635e+01
2.55000 1.078718349833894e+01
2.56250 1.075696359708045e+01
2.57500 1.072680341013912e+01
2.58750 1.069670364026645e+01
2.60000 1.066666497498713e+01
2.61250 1.063668808676873e+01
2.62500 1.060677363319116e+01
2.63750 1.057692225711577e+01
2.65000 1.054713458685412e+01
2.66250 1.051741123633635e+01
2.67500 1.048775280527905e+01
2.68750 1.045815987935267e+01
2.70000 1.042863303034841e+01
2.71250 1.039917281634450e+01
2.72500 1.036977978187188e+01
2.73750 1.034045445807925e+01
2.75000 1.031119736289739e+01
2.76250 1.028200900120283e+01
2.77500 1.025288986498070e+01
2.78750 1.022384043348685e+01
2.80000 1.019486117340913e+01
2.81250 1.016595253902785e+01
2.82500 1.013711497237535e+01
2.83750 1.010834890339471e+01
2.85000 1.007965475009752e+01
2.86250 1.005103291872067e+01
2.87500 1.002248380388230e+01
2.88750 9.994007788736605e+00
2.90000 9.965605245127762e+00
2.91250 9.937276533742756e+00
2.92500 9.909022004263186e+00
2.93750 9.880841995516022e+00
2.95000 9.852736835623256e+00
2.96250 9.824706842150492e+00
2.97500 9.796752322254390e+00
2.98750 9.768873572829017e+00
3.00000 9.741070880651055e+00
3.01250 9.713344522523846e+00
3.02500 9.685694765420310e+00
3.03750 9.658121866624652e+00
3.05000 9.630626073872925e+00
3.06250 9.603207625492390e+00
3.07500 9.575866750539674e+00
3.08750 9.548603668937737e+00
3.10000 9.521418591611624e+00
3.11250 9.494311720622978e+00
3.12500 9.467283249303376e+00
3.13750 9.440333362386385e+00
3.15000 9.413462236138432e+00
3.16250 9.386670038488395e+00
3.17500 9.359956929155993e+00
3.18750 9.333323059778913e+00
3.20000 9.306768574038680e+00
3.21250 9.280293607785330e+00
3.22500 9.253898289160778e+00
3.23750 9.227582738720974e+00
3.25000 9.201347069556805e+00
3.26250 9.175191387413737e+00
3.27500 9.149115790810230e+00
3.28750 9.123120371154895e+00
3.30000 9.097205212862409e+00
3.31250 9.071370393468190e+00
3.32500 9.045615983741822e+00
3.33750 9.019942047799262e+00
3.35000 8.994348643213808e+00
3.36250 8.968835821125811e+00
3.37500 8.943403626351198e+00
3.38750 8.918052097488749e+00
3.40000 8.892781267026155e+00
3.41250 8.867591161444881e+00
3.42500 8.842481801323785e+00
3.43750 8.817453201441575e+00
3.45000 8.792505370878031e+00
3.46250 8.767638313114055e+00
3.47500 8.742852026130535e+00
3.48750 8.718146502505995e+00
3.50000 8.693521729513124e+00
3.51250 8.668977689214096e+00
3.52500 8.644514358554728e+00
3.53750 8.620131709457514e+00
3.55000 8.595829708913474e+00
3.56250 8.571608319072897e+00
3.57500 8.547467497334912e+00
3.58750 8.523407196435969e+00
3.60000 8.499427364537176e+00
3.61250 8.475527945310549e+00
3.62500 8.451708878024128e+00
3.63750 8.427970097626032e+00
3.65000 8.404311534827388e+00
3.66250 8.380733116184235e+00
3.67500 8.357234764178303e+00
3.68750 8.333816397296758e+00
3.70000 8.310477930110899e+00
3.71250 8.287219273353791e+00
3.72500 8.264040333996874e+00
3.73750 8.240941015325543e+00
3.75000 8.217921217013700e+00
3.76250 8.194980835197329e+00
3.77500 8.172119762547007e+00
3.78750 8.149337888339492e+00
3.80000 8.126635098528268e+00
3.81250 8.104011275813184e+00
3.82500 8.081466299709035e+00
3.83750 8.059000046613285e+00
3.85000 8.036612389872772e+00
3.86250 8.014303199849502e+00
3.87500 7.992072343985513e+00
3.88750 7.969919686866824e+00
3.90000 7.947845090286449e+00
3.91250 7.925848413306547e+00
3.92500 7.903929512319637e+00
3.93750 7.882088241108967e+00
3.95000 7.860324450907976e+00
3.96250 7.838637990458925e+00
3.97500 7.817028706070638e+00
3.98750 7.795496441675408e+00
4.00000 7.774041038885080e+00
4.01250 7.752662337046280e+00
4.02500 7.731360173294830e+00
4.03750 7.710134382609375e+00
4.05000 7.688984797864166e+00
4.06250 7.667911249881081e+00
4.07500 7.646913567480857e+00
4.08750 7.625991577533528e+00
4.10000 7.605145105008112e+00
4.11250 7.584373973021543e+00
4.12500 7.563678002886829e+00
4.13750 7.543057014160497e+00
4.15000 7.522510824689294e+00
4.16250 7.502039250656154e+00
4.17500 7.481642106625467e+00
4.18750 7.461319205587617e+00
4.20000 7.441070359002862e+00
4.21250 7.420895376844471e+00
4.22500 7.400794067641224e+00
4.23750 7.380766238519217e+00
4.25000 7.360811695242989e+00
4.26250 7.340930242256033e+00
4.27500 7.321121682720610e+00
4.28750 7.301385818556954e+00
4.30000 7.281722450481828e+00
4.31250 7.262131378046462e+00
4.32500 7.242612399673869e+00
4.33750 7.223165312695556e+00
4.35000 7.203789913387622e+00
4.36250 7.184485997006282e+00
4.37500 7.165253357822776e+00
4.38750 7.146091789157728e+00
4.40000 7.127001083414909e+00
4.41250 7.107981032114454e+00
4.42500 7.089031425925509e+00
4.43750 7.070152054698326e+00
4.45000 7.051342707495843e+00
4.46250 7.032603172624686e+00
4.47500 7.013933237665679e+00
4.48750 6.995332689503808e+00
4.50000 6.976801314357690e+00
4.51250 6.958338897808520e+00
4.52500 6.939945224828525e+00
4.53750 6.921620079808924e+00
4.55000 6.903363246587393e+00
4.56250 6.885174508475057e+00
4.57500 6.867053648283012e+00
4.58750 6.849000448348371e+00
4.60000 6.831014690559847e+00
4.61250 6.813096156382889e+00
4.62500 6.795244626884366e+00
4.63750 6.777459882756814e+00
4.65000 6.759741704342238e+00
4.66250 6.742089871655485e+00
4.67500 6.724504164407207e+00
4.68750 6.706984362026380e+00
4.70000 6.689530243682442e+00
4.71250 6.672141588307002e+00
4.72500 6.654818174615158e+00
4.73750 6.637559781126413e+00
4.75000 6.620366186185211e+00
4.76250 6.603237167981092e+00
4.77500 6.586172504568450e+00
4.78750 6.569171973885945e+00
4.80000 6.552235353775523e+00
4.81250 6.535362422001088e+00
4.82500 6.518552956266821e+00
4.83750 6.501806734235134e+00
4.85000 6.485123533544291e+00
4.86250 6.468503131825680e+00
4.87500 6.451945306720756e+00
4.88750 6.435449835897632e+00
4.90000 6.419016497067387e+00
4.91250 6.402645068000005e+00
4.92500 6.386335326540028e+00
4.93750 6.370087050621881e+00
4.95000 6.353900018284902e+00
4.96250 6.337774007688066e+00
4.97500 6.321708797124402e+00
4.98750 6.305704165035134e+00
5.00000 6.289759890023513e+00
5.01250 6.273875750868374e+00
5.02500 6.258051526537425e+00
5.03750 6.242286996200240e+00
5.05000 6.226581939240980e+00
5.06250 6.210936135270877e+00
5.07500 6.195349364140408e+00
5.08750 6.179821405951252e+00
5.10000 6.164352041067962e+00
5.11250 6.148941050129407e+00
5.12500 6.133588214059949e+00
5.13750 6.118293314080389e+00
5.15000 6.103056131718663e+00
5.16250 6.087876448820318e+00
5.17500 6.072754047558734e+00
5.18750 6.057688710445131e+00
5.20000 6.042680220338354e+00
5.21250 6.027728360454423e+00
5.22500 6.012832914375880e+00
5.23750 5.997993666060910e+00
5.25000 5.983210399852256e+00
5.26250 5.968482900485925e+00
5.27500 5.953810953099694e+00
5.28750 5.939194343241405e+00
5.30000 5.924632856877079e+00
5.31250 5.910126280398808e+00
5.32500 5.895674400632491e+00
5.33750 5.881277004845347e+00
5.35000 5.866933880753272e+00
5.36250 5.852644816527986e+00
5.37500 5.838409600804032e+00
5.38750 5.824228022685565e+00
5.40000 5.810099871752999e+00
5.41250 5.796024938069458e+00
5.42500 5.782003012187072e+00
5.43750 5.768033885153116e+00
5.45000 5.754117348515960e+00
5.46250 5.740253194330890e+00
5.47500 5.726441215165752e+00
5.48750 5.712681204106453e+00
5.50000 5.698972954762301e+00
5.51250 5.685316261271201e+00
5.52500 5.671710918304709e+00
5.53750 5.658156721072928e+00
5.55000 5.644653465329283e+00
5.56250 5.631200947375137e+00
5.57500 5.617798964064279e+00
5.58750 5.604447312807277e+00
5.60000 5.591145791575705e+00
5.61250 5.577894198906225e+00
5.62500 5.564692333904558e+00
5.63750 5.551539996249311e+00
5.65000 5.538436986195705e+00
5.66250 5.525383104579158e+00
5.67500 5.512378152818767e+00
5.68750 5.499421932920654e+00
5.70000 5.486514247481222e+00
5.71250 5.473654899690280e+00
5.72500 5.460843693334055e+00
5.73750 5.448080432798110e+00
5.75000 5.435364923070149e+00
5.76250 5.422696969742703e+00
5.77500 5.410076379015739e+00
5.78750 5.397502957699142e+00
5.80000 5.384976513215117e+00
5.81250 5.372496853600484e+00
5.82500 5.360063787508875e+00
5.83750 5.347677124212838e+00
5.85000 5.335336673605863e+00
5.86250 5.323042246204288e+00
5.87500 5.310793653149149e+00
5.88750 5.298590706207914e+00
5.90000 5.286433217776151e+00
5.91250 5.274321000879100e+00
5.92500 5.262253869173167e+00
5.93750 5.250231636947341e+00
5.95000 5.238254119124519e+00
5.96250 5.226321131262764e+00
5.97500 5.214432489556486e+00
5.98750 5.202588010837541e+00
6.00000 5.190787512576259e+00
6.01250 5.179030812882399e+00
6.02500 5.167317730506040e+00
6.03750 5.155648084838394e+00
6.05000 5.144021695912549e+00
6.06250 5.132438384404156e+00
6.07500 5.120897971632036e+00
6.08750 5.109400279558735e+00
6.10000 5.097945130791014e+00
6.11250 5.086532348580263e+00
6.12500 5.075161756822879e+00
6.13750 5.063833180060556e+00
6.15000 5.052546443480543e+00
6.16250 5.041301372915830e+00
6.17500 5.030097794845275e+00
6.18750 5.018935536393695e+00
6.20000 5.007814425331870e+00
6.21250 4.996734290076541e+00
6.22500 4.985694959690302e+00
6.23750 4.974696263881494e+00
6.25000 4.963738033004010e+00
6.26250 4.952820098057070e+00
6.27500 4.941942290684944e+00
6.28750 4.931104443176631e+00
6.30000 4.920306388465493e+00
6.31250 4.909547960128835e+00
6.32500 4.898828992387452e+00
6.33750 4.888149320105135e+00
6.35000 4.877508778788119e+00
6.36250 4.866907204584509e+00
6.37500 4.856344434283660e+00
6.38750 4.845820305315502e+00
6.40000 4.835334655749859e+00
6.41250 4.824887324295700e+00
6.42500 4.814478150300364e+00
6.43750 4.804106973748757e+00
6.45000 4.793773635262507e+00
6.46250 4.783477976099082e+00
6.47500 4.773219838150875e+00
6.48750 4.762999063944265e+00
6.50000 4.752815496638640e+00
6.51250 4.742668980025383e+00
6.52500 4.732559358526835e+00
6.53750 4.722486477195231e+00
6.55000 4.712450181711599e+00
6.56250 4.702450318384633e+00
6.57500 4.692486734149540e+00
6.58750 4.682559276566860e+00
6.60000 4.672667793821256e+00
6.61250 4.662812134720287e+00
6.62500 4.652992148693142e+00
6.63750 4.643207685789364e+00
6.65000 4.633458596677535e+00
6.66250 4.623744732643956e+00
6.67500 4.614065945591287e+00
6.68750 4.604422088037179e+00
6.70000 4.594813013112864e+00
6.71250 4.585238574561757e+00
6.72500 4.575698626738001e+00
6.73750 4.566193024605020e+00
6.75000 4.556721623734036e+00
6.76250 4.547284280302572e+00
6.77500 4.537880851092943e+00
6.78750 4.528511193490724e+00
6.80000 4.519175165483191e+00
6.81250 4.509872625657766e+00
6.82500 4.500603433200425e+00
6.83750 4.491367447894104e+00
6.85000 4.482164530117086e+00
6.86250 4.472994540841367e+00
6.87500 4.463857341631017e+00
6.88750 4.454752794640515e+00
6.90000 4.445680762613089e+00
6.91250 4.436641108879016e+00
6.92500 4.427633697353939e+00
6.93750 4.418658392537148e+00
6.95000 4.409715059509861e+00
6.96250 4.400803563933485e+00
6.97500 4.391923772047880e+00
6.98750 4.383075550669593e+00
7.00000 4.374258767190105e+00
7.01250 4.365473289574031e+00
7.02500 4.356718986357362e+00
7.03750 4.347995726645649e+00
7.05000 4.339303380112206e+00
7.06250 4.330641816996291e+00
7.07500 4.322010908101293e+00
7.08750 4.313410524792891e+00
7.10000 4.304840538997224e+00
7.11250 4.296300823199041e+00
7.12500 4.287791250439854e+00
7.13750 4.279311694316066e+00
7.15000 4.270862028977122e+00
7.16250 4.262442129123626e+00
7.17500 4.254051870005462e+00
7.18750 4.245691127419917e+00
7.20000 4.237359777709788e+00
7.21250 4.229057697761482e+00
7.22500 4.220784765003131e+00
7.23750 4.212540857402674e+00
7.25000 4.204325853465955e+00
7.26250 4.196139632234809e+00
7.27500 4.187982073285150e+00
7.28750 4.179853056725044e+00
7.30000 4.171752463192795e+00
7.31250 4.163680173855010e+00
7.32500 4.155636070404672e+00
7.33750 4.147620035059213e+00
7.35000 4.139631950558575e+00
7.36250 4.131671700163274e+00
7.37500 4.123739167652461e+00
7.38750 4.115834237321984e+00
7.40000 4.107956793982445e+00
7.41250 4.100106722957253e+00
7.42500 4.092283910080683e+00
7.43750 4.084488241695931e+00
7.45000 4.076719604653162e+00
7.46250 4.068977886307568e+00
7.47500 4.061262974517415e+00
7.48750 4.053574757642104e+00
7.50000 4.045913124540209e+00
7.51250 4.038277964567539e+00
7.52500 4.030669167575184e+00
7.53750 4.023086623907576e+00
7.55000 4.015530224400527e+00
7.56250 4.007999860379295e+00
7.57500 4.000495423656632e+00
7.58750 3.993016806530842e+00
7.60000 3.985563901783832e+00
7.61250 3.978136602679175e+00
7.62500 3.970734802960167e+00
7.63750 3.963358396847884e+00
7.65000 3.956007279039246e+00
7.66250 3.948681344705081e+00
7.67500 3.941380489488195e+00
7.68750 3.934104609501427e+00
7.70000 3.926853601325730e+00
7.71250 3.919627362008237e+00
7.72500 3.912425789060342e+00
7.73750 3.905248780455767e+00
7.75000 3.898096234628647e+00
7.76250 3.890968050471613e+00
7.77500 3.883864127333874e+00
7.78750 3.876784365019306e+00
7.80000 3.869728663784542e+00
7.81250 3.862696924337068e+00
7.82500 3.855689047833318e+00
7.83750 3.848704935876774e+00
7.85000 3.841744490516070e+00
7.86250 3.834807614243104e+00
7.87500 3.827894209991141e+00
7.88750 3.821004181132932e+00
7.90000 3.814137431478833e+00
7.91250 3.807293865274926e+00
7.92500 3.800473387201142e+00
7.93750 3.793675902369399e+00
7.95000 3.786901316321724e+00
7.96250 3.780149535028402e+00
7.97500 3.773420464886115e+00
7.98750 3.766714012716085e+00
8.00000 3.760030085762231e+00
8.01250 3.753368591689317e+00
8.02500 3.746729438581121e+00
8.03750 3.740112534938592e+00
8.05000 3.733517789678020e+00
8.06250 3.726945112129214e+00
8.07500 3.720394412033674e+00
8.08750 3.713865599542781e+00
8.10000 3.707358585215978e+00
8.11250 3.700873280018969e+00
8.12500 3.694409595321912e+00
8.13750 3.687967442897624e+00
8.15000 3.681546734919788e+00
8.16250 3.675147383961165e+00
8.17500 3.668769302991814e+00
8.18750 3.662412405377315e+00
8.20000 3.656076604876993e+00
8.21250 3.649761815642157e+00
8.22500 3.643467952214334e+00
8.23750 3.637194929523516e+00
8.25000 3.630942662886411e+00
8.26250 3.624711068004692e+00
8.27500 3.618500060963264e+00
8.28750 3.612309558228523e+00
8.30000 3.606139476646633e+00
8.31250 3.599989733441801e+00
8.32500 3.593860246214554e+00
8.33750 3.587750932940040e+00
8.35000 3.581661711966305e+00
8.36250 3.575592502012602e+00
8.37500 3.569543222167696e+00
8.38750 3.563513791888171e+00
8.40000 3.557504130996747e+00
8.41250 3.551514159680605e+00
8.42500 3.545543798489708e+00
8.43750 3.539592968335141e+00
8.45000 3.533661590487448e+00
8.46250 3.527749586574976e+00
8.47500 3.521856878582227e+00
8.48750 3.515983388848213e+00
8.50000 3.510129040064826e+00
8.51250 3.504293755275193e+00
8.52500 3.498477457872064e+00
8.53750 3.492680071596183e+00
8.55000 3.486901520534679e+00
8.56250 3.481141729119459e+00
8.57500 3.475400622125600e+00
8.58750 3.469678124669760e+00
8.60000 3.463974162208586e+00
8.61250 3.458288660537126e+00
8.62500 3.452621545787260e+00
8.63750 3.446972744426118e+00
8.65000 3.441342183254521e+00
8.66250 3.435729789405416e+00
8.67500 3.430135490342328e+00
8.68750 3.424559213857810e+00
8.70000 3.419000888071895e+00
8.71250 3.413460441430571e+00
8.72500 3.407937802704242e+00
8.73750 3.402432900986208e+00
8.75000 3.396945665691152e+00
8.76250 3.391476026553614e+00
8.77500 3.386023913626506e+00
8.78750 3.380589257279593e+00
8.80000 3.375171988198012e+00
8.81250 3.369772037380779e+00
8.82500 3.364389336139308e+00
8.83750 3.359023816095941e+00
8.85000 3.353675409182468e+00
8.86250 3.348344047638674e+00
8.87500 3.343029664010876e+00
8.88750 3.337732191150473e+00
8.90000 3.332451562212503e+00
8.91250 3.327187710654199e+00
8.92500 3.321940570233560e+00
8.93750 3.316710075007926e+00
8.95000 3.311496159332546e+00
8.96250 3.306298757859175e+00
8.97500 3.301117805534661e+00
8.98750 3.295953237599536e+00
9.00000 3.290804989586627e+00
9.01250 3.285672997319660e+00
9.02500 3.280557196911877e+00
9.03750 3.275457524764653e+00
9.05000 3.270373917566129e+00
9.06250 3.265306312289837e+00
9.07500 3.260254646193344e+00
9.08750 3.255218856816894e+00
9.10000 3.250198881982061e+00
9.11250 3.245194659790397e+00
9.12500 3.240206128622108e+00
9.13750 3.235233227134709e+00
9.15000 3.230275894261705e+00
9.16250 3.225334069211267e+00
9.17500 3.220407691464919e+00
9.18750 3.215496700776232e+00
9.20000 3.210601037169514e+00
9.21250 3.205720640938524e+00
9.22500 3.200855452645168e+00
9.23750 3.196005413118223e+00
9.25000 3.191170463452054e+00
9.26250 3.186350545005338e+00
9.27500 3.181545599399803e+00
9.28750 3.176755568518955e+00
9.30000 3.171980394506828e+00
9.31250 3.167220019766735e+00
9.32500 3.162474386960015e+00
9.33750 3.157743439004802e+00
9.35000 3.153027119074781e+00
9.36250 3.148325370597970e+00
9.37500 3.143638137255489e+00
9.38750 3.138965362980348e+00
9.40000 3.134306991956234e+00
9.41250 3.129662968616302e+00
9.42500 3.125033237641977e+00
9.43750 3.120417743961763e+00
9.45000 3.115816432750043e+00
9.46250 3.111229249425911e+00
9.47500 3.106656139651975e+00
9.48750 3.102097049333198e+00
9.50000 3.097551924615727e+00
9.51250 3.093020711885727e+00
9.52500 3.088503357768230e+00
9.53750 3.083999809125981e+00
9.55000 3.079510013058290e+00
9.56250 3.075033916899897e+00
9.57500 3.070571468219832e+00
9.58750 3.066122614820290e+00
9.60000 3.061687304735502e+00
9.61250 3.057265486230619e+00
9.62500 3.052857107800595e+00
9.63750 3.048462118169085e+00
9.65000 3.044080466287334e+00
9.66250 3.039712101333083e+00
9.67500 3.035356972709478e+00
9.68750 3.031015030043978e+00
9.70000 3.026686223187273e+00
9.71250 3.022370502212215e+00
9.72500 3.018067817412732e+00
9.73750 3.013778119302774e+00
9.75000 3.009501358615241e+00
9.76250 3.005237486300934e+00
9.77500 3.000986453527500e+00
9.78750 2.996748211678383e+00
9.80000 2.992522712351788e+00
9.81250 2.988309907359640e+00
9.82500 2.984109748726551e+00
9.83750 2.979922188688800e+00
9.85000 2.975747179693306e+00
9.86250 2.971584674396611e+00
9.87500 2.967434625663872e+00
9.88750 2.963296986567850e+00
9.90000 2.959171710387912e+00
9.91250 2.955058750609028e+00
9.92500 2.950958060920787e+00
9.93750 2.946869595216402e+00
9.95000 2.942793307591730e+00
9.96250 2.938729152344294e+00
9.97500 2.934677083972313e+00
9.98750 2.930637057173727e+00
10.00000 2.926609026845241e+00
