0.00001 1.581718234306625e+01
0.01250 1.581544241856529e+01
0.02500 1.581223685217522e+01
0.03750 1.580847838873766e+01
0.05000 1.580431208365872e+01
0.06250 1.579977456138053e+01
0.07500 1.579487776539610e+01
0.08750 1.578962673077259e+01
0.10000 1.578402416261479e+01
0.11250 1.577807186718121e+01
0.12500 1.577177127610487e+01
0.13750 1.576512366362211e+01
0.15000 1.575813024569614e+01
0.16250 1.575079222882150e+01
0.17500 1.574311083553858e+01
0.18750 1.573508731840346e+01
0.20000 1.572672296789464e+01
0.21250 1.571801911697355e+01
0.22500 1.570897714371610e+01
0.23750 1.569959847278856e+01
0.25000 1.568988457620600e+01
0.26250 1.567983697363060e+01
0.27500 1.566945723236539e+01
0.28750 1.565874696714030e+01
0.30000 1.564770783975226e+01
0.31250 1.563634155859975e+01
0.32500 1.562464987813860e+01
0.33750 1.561263459827767e+01
0.35000 1.560029756372699e+01
0.36250 1.558764066330764e+01
0.37500 1.557466582922991e+01
0.38750 1.556137503634468e+01
0.40000 1.554777030137187e+01
0.41250 1.553385368210870e+01
0.42500 1.551962727662025e+01
0.43750 1.550509322241420e+01
0.45000 1.549025369560127e+01
0.46250 1.547511091004285e+01
0.47500 1.545966711648699e+01
0.48750 1.544392460169377e+01
0.50000 1.542788568755117e+01
0.51250 1.541155273018227e+01
0.52500 1.539492811904462e+01
0.53750 1.537801427602271e+01
0.55000 1.536081365451420e+01
0.56250 1.534332873851071e+01
0.57500 1.532556204167393e+01
0.58750 1.530751610640767e+01
0.60000 1.528919350292663e+01
0.61250 1.527059682832251e+01
0.62500 1.525172870562809e+01
0.63750 1.523259178288002e+01
0.65000 1.521318873218076e+01
0.66250 1.519352224876057e+01
0.67500 1.517359505003983e+01
0.68750 1.515340987469251e+01
0.70000 1.513296948171131e+01
0.71250 1.511227664947495e+01
0.72500 1.509133417481827e+01
0.73750 1.507014487210562e+01
0.75000 1.504871157230805e+01
0.76250 1.502703712208492e+01
0.77500 1.500512438287024e+01
0.78750 1.498297622996443e+01
0.80000 1.496059555163177e+01
0.81250 1.493798524820425e+01
0.82500 1.491514823119194e+01
0.83750 1.489208742240065e+01
0.85000 1.486880575305697e+01
0.86250 1.484530616294142e+01
0.87500 1.482159159952981e+01
0.88750 1.479766501714329e+01
0.90000 1.477352937610758e+01
0.91250 1.474918764192146e+01
0.92500 1.472464278443507e+01
0.93750 1.469989777703827e+01
0.95000 1.467495559585923e+01
0.96250 1.464981921897378e+01
0.97500 1.462449162562559e+01
0.98750 1.459897579545748e+01
1.00000 1.457327470775420e+01
1.01250 1.454739134069674e+01
1.02500 1.452132867062857e+01
1.03750 1.449508967133380e+01
1.05000 1.446867731332767e+01
1.06250 1.444209456315935e+01
1.07500 1.441534438272734e+01
1.08750 1.438842972860750e+01
1.10000 1.436135355139401e+01
1.11250 1.433411879505312e+01
1.12500 1.430672839629009e+01
1.13750 1.427918528392923e+01
1.15000 1.425149237830707e+01
1.16250 1.422365259067900e+01
1.17500 1.419566882263909e+01
1.18750 1.416754396555341e+01
1.20000 1.413928090000673e+01
1.21250 1.411088249526274e+01
1.22500 1.408235160873765e+01
1.23750 1.405369108548733e+01
1.25000 1.402490375770789e+01
1.26250 1.399599244424973e+01
1.27500 1.396695995014496e+01
1.28750 1.393780906614829e+01
1.30000 1.390854256829120e+01
1.31250 1.387916321744944e+01
1.32500 1.384967375892367e+01
1.33750 1.382007692203346e+01
1.35000 1.379037541972415e+01
1.36250 1.376057194818682e+01
1.37500 1.373066918649122e+01
1.38750 1.370066979623140e+01
1.40000 1.367057642118414e+01
1.41250 1.364039168697990e+01
1.42500 1.361011820078633e+01
1.43750 1.357975855100410e+01
1.45000 1.354931530697495e+01
1.46250 1.351879101870189e+01
1.47500 1.348818821658128e+01
1.48750 1.345750941114685e+01
1.50000 1.342675709282528e+01
1.51250 1.339593373170340e+01
1.52500 1.336504177730669e+01
1.53750 1.333408365838905e+01
1.55000 1.330306178273361e+01
1.56250 1.327197853696441e+01
1.57500 1.324083628636888e+01
1.58750 1.320963737473077e+01
1.60000 1.317838412417357e+01
1.61250 1.314707883501411e+01
1.62500 1.311572378562619e+01
1.63750 1.308432123231407e+01
1.65000 1.305287340919574e+01
1.66250 1.302138252809554e+01
1.67500 1.298985077844628e+01
1.68750 1.295828032720036e+01
1.70000 1.292667331875002e+01
1.71250 1.289503187485623e+01
1.72500 1.286335809458626e+01
1.73750 1.283165405425969e+01
1.75000 1.279992180740261e+01
1.76250 1.276816338470993e+01
1.77500 1.273638079401552e+01
1.78750 1.270457602027011e+01
1.80000 1.267275102552664e+01
1.81250 1.264090774893298e+01
1.82500 1.260904810673183e+01
1.83750 1.257717399226758e+01
1.85000 1.254528727599991e+01
1.86250 1.251338980552414e+01
1.87500 1.248148340559794e+01
1.88750 1.244956987817433e+01
1.90000 1.241765100244082e+01
1.91250 1.238572853486446e+01
1.92500 1.235380420924265e+01
1.93750 1.232187973675957e+01
1.95000 1.228995680604800e+01
1.96250 1.225803708325649e+01
1.97500 1.222612221212155e+01
1.98750 1.219421381404483e+01
2.00000 1.216231348817510e+01
2.01250 1.213042281149481e+01
2.02500 1.209854333891122e+01
2.03750 1.206667660335173e+01
2.05000 1.203482411586352e+01
2.06250 1.200298736571712e+01
2.07500 1.197116782051393e+01
2.08750 1.193936692629742e+01
2.10000 1.190758610766801e+01
2.11250 1.187582676790129e+01
2.12500 1.184409028906973e+01
2.13750 1.181237803216744e+01
2.15000 1.178069133723804e+01
2.16250 1.174903152350548e+01
2.17500 1.171739988950765e+01
2.18750 1.168579771323265e+01
2.20000 1.165422625225765e+01
2.21250 1.162268674389018e+01
2.22500 1.159118040531169e+01
2.23750 1.155970843372341e+01
2.25000 1.152827200649422e+01
2.26250 1.149687228131055e+01
2.27500 1.146551039632813e+01
2.28750 1.143418747032551e+01
2.30000 1.140290460285926e+01
2.31250 1.137166287442076e+01
2.32500 1.134046334659436e+01
2.33750 1.130930706221702e+01
2.35000 1.127819504553918e+01
2.36250 1.124712830238678e+01
2.37500 1.121610782032446e+01
2.38750 1.118513456881966e+01
2.40000 1.115420949940776e+01
2.41250 1.112333354585792e+01
2.42500 1.109250762433983e+01
2.43750 1.106173263359101e+01
2.45000 1.103100945508479e+01
2.46250 1.100033895319879e+01
2.47500 1.096972197538385e+01
2.48750 1.093915935233334e+01
2.50000 1.090865189815287e+01
2.51250 1.087820041053006e+01
2.52500 1.084780567090473e+01
2.53750 1.081746844463900e+01
2.55000 1.078718948118761e+01
2.56250 1.075696951426813e+01
2.57500 1.072680926203122e+01
2.58750 1.069670942723066e+01
2.60000 1.066667069739328e+01
2.61250 1.063669374498873e+01
2.62500 1.060677922759883e+01
2.63750 1.057692778808677e+01
2.65000 1.054714005476585e+01
2.66250 1.051741664156781e+01
2.67500 1.048775814821076e+01
2.68750 1.045816516036658e+01
2.70000 1.042863824982776e+01
2.71250 1.039917797467378e+01
2.72500 1.036978487943668e+01
2.73750 1.034045949526621e+01
2.75000 1.031120234009409e+01
2.76250 1.028201391879769e+01
2.77500 1.025289472336291e+01
2.78750 1.022384523304629e+01
2.80000 1.019486591453626e+01
2.81250 1.016595722211366e+01
2.82500 1.013711959781125e+01
2.83750 1.010835347157247e+01
2.85000 1.007965926140919e+01
2.86250 1.005103737355851e+01
2.87500 1.002248820263869e+01
2.88750 9.994012131803991e+00
2.90000 9.965609532898583e+00
2.91250 9.937280766609367e+00
2.92500 9.909026182617803e+00
2.93750 9.880846119750643e+00
2.95000 9.852740906129618e+00
2.96250 9.824710859319989e+00
2.97500 9.796756286478026e+00
2.98750 9.768877484497340e+00
3.00000 9.741074740154103e+00
3.01250 9.713348330251094e+00
3.02500 9.685698521760608e+00
3.03750 9.658125571966181e+00
3.05000 9.630629728603139e+00
3.06250 9.603211229997969e+00
3.07500 9.575870305206472e+00
3.08750 9.548607174150744e+00
3.10000 9.521422047754905e+00
3.11250 9.494315128079645e+00
3.12500 9.467286608455527e+00
3.13750 9.440336673615082e+00
3.15000 9.413465499823641e+00
3.16250 9.386673255008956e+00
3.17500 9.359960098889585e+00
3.18750 9.333326183102001e+00
3.20000 9.306771651326502e+00
3.21250 9.280296639411841e+00
3.22500 9.253901275498627e+00
3.23750 9.227585680141470e+00
3.25000 9.201349966429877e+00
3.26250 9.175194240107919e+00
3.27500 9.149118599692621e+00
3.28750 9.123123136591129e+00
3.30000 9.097207935216634e+00
3.31250 9.071373073103031e+00
3.32500 9.045618621018365e+00
3.33750 9.019944643077030e+00
3.35000 8.994351196850728e+00
3.36250 8.968838333478200e+00
3.37500 8.943406097773735e+00
3.38750 8.918054528334455e+00
3.40000 8.892783657646380e+00
3.41250 8.867593512189270e+00
3.42500 8.842484112540273e+00
3.43750 8.817455473476361e+00
3.45000 8.792507604075565e+00
3.46250 8.767640507817021e+00
3.47500 8.742854182679832e+00
3.48750 8.718148621240729e+00
3.50000 8.693523810770589e+00
3.51250 8.668979733329756e+00
3.52500 8.644516365862220e+00
3.53750 8.620133680288617e+00
3.55000 8.595831643598107e+00
3.56250 8.571610217939114e+00
3.57500 8.547469360708877e+00
3.58750 8.523409024641957e+00
3.60000 8.499429157897570e+00
3.61250 8.475529704145817e+00
3.62500 8.451710602652820e+00
3.63750 8.427971788364779e+00
3.65000 8.404313191990891e+00
3.66250 8.380734740085263e+00
3.67500 8.357236355127673e+00
3.68750 8.333817955603353e+00
3.70000 8.310479456081643e+00
3.71250 8.287220767293654e+00
3.72500 8.264041796208872e+00
3.73750 8.240942446110726e+00
3.75000 8.217922616671158e+00
3.76250 8.194982204024178e+00
3.77500 8.172121100838403e+00
3.78750 8.149339196388613e+00
3.80000 8.126636376626335e+00
3.81250 8.104012524249429e+00
3.82500 8.081467518770733e+00
3.83750 8.059001236585734e+00
3.85000 8.036613551039297e+00
3.86250 8.014304332491463e+00
3.87500 7.992073448382299e+00
3.88750 7.969920763295856e+00
3.90000 7.947846139023183e+00
3.91250 7.925849434624478e+00
3.92500 7.903930506490299e+00
3.93750 7.882089208401934e+00
3.95000 7.860325391590875e+00
3.96250 7.838638904797425e+00
3.97500 7.817029594328460e+00
3.98750 7.795497304114333e+00
4.00000 7.774041875764953e+00
4.01250 7.752663148625000e+00
4.02500 7.731360959828378e+00
4.03750 7.710135144351802e+00
4.05000 7.688985535067601e+00
4.06250 7.667911962795745e+00
4.07500 7.646914256355053e+00
4.08750 7.625992242613662e+00
4.10000 7.605145746538693e+00
4.11250 7.584374591245185e+00
4.12500 7.563678598044262e+00
4.13750 7.543057586490579e+00
4.15000 7.522511374429008e+00
4.16250 7.502039778040614e+00
4.17500 7.481642611887935e+00
4.18750 7.461319688959503e+00
4.20000 7.441070820713734e+00
4.21250 7.420895817122064e+00
4.22500 7.400794486711441e+00
4.23750 7.380766636606144e+00
4.25000 7.360812072568899e+00
4.26250 7.340930599041395e+00
4.27500 7.321122019184099e+00
4.28750 7.301386134915457e+00
4.30000 7.281722746950449e+00
4.31250 7.262131654838541e+00
4.32500 7.242612657000981e+00
4.33750 7.223165550767522e+00
4.35000 7.203790132412520e+00
4.36250 7.184486197190454e+00
4.37500 7.165253539370839e+00
4.38750 7.146091952272576e+00
4.40000 7.127001228297734e+00
4.41250 7.107981158964745e+00
4.42500 7.089031534941065e+00
4.43750 7.070152146075268e+00
4.45000 7.051342781428617e+00
4.46250 7.032603229306078e+00
4.47500 7.013933277286819e+00
4.48750 6.995332712254189e+00
4.50000 6.976801320425168e+00
4.51250 6.958338887379328e+00
4.52500 6.939945198087281e+00
4.53750 6.921620036938640e+00
4.55000 6.903363187769491e+00
4.56250 6.885174433889370e+00
4.57500 6.867053558107800e+00
4.58750 6.849000342760326e+00
4.60000 6.831014569734107e+00
4.61250 6.813096020493047e+00
4.62500 6.795244476102478e+00
4.63750 6.777459717253411e+00
4.65000 6.759741524286333e+00
4.66250 6.742089677214587e+00
4.67500 6.724503955747325e+00
4.68750 6.706984139312044e+00
4.70000 6.689530007076699e+00
4.71250 6.672141337971435e+00
4.72500 6.654817910709892e+00
4.73750 6.637559503810127e+00
4.75000 6.620365895615150e+00
4.76250 6.603236864313073e+00
4.77500 6.586172187956871e+00
4.78750 6.569171644483799e+00
4.80000 6.552235011734403e+00
4.81250 6.535362067471205e+00
4.82500 6.518552589397005e+00
4.83750 6.501806355172847e+00
4.85000 6.485123142435642e+00
4.86250 6.468502728815428e+00
4.87500 6.451944891952317e+00
4.88750 6.435449409513103e+00
4.90000 6.419016059207541e+00
4.91250 6.402644618804306e+00
4.92500 6.386334866146641e+00
4.93750 6.370086579167685e+00
4.95000 6.353899535905494e+00
4.96250 6.337773514517774e+00
4.97500 6.321708293296293e+00
4.98750 6.305703650681023e+00
5.00000 6.289759365273975e+00
5.01250 6.273875215852754e+00
5.02500 6.258050981383845e+00
5.03750 6.242286441035604e+00
5.05000 6.226581374190997e+00
5.06250 6.210935560460055e+00
5.07500 6.195348779692075e+00
5.08750 6.179820811987555e+00
5.10000 6.164351437709888e+00
5.11250 6.148940437496782e+00
5.12500 6.133587592271454e+00
5.13750 6.118292683253562e+00
5.15000 6.103055491969920e+00
5.16250 6.087875800264947e+00
5.17500 6.072753390310913e+00
5.18750 6.057688044617939e+00
5.20000 6.042679546043773e+00
5.21250 6.027727677803353e+00
5.22500 6.012832223478141e+00
5.23750 5.997992967025258e+00
5.25000 5.983209692786389e+00
5.26250 5.968482185496489e+00
5.27500 5.953810230292296e+00
5.28750 5.939193612720622e+00
5.30000 5.924632118746457e+00
5.31250 5.910125534760885e+00
5.32500 5.895673647588794e+00
5.33750 5.881276244496407e+00
5.35000 5.866933113198627e+00
5.36250 5.852644041866196e+00
5.37500 5.838408819132680e+00
5.38750 5.824227234101273e+00
5.40000 5.810099076351427e+00
5.41250 5.796024135945321e+00
5.42500 5.782002203434144e+00
5.43750 5.768033069864235e+00
5.45000 5.754116526783042e+00
5.46250 5.740252366244933e+00
5.47500 5.726440380816848e+00
5.48750 5.712680363583789e+00
5.50000 5.698972108154172e+00
5.51250 5.685315408665018e+00
5.52500 5.671710059787000e+00
5.53750 5.658155856729359e+00
5.55000 5.644652595244652e+00
5.56250 5.631200071633387e+00
5.57500 5.617798082748504e+00
5.58750 5.604446425999736e+00
5.60000 5.591144899357818e+00
5.61250 5.577893301358592e+00
5.62500 5.564691431106957e+00
5.63750 5.551539088280711e+00
5.65000 5.538436073134269e+00
5.66250 5.525382186502255e+00
5.67500 5.512377229802974e+00
5.68750 5.499421005041769e+00
5.70000 5.486513314814264e+00
5.71250 5.473653962309499e+00
5.72500 5.460842751312940e+00
5.73750 5.448079486209399e+00
5.75000 5.435363971985825e+00
5.76250 5.422696014234014e+00
5.77500 5.410075419153192e+00
5.78750 5.397501993552522e+00
5.80000 5.384975544853486e+00
5.81250 5.372495881092187e+00
5.82500 5.360062810921546e+00
5.83750 5.347676143613415e+00
5.85000 5.335335689060584e+00
5.86250 5.323041257778705e+00
5.87500 5.310792660908130e+00
5.88750 5.298589710215648e+00
5.90000 5.286432218096159e+00
5.91250 5.274319997574237e+00
5.92500 5.262252862305631e+00
5.93750 5.250230626578676e+00
5.95000 5.238253105315624e+00
5.96250 5.226320114073897e+00
5.97500 5.214431469047273e+00
5.98750 5.202586987066976e+00
6.00000 5.190786485602715e+00
6.01250 5.179029782763632e+00
6.02500 5.167316697299197e+00
6.03750 5.155647048600013e+00
6.05000 5.144020656698569e+00
6.06250 5.132437342269922e+00
6.07500 5.120896926632303e+00
6.08750 5.109399231747680e+00
6.10000 5.097944080222231e+00
6.11250 5.086531295306775e+00
6.12500 5.075160700897141e+00
6.13750 5.063832121534464e+00
6.15000 5.052545382405436e+00
6.16250 5.041300309342494e+00
6.17500 5.030096728823952e+00
6.18750 5.018934467974083e+00
6.20000 5.007813354563138e+00
6.21250 4.996733217007318e+00
6.22500 4.985693884368700e+00
6.23750 4.974695186355101e+00
6.25000 4.963736953319899e+00
6.26250 4.952819016261800e+00
6.27500 4.941941206824572e+00
6.28750 4.931103357296711e+00
6.30000 4.920305300611084e+00
6.31250 4.909546870344504e+00
6.32500 4.898827900717277e+00
6.33750 4.888148226592715e+00
6.35000 4.877507683476574e+00
6.36250 4.866906107516487e+00
6.37500 4.856343335501338e+00
6.38750 4.845819204860595e+00
6.40000 4.835333553663622e+00
6.41250 4.824886220618930e+00
6.42500 4.814477045073414e+00
6.43750 4.804105867011529e+00
6.45000 4.793772527054461e+00
6.46250 4.783476866459239e+00
6.47500 4.773218727117826e+00
6.48750 4.762997951556171e+00
6.50000 4.752814382933234e+00
6.51250 4.742667865039978e+00
6.52500 4.732558242298329e+00
6.53750 4.722485359760107e+00
6.55000 4.712449063105931e+00
6.56250 4.702449198644091e+00
6.57500 4.692485613309394e+00
6.58750 4.682558154661978e+00
6.60000 4.672666670886118e+00
6.61250 4.662811010788982e+00
6.62500 4.652991023799371e+00
6.63750 4.643206559966448e+00
6.65000 4.633457469958419e+00
6.66250 4.623743605061207e+00
6.67500 4.614064817177104e+00
6.68750 4.604420958823392e+00
6.70000 4.594811883130941e+00
6.71250 4.585237443842804e+00
6.72500 4.575697495312769e+00
6.73750 4.566191892503907e+00
6.75000 4.556720490987090e+00
6.76250 4.547283146939497e+00
6.77500 4.537879717143099e+00
6.78750 4.528510058983130e+00
6.80000 4.519174030446533e+00
6.81250 4.509871490120396e+00
6.82500 4.500602297190366e+00
6.83750 4.491366311439055e+00
6.85000 4.482163393244420e+00
6.86250 4.472993403578140e+00
6.87500 4.463856204003966e+00
6.88750 4.454751656676068e+00
6.90000 4.445679624337357e+00
6.91250 4.436639970317811e+00
6.92500 4.427632558532766e+00
6.93750 4.418657253481209e+00
6.95000 4.409713920244061e+00
6.96250 4.400802424482435e+00
6.97500 4.391922632435898e+00
6.98750 4.383074410920711e+00
7.00000 4.374257627328062e+00
7.01250 4.365472149622290e+00
7.02500 4.356717846339102e+00
7.03750 4.347994586583772e+00
7.05000 4.339302240029336e+00
7.06250 4.330640676914786e+00
7.07500 4.322009768043237e+00
7.08750 4.313409384780101e+00
7.10000 4.304839399051256e+00
7.11250 4.296299683341189e+00
7.12500 4.287790110691150e+00
7.13750 4.279310554697290e+00
7.15000 4.270860889508799e+00
7.16250 4.262440989826028e+00
7.17500 4.254050730898616e+00
7.18750 4.245689988523602e+00
7.20000 4.237358639043538e+00
7.21250 4.229056559344595e+00
7.22500 4.220783626854661e+00
7.23750 4.212539719541441e+00
7.25000 4.204324715910547e+00
7.26250 4.196138495003581e+00
7.27500 4.187980936396226e+00
7.28750 4.179851920196327e+00
7.30000 4.171751327041957e+00
7.31250 4.163679038099504e+00
7.32500 4.155634935061732e+00
7.33750 4.147618900145855e+00
7.35000 4.139630816091598e+00
7.36250 4.131670566159265e+00
7.37500 4.123738034127797e+00
7.38750 4.115833104292831e+00
7.40000 4.107955661464763e+00
7.41250 4.100105590966798e+00
7.42500 4.092282778633010e+00
7.43750 4.084487110806391e+00
7.45000 4.076718474336911e+00
7.46250 4.068976756579563e+00
7.47500 4.061261845392421e+00
7.48750 4.053573629134690e+00
7.50000 4.045911996664758e+00
7.51250 4.038276837338243e+00
7.52500 4.030668041006050e+00
7.53750 4.023085498012425e+00
7.55000 4.015529099192999e+00
7.56250 4.007998735872849e+00
7.57500 4.000494299864547e+00
7.58750 3.993015683466220e+00
7.60000 3.985562779459602e+00
7.61250 3.978135481108090e+00
7.62500 3.970733682154809e+00
7.63750 3.963357276820666e+00
7.65000 3.956006159802411e+00
7.66250 3.948680226270711e+00
7.67500 3.941379371868201e+00
7.68750 3.934103492707560e+00
7.70000 3.926852485369579e+00
7.71250 3.919626246901235e+00
7.72500 3.912424674813759e+00
7.73750 3.905247667080719e+00
7.75000 3.898095122136097e+00
7.76250 3.890966938872369e+00
7.77500 3.883863016638593e+00
7.78750 3.876783255238496e+00
7.80000 3.869727554928563e+00
7.81250 3.862695816416132e+00
7.82500 3.855687940857493e+00
7.83750 3.848703829855983e+00
7.85000 3.841743385460097e+00
7.86250 3.834806510161588e+00
7.87500 3.827893106893586e+00
7.88750 3.821003079028702e+00
7.90000 3.814136330377156e+00
7.91250 3.807292765184896e+00
7.92500 3.800472288131721e+00
7.93750 3.793674804329413e+00
7.95000 3.786900219319872e+00
7.96250 3.780148439073252e+00
7.97500 3.773419369986107e+00
7.98750 3.766712918879536e+00
8.00000 3.760028992997328e+00
8.01250 3.753367500004127e+00
8.02500 3.746728347983587e+00
8.03750 3.740111445436535e+00
8.05000 3.733516701279142e+00
8.06250 3.726944024841098e+00
8.07500 3.720393325863787e+00
8.08750 3.713864514498473e+00
8.10000 3.707357501304484e+00
8.11250 3.700872197247409e+00
8.12500 3.694408513697297e+00
8.13750 3.687966362426850e+00
8.15000 3.681545655609645e+00
8.16250 3.675146305818330e+00
8.17500 3.668768226022860e+00
8.18750 3.662411329588705e+00
8.20000 3.656075530275086e+00
8.21250 3.649760742233208e+00
8.22500 3.643466880004496e+00
8.23750 3.637193858518839e+00
8.25000 3.630941593092842e+00
8.26250 3.624709999428082e+00
8.27500 3.618498993609362e+00
8.28750 3.612308492102983e+00
8.30000 3.606138411755010e+00
8.31250 3.599988669789555e+00
8.32500 3.593859183807052e+00
8.33750 3.587749871782554e+00
8.35000 3.581660652064013e+00
8.36250 3.575591443370593e+00
8.37500 3.569542164790969e+00
8.38750 3.563512735781634e+00
8.40000 3.557503076165219e+00
8.41250 3.551513106128818e+00
8.42500 3.545542746222305e+00
8.43750 3.539591917356685e+00
8.45000 3.533660540802412e+00
8.46250 3.527748538187752e+00
8.47500 3.521855831497121e+00
8.48750 3.515982343069454e+00
8.50000 3.510127995596557e+00
8.51250 3.504292712121479e+00
8.52500 3.498476416036891e+00
8.53750 3.492679031083458e+00
8.55000 3.486900481348231e+00
8.56250 3.481140691263040e+00
8.57500 3.475399585602886e+00
8.58750 3.469677089484354e+00
8.60000 3.463973128364015e+00
8.61250 3.458287628036844e+00
8.62500 3.452620514634648e+00
8.63750 3.446971714624486e+00
8.65000 3.441341154807106e+00
8.66250 3.435728762315390e+00
8.67500 3.430134464612788e+00
8.68750 3.424558189491785e+00
8.70000 3.418999865072348e+00
8.71250 3.413459419800398e+00
8.72500 3.407936782446272e+00
8.73750 3.402431882103204e+00
8.75000 3.396944648185811e+00
8.76250 3.391475010428572e+00
8.77500 3.386022898884334e+00
8.78750 3.380588243922798e+00
8.80000 3.375170976229040e+00
8.81250 3.369771026802015e+00
8.82500 3.364388326953077e+00
8.83750 3.359022808304506e+00
8.85000 3.353674402788035e+00
8.86250 3.348343042643388e+00
8.87500 3.343028660416826e+00
8.88750 3.337731188959690e+00
8.90000 3.332450561426961e+00
8.91250 3.327186711275818e+00
8.92500 3.321939572264202e+00
8.93750 3.316709078449398e+00
8.95000 3.311495164186605e+00
8.96250 3.306297764127522e+00
8.97500 3.301116813218942e+00
8.98750 3.295952246701348e+00
9.00000 3.290804000107514e+00
9.01250 3.285672009261114e+00
9.02500 3.280556210275342e+00
9.03750 3.275456539551523e+00
9.05000 3.270372933777745e+00
9.06250 3.265305329927496e+00
9.07500 3.260253665258291e+00
9.08750 3.255217877310330e+00
9.10000 3.250197903905135e+00
9.11250 3.245193683144218e+00
9.12500 3.240205153407734e+00
9.13750 3.235232253353153e+00
9.15000 3.230274921913938e+00
9.16250 3.225333098298213e+00
9.17500 3.220406721987459e+00
9.18750 3.215495732735204e+00
9.20000 3.210600070565713e+00
9.21250 3.205719675772702e+00
9.22500 3.200854488918037e+00
9.23750 3.196004450830452e+00
9.25000 3.191169502604271e+00
9.26250 3.186349585598134e+00
9.27500 3.181544641433724e+00
9.28750 3.176754611994510e+00
9.30000 3.171979439424489e+00
9.31250 3.167219066126933e+00
9.32500 3.162473434763144e+00
9.33750 3.157742488251218e+00
9.35000 3.153026169764803e+00
9.36250 3.148324422731880e+00
9.37500 3.143637190833535e+00
9.38750 3.138964418002741e+00
9.40000 3.134306048423147e+00
9.41250 3.129662026527877e+00
9.42500 3.125032296998320e+00
9.43750 3.120416804762944e+00
9.45000 3.115815494996104e+00
9.46250 3.111228313116854e+00
9.47500 3.106655204787773e+00
9.48750 3.102096115913792e+00
9.50000 3.097550992641024e+00
9.51250 3.093019781355604e+00
9.52500 3.088502428682532e+00
9.53750 3.083998881484521e+00
9.55000 3.079509086860852e+00
9.56250 3.075032992146235e+00
9.57500 3.070570544909671e+00
9.58750 3.066121692953324e+00
9.60000 3.061686384311396e+00
9.61250 3.057264567249010e+00
9.62500 3.052856190261094e+00
9.63750 3.048461202071271e+00
9.65000 3.044079551630761e+00
9.66250 3.039711188117278e+00
9.67500 3.035356060933940e+00
9.68750 3.031014119708180e+00
9.70000 3.026685314290663e+00
9.71250 3.022369594754212e+00
9.72500 3.018066911392733e+00
9.73750 3.013777214720148e+00
9.75000 3.009500455469335e+00
9.76250 3.005236584591068e+00
9.77500 3.000985553252971e+00
9.78750 2.996747312838465e+00
9.80000 2.992521814945730e+00
9.81250 2.988309011386667e+00
9.82500 2.984108854185866e+00
9.83750 2.979921295579586e+00
9.85000 2.975746288014718e+00
9.86250 2.971583784147787e+00
9.87500 2.967433736843926e+00
9.88750 2.963296099175874e+00
9.90000 2.959170824422978e+00
9.91250 2.955057866070188e+00
9.92500 2.950957177807069e+00
9.93750 2.946868713526817e+00
9.95000 2.942792427325267e+00
9.96250 2.938728273499924e+00
9.97500 2.934676206548984e+00
9.98750 2.930636181170372e+00
10.00000 2.926608152260771e+00
