0.00001 2.858538343496751e-07
0.01250 3.600667651790603e-04
0.02500 7.201762832500722e-04
0.03750 1.080371322486851e-03
0.05000 1.440694684996626e-03
0.06250 1.801189217992686e-03
0.07500 2.161897835261942e-03
0.08750 2.522863530475333e-03
0.10000 2.884129392810536e-03
0.11250 3.245738624938769e-03
0.12500 3.607734558200053e-03
0.13750 3.970160670041966e-03
0.15000 4.333060599450658e-03
0.16250 4.696478164783719e-03
0.17500 5.060457379731821e-03
0.18750 5.425042471148884e-03
0.20000 5.790277895692903e-03
0.21250 6.156208356835143e-03
0.22500 6.522878823772389e-03
0.23750 6.890334548087528e-03
0.25000 7.258621082040633e-03
0.26250 7.627784297144160e-03
0.27500 7.997870402274393e-03
0.28750 8.368925963058264e-03
0.30000 8.740997920629727e-03
0.31250 9.114133611095395e-03
0.32500 9.488380785405738e-03
0.33750 9.863787629502725e-03
0.35000 1.024040278490602e-02
0.36250 1.061827536951253e-02
0.37500 1.099745499900440e-02
0.38750 1.137799180828994e-02
0.40000 1.175993647428085e-02
0.41250 1.214334023797521e-02
0.42500 1.252825492806223e-02
0.43750 1.291473298456690e-02
0.45000 1.330282748272324e-02
0.46250 1.369259215831820e-02
0.47500 1.408408143288004e-02
0.48750 1.447735043957427e-02
0.50000 1.487245505018290e-02
0.51250 1.526945190229199e-02
0.52500 1.566839842762516e-02
0.53750 1.606935288049706e-02
0.55000 1.647237436786968e-02
0.56250 1.687752287962383e-02
0.57500 1.728485931975681e-02
0.58750 1.769444553867634e-02
0.60000 1.810634436637561e-02
0.61250 1.852061964634967e-02
0.62500 1.893733627083033e-02
0.63750 1.935656021684264e-02
0.65000 1.977835858342135e-02
0.66250 2.020279963016932e-02
0.67500 2.062995281665124e-02
0.68750 2.105988884344982e-02
0.70000 2.149267969411990e-02
0.71250 2.192839867888014e-02
0.72500 2.236712047934727e-02
0.73750 2.280892119534418e-02
0.75000 2.325387839242545e-02
0.76250 2.370207115194806e-02
0.77500 2.415358012213865e-02
0.78750 2.460848757119811e-02
0.80000 2.506687744232386e-02
0.81250 2.552883541066588e-02
0.82500 2.599444894217519e-02
0.83750 2.646380735459008e-02
0.85000 2.693700188091360e-02
0.86250 2.741412573478846e-02
0.87500 2.789527417869622e-02
0.88750 2.838054459447367e-02
0.90000 2.887003655647953e-02
0.91250 2.936385190785349e-02
0.92500 2.986209483923990e-02
0.93750 3.036487197094901e-02
0.95000 3.087229243821928e-02
0.96250 3.138446797976160e-02
0.97500 3.190151303001337e-02
0.98750 3.242354481491691e-02
1.00000 3.295068345177477e-02
1.01250 3.348305205301206e-02
1.02500 3.402077683440984e-02
1.03750 3.456398722769095e-02
1.05000 3.511281599796190e-02
1.06250 3.566739936612659e-02
1.07500 3.622787713639092e-02
1.08750 3.679439282967711e-02
1.10000 3.736709382220281e-02
1.11250 3.794613149086800e-02
1.12500 3.853166136456802e-02
1.13750 3.912384328253382e-02
1.15000 3.972284155980992e-02
1.16250 4.032882516014850e-02
1.17500 4.094196787697637e-02
1.18750 4.156244852270726e-02
1.20000 4.219045112698310e-02
1.21250 4.282616514415001e-02
1.22500 4.346978567082210e-02
1.23750 4.412151367364389e-02
1.25000 4.478155622845186e-02
1.26250 4.545012677086204e-02
1.27500 4.612744535949104e-02
1.28750 4.681373895209841e-02
1.30000 4.750924169584284e-02
1.31250 4.821419523229169e-02
1.32500 4.892884901799674e-02
1.33750 4.965346066177942e-02
1.35000 5.038829627975108e-02
1.36250 5.113363086902137e-02
1.37500 5.188974870144287e-02
1.38750 5.265694373860517e-02
1.40000 5.343552006948000e-02
1.41250 5.422579237207502e-02
1.42500 5.502808640099899e-02
1.43750 5.584273950220039e-02
1.45000 5.667010115714597e-02
1.46250 5.751053355818335e-02
1.47500 5.836441221727572e-02
1.48750 5.923212661050301e-02
1.50000 6.011408086082177e-02
1.51250 6.101069446164940e-02
1.52500 6.192240304450026e-02
1.53750 6.284965919354879e-02
1.55000 6.379293331079623e-02
1.56250 6.475271453550466e-02
1.57500 6.572951172197310e-02
1.58750 6.672385448009764e-02
1.60000 6.773629428362933e-02
1.61250 6.876740565117974e-02
1.62500 6.981778740600179e-02
1.63750 7.088806402056223e-02
1.65000 7.197888705295871e-02
1.66250 7.309093668248035e-02
1.67500 7.422492335276032e-02
1.68750 7.538158953138940e-02
1.70000 7.656171159593744e-02
1.71250 7.776610185724980e-02
1.72500 7.899561073203523e-02
1.73750 8.025112907803983e-02
1.75000 8.153359070614410e-02
1.76250 8.284397508584661e-02
1.77500 8.418331026171928e-02
1.78750 8.555267600071274e-02
1.80000 8.695320719224658e-02
1.81250 8.838609752548060e-02
1.82500 8.985260347100175e-02
1.83750 9.135404859708361e-02
1.85000 9.289182825455082e-02
1.86250 9.446741466787562e-02
1.87500 9.608236247518864e-02
1.88750 9.773831476467268e-02
1.90000 9.943700966109210e-02
1.91250 1.011802875227435e-01
1.92500 1.029700988172111e-01
1.93750 1.048085127531599e-01
1.95000 1.066977267555654e-01
1.96250 1.086400768844700e-01
1.97500 1.106380493101802e-01
1.98750 1.126942929749676e-01
2.00000 1.148116335895815e-01
2.01250 1.169930891348370e-01
2.02500 1.192418870648112e-01
2.03750 1.215614834376987e-01
2.05000 1.239555842369594e-01
2.06250 1.264281691871467e-01
2.07500 1.289835184193024e-01
2.08750 1.316262424010091e-01
2.10000 1.343613156179496e-01
2.11250 1.371941145802567e-01
2.12500 1.401304608318452e-01
2.13750 1.431766697673891e-01
2.15000 1.463396062167675e-01
2.16250 1.496267479464986e-01
2.17500 1.530462584617798e-01
2.18750 1.566070707831020e-01
2.20000 1.603189842335315e-01
2.21250 1.641927767278668e-01
2.22500 1.682403356300458e-01
2.23750 1.724748109784198e-01
2.25000 1.769107958201069e-01
2.26250 1.815645396150529e-01
2.27500 1.864542022650136e-01
2.28750 1.916001584274052e-01
2.30000 1.970253645834066e-01
2.31250 2.027558051230647e-01
2.32500 2.088210388988055e-01
2.33750 2.152548748966507e-01
2.35000 2.220962158192916e-01
2.36250 2.293901229251572e-01
2.37500 2.371891767587103e-01
2.38750 2.455552402790915e-01
2.40000 2.545617798884670e-01
2.41250 2.642969775716972e-01
2.42500 2.748679953567246e-01
2.43750 2.864069741712457e-01
2.45000 2.990797533670114e-01
2.46250 3.130990955454065e-01
2.47500 3.287459470930201e-01
2.48750 3.464066514449242e-01
2.50000 3.666474151356416e-01
2.51250 3.904012124322833e-01
2.52500 4.196699499791248e-01
2.53750 4.629193912869429e-01
2.55000 5.429721602372232e-01
2.56250 5.688624270262738e-01
2.57500 6.603758758943044e-01
2.58750 7.672181238492244e-01
2.60000 8.614350519009962e-01
2.61250 9.079376917092419e-01
2.62500 1.066719429426500e+00
2.63750 1.502451264924703e+00
2.65000 1.563100690625191e+00
2.66250 1.673423354994771e+00
2.67500 1.864861827227893e+00
2.68750 2.034521946882088e+00
2.70000 2.056223868520125e+00
2.71250 1.981818274515082e+00
2.72500 1.926747206747645e+00
2.73750 1.898501374274455e+00
2.75000 1.878752316138597e+00
2.76250 1.861990908121184e+00
2.77500 1.871590712444805e+00
2.78750 1.916343311351723e+00
2.80000 1.970128166584765e+00
2.81250 2.016155196499724e+00
2.82500 2.084913886555352e+00
2.83750 2.151554372608482e+00
2.85000 2.192945312701208e+00
2.86250 2.214717789595390e+00
2.87500 2.218526841659328e+00
2.88750 2.232322808824404e+00
2.90000 2.269620571889236e+00
2.91250 2.309080745814845e+00
2.92500 2.293160726927168e+00
2.93750 2.272706295331454e+00
2.95000 2.276828388568027e+00
2.96250 2.283248754069217e+00
2.97500 2.284801102076706e+00
2.98750 2.307042272455910e+00
3.00000 2.340293925182701e+00
3.01250 2.339371275969274e+00
3.02500 2.339633753883212e+00
3.03750 2.367688225800792e+00
3.05000 2.385136849906420e+00
3.06250 2.370546212362969e+00
3.07500 2.373068323383699e+00
3.08750 2.397013496638082e+00
3.10000 2.414351792477480e+00
3.11250 2.422290239175835e+00
3.12500 2.411464824256482e+00
3.13750 2.427522893814904e+00
3.15000 2.443491026727818e+00
3.16250 2.444998412566755e+00
3.17500 2.457621922497815e+00
3.18750 2.483225901149548e+00
3.20000 2.519437212201756e+00
3.21250 2.546742171939252e+00
3.22500 2.567640641534586e+00
3.23750 2.589722871537643e+00
3.25000 2.614443725602896e+00
3.26250 2.642387501386426e+00
3.27500 2.672534606313716e+00
3.28750 2.693494525093030e+00
3.30000 2.701967325916479e+00
3.31250 2.708630214834514e+00
3.32500 2.718603536825494e+00
3.33750 2.734873449862085e+00
3.35000 2.755851134512588e+00
3.36250 2.763833854718774e+00
3.37500 2.755828154700780e+00
3.38750 2.748237725512748e+00
3.40000 2.747584094305814e+00
3.41250 2.753895247940729e+00
3.42500 2.766158175275534e+00
3.43750 2.782707705755487e+00
3.45000 2.799960463806656e+00
3.46250 2.818323953997183e+00
3.47500 2.837798517838527e+00
3.48750 2.860449783087098e+00
3.50000 2.901356111862198e+00
3.51250 2.973062940754834e+00
3.52500 3.061258311839250e+00
3.53750 3.157119543211867e+00
3.55000 3.373716637128406e+00
3.56250 3.712318913115134e+00
3.57500 3.770711854516447e+00
3.58750 3.845661655486937e+00
3.60000 4.005842424642291e+00
3.61250 4.109357848291065e+00
3.62500 4.252454255262461e+00
3.63750 4.314839619887402e+00
3.65000 4.401555422390822e+00
3.66250 4.510427459573878e+00
3.67500 4.672298476493201e+00
3.68750 4.763367034199853e+00
3.70000 5.100800004143770e+00
3.71250 5.405374387771461e+00
3.72500 5.836131996969580e+00
3.73750 6.904532701951033e+00
3.75000 6.547285516150676e+00
3.76250 6.245425804838503e+00
3.77500 6.164369997082123e+00
3.78750 6.135241616136898e+00
3.80000 6.163606676953419e+00
3.81250 6.309120371560498e+00
3.82500 6.104771312215707e+00
3.83750 6.040882942254027e+00
3.85000 6.012408964104852e+00
3.86250 5.983399468792118e+00
3.87500 5.938488306378299e+00
3.88750 5.872586889657557e+00
3.90000 5.787466050572069e+00
3.91250 5.688803877809040e+00
3.92500 5.583382595961554e+00
3.93750 5.477212258614240e+00
3.95000 5.374854968982826e+00
3.96250 5.278843825939695e+00
3.97500 5.189323168160902e+00
3.98750 5.105310219219053e+00
4.00000 5.026498299693929e+00
4.01250 4.953626512897298e+00
4.02500 4.888024357854316e+00
4.03750 4.831055140328378e+00
4.05000 4.783554375746011e+00
4.06250 4.745371893213268e+00
4.07500 4.715315379483025e+00
4.08750 4.691783484672099e+00
4.10000 4.673627926822830e+00
4.11250 4.660200768489132e+00
4.12500 4.650501887203712e+00
4.13750 4.642603904496141e+00
4.15000 4.633989308684034e+00
4.16250 4.622107664233764e+00
4.17500 4.605290061040116e+00
4.18750 4.583670919109642e+00
4.20000 4.558674924035914e+00
4.21250 4.531778079974754e+00
4.22500 4.503695738964992e+00
4.23750 4.474672398809912e+00
4.25000 4.445375683882140e+00
4.26250 4.416055826944280e+00
4.27500 4.386221601961672e+00
4.28750 4.355158555767257e+00
4.30000 4.319454080604237e+00
4.31250 4.276557444398700e+00
4.32500 4.229698927059999e+00
4.33750 4.183884341236737e+00
4.35000 4.141480300573514e+00
4.36250 4.098212738275233e+00
4.37500 4.056162104158436e+00
4.38750 4.027941659656678e+00
4.40000 4.005261520479747e+00
4.41250 3.978437232182225e+00
4.42500 3.952800512119242e+00
4.43750 3.925272268318959e+00
4.45000 3.919003378428047e+00
4.46250 3.910260654831433e+00
4.47500 3.902352213982896e+00
4.48750 3.880282006051080e+00
4.50000 3.864625819504407e+00
4.51250 3.946051138067741e+00
4.52500 4.117571193500737e+00
4.53750 4.686705036738669e+00
4.55000 4.518561199461569e+00
4.56250 4.464948184258347e+00
4.57500 4.414999973749961e+00
4.58750 4.367417281581650e+00
4.60000 4.327623015942041e+00
4.61250 4.297490932015374e+00
4.62500 4.268954233064089e+00
4.63750 4.238892695868920e+00
4.65000 4.212048751630218e+00
4.66250 4.190273836921831e+00
4.67500 4.173024769176283e+00
4.68750 4.159316912983730e+00
4.70000 4.147953816963559e+00
4.71250 4.137860353118884e+00
4.72500 4.128379651374404e+00
4.73750 4.119092940364990e+00
4.75000 4.109467989589243e+00
4.76250 4.098729374740762e+00
4.77500 4.086054396703211e+00
4.78750 4.070920418224956e+00
4.80000 4.053302016665188e+00
4.81250 4.033646672557805e+00
4.82500 4.012674692623562e+00
4.83750 3.991034859369719e+00
4.85000 3.969057478004063e+00
4.86250 3.946837436238946e+00
4.87500 3.924503945122027e+00
4.88750 3.902306936339100e+00
4.90000 3.880450931159326e+00
4.91250 3.859001112591587e+00
4.92500 3.838032167728600e+00
4.93750 3.817701004838797e+00
4.95000 3.798031080600742e+00
4.96250 3.778774975388474e+00
4.97500 3.759622954757048e+00
4.98750 3.740396251375569e+00
5.00000 3.720996693590353e+00
5.01250 3.701483447975146e+00
5.02500 3.682346957363846e+00
5.03750 3.664299575731858e+00
5.05000 3.647312054454471e+00
5.06250 3.630563821357108e+00
5.07500 3.613850321131854e+00
5.08750 3.597790407649271e+00
5.10000 3.583507145462119e+00
5.11250 3.574335573130682e+00
5.12500 3.584163126762636e+00
5.13750 3.601703278065071e+00
5.15000 3.600366801166567e+00
5.16250 3.593110822838325e+00
5.17500 3.581661368134020e+00
5.18750 3.569332850344978e+00
5.20000 3.557296212050819e+00
5.21250 3.545546143704980e+00
5.22500 3.534340537249000e+00
5.23750 3.524240237738096e+00
5.25000 3.515993633859651e+00
5.26250 3.510544154059056e+00
5.27500 3.508811476240942e+00
5.28750 3.511127797875994e+00
5.30000 3.514843533386161e+00
5.31250 3.514683192435471e+00
5.32500 3.509295041463893e+00
5.33750 3.501246645986632e+00
5.35000 3.492733874396670e+00
5.36250 3.482390021301948e+00
5.37500 3.469421552595316e+00
5.38750 3.457160446457970e+00
5.40000 3.447554470458634e+00
5.41250 3.437377440075428e+00
5.42500 3.423817619049306e+00
5.43750 3.408536959720109e+00
5.45000 3.393289534738260e+00
5.46250 3.378661907012039e+00
5.47500 3.364606345557733e+00
5.48750 3.350794614702833e+00
5.50000 3.336777457572519e+00
5.51250 3.322082246206432e+00
5.52500 3.306566251836949e+00
5.53750 3.290718168145743e+00
5.55000 3.275985916518504e+00
5.56250 3.266697769918874e+00
5.57500 3.263215303926567e+00
5.58750 3.256145139242541e+00
5.60000 3.248144195034802e+00
5.61250 3.238456197715832e+00
5.62500 3.227170575959704e+00
5.63750 3.215615325078902e+00
5.65000 3.204989010588371e+00
5.66250 3.195805205254446e+00
5.67500 3.187225239510389e+00
5.68750 3.177490810322503e+00
5.70000 3.165377852113378e+00
5.71250 3.150780855487363e+00
5.72500 3.134297932879541e+00
5.73750 3.116733225701164e+00
5.75000 3.098830758887750e+00
5.76250 3.081152239617040e+00
5.77500 3.064038882701695e+00
5.78750 3.047634111709972e+00
5.80000 3.031902814144812e+00
5.81250 3.016662430562170e+00
5.82500 3.001732702348162e+00
5.83750 2.987109837323435e+00
5.85000 2.972967791072151e+00
5.86250 2.959544149002118e+00
5.87500 2.947038605153588e+00
5.88750 2.935536331827342e+00
5.90000 2.924963403595878e+00
5.91250 2.915135333955170e+00
5.92500 2.905881403735512e+00
5.93750 2.897113017906109e+00
5.95000 2.888786780237111e+00
5.96250 2.880828298307677e+00
5.97500 2.873121814132546e+00
5.98750 2.865604863687891e+00
6.00000 2.858330153222474e+00
6.01250 2.851401948710589e+00
6.02500 2.844878941042039e+00
6.03750 2.838729872505736e+00
6.05000 2.832842488603470e+00
6.06250 2.827078544470176e+00
6.07500 2.821333187997130e+00
6.08750 2.815518490721570e+00
6.10000 2.809558956089997e+00
6.11250 2.803333003436421e+00
6.12500 2.796680529933820e+00
6.13750 2.789966007878577e+00
6.15000 2.782467677807185e+00
6.16250 2.774661049976948e+00
6.17500 2.766509269345117e+00
6.18750 2.757962891587175e+00
6.20000 2.748978731799097e+00
6.21250 2.739525700087368e+00
6.22500 2.729591898120598e+00
6.23750 2.719190236889343e+00
6.25000 2.708360517112456e+00
6.26250 2.697165549120037e+00
6.27500 2.685683689570223e+00
6.28750 2.674001955625243e+00
6.30000 2.662209794607920e+00
6.31250 2.650389274475077e+00
6.32500 2.638598546865560e+00
6.33750 2.626852403385243e+00
6.35000 2.615113225386507e+00
6.36250 2.603307032880155e+00
6.37500 2.591361439984243e+00
6.38750 2.579240124413859e+00
6.40000 2.566952788193338e+00
6.41250 2.554543423409150e+00
6.42500 2.542071127104934e+00
6.43750 2.529593831503562e+00
6.45000 2.517155995263253e+00
6.46250 2.504776429990817e+00
6.47500 2.492445191246662e+00
6.48750 2.480140819999387e+00
6.50000 2.467857763572903e+00
6.51250 2.455620308467964e+00
6.52500 2.443470299477528e+00
6.53750 2.431435516095892e+00
6.55000 2.419499382967308e+00
6.56250 2.407598623897027e+00
6.57500 2.395659905300684e+00
6.58750 2.383655610946533e+00
6.60000 2.371678100252603e+00
6.61250 2.360146298028848e+00
6.62500 2.350444911288772e+00
6.63750 2.345964948573460e+00
6.65000 2.348065025394489e+00
6.66250 2.345916046903797e+00
6.67500 2.336307328186781e+00
6.68750 2.325197932517419e+00
6.70000 2.315291847240771e+00
6.71250 2.307315577910499e+00
6.72500 2.301644776009384e+00
6.73750 2.298227901557169e+00
6.75000 2.296044873739747e+00
6.76250 2.293422857614838e+00
6.77500 2.289369992432725e+00
6.78750 2.284173012240016e+00
6.80000 2.278669206419270e+00
6.81250 2.273470378467241e+00
6.82500 2.268768943138320e+00
6.83750 2.264460454528999e+00
6.85000 2.260309011866868e+00
6.86250 2.256124591386115e+00
6.87500 2.251960886908692e+00
6.88750 2.248094520713276e+00
6.90000 2.244638621072165e+00
6.91250 2.241178580255972e+00
6.92500 2.237037385693170e+00
6.93750 2.231876081294002e+00
6.95000 2.225790480694214e+00
6.96250 2.219069607658898e+00
6.97500 2.212049464322042e+00
6.98750 2.205014529209481e+00
7.00000 2.198073807035839e+00
7.01250 2.191153405482202e+00
7.02500 2.184196953828255e+00
7.03750 2.177344931089261e+00
7.05000 2.170847629361838e+00
7.06250 2.164756375725772e+00
7.07500 2.158650023024303e+00
7.08750 2.151785213978580e+00
7.10000 2.143596334197515e+00
7.11250 2.133932352226828e+00
7.12500 2.122858837915735e+00
7.13750 2.110208027411272e+00
7.15000 2.098764240526278e+00
7.16250 2.118907539558503e+00
7.17500 2.106059935562429e+00
7.18750 2.094601293641786e+00
7.20000 2.087541672856137e+00
7.21250 2.081543681668478e+00
7.22500 2.075091418611117e+00
7.23750 2.068134425660403e+00
7.25000 2.060399001748781e+00
7.26250 2.052108237117204e+00
7.27500 2.043858910251453e+00
7.28750 2.036003996089463e+00
7.30000 2.028534560642518e+00
7.31250 2.020739088099055e+00
7.32500 2.012891673709670e+00
7.33750 2.005263650661446e+00
7.35000 1.998057684923923e+00
7.36250 1.991503673496646e+00
7.37500 1.984690695088543e+00
7.38750 1.977161625921749e+00
7.40000 1.969737920128237e+00
7.41250 1.962864148062035e+00
7.42500 1.956583571463129e+00
7.43750 1.950136354812901e+00
7.45000 1.943193902142455e+00
7.46250 1.936097784369970e+00
7.47500 1.929328682040423e+00
7.48750 1.923256432752980e+00
7.50000 1.918081254714253e+00
7.51250 1.913978500418557e+00
7.52500 1.910065913780792e+00
7.53750 1.904693154992498e+00
7.55000 1.898278943078753e+00
7.56250 1.891380500289160e+00
7.57500 1.884070029285272e+00
7.58750 1.876722876329243e+00
7.60000 1.870044997205359e+00
7.61250 1.865828526128393e+00
7.62500 1.862152325901753e+00
7.63750 1.854116795723082e+00
7.65000 1.853136746233818e+00
7.66250 1.855692916503059e+00
7.67500 1.850808806578964e+00
7.68750 1.845383964113822e+00
7.70000 1.844921217619977e+00
7.71250 1.836707563964592e+00
7.72500 1.831447367916132e+00
7.73750 1.823113715653749e+00
7.75000 1.815837381856376e+00
7.76250 1.808919595717534e+00
7.77500 1.802314820398741e+00
7.78750 1.796175354532500e+00
7.80000 1.790623096765513e+00
7.81250 1.785621134204151e+00
7.82500 1.780854953165866e+00
7.83750 1.775807218208140e+00
7.85000 1.770353970873395e+00
7.86250 1.764684499201216e+00
7.87500 1.758851934729091e+00
7.88750 1.752757947635289e+00
7.90000 1.746290368932178e+00
7.91250 1.739408285671439e+00
7.92500 1.732145006414521e+00
7.93750 1.724571758085384e+00
7.95000 1.716776821406921e+00
7.96250 1.708855669777709e+00
7.97500 1.700905064852947e+00
7.98750 1.693024536927808e+00
8.00000 1.685299127465238e+00
8.01250 1.677786422774797e+00
8.02500 1.670508932397383e+00
8.03750 1.663460414235092e+00
8.05000 1.656622124555016e+00
8.06250 1.649987432896115e+00
8.07500 1.643566909583930e+00
8.08750 1.637357868049987e+00
8.10000 1.631292103236596e+00
8.11250 1.625306057316176e+00
8.12500 1.619419457252969e+00
8.13750 1.613669043400350e+00
8.15000 1.608068453861555e+00
8.16250 1.602613978984694e+00
8.17500 1.597288336692837e+00
8.18750 1.592050651566666e+00
8.20000 1.586826817414842e+00
8.21250 1.581570956877803e+00
8.22500 1.576323207523554e+00
8.23750 1.571150790170166e+00
8.25000 1.566049384098760e+00
8.26250 1.560983007065883e+00
8.27500 1.555991230529906e+00
8.28750 1.551158593289656e+00
8.30000 1.546549882707761e+00
8.31250 1.541951161610676e+00
8.32500 1.537209112548160e+00
8.33750 1.532954630020694e+00
8.35000 1.528865377607149e+00
8.36250 1.524403551453936e+00
8.37500 1.519740340020770e+00
8.38750 1.514786992366329e+00
8.40000 1.509986702334962e+00
8.41250 1.505231472042054e+00
8.42500 1.500417257338556e+00
8.43750 1.496064919927549e+00
8.45000 1.493520956126909e+00
8.46250 1.491114787930021e+00
8.47500 1.486438133922530e+00
8.48750 1.481470222213803e+00
8.50000 1.476317184504265e+00
8.51250 1.471159881263594e+00
8.52500 1.465958874103373e+00
8.53750 1.460673691112527e+00
8.55000 1.455224792742154e+00
8.56250 1.449533462504172e+00
8.57500 1.443715676037745e+00
8.58750 1.437844516827503e+00
8.60000 1.431955585128981e+00
8.61250 1.426030090098881e+00
8.62500 1.419982320553826e+00
8.63750 1.413775591176220e+00
8.65000 1.407396224362045e+00
8.66250 1.400712377096593e+00
8.67500 1.393749040637381e+00
8.68750 1.387793694431203e+00
8.70000 1.383418489095310e+00
8.71250 1.375919214697121e+00
8.72500 1.368551472569989e+00
8.73750 1.361467618230894e+00
8.75000 1.354584241902776e+00
8.76250 1.347869499116546e+00
8.77500 1.341309424994709e+00
8.78750 1.334896024321363e+00
8.80000 1.328627360418766e+00
8.81250 1.322536399686649e+00
8.82500 1.316706318619506e+00
8.83750 1.310845139067882e+00
8.85000 1.304989072716640e+00
8.86250 1.299126600847267e+00
8.87500 1.293249005371569e+00
8.88750 1.287385316886013e+00
8.90000 1.281563598122027e+00
8.91250 1.275769814196640e+00
8.92500 1.269962235772996e+00
8.93750 1.264097793581895e+00
8.95000 1.258171211763689e+00
8.96250 1.252231166119930e+00
8.97500 1.246312669847859e+00
8.98750 1.240358652311562e+00
9.00000 1.234344640784272e+00
9.01250 1.228311453964491e+00
9.02500 1.222281402259119e+00
9.03750 1.216282402271154e+00
9.05000 1.210357822279446e+00
9.06250 1.204558571789802e+00
9.07500 1.198934490620547e+00
9.08750 1.193505968177994e+00
9.10000 1.188257314481019e+00
9.11250 1.183142006837028e+00
9.12500 1.178106424130444e+00
9.13750 1.173167750839912e+00
9.15000 1.168348890212986e+00
9.16250 1.163624279366135e+00
9.17500 1.158955955097211e+00
9.18750 1.154323096600748e+00
9.20000 1.149717570287511e+00
9.21250 1.145132586648634e+00
9.22500 1.140565020252167e+00
9.23750 1.136017127035149e+00
9.25000 1.131488202672241e+00
9.26250 1.126969023862326e+00
9.27500 1.122441443052147e+00
9.28750 1.117880801232818e+00
9.30000 1.113260862371455e+00
9.31250 1.108561457570053e+00
9.32500 1.103770436123945e+00
9.33750 1.098874242030965e+00
9.35000 1.093853823457337e+00
9.36250 1.088694424752205e+00
9.37500 1.083393442918957e+00
9.38750 1.077959945580973e+00
9.40000 1.072407010023161e+00
9.41250 1.066733679778966e+00
9.42500 1.060920134706699e+00
9.43750 1.054964468263216e+00
9.45000 1.048901652776560e+00
9.46250 1.042775546616260e+00
9.47500 1.036613723666073e+00
9.48750 1.030417434572739e+00
9.50000 1.024165850183576e+00
9.51250 1.017839757732921e+00
9.52500 1.011445142610130e+00
9.53750 1.005010474610524e+00
9.55000 9.985698890537141e-01
9.56250 9.921803701902630e-01
9.57500 9.860381669827628e-01
9.58750 9.804526324362306e-01
9.60000 9.747768668409705e-01
9.61250 9.688240772181516e-01
9.62500 9.629389840061189e-01
9.63750 9.566148538533978e-01
9.65000 9.504812208865061e-01
9.66250 9.446098171361385e-01
9.67500 9.389795936098827e-01
9.68750 9.330408771400664e-01
9.70000 9.270011573703235e-01
9.71250 9.209862450704008e-01
9.72500 9.150458403567606e-01
9.73750 9.091933807075208e-01
9.75000 9.034344570285672e-01
9.76250 8.977760976451237e-01
9.77500 8.922235131608423e-01
9.78750 8.867747803645921e-01
9.80000 8.814199839594276e-01
9.81250 8.761443622919455e-01
9.82500 8.709357292257777e-01
9.83750 8.658008648942860e-01
9.85000 8.608190853291612e-01
9.86250 8.561756554398496e-01
9.87500 8.515076470500432e-01
9.88750 8.467334922793770e-01
9.90000 8.420133174114347e-01
9.91250 8.374411489776146e-01
9.92500 8.329985114375311e-01
9.93750 8.286527412318458e-01
9.95000 8.243755795890843e-01
9.96250 8.201506342254156e-01
9.97500 8.159714459187698e-01
9.98750 8.118352573437150e-01
10.00000 8.077325257521696e-01
