0.00001 2.889442358861166e-07
0.01250 3.600755490077293e-04
0.02500 7.201938535642880e-04
0.03750 1.080397682132689e-03
0.05000 1.440729837007796e-03
0.06250 1.801233169040287e-03
0.07500 2.161950592115870e-03
0.08750 2.522925101455754e-03
0.10000 2.884199788019661e-03
0.11250 3.245817856085600e-03
0.12500 3.607822638016029e-03
0.13750 3.970257612629752e-03
0.15000 4.333166420892665e-03
0.16250 4.696592882186742e-03
0.17500 5.060581011838448e-03
0.18750 5.425175038247822e-03
0.20000 5.790419419092238e-03
0.21250 6.156358860073936e-03
0.22500 6.523038331444628e-03
0.23750 6.890503086520384e-03
0.25000 7.258798678816901e-03
0.26250 7.627970981666076e-03
0.27500 7.998066205636532e-03
0.28750 8.369130917624312e-03
0.30000 8.741212060404730e-03
0.31250 9.114356971821468e-03
0.32500 9.488613404352144e-03
0.33750 9.864029545830039e-03
0.35000 1.024065403926353e-02
0.36250 1.061853600420267e-02
0.37500 1.099772505811279e-02
0.38750 1.137827133763124e-02
0.40000 1.176022552142234e-02
0.41250 1.214363885239635e-02
0.42500 1.252856316099945e-02
0.43750 1.291505088887460e-02
0.45000 1.330315511348263e-02
0.46250 1.369292957231481e-02
0.47500 1.408442868877680e-02
0.48750 1.447770759817672e-02
0.50000 1.487282217412415e-02
0.51250 1.526982905633256e-02
0.52500 1.566878567856685e-02
0.53750 1.606975029721001e-02
0.55000 1.647278202152375e-02
0.56250 1.687794084335763e-02
0.57500 1.728528766904511e-02
0.58750 1.769488435124490e-02
0.60000 1.810679372231295e-02
0.61250 1.852107962800544e-02
0.62500 1.893780696304379e-02
0.63750 1.935704170686171e-02
0.65000 1.977885096108991e-02
0.66250 2.020330298782106e-02
0.67500 2.063046724921948e-02
0.68750 2.106041444864005e-02
0.70000 2.149321657234756e-02
0.71250 2.192894693324396e-02
0.72500 2.236768021603066e-02
0.73750 2.280949252330430e-02
0.75000 2.325446142371090e-02
0.76250 2.370266600167465e-02
0.77500 2.415418690852816e-02
0.78750 2.460910641570883e-02
0.80000 2.506750846986206e-02
0.81250 2.552947874941653e-02
0.82500 2.599510472384337e-02
0.83750 2.646447571447231e-02
0.85000 2.693768295798076e-02
0.86250 2.741481967181064e-02
0.87500 2.789598112227712e-02
0.88750 2.838126469525321e-02
0.90000 2.887076996920987e-02
0.91250 2.936459879145100e-02
0.92500 2.986285535696314e-02
0.93750 3.036564629057240e-02
0.95000 3.087308073202912e-02
0.96250 3.138527042487169e-02
0.97500 3.190232980832794e-02
0.98750 3.242437611337610e-02
1.00000 3.295152946250408e-02
1.01250 3.348391297346325e-02
1.02500 3.402165286751863e-02
1.03750 3.456487858207435e-02
1.05000 3.511372288809950e-02
1.06250 3.566832201250061e-02
1.07500 3.622881576580800e-02
1.08750 3.679534767527075e-02
1.10000 3.736806512385662e-02
1.11250 3.794711949534130e-02
1.12500 3.853266632571713e-02
1.13750 3.912486546159592e-02
1.15000 3.972388122565219e-02
1.16250 4.032988258950542e-02
1.17500 4.094304335478227e-02
1.18750 4.156354234238503e-02
1.20000 4.219156359069010e-02
1.21250 4.282729656318972e-02
1.22500 4.347093636589748e-02
1.23750 4.412268397530545e-02
1.25000 4.478274647738288e-02
1.26250 4.545133731836354e-02
1.27500 4.612867656776028e-02
1.28750 4.681499119482736e-02
1.30000 4.751051535852510e-02
1.31250 4.821549071281154e-02
1.32500 4.893016672705371e-02
1.33750 4.965480102347982e-02
1.35000 5.038965973211767e-02
1.36250 5.113501786463115e-02
1.37500 5.189115970800512e-02
1.38750 5.265837923963027e-02
1.40000 5.343698056497487e-02
1.41250 5.422727837930511e-02
1.42500 5.502959845519034e-02
1.43750 5.584427815741767e-02
1.45000 5.667166698716612e-02
1.46250 5.751212715732502e-02
1.47500 5.836603420148313e-02
1.48750 5.923377761830673e-02
1.50000 6.011576155444201e-02
1.51250 6.101240552815907e-02
1.52500 6.192414519708735e-02
1.53750 6.285143317277053e-02
1.55000 6.379473988602002e-02
1.56250 6.475455450636611e-02
1.57500 6.573138591998126e-02
1.58750 6.672576377030252e-02
1.60000 6.773823956641815e-02
1.61250 6.876938786424627e-02
1.62500 6.981980752634838e-02
1.63750 7.089012306671905e-02
1.65000 7.198098608732424e-02
1.66250 7.309307681388826e-02
1.67500 7.422710573913609e-02
1.68750 7.538381538268904e-02
1.70000 7.656398217723484e-02
1.71250 7.776841849212292e-02
1.72500 7.899797480616687e-02
1.73750 8.025354204306290e-02
1.75000 8.153605408392672e-02
1.76250 8.284649047295527e-02
1.77500 8.418587933429426e-02
1.78750 8.555530051980074e-02
1.80000 8.695588900946791e-02
1.81250 8.838883858927307e-02
1.82500 8.985540583330962e-02
1.83750 9.135691442066227e-02
1.85000 9.289475982087204e-02
1.86250 9.447041438575378e-02
1.87500 9.608543289013313e-02
1.88750 9.774145856912329e-02
1.90000 9.944022970553652e-02
1.91250 1.011835868278567e-01
1.92500 1.029734805871274e-01
1.93750 1.048119803899331e-01
1.95000 1.067012838751102e-01
1.96250 1.086437273337898e-01
1.97500 1.106417971864233e-01
1.98750 1.126981426462015e-01
2.00000 1.148155897175419e-01
2.01250 1.169971566999284e-01
2.02500 1.192460713933169e-01
2.03750 1.215657902317478e-01
2.05000 1.239600196071599e-01
2.06250 1.264327396881968e-01
2.07500 1.289882310888643e-01
2.08750 1.316311048018468e-01
2.10000 1.343663358834909e-01
2.11250 1.371993014635985e-01
2.12500 1.401358237580061e-01
2.13750 1.431822188884326e-01
2.15000 1.463453524691042e-01
2.16250 1.496327031090518e-01
2.17500 1.530524352131380e-01
2.18750 1.566134827545443e-01
2.20000 1.603256460533364e-01
2.21250 1.641997040500932e-01
2.22500 1.682475451375187e-01
2.23750 1.724823203451003e-01
2.25000 1.769186236108244e-01
2.26250 1.815727050903613e-01
2.27500 1.864627250437229e-01
2.28750 1.916090579366962e-01
2.30000 1.970346591926112e-01
2.31250 2.027655108059410e-01
2.32500 2.088311671912564e-01
2.33750 2.152654297971684e-01
2.35000 2.221071890930715e-01
2.36250 2.294014869811820e-01
2.37500 2.372008738057046e-01
2.38750 2.455671657233455e-01
2.40000 2.545737567321700e-01
2.41250 2.643087165988996e-01
2.42500 2.748790326428490e-01
2.43750 2.864165720727707e-01
2.45000 2.990867422907970e-01
2.46250 3.131016195232961e-01
2.47500 3.287410544829967e-01
2.48750 3.463896440213961e-01
2.50000 3.666108515970277e-01
2.51250 3.903335365060874e-01
2.52500 4.195541842835270e-01
2.53750 4.627342897642017e-01
2.55000 5.427004043825518e-01
2.56250 5.685300332334300e-01
2.57500 6.601853742633060e-01
2.58750 7.675739221358157e-01
2.60000 8.618229281781489e-01
2.61250 9.085028992750713e-01
2.62500 1.066776883508012e+00
2.63750 1.502264427244680e+00
2.65000 1.562874269017083e+00
2.66250 1.673235372770462e+00
2.67500 1.864745092973996e+00
2.68750 2.034475430790482e+00
2.70000 2.056244243721673e+00
2.71250 1.981871942813982e+00
2.72500 1.926817197887337e+00
2.73750 1.898587450262795e+00
2.75000 1.878841658376133e+00
2.76250 1.862074734746996e+00
2.77500 1.871670369750312e+00
2.78750 1.916438995354003e+00
2.80000 1.970193990986963e+00
2.81250 2.016189598015160e+00
2.82500 2.084943521914297e+00
2.83750 2.151572974180740e+00
2.85000 2.192956006448040e+00
2.86250 2.214717984817946e+00
2.87500 2.218536098215449e+00
2.88750 2.232337129256442e+00
2.90000 2.269656248272530e+00
2.91250 2.309078768397028e+00
2.92500 2.293136686336041e+00
2.93750 2.272683635704573e+00
2.95000 2.276796073404631e+00
2.96250 2.283206115151760e+00
2.97500 2.284753098937721e+00
2.98750 2.306999738334978e+00
3.00000 2.340227022901646e+00
3.01250 2.339290248100005e+00
3.02500 2.339570581426285e+00
3.03750 2.367621424150888e+00
3.05000 2.385084018123516e+00
3.06250 2.370509817455304e+00
3.07500 2.373005291362499e+00
3.08750 2.396944410738410e+00
3.10000 2.414374927131009e+00
3.11250 2.422296674530323e+00
3.12500 2.411470170191939e+00
3.13750 2.427562326633640e+00
3.15000 2.443528621698520e+00
3.16250 2.445005238923319e+00
3.17500 2.457632983195465e+00
3.18750 2.483241227236785e+00
3.20000 2.519473797767648e+00
3.21250 2.546791152619034e+00
3.22500 2.567685294710625e+00
3.23750 2.589765725592467e+00
3.25000 2.614489049203323e+00
3.26250 2.642443327562352e+00
3.27500 2.672598864426412e+00
3.28750 2.693531917709199e+00
3.30000 2.701995623431891e+00
3.31250 2.708665429847810e+00
3.32500 2.718646400500554e+00
3.33750 2.734922984033559e+00
3.35000 2.755901565466701e+00
3.36250 2.763882897578617e+00
3.37500 2.755881403943893e+00
3.38750 2.748292323516265e+00
3.40000 2.747637621548365e+00
3.41250 2.753946883040854e+00
3.42500 2.766208067820155e+00
3.43750 2.782756398820911e+00
3.45000 2.800007116396789e+00
3.46250 2.818370683299739e+00
3.47500 2.837847170495294e+00
3.48750 2.860496774758190e+00
3.50000 2.901397556834948e+00
3.51250 2.973089273821512e+00
3.52500 3.061272591267981e+00
3.53750 3.157170352857279e+00
3.55000 3.373759440651348e+00
3.56250 3.712399452018878e+00
3.57500 3.770643365017359e+00
3.58750 3.845752601394610e+00
3.60000 4.005869791050640e+00
3.61250 4.109405066202226e+00
3.62500 4.252416400875802e+00
3.63750 4.314826887984529e+00
3.65000 4.401432157532394e+00
3.66250 4.510204262266256e+00
3.67500 4.672022905803273e+00
3.68750 4.763047272600195e+00
3.70000 5.100443142547398e+00
3.71250 5.405018966355870e+00
3.72500 5.835919074264420e+00
3.73750 6.904290860784217e+00
3.75000 6.547017043888661e+00
3.76250 6.245212974876623e+00
3.77500 6.164196333575509e+00
3.78750 6.135107302722130e+00
3.80000 6.163481851049115e+00
3.81250 6.309017696648723e+00
3.82500 6.104679292285232e+00
3.83750 6.040801742636378e+00
3.85000 6.012336397721699e+00
3.86250 5.983332230635739e+00
3.87500 5.938423512869825e+00
3.88750 5.872522452814090e+00
3.90000 5.787400455457836e+00
3.91250 5.688736118681835e+00
3.92500 5.583312400485759e+00
3.93750 5.477140218416892e+00
3.95000 5.374782675320847e+00
3.96250 5.278774711459340e+00
3.97500 5.189262177530614e+00
3.98750 5.105261138900959e+00
4.00000 5.026463704585141e+00
4.01250 4.953609468646528e+00
4.02500 4.888028584631370e+00
4.03750 4.831084293485095e+00
4.05000 4.783611274569927e+00
4.06250 4.745457959112547e+00
4.07500 4.715430404107015e+00
4.08750 4.691925635891848e+00
4.10000 4.673793920821464e+00
4.11250 4.660386249318630e+00
4.12500 4.650701786976294e+00
4.13750 4.642812767822225e+00
4.15000 4.634201755436746e+00
4.16250 4.622318238865482e+00
4.17500 4.605491838569431e+00
4.18750 4.583853805234892e+00
4.20000 4.558825387566070e+00
4.21250 4.531882271241188e+00
4.22500 4.503746704731802e+00
4.23750 4.474676689298339e+00
4.25000 4.445351565237169e+00
4.26250 4.416023841121000e+00
4.27500 4.386196706811040e+00
4.28750 4.355148816550103e+00
4.30000 4.319462643598197e+00
4.31250 4.276584785622244e+00
4.32500 4.229745162073325e+00
4.33750 4.183950647797690e+00
4.35000 4.141569393994314e+00
4.36250 4.098328640758759e+00
4.37500 4.056309910487485e+00
4.38750 4.028121799721267e+00
4.40000 4.005466762624642e+00
4.41250 3.978655346591197e+00
4.42500 3.952977929733522e+00
4.43750 3.925257683896638e+00
4.45000 3.918611833284984e+00
4.46250 3.909715715056493e+00
4.47500 3.901903497123182e+00
4.48750 3.879956847854199e+00
4.50000 3.864410009996728e+00
4.51250 3.945919277183675e+00
4.52500 4.117468267466083e+00
4.53750 4.686694230967716e+00
4.55000 4.518543172348393e+00
4.56250 4.464926582420115e+00
4.57500 4.414978074016742e+00
4.58750 4.367400937561514e+00
4.60000 4.327616963229799e+00
4.61250 4.297495591706558e+00
4.62500 4.268970486696390e+00
4.63750 4.238919978020280e+00
4.65000 4.212085226399085e+00
4.66250 4.190317592667521e+00
4.67500 4.173073945901004e+00
4.68750 4.159369879320689e+00
4.70000 4.148009380969291e+00
4.71250 4.137917732067001e+00
4.72500 4.128438252667602e+00
4.73750 4.119152177933793e+00
4.75000 4.109527234011812e+00
4.76250 4.098788006477998e+00
4.77500 4.086111871626136e+00
4.78750 4.070976300006973e+00
4.80000 4.053356040440940e+00
4.81250 4.033698793232536e+00
4.82500 4.012724984471926e+00
4.83750 3.991083365036387e+00
4.85000 3.969104164049820e+00
4.86250 3.946882248058396e+00
4.87500 3.924546868175027e+00
4.88750 3.902348007367200e+00
4.90000 3.880490229984451e+00
4.91250 3.859038775961285e+00
4.92500 3.838068407601412e+00
4.93750 3.817736124174236e+00
4.95000 3.798065481479783e+00
4.96250 3.778809086230758e+00
4.97500 3.759657103985993e+00
4.98750 3.740430595265960e+00
5.00000 3.721031190382436e+00
5.01250 3.701517909513665e+00
5.02500 3.682381228431095e+00
5.03750 3.664333801352246e+00
5.05000 3.647346722448000e+00
5.06250 3.630599174972546e+00
5.07500 3.613886133889344e+00
5.08750 3.597826340151481e+00
5.10000 3.583542721685003e+00
5.11250 3.574369535321422e+00
5.12500 3.584195163576164e+00
5.13750 3.601738400914975e+00
5.15000 3.600400933598398e+00
5.16250 3.593145175474826e+00
5.17500 3.581695459201892e+00
5.18750 3.569365767530928e+00
5.20000 3.557327298673577e+00
5.21250 3.545574731629975e+00
5.22500 3.534365816384823e+00
5.23750 3.524261339020931e+00
5.25000 3.516009812504076e+00
5.26250 3.510554910372472e+00
5.27500 3.508816729528825e+00
5.28750 3.511128428663425e+00
5.30000 3.514841287729618e+00
5.31250 3.514678760331682e+00
5.32500 3.509287312132965e+00
5.33750 3.501233850596269e+00
5.35000 3.492715669359284e+00
5.36250 3.482368197235223e+00
5.37500 3.469395882037536e+00
5.38750 3.457130218319242e+00
5.40000 3.447520686370039e+00
5.41250 3.437343274439186e+00
5.42500 3.423784240789083e+00
5.43750 3.408503865238239e+00
5.45000 3.393256791286610e+00
5.46250 3.378629925667860e+00
5.47500 3.364575549167446e+00
5.48750 3.350765348981743e+00
5.50000 3.336749988368755e+00
5.51250 3.322056754439837e+00
5.52500 3.306542823658561e+00
5.53750 3.290696787739774e+00
5.55000 3.275966307702349e+00
5.56250 3.266679579530507e+00
5.57500 3.263200233027494e+00
5.58750 3.256132278165062e+00
5.60000 3.248133143648883e+00
5.61250 3.238446846450353e+00
5.62500 3.227162832370929e+00
5.63750 3.215609166422569e+00
5.65000 3.204984407963632e+00
5.66250 3.195802102791107e+00
5.67500 3.187223616850542e+00
5.68750 3.177490695789102e+00
5.70000 3.165379268790341e+00
5.71250 3.150783802190245e+00
5.72500 3.134302390956132e+00
5.73750 3.116739166072724e+00
5.75000 3.098838145875562e+00
5.76250 3.081161030754575e+00
5.77500 3.064049028412573e+00
5.78750 3.047645556910842e+00
5.80000 3.031915498126027e+00
5.81250 3.016676283752469e+00
5.82500 3.001747641852774e+00
5.83750 2.987125761784738e+00
5.85000 2.972984575340506e+00
5.86250 2.959561640628206e+00
5.87500 2.947056623925251e+00
5.88750 2.935554668125140e+00
5.90000 2.924981805831911e+00
5.91250 2.915153488117577e+00
5.92500 2.905898928665448e+00
5.93750 2.897129484952477e+00
5.95000 2.888801741513174e+00
5.96250 2.880841308815550e+00
5.97500 2.873132438932318e+00
5.98750 2.865612676664329e+00
6.00000 2.858334749415849e+00
6.01250 2.851402972134053e+00
6.02500 2.844876111980501e+00
6.03750 2.838723008383122e+00
6.05000 2.832831520535495e+00
6.06250 2.827063525503056e+00
6.07500 2.821314295909764e+00
6.08750 2.815496033162183e+00
6.10000 2.809533329731038e+00
6.11250 2.803304651107719e+00
6.12500 2.796649949614818e+00
6.13750 2.789933650900137e+00
6.15000 2.782434162888148e+00
6.16250 2.774626837684398e+00
6.17500 2.766474805576835e+00
6.18750 2.757928573440834e+00
6.20000 2.748944900103988e+00
6.21250 2.739492635288857e+00
6.22500 2.729559818241951e+00
6.23750 2.719159297287776e+00
6.25000 2.708330814738722e+00
6.26250 2.697137132885795e+00
6.27500 2.685656574197852e+00
6.28750 2.673976134312489e+00
6.30000 2.662185247403068e+00
6.31250 2.650365972634624e+00
6.32500 2.638576455841795e+00
6.33750 2.626831486471537e+00
6.35000 2.615093446722718e+00
6.36250 2.603288356323711e+00
6.37500 2.591343823770172e+00
6.38750 2.579223516838881e+00
6.40000 2.566937128458624e+00
6.41250 2.554528646384538e+00
6.42500 2.542057168817741e+00
6.43750 2.529580633945308e+00
6.45000 2.517143510360545e+00
6.46250 2.504764621616852e+00
6.47500 2.492434033243013e+00
6.48750 2.480130290336056e+00
6.50000 2.467847838711954e+00
6.51250 2.455610962013070e+00
6.52500 2.443461504408170e+00
6.53750 2.431427245929441e+00
6.55000 2.419491608200602e+00
6.56250 2.407591306146891e+00
6.57500 2.395652996042799e+00
6.58750 2.383649054779659e+00
6.60000 2.371671831165956e+00
6.61250 2.360140218822072e+00
6.62500 2.350438862500902e+00
6.63750 2.345958777419678e+00
6.65000 2.348059381115376e+00
6.66250 2.345911717654397e+00
6.67500 2.336303537506075e+00
6.68750 2.325194272527619e+00
6.70000 2.315288325490851e+00
6.71250 2.307312236969976e+00
6.72500 2.301641650094045e+00
6.73750 2.298225053901173e+00
6.75000 2.296042412531246e+00
6.76250 2.293420872804921e+00
6.77500 2.289368497457786e+00
6.78750 2.284171980004344e+00
6.80000 2.278668613877440e+00
6.81250 2.273470210131305e+00
6.82500 2.268769185756724e+00
6.83750 2.264461092315261e+00
6.85000 2.260310010558270e+00
6.86250 2.256125892601711e+00
6.87500 2.251962421704199e+00
6.88750 2.248096203622609e+00
6.90000 2.244640346927266e+00
6.91250 2.241180281416754e+00
6.92500 2.237039081089924e+00
6.93750 2.231877828148419e+00
6.95000 2.225792315155726e+00
6.96250 2.219071538539863e+00
6.97500 2.212051486101427e+00
6.98750 2.205016629651507e+00
7.00000 2.198075969617825e+00
7.01250 2.191155612403755e+00
7.02500 2.184199195441951e+00
7.03750 2.177347220366155e+00
7.05000 2.170850009345301e+00
7.06250 2.164758901766794e+00
7.07500 2.158652721167280e+00
7.08750 2.151788073129587e+00
7.10000 2.143599349976208e+00
7.11250 2.133935543057144e+00
7.12500 2.122862192130924e+00
7.13750 2.110211123534755e+00
7.15000 2.098760180811444e+00
7.16250 2.118920385299627e+00
7.17500 2.106065648175921e+00
7.18750 2.094606895580147e+00
7.20000 2.087547532839106e+00
7.21250 2.081549670272407e+00
7.22500 2.075097568399465e+00
7.23750 2.068140588504286e+00
7.25000 2.060405208397682e+00
7.26250 2.052114801864042e+00
7.27500 2.043865971754907e+00
7.28750 2.036011784063747e+00
7.30000 2.028543166422657e+00
7.31250 2.020748685072893e+00
7.32500 2.012902452078991e+00
7.33750 2.005275705039664e+00
7.35000 1.998071048589256e+00
7.36250 1.991518426317206e+00
7.37500 1.984707052871266e+00
7.38750 1.977179826055299e+00
7.40000 1.969758181109226e+00
7.41250 1.962886630793518e+00
7.42500 1.956608250383500e+00
7.43750 1.950162825618392e+00
7.45000 1.943221338917257e+00
7.46250 1.936124785268807e+00
7.47500 1.929353052817441e+00
7.48750 1.923275149549686e+00
7.50000 1.918090794810673e+00
7.51250 1.913975838734300e+00
7.52500 1.910050089141373e+00
7.53750 1.904664803653249e+00
7.55000 1.898239598454672e+00
7.56250 1.891332216575396e+00
7.57500 1.884014767614986e+00
7.58750 1.876662149629854e+00
7.60000 1.869979241492679e+00
7.61250 1.865756893279186e+00
7.62500 1.862074697426580e+00
7.63750 1.854029500955413e+00
7.65000 1.853042049588661e+00
7.66250 1.855609949640703e+00
7.67500 1.850774641058283e+00
7.68750 1.845436430438674e+00
7.70000 1.845029398943807e+00
7.71250 1.836805757853351e+00
7.72500 1.831524777047112e+00
7.73750 1.823169367725191e+00
7.75000 1.815876848788861e+00
7.76250 1.808948342042982e+00
7.77500 1.802336752210303e+00
7.78750 1.796193015736535e+00
7.80000 1.790638059494487e+00
7.81250 1.785634321984245e+00
7.82500 1.780866957758949e+00
7.83750 1.775818436469525e+00
7.85000 1.770364525139692e+00
7.86250 1.764694256602690e+00
7.87500 1.758860580795598e+00
7.88750 1.752765045411720e+00
7.90000 1.746295423912899e+00
7.91250 1.739410828405469e+00
7.92500 1.732144694639929e+00
7.93750 1.724568473713310e+00
7.95000 1.716770722477427e+00
7.96250 1.708847183049233e+00
7.97500 1.700894813190646e+00
7.98750 1.693013217410317e+00
8.00000 1.685287403966843e+00
8.01250 1.677774854257163e+00
8.02500 1.670497938371770e+00
8.03750 1.663450231925945e+00
8.05000 1.656612919709940e+00
8.06250 1.649979268508185e+00
8.07500 1.643559758388585e+00
8.08750 1.637351665389205e+00
8.10000 1.631286764852616e+00
8.11250 1.625301490104236e+00
8.12500 1.619415564605050e+00
8.13750 1.613665731527330e+00
8.15000 1.608065635917149e+00
8.16250 1.602611577007399e+00
8.17500 1.597286283358738e+00
8.18750 1.592048892933661e+00
8.20000 1.586825311945896e+00
8.21250 1.581569668074549e+00
8.22500 1.576322105470462e+00
8.23750 1.571149850682624e+00
8.25000 1.566048576146855e+00
8.26250 1.560982308384945e+00
8.27500 1.555990629319829e+00
8.28750 1.551158075089448e+00
8.30000 1.546549422889358e+00
8.31250 1.541950744331451e+00
8.32500 1.537208716489099e+00
8.33750 1.532954300510448e+00
8.35000 1.528865010681145e+00
8.36250 1.524403029538174e+00
8.37500 1.519739855817896e+00
8.38750 1.514786421679372e+00
8.40000 1.509985919331105e+00
8.41250 1.505230569282303e+00
8.42500 1.500416061437241e+00
8.43750 1.496063376656277e+00
8.45000 1.493519460272095e+00
8.46250 1.491112832501380e+00
8.47500 1.486435281122419e+00
8.48750 1.481466441745792e+00
8.50000 1.476312179601968e+00
8.51250 1.471153461132590e+00
8.52500 1.465950676826746e+00
8.53750 1.460663237563102e+00
8.55000 1.455211352451703e+00
8.56250 1.449516432894834e+00
8.57500 1.443694251589619e+00
8.58750 1.437817686866737e+00
8.60000 1.431922092897106e+00
8.61250 1.425988452380034e+00
8.62500 1.419931476499419e+00
8.63750 1.413716789511921e+00
8.65000 1.407330296345809e+00
8.66250 1.400629778967162e+00
8.67500 1.393641477276112e+00
8.68750 1.387758563156165e+00
8.70000 1.383596739625630e+00
8.71250 1.376042378829868e+00
8.72500 1.368629569164926e+00
8.73750 1.361520699244444e+00
8.75000 1.354622285819565e+00
8.76250 1.347897858405084e+00
8.77500 1.341331297973352e+00
8.78750 1.334913490550761e+00
8.80000 1.328641849489371e+00
8.81250 1.322548921177936e+00
8.82500 1.316717584900267e+00
8.83750 1.310855619855871e+00
8.85000 1.304999049346137e+00
8.86250 1.299136209937445e+00
8.87500 1.293258280526623e+00
8.88750 1.287394224217274e+00
8.90000 1.281572067911594e+00
8.91250 1.275777776051467e+00
8.92500 1.269969625991901e+00
8.93750 1.264104564736804e+00
8.95000 1.258177370866151e+00
8.96250 1.252236808442134e+00
8.97500 1.246317921779045e+00
8.98750 1.240363430375081e+00
9.00000 1.234348808801718e+00
9.01250 1.228315014009493e+00
9.02500 1.222284413471164e+00
9.03750 1.216284932073708e+00
9.05000 1.210359941708101e+00
9.06250 1.204560358883341e+00
9.07500 1.198936031534178e+00
9.08750 1.193507355284831e+00
9.10000 1.188258645918040e+00
9.11250 1.183143397262928e+00
9.12500 1.178108008716025e+00
9.13750 1.173169672098073e+00
9.15000 1.168351284251923e+00
9.16250 1.163627266078268e+00
9.17500 1.158959629159175e+00
9.18750 1.154327518803703e+00
9.20000 1.149722760864519e+00
9.21250 1.145138523410904e+00
9.22500 1.140571641619406e+00
9.23750 1.136024338454256e+00
9.25000 1.131495887378131e+00
9.26250 1.126977056035309e+00
9.27500 1.122449700118738e+00
9.28750 1.117889173204929e+00
9.30000 1.113269257174432e+00
9.31250 1.108569802648134e+00
9.32500 1.103778677231323e+00
9.33750 1.098882340104450e+00
9.35000 1.093861751645012e+00
9.36250 1.088702167651476e+00
9.37500 1.083400997050692e+00
9.38750 1.077967318708832e+00
9.40000 1.072414218418412e+00
9.41250 1.066740742202800e+00
9.42500 1.060927063686724e+00
9.43750 1.054971267787340e+00
9.45000 1.048908323197546e+00
9.46250 1.042782086487759e+00
9.47500 1.036620128536132e+00
9.48750 1.030423696739468e+00
9.50000 1.024171959784361e+00
9.51250 1.017845702620036e+00
9.52500 1.011450905161364e+00
9.53750 1.005016029860728e+00
9.55000 9.985752118498946e-01
9.56250 9.921854488945077e-01
9.57500 9.860429985874024e-01
9.58750 9.804570515013287e-01
9.60000 9.747807623266893e-01
9.61250 9.688276498587246e-01
9.62500 9.629422478927178e-01
9.63750 9.566176221441560e-01
9.65000 9.504835114344707e-01
9.66250 9.446116437637581e-01
9.67500 9.389811476745303e-01
9.68750 9.330421485504009e-01
9.70000 9.270022006768943e-01
9.71250 9.209871592259624e-01
9.72500 9.150467220171509e-01
9.73750 9.091943230154959e-01
9.75000 9.034355472570530e-01
9.76250 8.977774134961782e-01
9.77500 8.922251203621694e-01
9.78750 8.867767305013772e-01
9.80000 8.814223134031453e-01
9.81250 8.761470938229808e-01
9.82500 8.709388743006902e-01
9.83750 8.658044252020808e-01
9.85000 8.608230603342172e-01
9.86250 8.561800295742482e-01
9.87500 8.515123743043453e-01
9.88750 8.467385415917387e-01
9.90000 8.420186905209177e-01
9.91250 8.374468258787989e-01
9.92500 8.330044691175108e-01
9.93750 8.286589576343578e-01
9.95000 8.243820334607045e-01
9.96250 8.201573042076761e-01
9.97500 8.159783097063982e-01
9.98750 8.118422902156267e-01
10.00000 8.077396964348963e-01
