0.00001 4.124421876427605e+00
0.01250 4.124443405234690e+00
0.02500 4.124507994552512e+00
0.03750 4.124615652934114e+00
0.05000 4.124766394661426e+00
0.06250 4.124960239737236e+00
0.07500 4.125197213893307e+00
0.08750 4.125477348600860e+00
0.10000 4.125800681083406e+00
0.11250 4.126167254331716e+00
0.12500 4.126577117121543e+00
0.13750 4.127030324033373e+00
0.15000 4.127526935474724e+00
0.16250 4.128067017704905e+00
0.17500 4.128650642862088e+00
0.18750 4.129277888992943e+00
0.20000 4.129948840084698e+00
0.21250 4.130663586099778e+00
0.22500 4.131422223012904e+00
0.23750 4.132224852850859e+00
0.25000 4.133071583734814e+00
0.26250 4.133962529925308e+00
0.27500 4.134897811869932e+00
0.28750 4.135877556253748e+00
0.30000 4.136901896052514e+00
0.31250 4.137970970588635e+00
0.32500 4.139084925590133e+00
0.33750 4.140243913252441e+00
0.35000 4.141448092303220e+00
0.36250 4.142697628070282e+00
0.37500 4.143992692552446e+00
0.38750 4.145333464493851e+00
0.40000 4.146720129461236e+00
0.41250 4.148152879924698e+00
0.42500 4.149631915341830e+00
0.43750 4.151157442245287e+00
0.45000 4.152729674333941e+00
0.46250 4.154348832567674e+00
0.47500 4.156015145265939e+00
0.48750 4.157728848210101e+00
0.50000 4.159490184749795e+00
0.51250 4.161299405913235e+00
0.52500 4.163156770521756e+00
0.53750 4.165062545308575e+00
0.55000 4.167017005041970e+00
0.56250 4.169020432652968e+00
0.57500 4.171073119367687e+00
0.58750 4.173175364844425e+00
0.60000 4.175327477315774e+00
0.61250 4.177529773735713e+00
0.62500 4.179782579931989e+00
0.63750 4.182086230763908e+00
0.65000 4.184441070285716e+00
0.66250 4.186847451915698e+00
0.67500 4.189305738611239e+00
0.68750 4.191816303050047e+00
0.70000 4.194379527817710e+00
0.71250 4.196995805601804e+00
0.72500 4.199665539392828e+00
0.73750 4.202389142692149e+00
0.75000 4.205167039727165e+00
0.76250 4.207999665674109e+00
0.77500 4.210887466888535e+00
0.78750 4.213830901143999e+00
0.80000 4.216830437878982e+00
0.81250 4.219886558452645e+00
0.82500 4.222999756409502e+00
0.83750 4.226170537753493e+00
0.85000 4.229399421231682e+00
0.86250 4.232686938628170e+00
0.87500 4.236033635068384e+00
0.88750 4.239440069334218e+00
0.90000 4.242906814190646e+00
0.91250 4.246434456723875e+00
0.92500 4.250023598691925e+00
0.93750 4.253674856887850e+00
0.95000 4.257388863516269e+00
0.96250 4.261166266583562e+00
0.97500 4.265007730302725e+00
0.98750 4.268913935512920e+00
1.00000 4.272885580114806e+00
1.01250 4.276923379522168e+00
1.02500 4.281028067130500e+00
1.03750 4.285200394803373e+00
1.05000 4.289441133377230e+00
1.06250 4.293751073185756e+00
1.07500 4.298131024604149e+00
1.08750 4.302581818614867e+00
1.10000 4.307104307395178e+00
1.11250 4.311699364928034e+00
1.12500 4.316367887637004e+00
1.13750 4.321110795046665e+00
1.15000 4.325929030469363e+00
1.16250 4.330823561719961e+00
1.17500 4.335795381859518e+00
1.18750 4.340845509969701e+00
1.20000 4.345974991959155e+00
1.21250 4.351184901403509e+00
1.22500 4.356476340420829e+00
1.23750 4.361850440584021e+00
1.25000 4.367308363872356e+00
1.26250 4.372851303664015e+00
1.27500 4.378480485771662e+00
1.28750 4.384197169523619e+00
1.30000 4.390002648892667e+00
1.31250 4.395898253675363e+00
1.32500 4.401885350724380e+00
1.33750 4.407965345236951e+00
1.35000 4.414139682102218e+00
1.36250 4.420409847311167e+00
1.37500 4.426777369432283e+00
1.38750 4.433243821156977e+00
1.40000 4.439810820918540e+00
1.41250 4.446480034589040e+00
1.42500 4.453253177258679e+00
1.43750 4.460132015102662e+00
1.45000 4.467118367340327e+00
1.46250 4.474214108292918e+00
1.47500 4.481421169545214e+00
1.48750 4.488741542218075e+00
1.50000 4.496177279358457e+00
1.51250 4.503730498454588e+00
1.52500 4.511403384084169e+00
1.53750 4.519198190704277e+00
1.55000 4.527117245592187e+00
1.56250 4.535162951947416e+00
1.57500 4.543337792165338e+00
1.58750 4.551644331294391e+00
1.60000 4.560085220689523e+00
1.61250 4.568663201875172e+00
1.62500 4.577381110633059e+00
1.63750 4.586241881330562e+00
1.65000 4.595248551506995e+00
1.66250 4.604404266737001e+00
1.67500 4.613712285791389e+00
1.68750 4.623175986117976e+00
1.70000 4.632798869666684e+00
1.71250 4.642584569085677e+00
1.72500 4.652536854317616e+00
1.73750 4.662659639627783e+00
1.75000 4.672956991098994e+00
1.76250 4.683433134631515e+00
1.77500 4.694092464489982e+00
1.78750 4.704939552443385e+00
1.80000 4.715979157549032e+00
1.81250 4.727216236636287e+00
1.82500 4.738655955552164e+00
1.83750 4.750303701237025e+00
1.85000 4.762165094705957e+00
1.86250 4.774246005020271e+00
1.87500 4.786552564341839e+00
1.88750 4.799091184174702e+00
1.90000 4.811868572909409e+00
1.91250 4.824891754799804e+00
1.92500 4.838168090516691e+00
1.93750 4.851705299441079e+00
1.95000 4.865511483879358e+00
1.96250 4.879595155405843e+00
1.97500 4.893965263564634e+00
1.98750 4.908631227193061e+00
2.00000 4.923602968663980e+00
2.01250 4.938890951384996e+00
2.02500 4.954506220939628e+00
2.03750 4.970460450310486e+00
2.05000 4.986765989688308e+00
2.06250 5.003435921446528e+00
2.07500 5.020484120948269e+00
2.08750 5.037925323958296e+00
2.10000 5.055775201554663e+00
2.11250 5.074050443582662e+00
2.12500 5.092768851868792e+00
2.13750 5.111949444623119e+00
2.15000 5.131612573711857e+00
2.16250 5.151780056790006e+00
2.17500 5.172475326657497e+00
2.18750 5.193723600660546e+00
2.20000 5.215552073524291e+00
2.21250 5.237990137701399e+00
2.22500 5.261069636193058e+00
2.23750 5.284825153894137e+00
2.25000 5.309294354899945e+00
2.26250 5.334518374981627e+00
2.27500 5.360542280714431e+00
2.28750 5.387415609706156e+00
2.30000 5.415193010264859e+00
2.31250 5.443935004021437e+00
2.32500 5.473708901994831e+00
2.33750 5.504589914116570e+00
2.35000 5.536662505468935e+00
2.36250 5.570022071225178e+00
2.37500 5.604777029362896e+00
2.38750 5.641051470354745e+00
2.40000 5.678988564258193e+00
2.41250 5.718755022278584e+00
2.42500 5.760547068898768e+00
2.43750 5.804598655722768e+00
2.45000 5.851193153964401e+00
2.46250 5.900680765579303e+00
2.47500 5.953506078609098e+00
2.48750 6.010255552308597e+00
2.50000 6.071749990162165e+00
2.51250 6.139259664992748e+00
2.52500 6.215143878486689e+00
2.53750 6.304764900603944e+00
2.55000 6.358180372620319e+00
2.56250 6.451189193798534e+00
2.57500 6.550283565455195e+00
2.58750 6.616979979885749e+00
2.60000 6.657197858924947e+00
2.61250 6.753974838337683e+00
2.62500 6.936079500322532e+00
2.63750 6.974423838957549e+00
2.65000 6.745457438329534e+00
2.66250 6.745702503531287e+00
2.67500 6.688125563695854e+00
2.68750 6.507701175261885e+00
2.70000 6.280960119350088e+00
2.71250 6.154199631102082e+00
2.72500 6.109414321437290e+00
2.73750 6.087002873363883e+00
2.75000 6.074177856234590e+00
2.76250 6.082963309250509e+00
2.77500 6.113955351716738e+00
2.78750 6.139063437452936e+00
2.80000 6.135981123377291e+00
2.81250 6.134968157542130e+00
2.82500 6.127149295026725e+00
2.83750 6.083651137947284e+00
2.85000 6.031104706376999e+00
2.86250 5.975696587818879e+00
2.87500 5.941474012151052e+00
2.88750 5.925844246606248e+00
2.90000 5.910247202453117e+00
2.91250 5.850154813575634e+00
2.92500 5.795735382896538e+00
2.93750 5.780016829015345e+00
2.95000 5.781325450232619e+00
2.96250 5.763472107097612e+00
2.97500 5.766385949097550e+00
2.98750 5.769805484184221e+00
3.00000 5.751002877979990e+00
3.01250 5.721076696899341e+00
3.02500 5.724463133939005e+00
3.03750 5.727112274794692e+00
3.05000 5.688749245408366e+00
3.06250 5.680899523881549e+00
3.07500 5.691812910385188e+00
3.08750 5.697536610605867e+00
3.10000 5.691947750438815e+00
3.11250 5.659308178691845e+00
3.12500 5.672061459829561e+00
3.13750 5.688615849402858e+00
3.15000 5.682711796615690e+00
3.16250 5.691324921353894e+00
3.17500 5.710330678949921e+00
3.18750 5.729806860206885e+00
3.20000 5.737188013867757e+00
3.21250 5.732515030995061e+00
3.22500 5.732260525580066e+00
3.23750 5.734994656893670e+00
3.25000 5.738128941228267e+00
3.26250 5.739328578811793e+00
3.27500 5.733389278158511e+00
3.28750 5.718567946770545e+00
3.30000 5.709546343326557e+00
3.31250 5.710369374203183e+00
3.32500 5.717569629146994e+00
3.33750 5.726668549628855e+00
3.35000 5.728140116960835e+00
3.36250 5.720125908043769e+00
3.37500 5.724714561590902e+00
3.38750 5.746440108530058e+00
3.40000 5.778611365856551e+00
3.41250 5.816396941155440e+00
3.42500 5.857700129281198e+00
3.43750 5.900663214927496e+00
3.45000 5.946517501295828e+00
3.46250 5.999176512141063e+00
3.47500 6.060403955736462e+00
3.48750 6.138547301535197e+00
3.50000 6.237611462852368e+00
3.51250 6.342781719079140e+00
3.52500 6.440124916953264e+00
3.53750 6.559694737626214e+00
3.55000 6.766789399647952e+00
3.56250 6.621238254763339e+00
3.57500 6.585841598041401e+00
3.58750 6.600547736478132e+00
3.60000 6.572743449932167e+00
3.61250 6.548836703382359e+00
3.62500 6.537269317754664e+00
3.63750 6.496881201412330e+00
3.65000 6.445614593883191e+00
3.66250 6.581592299875755e+00
3.67500 6.495105582844494e+00
3.68750 6.643664419180213e+00
3.70000 6.796297181984801e+00
3.71250 6.621826228177040e+00
3.72500 6.874211094000402e+00
3.73750 6.093197583171746e+00
3.75000 5.274266847269540e+00
3.76250 5.012539832269385e+00
3.77500 4.966829773270173e+00
3.78750 4.821197018350533e+00
3.80000 4.691131479321779e+00
3.81250 4.378077619679079e+00
3.82500 4.200164437664439e+00
3.83750 4.101681353628893e+00
3.85000 3.980998337608597e+00
3.86250 3.840054808107961e+00
3.87500 3.689094942616973e+00
3.88750 3.539864928791258e+00
3.90000 3.402337511837100e+00
3.91250 3.282812363154425e+00
3.92500 3.183588604546483e+00
3.93750 3.103963363030940e+00
3.95000 3.041298447345075e+00
3.96250 2.991787261497783e+00
3.97500 2.951950751442094e+00
3.98750 2.920137663758078e+00
4.00000 2.896116315335640e+00
4.01250 2.879785123632611e+00
4.02500 2.870463647110870e+00
4.03750 2.866651531332712e+00
4.05000 2.866103148586690e+00
4.06250 2.866250674960190e+00
4.07500 2.864940668207103e+00
4.08750 2.861006943268253e+00
4.10000 2.853977350039382e+00
4.11250 2.843164987624598e+00
4.12500 2.827350858338317e+00
4.13750 2.805496114902852e+00
4.15000 2.777484643030904e+00
4.16250 2.744430760377683e+00
4.17500 2.708778512289149e+00
4.18750 2.673276752595130e+00
4.20000 2.639590525214186e+00
4.21250 2.608037989221919e+00
4.22500 2.578284696912541e+00
4.23750 2.550301228126209e+00
4.25000 2.523981247381277e+00
4.26250 2.498405125296576e+00
4.27500 2.472964001613604e+00
4.28750 2.446615869048193e+00
4.30000 2.419133787832468e+00
4.31250 2.395260713616749e+00
4.32500 2.379791977138659e+00
4.33750 2.372914707376909e+00
4.35000 2.370863395731690e+00
4.36250 2.372351655120191e+00
4.37500 2.385437855187270e+00
4.38750 2.404626710802547e+00
4.40000 2.416159207983408e+00
4.41250 2.429437150648180e+00
4.42500 2.446518114115393e+00
4.43750 2.475613700864169e+00
4.45000 2.511560277005080e+00
4.46250 2.537312588733827e+00
4.47500 2.568838425426213e+00
4.48750 2.616525948179335e+00
4.50000 2.720262044837461e+00
4.51250 2.852179542765373e+00
4.52500 3.118591956770906e+00
4.53750 2.764229462038264e+00
4.55000 2.483578954265372e+00
4.56250 2.387810368128597e+00
4.57500 2.309286975723076e+00
4.58750 2.253308634001876e+00
4.60000 2.213854675924178e+00
4.61250 2.180227983218919e+00
4.62500 2.146792752517946e+00
4.63750 2.119027419145263e+00
4.65000 2.097986073189531e+00
4.66250 2.080327118837817e+00
4.67500 2.063609750247200e+00
4.68750 2.046346372412980e+00
4.70000 2.027691764904245e+00
4.71250 2.007454538715960e+00
4.72500 1.985721919720235e+00
4.73750 1.962464071943600e+00
4.75000 1.937534303851786e+00
4.76250 1.910953654681894e+00
4.77500 1.883171613499764e+00
4.78750 1.855044549712054e+00
4.80000 1.827563287654802e+00
4.81250 1.801548523154569e+00
4.82500 1.777409746757845e+00
4.83750 1.755104072553434e+00
4.85000 1.734389350146323e+00
4.86250 1.715137119260076e+00
4.87500 1.697372926244813e+00
4.88750 1.681071495268445e+00
4.90000 1.666062825592032e+00
4.91250 1.652182230630838e+00
4.92500 1.639355905135970e+00
4.93750 1.627429211810020e+00
4.95000 1.616082627437205e+00
4.96250 1.605074373453896e+00
4.97500 1.594438101521858e+00
4.98750 1.584363062216774e+00
5.00000 1.575106938318732e+00
5.01250 1.567085173776516e+00
5.02500 1.560669884080470e+00
5.03750 1.555608981074576e+00
5.05000 1.551127530630770e+00
5.06250 1.547249954113900e+00
5.07500 1.544976564239432e+00
5.08750 1.545300672808047e+00
5.10000 1.549394455584734e+00
5.11250 1.559591745156815e+00
5.12500 1.572288388159803e+00
5.13750 1.555582849432312e+00
5.15000 1.533929978910136e+00
5.16250 1.514433849228927e+00
5.17500 1.498227654052440e+00
5.18750 1.485491602998186e+00
5.20000 1.474782870029023e+00
5.21250 1.465565853248389e+00
5.22500 1.457906218512552e+00
5.23750 1.451791686749375e+00
5.25000 1.447038064398991e+00
5.26250 1.443042411552711e+00
5.27500 1.438502883971976e+00
5.28750 1.430849042808917e+00
5.30000 1.416800144278117e+00
5.31250 1.397239170478793e+00
5.32500 1.376912399253185e+00
5.33750 1.358303784489515e+00
5.35000 1.340402196340593e+00
5.36250 1.321841490669100e+00
5.37500 1.305304626796215e+00
5.38750 1.291811821052016e+00
5.40000 1.278062788163554e+00
5.41250 1.261330761940157e+00
5.42500 1.244439391677875e+00
5.43750 1.229812295763334e+00
5.45000 1.217193163223216e+00
5.46250 1.205730617152948e+00
5.47500 1.194761041419810e+00
5.48750 1.183923777317114e+00
5.50000 1.173154285213956e+00
5.51250 1.162785432358319e+00
5.52500 1.153614332730225e+00
5.53750 1.146628051538462e+00
5.55000 1.142933293124346e+00
5.56250 1.142056807304233e+00
5.57500 1.135191351335569e+00
5.58750 1.124342364170992e+00
5.60000 1.113053978130161e+00
5.61250 1.100869575404507e+00
5.62500 1.089455022198174e+00
5.63750 1.079394355671105e+00
5.65000 1.070185601754406e+00
5.66250 1.060496658144052e+00
5.67500 1.048899123977131e+00
5.68750 1.035187807061573e+00
5.70000 1.020496384009957e+00
5.71250 1.006240273680613e+00
5.72500 9.933960048748585e-01
5.73750 9.824040186026346e-01
5.75000 9.732960564956411e-01
5.76250 9.658417634359716e-01
5.77500 9.596894930079420e-01
5.78750 9.544672073328867e-01
5.80000 9.498459377499313e-01
5.81250 9.456403598214372e-01
5.82500 9.418890320692079e-01
5.83750 9.387541319531185e-01
5.85000 9.363358963612368e-01
5.86250 9.345877680058907e-01
5.87500 9.333230285207595e-01
5.88750 9.322605900810347e-01
5.90000 9.311195478863672e-01
5.91250 9.297324366143112e-01
5.92500 9.280661124005023e-01
5.93750 9.261355023287814e-01
5.95000 9.239235228571299e-01
5.96250 9.213864542708413e-01
5.97500 9.185349568663755e-01
5.98750 9.154639686841245e-01
6.00000 9.122577702083998e-01
6.01250 9.088976619468172e-01
6.02500 9.052696114979348e-01
6.03750 9.012291757207248e-01
6.05000 8.966675554006106e-01
6.06250 8.915525406951571e-01
6.07500 8.858968273862337e-01
6.08750 8.797150858674679e-01
6.10000 8.730256227533725e-01
6.11250 8.658300963732539e-01
6.12500 8.583063405567214e-01
6.13750 8.504487334931917e-01
6.15000 8.422446953359372e-01
6.16250 8.340320349943584e-01
6.17500 8.256910579370321e-01
6.18750 8.172390340645381e-01
6.20000 8.087233840173371e-01
6.21250 8.002131533215600e-01
6.22500 7.917920777112663e-01
6.23750 7.835503403766080e-01
6.25000 7.755736095416645e-01
6.26250 7.679324098820050e-01
6.27500 7.606757112399587e-01
6.28750 7.538279838854353e-01
6.30000 7.473859944937575e-01
6.31250 7.413147328285274e-01
6.32500 7.355477979438608e-01
6.33750 7.300006866713683e-01
6.35000 7.246002736314867e-01
6.36250 7.193181081817074e-01
6.37500 7.141832446905479e-01
6.38750 7.092640381451759e-01
6.40000 7.046353875852532e-01
6.41250 7.003535207828160e-01
6.42500 6.964459705571389e-01
6.43750 6.929127217077531e-01
6.45000 6.897313356450461e-01
6.46250 6.868679061484555e-01
6.47500 6.842988143441234e-01
6.48750 6.820300487995002e-01
6.50000 6.800947566741796e-01
6.51250 6.785290861987655e-01
6.52500 6.773461969308917e-01
6.53750 6.765302026961608e-01
6.55000 6.760616805596168e-01
6.56250 6.759675513370658e-01
6.57500 6.763670423058198e-01
6.58750 6.774975361427128e-01
6.60000 6.797530119497853e-01
6.61250 6.837579252740175e-01
6.62500 6.902419555349512e-01
6.63750 6.982924758723534e-01
6.65000 7.006177399684573e-01
6.66250 6.939845739540752e-01
6.67500 6.886788267982838e-01
6.68750 6.877861186505161e-01
6.70000 6.896411507296925e-01
6.71250 6.929186986159385e-01
6.72500 6.965496962498581e-01
6.73750 6.992256889481893e-01
6.75000 6.997626499880460e-01
6.76250 6.981179043019846e-01
6.77500 6.954944203833703e-01
6.78750 6.931299940285957e-01
6.80000 6.914403527706015e-01
6.81250 6.901914769726556e-01
6.82500 6.889647177154855e-01
6.83750 6.874383096198534e-01
6.85000 6.854913675539874e-01
6.86250 6.832284204212943e-01
6.87500 6.808437533825461e-01
6.88750 6.782993805271632e-01
6.90000 6.751725776391700e-01
6.91250 6.710285168693368e-01
6.92500 6.659664961612208e-01
6.93750 6.605347802415851e-01
6.95000 6.552514678276191e-01
6.96250 6.504156657999303e-01
6.97500 6.461221145199371e-01
6.98750 6.422724680557400e-01
7.00000 6.386568207757988e-01
7.01250 6.351489735435295e-01
7.02500 6.318082197188353e-01
7.03750 6.287149796848039e-01
7.05000 6.257192934554155e-01
7.06250 6.223814059337947e-01
7.07500 6.182654863854919e-01
7.08750 6.134073379760292e-01
7.10000 6.083968259931503e-01
7.11250 6.040496431766231e-01
7.12500 6.012270083183272e-01
7.13750 6.015072917551775e-01
7.15000 6.131601299298197e-01
7.16250 6.128748528446732e-01
7.17500 5.947981263843631e-01
7.18750 5.931598178138890e-01
7.20000 5.920577586230777e-01
7.21250 5.894217696645009e-01
7.22500 5.860119335450058e-01
7.23750 5.823193559045917e-01
7.25000 5.786656696345887e-01
7.26250 5.756654440515234e-01
7.27500 5.734181042574915e-01
7.28750 5.716102539340908e-01
7.30000 5.696388706456940e-01
7.31250 5.676522409277072e-01
7.32500 5.661117529246107e-01
7.33750 5.649459310623320e-01
7.35000 5.640481479611618e-01
7.36250 5.629240883027312e-01
7.37500 5.610185815322977e-01
7.38750 5.594910102498800e-01
7.40000 5.586414461813299e-01
7.41250 5.581481300057057e-01
7.42500 5.573619173593912e-01
7.43750 5.560457172366801e-01
7.45000 5.548506294863605e-01
7.46250 5.542222196811845e-01
7.47500 5.542099724963987e-01
7.48750 5.545561141086945e-01
7.50000 5.549004224108917e-01
7.51250 5.545905431139661e-01
7.52500 5.525558829308819e-01
7.53750 5.496161662957717e-01
7.55000 5.471547670657656e-01
7.56250 5.452061331592203e-01
7.57500 5.439782005319945e-01
7.58750 5.437894825153704e-01
7.60000 5.449228990518380e-01
7.61250 5.465512872952046e-01
7.62500 5.447553585912175e-01
7.63750 5.446104601167022e-01
7.65000 5.533030326019969e-01
7.66250 5.441327049680036e-01
7.67500 5.431872095701793e-01
7.68750 5.379925012123293e-01
7.70000 5.341894582808308e-01
7.71250 5.281379773198976e-01
7.72500 5.230793085155470e-01
7.73750 5.201107193610928e-01
7.75000 5.180837845784555e-01
7.76250 5.163845751339746e-01
7.77500 5.150360074065626e-01
7.78750 5.139494301004686e-01
7.80000 5.128777843320870e-01
7.81250 5.114719761466164e-01
7.82500 5.094102825668573e-01
7.83750 5.067642343731983e-01
7.85000 5.039491345437780e-01
7.86250 5.011024207370082e-01
7.87500 4.981435152374720e-01
7.88750 4.950367124727364e-01
7.90000 4.918613663125201e-01
7.91250 4.887583743437905e-01
7.92500 4.858605324346021e-01
7.93750 4.832648365020117e-01
7.95000 4.810368483703968e-01
7.96250 4.792117367113603e-01
7.97500 4.778018126061052e-01
7.98750 4.767903257025918e-01
8.00000 4.761279568468640e-01
8.01250 4.757435409170735e-01
8.02500 4.755598155008229e-01
8.03750 4.755150164171778e-01
8.05000 4.755689094288584e-01
8.06250 4.757042569481219e-01
8.07500 4.758922119906138e-01
8.08750 4.760720456941099e-01
8.10000 4.761952599727471e-01
8.11250 4.763028605207821e-01
8.12500 4.764416145792036e-01
8.13750 4.766034528709838e-01
8.15000 4.767571761910132e-01
8.16250 4.768693715187921e-01
8.17500 4.769054644544162e-01
8.18750 4.768325422325281e-01
8.20000 4.766530950819819e-01
8.21250 4.764406530598749e-01
8.22500 4.762651317360226e-01
8.23750 4.761181416242616e-01
8.25000 4.759495173051620e-01
8.26250 4.757832267079733e-01
8.27500 4.756656614082895e-01
8.28750 4.755827507763444e-01
8.30000 4.753963040361042e-01
8.31250 4.749673316263954e-01
8.32500 4.746035249484765e-01
8.33750 4.746855325459055e-01
8.35000 4.733485086299172e-01
8.36250 4.725664004181833e-01
8.37500 4.713142422878665e-01
8.38750 4.703967412328853e-01
8.40000 4.697081290066215e-01
8.41250 4.689375456134958e-01
8.42500 4.684985929429059e-01
8.43750 4.685893273832518e-01
8.45000 4.686574623472226e-01
8.46250 4.656427956029117e-01
8.47500 4.625930478930885e-01
8.48750 4.601492127363110e-01
8.50000 4.580110495636667e-01
8.51250 4.559650641442746e-01
8.52500 4.539218435394145e-01
8.53750 4.518504449680911e-01
8.55000 4.497097912370672e-01
8.56250 4.476399106464595e-01
8.57500 4.457199127846754e-01
8.58750 4.439188470456168e-01
8.60000 4.421865342199486e-01
8.61250 4.404530574313655e-01
8.62500 4.387075199108124e-01
8.63750 4.370160572242278e-01
8.65000 4.353860755864615e-01
8.66250 4.339302504167132e-01
8.67500 4.331226459188166e-01
8.68750 4.337014720630224e-01
8.70000 4.310795425686831e-01
8.71250 4.287809441862061e-01
8.72500 4.278531387808306e-01
8.73750 4.273582083418120e-01
8.75000 4.270975572125469e-01
8.76250 4.270006975176130e-01
8.77500 4.270263384416443e-01
8.78750 4.271461664540172e-01
8.80000 4.273432348034523e-01
8.81250 4.276143139537755e-01
8.82500 4.277924718900513e-01
8.83750 4.278156792580793e-01
8.85000 4.278300591313093e-01
8.86250 4.278245756626129e-01
8.87500 4.278353892785824e-01
8.88750 4.278852718540389e-01
8.90000 4.279498149179692e-01
8.91250 4.279935321477256e-01
8.92500 4.280054730654940e-01
8.93750 4.280126166043482e-01
8.95000 4.280727870265516e-01
8.96250 4.282171349134998e-01
8.97500 4.284045077873515e-01
8.98750 4.286079285078312e-01
9.00000 4.288973871000650e-01
9.01250 4.293053059198071e-01
9.02500 4.298413638016242e-01
9.03750 4.305235500603906e-01
9.05000 4.313596351526174e-01
9.06250 4.323386639649092e-01
9.07500 4.334212961774723e-01
9.08750 4.345413910982380e-01
9.10000 4.356384669891797e-01
9.11250 4.366686373347807e-01
9.12500 4.376492994022093e-01
9.13750 4.386095725646045e-01
9.15000 4.395164428847468e-01
9.16250 4.403311841760434e-01
9.17500 4.410487548385527e-01
9.18750 4.416806921233928e-01
9.20000 4.422348104277293e-01
9.21250 4.427151232871800e-01
9.22500 4.431264231321942e-01
9.23750 4.434674466929390e-01
9.25000 4.437279975332340e-01
9.26250 4.438941721191997e-01
9.27500 4.439543177624528e-01
9.28750 4.439037584557121e-01
9.30000 4.437480168677486e-01
9.31250 4.435011934487085e-01
9.32500 4.431766637304543e-01
9.33750 4.427835138986109e-01
9.35000 4.423363249642471e-01
9.36250 4.418606339502099e-01
9.37500 4.413859187207844e-01
9.38750 4.409362909822340e-01
9.40000 4.405221389253718e-01
9.41250 4.401426366855378e-01
9.42500 4.398139594268315e-01
9.43750 4.395816731996077e-01
9.45000 4.394826342692620e-01
9.46250 4.395209299712300e-01
9.47500 4.396772336265168e-01
9.48750 4.399274283442146e-01
9.50000 4.402651501338921e-01
9.51250 4.407143982411865e-01
9.52500 4.413151243317802e-01
9.53750 4.421001471726030e-01
9.55000 4.430965983710015e-01
9.56250 4.443559132472736e-01
9.57500 4.459206478021255e-01
9.58750 4.474286857300240e-01
9.60000 4.483500700685503e-01
9.61250 4.495289660481328e-01
9.62500 4.504996312011543e-01
9.63750 4.517433877589755e-01
9.65000 4.533824120622215e-01
9.66250 4.551346516419975e-01
9.67500 4.566278278547301e-01
9.68750 4.580523304365227e-01
9.70000 4.596825797216437e-01
9.71250 4.615061056889458e-01
9.72500 4.634775542714301e-01
9.73750 4.655644680920402e-01
9.75000 4.677483878863112e-01
9.76250 4.700145892632562e-01
9.77500 4.723455296684453e-01
9.78750 4.747225793080896e-01
9.80000 4.771318523114197e-01
9.81250 4.795698640161442e-01
9.82500 4.820493383769577e-01
9.83750 4.846036056987577e-01
9.85000 4.872801660269175e-01
9.86250 4.898871939228802e-01
9.87500 4.922322798646314e-01
9.88750 4.945985460478086e-01
9.90000 4.970954556808591e-01
9.91250 4.996248875279731e-01
9.92500 5.021196210740276e-01
9.93750 5.045524899588313e-01
9.95000 5.069187328198147e-01
9.96250 5.092232574274358e-01
9.97500 5.114695739852408e-01
9.98750 5.136542542271444e-01
10.00000 5.157659352309344e-01
