  300.00 -12.00000  8.44522e+08  8.44525e+08  8.44522e+08 -8.84553e+05 -8.83326e+05  8.84081e+05
  300.00 -11.97788  1.60820e+09  1.60820e+09  1.60820e+09 -1.36426e+06 -1.36224e+06  1.36336e+06
  300.00 -11.95576  2.98475e+09  2.98476e+09  2.98475e+09 -1.78965e+06 -1.78667e+06  1.78800e+06
  300.00 -11.93363  5.35937e+09  5.35939e+09  5.35939e+09 -1.55079e+06 -1.54714e+06  1.54785e+06
  300.00 -11.91151  9.21184e+09  9.21187e+09  9.21188e+09  7.29155e+05  7.31857e+05 -7.34116e+05
  300.00 -11.88939  1.49346e+10  1.49347e+10  1.49347e+10  6.71711e+06  6.71527e+06 -6.72477e+06
  300.00 -11.86727  2.24261e+10  2.24262e+10  2.24263e+10  1.49173e+07  1.49075e+07 -1.49272e+07
  300.00 -11.84515  3.06661e+10  3.06662e+10  3.06663e+10  1.54179e+07  1.54036e+07 -1.54259e+07
  300.00 -11.82302  3.79074e+10  3.79073e+10  3.79074e+10 -3.55718e+06 -3.56239e+06  3.56039e+06
  300.00 -11.80090  4.27091e+10  4.27089e+10  4.27088e+10 -3.18604e+07 -3.18519e+07  3.18848e+07
  300.00 -11.77878  4.47888e+10  4.47886e+10  4.47885e+10 -3.78964e+07 -3.78969e+07  3.79410e+07
  300.00 -11.75666  4.47888e+10  4.47886e+10  4.47885e+10 -9.85178e+06 -9.88875e+06  9.89685e+06
  300.00 -11.73453  4.35574e+10  4.35573e+10  4.35572e+10  2.90449e+07  2.89779e+07 -2.90332e+07
  300.00 -11.71241  4.17628e+10  4.17628e+10  4.17628e+10  4.85484e+07  4.84852e+07 -4.85940e+07
  300.00 -11.69029  3.98115e+10  3.98115e+10  3.98116e+10  3.75312e+07  3.74949e+07 -3.76232e+07
  300.00 -11.66817  3.79016e+10  3.79016e+10  3.79018e+10  7.08546e+06  7.07277e+06 -7.18052e+06
  300.00 -11.64605  3.61324e+10  3.61325e+10  3.61326e+10 -2.11576e+07 -2.11574e+07  2.11034e+07
  300.00 -11.62392  3.45379e+10  3.45380e+10  3.45382e+10 -2.93657e+07 -2.93521e+07  2.93698e+07
  300.00 -11.60180  3.30906e+10  3.30907e+10  3.30908e+10 -1.36390e+07 -1.36038e+07  1.36879e+07
  300.00 -11.57968  3.17656e+10  3.17657e+10  3.17658e+10  1.50599e+07  1.51176e+07 -1.49953e+07
  300.00 -11.55756  3.05721e+10  3.05722e+10  3.05721e+10  3.95874e+07  3.96540e+07 -3.95326e+07
  300.00 -11.53544  2.95051e+10  2.95052e+10  2.95050e+10  4.79330e+07  4.79876e+07 -4.78999e+07
  300.00 -11.51331  2.85254e+10  2.85254e+10  2.85252e+10  3.87998e+07  3.88282e+07 -3.87891e+07
  300.00 -11.49119  2.76076e+10  2.76076e+10  2.76074e+10  1.92470e+07  1.92502e+07 -1.92547e+07
  300.00 -11.46907  2.67683e+10  2.67683e+10  2.67680e+10 -1.67603e+06 -1.68516e+06  1.65539e+06
  300.00 -11.44695  2.60236e+10  2.60236e+10  2.60234e+10 -1.79452e+07 -1.79526e+07  1.79189e+07
  300.00 -11.42482  2.53458e+10  2.53458e+10  2.53457e+10 -2.77900e+07 -2.77905e+07  2.77681e+07
  300.00 -11.40270  2.46834e+10  2.46834e+10  2.46834e+10 -3.21841e+07 -3.21845e+07  3.21781e+07
  300.00 -11.38058  2.40167e+10  2.40167e+10  2.40169e+10 -3.27010e+07 -3.27147e+07  3.27204e+07
  300.00 -11.35846  2.33757e+10  2.33757e+10  2.33759e+10 -3.01909e+07 -3.02291e+07  3.02391e+07
  300.00 -11.33634  2.28000e+10  2.28000e+10  2.28002e+10 -2.47295e+07 -2.47932e+07  2.48001e+07
  300.00 -11.31421  2.22937e+10  2.22936e+10  2.22939e+10 -1.63703e+07 -1.64483e+07  1.64471e+07
  300.00 -11.29209  2.18238e+10  2.18237e+10  2.18239e+10 -5.85657e+06 -5.92972e+06  5.91847e+06
  300.00 -11.26997  2.13591e+10  2.13591e+10  2.13592e+10  5.25081e+06  5.20151e+06 -5.22191e+06
  300.00 -11.24785  2.09032e+10  2.09032e+10  2.09033e+10  1.49894e+07  1.49755e+07 -1.50016e+07
  300.00 -11.22573  2.04884e+10  2.04884e+10  2.04884e+10  2.15271e+07  2.15492e+07 -2.15762e+07
  300.00 -11.20360  2.01400e+10  2.01400e+10  2.01399e+10  2.34754e+07  2.35252e+07 -2.35489e+07
  300.00 -11.18148  1.98487e+10  1.98487e+10  1.98486e+10  2.00230e+07  2.00873e+07 -2.01057e+07
  300.00 -11.15936  1.95758e+10  1.95758e+10  1.95757e+10  1.10954e+07  1.11610e+07 -1.11746e+07
  300.00 -11.13724  1.92846e+10  1.92846e+10  1.92845e+10 -2.42510e+06 -2.36861e+06  2.35738e+06
  300.00 -11.11512  1.89685e+10  1.89685e+10  1.89684e+10 -1.86048e+07 -1.85641e+07  1.85532e+07
  300.00 -11.09299  1.86522e+10  1.86523e+10  1.86522e+10 -3.46382e+07 -3.46162e+07  3.46052e+07
  300.00 -11.07087  1.83673e+10  1.83674e+10  1.83673e+10 -4.72478e+07 -4.72442e+07  4.72349e+07
  300.00 -11.04875  1.81233e+10  1.81234e+10  1.81234e+10 -5.31849e+07 -5.31970e+07  5.31923e+07
  300.00 -11.02663  1.78978e+10  1.78978e+10  1.78979e+10 -4.98177e+07 -4.98411e+07  4.98438e+07
  300.00 -11.00450  1.76513e+10  1.76513e+10  1.76514e+10 -3.58301e+07 -3.58596e+07  3.58712e+07
  300.00 -10.98238  1.73553e+10  1.73554e+10  1.73554e+10 -1.18665e+07 -1.18974e+07  1.19175e+07
  300.00 -10.96026  1.70122e+10  1.70123e+10  1.70123e+10  1.92166e+07  1.91880e+07 -1.91616e+07
  300.00 -10.93814  1.66538e+10  1.66538e+10  1.66539e+10  5.27151e+07  5.26914e+07 -5.26623e+07
  300.00 -10.91602  1.63210e+10  1.63209e+10  1.63210e+10  8.29428e+07  8.29257e+07 -8.28979e+07
  300.00 -10.89389  1.60395e+10  1.60395e+10  1.60395e+10  1.04296e+08  1.04286e+08 -1.04264e+08
  300.00 -10.87177  1.58078e+10  1.58078e+10  1.58078e+10  1.12313e+08  1.12312e+08 -1.12297e+08
  300.00 -10.84965  1.56019e+10  1.56018e+10  1.56018e+10  1.04661e+08  1.04667e+08 -1.04662e+08
  300.00 -10.82753  1.53927e+10  1.53926e+10  1.53926e+10  8.18423e+07  8.18541e+07 -8.18576e+07
  300.00 -10.80541  1.51646e+10  1.51646e+10  1.51646e+10  4.72830e+07  4.72979e+07 -4.73074e+07
  300.00 -10.78328  1.49231e+10  1.49230e+10  1.49230e+10  6.56482e+06  6.57997e+06 -6.59165e+06
  300.00 -10.76116  1.46885e+10  1.46884e+10  1.46884e+10 -3.39539e+07 -3.39409e+07  3.39312e+07
  300.00 -10.73904  1.44810e+10  1.44810e+10  1.44810e+10 -6.85605e+07 -6.85509e+07  6.85463e+07
  300.00 -10.71692  1.43072e+10  1.43071e+10  1.43071e+10 -9.31809e+07 -9.31752e+07  9.31769e+07
  300.00 -10.69479  1.41544e+10  1.41544e+10  1.41543e+10 -1.05833e+08 -1.05830e+08  1.05838e+08
  300.00 -10.67267  1.39978e+10  1.39978e+10  1.39978e+10 -1.06659e+08 -1.06659e+08  1.06671e+08
  300.00 -10.65055  1.38138e+10  1.38138e+10  1.38138e+10 -9.76523e+07 -9.76540e+07  9.76659e+07
  300.00 -10.62843  1.35928e+10  1.35928e+10  1.35928e+10 -8.20934e+07 -8.20966e+07  8.21066e+07
  300.00 -10.60631  1.33446e+10  1.33446e+10  1.33446e+10 -6.37870e+07 -6.37919e+07  6.37980e+07
  300.00 -10.58418  1.30935e+10  1.30935e+10  1.30935e+10 -4.62594e+07 -4.62659e+07  4.62673e+07
  300.00 -10.56206  1.28656e+10  1.28656e+10  1.28657e+10 -3.21324e+07 -3.21406e+07  3.21371e+07
  300.00 -10.53994  1.26767e+10  1.26767e+10  1.26767e+10 -2.27767e+07 -2.27861e+07  2.27784e+07
  300.00 -10.51782  1.25250e+10  1.25250e+10  1.25250e+10 -1.82248e+07 -1.82348e+07  1.82238e+07
  300.00 -10.49570  1.23931e+10  1.23931e+10  1.23931e+10 -1.72934e+07 -1.73033e+07  1.72899e+07
  300.00 -10.47357  1.22570e+10  1.22570e+10  1.22570e+10 -1.79105e+07 -1.79194e+07  1.79050e+07
  300.00 -10.45145  1.20976e+10  1.20976e+10  1.20976e+10 -1.76647e+07 -1.76720e+07  1.76579e+07
  300.00 -10.42933  1.19095e+10  1.19095e+10  1.19095e+10 -1.45037e+07 -1.45091e+07  1.44964e+07
  300.00 -10.40721  1.17032e+10  1.17032e+10  1.17032e+10 -7.37758e+06 -7.38094e+06  7.37047e+06
  300.00 -10.38509  1.14988e+10  1.14988e+10  1.14988e+10  3.41205e+06  3.41065e+06 -3.41840e+06
  300.00 -10.36296  1.13162e+10  1.13162e+10  1.13162e+10  1.62764e+07  1.62767e+07 -1.62817e+07
  300.00 -10.34084  1.11658e+10  1.11658e+10  1.11658e+10  2.87686e+07  2.87704e+07 -2.87727e+07
  300.00 -10.31872  1.10434e+10  1.10434e+10  1.10434e+10  3.82268e+07  3.82297e+07 -3.82297e+07
  300.00 -10.29660  1.09320e+10  1.09320e+10  1.09320e+10  4.24742e+07  4.24779e+07 -4.24758e+07
  300.00 -10.27447  1.08091e+10  1.08091e+10  1.08090e+10  4.04232e+07  4.04272e+07 -4.04233e+07
  300.00 -10.25235  1.06554e+10  1.06554e+10  1.06554e+10  3.24203e+07  3.24245e+07 -3.24189e+07
  300.00 -10.23023  1.04632e+10  1.04632e+10  1.04632e+10  2.01993e+07  2.02035e+07 -2.01966e+07
  300.00 -10.20811  1.02384e+10  1.02384e+10  1.02384e+10  6.43282e+06  6.43705e+06 -6.42914e+06
  300.00 -10.18599  9.99727e+09  9.99728e+09  9.99729e+09 -5.95757e+06 -5.95299e+06  5.96124e+06
  300.00 -10.16386  9.75953e+09  9.75955e+09  9.75956e+09 -1.44872e+07 -1.44819e+07  1.44896e+07
  300.00 -10.14174  9.53984e+09  9.53986e+09  9.53987e+09 -1.76030e+07 -1.75968e+07  1.76032e+07
  300.00 -10.11962  9.34247e+09  9.34249e+09  9.34249e+09 -1.49310e+07 -1.49236e+07  1.49280e+07
  300.00 -10.09750  9.16010e+09  9.16013e+09  9.16012e+09 -7.30961e+06 -7.30146e+06  7.30352e+06
  300.00 -10.07538  8.97713e+09  8.97716e+09  8.97714e+09  3.35691e+06  3.36518e+06 -3.36525e+06
  300.00 -10.05325  8.77599e+09  8.77602e+09  8.77599e+09  1.44426e+07  1.44500e+07 -1.44515e+07
  300.00 -10.03113  8.54402e+09  8.54403e+09  8.54401e+09  2.31479e+07  2.31533e+07 -2.31552e+07
  300.00 -10.00901  8.27819e+09  8.27820e+09  8.27818e+09  2.71721e+07  2.71745e+07 -2.71755e+07
  300.00 -9.98689  7.98593e+09  7.98593e+09  7.98593e+09  2.53212e+07  2.53199e+07 -2.53192e+07
  300.00 -9.96476  7.68164e+09  7.68163e+09  7.68164e+09  1.78371e+07  1.78320e+07 -1.78291e+07
  300.00 -9.94264  7.38069e+09  7.38067e+09  7.38069e+09  6.33045e+06  6.32228e+06 -6.31715e+06
  300.00 -9.92052  7.09342e+09  7.09339e+09  7.09344e+09 -6.64623e+06 -6.65635e+06  6.66310e+06
  300.00 -9.89840  6.82136e+09  6.82133e+09  6.82139e+09 -1.82442e+07 -1.82547e+07  1.82621e+07
  300.00 -9.87628  6.55702e+09  6.55700e+09  6.55706e+09 -2.60186e+07 -2.60280e+07  2.60349e+07
  300.00 -9.85415  6.28721e+09  6.28719e+09  6.28724e+09 -2.85364e+07 -2.85434e+07  2.85488e+07
  300.00 -9.83203  5.99856e+09  5.99854e+09  5.99859e+09 -2.57456e+07 -2.57495e+07  2.57525e+07
  300.00 -9.80991  5.68328e+09  5.68326e+09  5.68329e+09 -1.89752e+07 -1.89761e+07  1.89766e+07
  300.00 -9.78779  5.34260e+09  5.34258e+09  5.34259e+09 -1.05318e+07 -1.05304e+07  1.05284e+07
  300.00 -9.76567  4.98638e+09  4.98636e+09  4.98635e+09 -3.01983e+06 -3.01734e+06  3.01318e+06
  300.00 -9.74354  4.62900e+09  4.62898e+09  4.62896e+09  1.35709e+06  1.35979e+06 -1.36546e+06
  300.00 -9.72142  4.28316e+09  4.28314e+09  4.28311e+09  1.29093e+06  1.29329e+06 -1.29981e+06
  300.00 -9.69930  3.95436e+09  3.95434e+09  3.95430e+09 -3.41251e+06 -3.41050e+06  3.40380e+06
  300.00 -9.67718  3.63804e+09  3.63802e+09  3.63799e+09 -1.18317e+07 -1.18296e+07  1.18234e+07
  300.00 -9.65506  3.32057e+09  3.32057e+09  3.32054e+09 -2.21122e+07 -2.21097e+07  2.21045e+07
  300.00 -9.63293  2.98357e+09  2.98358e+09  2.98356e+09 -3.19279e+07 -3.19248e+07  3.19212e+07
  300.00 -9.61081  2.61014e+09  2.61016e+09  2.61014e+09 -3.92414e+07 -3.92379e+07  3.92362e+07
  300.00 -9.58869  2.19145e+09  2.19147e+09  2.19146e+09 -4.29447e+07 -4.29419e+07  4.29423e+07
  300.00 -9.56657  1.73439e+09  1.73442e+09  1.73440e+09 -4.27394e+07 -4.27386e+07  4.27407e+07
  300.00 -9.54444  1.27122e+09  1.27124e+09  1.27123e+09 -3.86431e+07 -3.86446e+07  3.86473e+07
  300.00 -9.52232  8.58054e+08  8.58072e+08  8.58062e+08 -3.14137e+07 -3.14163e+07  3.14181e+07
  300.00 -9.50020  5.45524e+08  5.45537e+08  5.45529e+08 -2.29562e+07 -2.29586e+07  2.29586e+07
  300.00 -9.47808  3.44659e+08  3.44667e+08  3.44662e+08 -1.50280e+07 -1.50296e+07  1.50279e+07
  300.00 -9.45596  2.28539e+08  2.28543e+08  2.28541e+08 -8.21768e+06 -8.21889e+06  8.21614e+06
  300.00 -9.43383  1.60376e+08  1.60380e+08  1.60380e+08 -2.51011e+06 -2.51126e+06  2.50831e+06
  300.00 -9.41171  1.13309e+08  1.13311e+08  1.13314e+08  1.89533e+06  1.89416e+06 -1.89634e+06
  300.00 -9.38959  7.46719e+07  7.46728e+07  7.46765e+07  4.51265e+06  4.51190e+06 -4.51249e+06
  300.00 -9.36747  4.24705e+07  4.24706e+07  4.24740e+07  5.09939e+06  5.09950e+06 -5.09844e+06
  300.00 -9.34535  1.88984e+07  1.88980e+07  1.89003e+07  4.01306e+06  4.01387e+06 -4.01202e+06
  300.00 -9.32322  5.27256e+06  5.27200e+06  5.27313e+06  2.03831e+06  2.03914e+06 -2.03769e+06
  300.00 -9.30110  6.22240e+05  6.21859e+05  6.22125e+05 -4.46538e+04 -4.43882e+04  4.47490e+04
  300.00 -9.27898  2.83229e+06  2.83240e+06  2.83219e+06 -1.78795e+06 -1.78829e+06  1.78764e+06
  300.00 -9.25686  1.04972e+07  1.04981e+07  1.04977e+07 -3.12355e+06 -3.12410e+06  3.12302e+06
  300.00 -9.23473  2.38304e+07  2.38322e+07  2.38321e+07 -4.21761e+06 -4.21776e+06  4.21699e+06
  300.00 -9.21261  4.40480e+07  4.40505e+07  4.40514e+07 -5.34498e+06 -5.34415e+06  5.34436e+06
  300.00 -9.19049  7.22131e+07  7.22163e+07  7.22188e+07 -6.81900e+06 -6.81678e+06  6.81849e+06
  300.00 -9.16837  1.08786e+08  1.08789e+08  1.08794e+08 -8.82755e+06 -8.82387e+06  8.82743e+06
  300.00 -9.14625  1.53731e+08  1.53735e+08  1.53740e+08 -1.11616e+07 -1.11569e+07  1.11624e+07
  300.00 -9.12412  2.06159e+08  2.06164e+08  2.06168e+08 -1.30809e+07 -1.30760e+07  1.30833e+07
  300.00 -9.10200  2.63807e+08  2.63812e+08  2.63814e+08 -1.35839e+07 -1.35799e+07  1.35884e+07
  300.00 -9.07988  3.23906e+08  3.23912e+08  3.23909e+08 -1.20301e+07 -1.20281e+07  1.20371e+07
  300.00 -9.05776  3.85604e+08  3.85610e+08  3.85603e+08 -8.61942e+06 -8.61990e+06  8.62840e+06
  300.00 -9.03564  4.51647e+08  4.51653e+08  4.51643e+08 -4.27005e+06 -4.27302e+06  4.28031e+06
  300.00 -9.01351  5.27342e+08  5.27348e+08  5.27337e+08 -5.54053e+04 -6.04638e+04  6.59525e+04
  300.00 -8.99139  6.17589e+08  6.17592e+08  6.17585e+08  3.28163e+06  3.27511e+06 -3.27185e+06
  300.00 -8.96927  7.24382e+08  7.24382e+08  7.24380e+08  5.50007e+06  5.49282e+06 -5.49208e+06
  300.00 -8.94715  8.46461e+08  8.46456e+08  8.46459e+08  6.81124e+06  6.80402e+06 -6.80586e+06
  300.00 -8.92503  9.80783e+08  9.80774e+08  9.80781e+08  7.72311e+06  7.71662e+06 -7.72087e+06
  300.00 -8.90290  1.12411e+09  1.12410e+09  1.12410e+09  8.83493e+06  8.82974e+06 -8.83592e+06
  300.00 -8.88078  1.27334e+09  1.27332e+09  1.27333e+09  1.06332e+07  1.06297e+07 -1.06371e+07
  300.00 -8.85866  1.42518e+09  1.42516e+09  1.42516e+09  1.33280e+07  1.33262e+07 -1.33341e+07
  300.00 -8.83654  1.57684e+09  1.57683e+09  1.57683e+09  1.67553e+07  1.67550e+07 -1.67626e+07
  300.00 -8.81441  1.72834e+09  1.72832e+09  1.72832e+09  2.03842e+07  2.03850e+07 -2.03920e+07
  300.00 -8.79229  1.88460e+09  1.88459e+09  1.88458e+09  2.34538e+07  2.34552e+07 -2.34614e+07
  300.00 -8.77017  2.05504e+09  2.05503e+09  2.05502e+09  2.51892e+07  2.51905e+07 -2.51964e+07
  300.00 -8.74805  2.24965e+09  2.24964e+09  2.24964e+09  2.50054e+07  2.50064e+07 -2.50127e+07
  300.00 -8.72593  2.47369e+09  2.47368e+09  2.47369e+09  2.26476e+07  2.26480e+07 -2.26559e+07
  300.00 -8.70380  2.72422e+09  2.72421e+09  2.72422e+09  1.82714e+07  1.82712e+07 -1.82828e+07
  300.00 -8.68168  2.99120e+09  2.99120e+09  2.99120e+09  1.24469e+07  1.24461e+07 -1.24645e+07
  300.00 -8.65956  3.26339e+09  3.26339e+09  3.26340e+09  6.02348e+06  6.02246e+06 -6.05276e+06
  300.00 -8.63744  3.53567e+09  3.53568e+09  3.53568e+09 -1.42480e+05 -1.43364e+05  9.29940e+04
  300.00 -8.61532  3.81303e+09  3.81304e+09  3.81303e+09 -5.47424e+06 -5.47455e+06  5.39055e+06
  300.00 -8.59319  4.10826e+09  4.10827e+09  4.10826e+09 -9.81009e+06 -9.80944e+06  9.66918e+06
  300.00 -8.57107  4.43476e+09  4.43477e+09  4.43476e+09 -1.33258e+07 -1.33240e+07  1.30897e+07
  300.00 -8.54895  4.79892e+09  4.79893e+09  4.79891e+09 -1.63162e+07 -1.63135e+07  1.59228e+07
  300.00 -8.52683  5.19673e+09  5.19674e+09  5.19672e+09 -1.89667e+07 -1.89635e+07  1.83156e+07
  300.00 -8.50470  5.61691e+09  5.61692e+09  5.61690e+09 -2.12243e+07 -2.12217e+07  2.01563e+07
  300.00 -8.48258  6.04918e+09  6.04919e+09  6.04918e+09 -2.28252e+07 -2.28243e+07  2.10919e+07
  300.00 -8.46046  6.49323e+09  6.49324e+09  6.49324e+09 -2.34587e+07 -2.34604e+07  2.06773e+07
  300.00 -8.43834  6.96292e+09  6.96292e+09  6.96293e+09 -2.29797e+07 -2.29844e+07  1.85644e+07
  300.00 -8.41622  7.48276e+09  7.48276e+09  7.48278e+09 -2.15616e+07 -2.15688e+07  1.46200e+07
  300.00 -8.39409  8.07859e+09  8.07859e+09  8.07862e+09 -1.97402e+07 -1.97487e+07  8.92120e+06
  300.00 -8.37197  8.76691e+09  8.76690e+09  8.76695e+09 -1.83692e+07 -1.83770e+07  1.65027e+06
  300.00 -8.34985  9.54854e+09  9.54854e+09  9.54858e+09 -1.85385e+07 -1.85431e+07 -7.05686e+06
  300.00 -8.32773  1.04103e+10  1.04103e+10  1.04103e+10 -2.14966e+07 -2.14960e+07 -1.72695e+07
  300.00 -8.30561  1.13346e+10  1.13346e+10  1.13346e+10 -2.86099e+07 -2.86025e+07 -2.94080e+07
  300.00 -8.28348  1.23135e+10  1.23135e+10  1.23135e+10 -4.13896e+07 -4.13751e+07 -4.43710e+07
  300.00 -8.26136  1.33592e+10  1.33592e+10  1.33592e+10 -6.16044e+07 -6.15836e+07 -6.36580e+07
  300.00 -8.23924  1.45055e+10  1.45056e+10  1.45055e+10 -9.14580e+07 -9.14328e+07 -8.95225e+07
  300.00 -8.21712  1.58000e+10  1.58000e+10  1.58000e+10 -1.33789e+08 -1.33762e+08 -1.25176e+08
  300.00 -8.19499  1.72923e+10  1.72922e+10  1.72922e+10 -1.92260e+08 -1.92235e+08 -1.75026e+08
  300.00 -8.17287  1.90276e+10  1.90274e+10  1.90274e+10 -2.71576e+08 -2.71557e+08 -2.44913e+08
  300.00 -8.15075  2.10503e+10  2.10500e+10  2.10500e+10 -3.77810e+08 -3.77798e+08 -3.42314e+08
  300.00 -8.12863  2.34152e+10  2.34148e+10  2.34147e+10 -5.18933e+08 -5.18932e+08 -4.76568e+08
  300.00 -8.10651  2.61952e+10  2.61945e+10  2.61945e+10 -7.05498e+08 -7.05508e+08 -6.59132e+08
  300.00 -8.08438  2.94715e+10  2.94707e+10  2.94707e+10 -9.51119e+08 -9.51139e+08 -9.03722e+08
  300.00 -8.06226  3.33038e+10  3.33028e+10  3.33027e+10 -1.27221e+09 -1.27224e+09 -1.22596e+09
  300.00 -8.04014  3.76880e+10  3.76869e+10  3.76867e+10 -1.68645e+09 -1.68650e+09 -1.64212e+09
  300.00 -8.01802  4.25212e+10  4.25198e+10  4.25197e+10 -2.20993e+09 -2.21000e+09 -2.16663e+09
  300.00 -7.99590  4.75808e+10  4.75792e+10  4.75790e+10 -2.85279e+09 -2.85291e+09 -2.80833e+09
  300.00 -7.97377  5.25188e+10  5.25168e+10  5.25165e+10 -3.61376e+09 -3.61394e+09 -3.56533e+09
  300.00 -7.95165  5.68779e+10  5.68752e+10  5.68749e+10 -4.47358e+09 -4.47385e+09 -4.41905e+09
  300.00 -7.92953  6.01551e+10  6.01516e+10  6.01513e+10 -5.38966e+09 -5.39003e+09 -5.32982e+09
  300.00 -7.90741  6.19120e+10  6.19080e+10  6.19076e+10 -6.29508e+09 -6.29552e+09 -6.23674e+09
  300.00 -7.88529  6.18810e+10  6.18774e+10  6.18770e+10 -7.10482e+09 -7.10531e+09 -7.06218e+09
  300.00 -7.86316  6.00212e+10  6.00195e+10  6.00192e+10 -7.72876e+09 -7.72926e+09 -7.72001e+09
  300.00 -7.84104  5.64914e+10  5.64938e+10  5.64936e+10 -8.08603e+09 -8.08652e+09 -8.12625e+09
  300.00 -7.81892  5.14810e+10  5.14889e+10  5.14890e+10 -8.10803e+09 -8.10847e+09 -8.20022e+09
  300.00 -7.79680  4.49354e+10  4.49486e+10  4.49489e+10 -7.71905e+09 -7.71940e+09 -7.84741e+09
  300.00 -7.77467  3.65267e+10  3.65427e+10  3.65430e+10 -6.82241e+09 -6.82260e+09 -6.95842e+09
  300.00 -7.75255  2.62909e+10  2.63065e+10  2.63067e+10 -5.37433e+09 -5.37435e+09 -5.49136e+09
  300.00 -7.73043  1.54711e+10  1.54830e+10  1.54829e+10 -3.53768e+09 -3.53757e+09 -3.61454e+09
  300.00 -7.70831  6.32546e+09  6.33073e+09  6.33064e+09 -1.71580e+09 -1.71567e+09 -1.74390e+09
  300.00 -7.68619  9.58868e+08  9.58665e+08  9.58627e+08 -3.83883e+08 -3.83829e+08 -3.82774e+08
  300.00 -7.66406  4.26022e+08  4.25260e+08  4.25261e+08  1.14590e+08  1.14569e+08  1.07371e+08
  300.00 -7.64194  4.56668e+09  4.56924e+09  4.56920e+09 -3.22082e+08 -3.22133e+08 -3.58796e+08
  300.00 -7.61982  1.22861e+10  1.22912e+10  1.22910e+10 -1.54792e+09 -1.54799e+09 -1.60032e+09
  300.00 -7.59770  2.19994e+10  2.20035e+10  2.20033e+10 -3.24204e+09 -3.24216e+09 -3.28094e+09
  300.00 -7.57558  3.20757e+10  3.20769e+10  3.20768e+10 -5.02615e+09 -5.02637e+09 -5.03857e+09
  300.00 -7.55345  4.11544e+10  4.11539e+10  4.11538e+10 -6.57651e+09 -6.57683e+09 -6.57220e+09
  300.00 -7.53133  4.83056e+10  4.83050e+10  4.83049e+10 -7.68790e+09 -7.68827e+09 -7.68198e+09
  300.00 -7.50921  5.30718e+10  5.30717e+10  5.30716e+10 -8.28263e+09 -8.28300e+09 -8.27960e+09
  300.00 -7.48709  5.54089e+10  5.54084e+10  5.54083e+10 -8.38238e+09 -8.38268e+09 -8.37488e+09
  300.00 -7.46496  5.55621e+10  5.55604e+10  5.55602e+10 -8.06856e+09 -8.06874e+09 -8.04594e+09
  300.00 -7.44284  5.39472e+10  5.39441e+10  5.39439e+10 -7.44953e+09 -7.44959e+09 -7.40578e+09
  300.00 -7.42072  5.10577e+10  5.10535e+10  5.10532e+10 -6.63813e+09 -6.63811e+09 -6.57449e+09
  300.00 -7.39860  4.73819e+10  4.73772e+10  4.73769e+10 -5.73600e+09 -5.73593e+09 -5.65923e+09
  300.00 -7.37648  4.33325e+10  4.33280e+10  4.33278e+10 -4.82391e+09 -4.82383e+09 -4.74308e+09
  300.00 -7.35435  3.92145e+10  3.92108e+10  3.92106e+10 -3.95908e+09 -3.95902e+09 -3.88263e+09
  300.00 -7.33223  3.52367e+10  3.52339e+10  3.52337e+10 -3.17777e+09 -3.17773e+09 -3.11154e+09
  300.00 -7.31011  3.15404e+10  3.15385e+10  3.15384e+10 -2.49938e+09 -2.49937e+09 -2.44603e+09
  300.00 -7.28799  2.82199e+10  2.82186e+10  2.82186e+10 -1.93024e+09 -1.93025e+09 -1.88966e+09
  300.00 -7.26587  2.53251e+10  2.53243e+10  2.53243e+10 -1.46676e+09 -1.46677e+09 -1.43695e+09
  300.00 -7.24374  2.28608e+10  2.28603e+10  2.28603e+10 -1.09885e+09 -1.09886e+09 -1.07660e+09
  300.00 -7.22162  2.07922e+10  2.07919e+10  2.07919e+10 -8.13185e+08 -8.13187e+08 -7.94506e+08
  300.00 -7.19950  1.90592e+10  1.90589e+10  1.90589e+10 -5.95791e+08 -5.95787e+08 -5.76355e+08
  300.00 -7.17738  1.75928e+10  1.75925e+10  1.75925e+10 -4.33454e+08 -4.33445e+08 -4.09337e+08
  300.00 -7.15526  1.63295e+10  1.63292e+10  1.63292e+10 -3.14221e+08 -3.14212e+08 -2.83019e+08
  300.00 -7.13313  1.52210e+10  1.52207e+10  1.52207e+10 -2.27487e+08 -2.27479e+08 -1.89432e+08
  300.00 -7.11101  1.42419e+10  1.42417e+10  1.42417e+10 -1.64069e+08 -1.64065e+08 -1.22632e+08
  300.00 -7.08889  1.33953e+10  1.33951e+10  1.33951e+10 -1.16431e+08 -1.16433e+08 -7.79645e+07
  300.00 -7.06677  1.27172e+10  1.27171e+10  1.27171e+10 -7.89586e+07 -7.89679e+07 -5.13021e+07
  300.00 -7.04464  1.22825e+10  1.22825e+10  1.22825e+10 -4.80922e+07 -4.81098e+07 -3.85198e+07
  300.00 -7.02252  1.22176e+10  1.22176e+10  1.22177e+10 -2.22390e+07 -2.22655e+07 -3.52599e+07
  300.00 -7.00040  1.27283e+10  1.27283e+10  1.27284e+10 -1.68213e+06 -1.71777e+06 -3.67435e+07
  300.00 -6.97828  1.41484e+10  1.41484e+10  1.41485e+10  1.08742e+07  1.08300e+07 -3.69541e+07
  300.00 -6.95616  1.70020e+10  1.70020e+10  1.70021e+10  8.20216e+06  8.15170e+06 -2.62850e+07
  300.00 -6.93403  2.20327e+10  2.20326e+10  2.20327e+10 -2.48127e+07 -2.48633e+07  1.20288e+07
  300.00 -6.91191  3.00816e+10  3.00815e+10  3.00816e+10 -1.09547e+08 -1.09586e+08  1.00440e+08
  300.00 -6.88979  4.16887e+10  4.16887e+10  4.16887e+10 -2.51566e+08 -2.51576e+08  2.45141e+08
  300.00 -6.86767  5.65517e+10  5.65517e+10  5.65517e+10 -3.96843e+08 -3.96806e+08  3.92411e+08
  300.00 -6.84555  7.33000e+10  7.33000e+10  7.32999e+10 -4.26493e+08 -4.26389e+08  4.23489e+08
  300.00 -6.82342  8.97099e+10  8.97099e+10  8.97098e+10 -2.61278e+08 -2.61099e+08  2.59216e+08
  300.00 -6.80130  1.02852e+11  1.02852e+11  1.02852e+11  1.99930e+07  2.02154e+07 -2.14723e+07
  300.00 -6.77918  1.09146e+11  1.09146e+11  1.09146e+11  2.47133e+08  2.47326e+08 -2.48223e+08
  300.00 -6.75706  1.05468e+11  1.05468e+11  1.05468e+11  3.28184e+08  3.28287e+08 -3.28950e+08
  300.00 -6.73493  9.16602e+10  9.16602e+10  9.16601e+10  2.93252e+08  2.93269e+08 -2.93717e+08
  300.00 -6.71281  7.20291e+10  7.20290e+10  7.20289e+10  2.18649e+08  2.18616e+08 -2.18859e+08
  300.00 -6.69069  5.27442e+10  5.27442e+10  5.27440e+10  1.53953e+08  1.53901e+08 -1.53996e+08
  300.00 -6.66857  3.75471e+10  3.75471e+10  3.75470e+10  1.09618e+08  1.09568e+08 -1.09582e+08
  300.00 -6.64645  2.68525e+10  2.68525e+10  2.68525e+10  7.83062e+07  7.82670e+07 -7.82478e+07
  300.00 -6.62432  1.95823e+10  1.95823e+10  1.95823e+10  5.21636e+07  5.21375e+07 -5.21094e+07
  300.00 -6.60220  1.45934e+10  1.45935e+10  1.45935e+10  2.85919e+07  2.85746e+07 -2.85477e+07
  300.00 -6.58008  1.10715e+10  1.10715e+10  1.10715e+10  9.18605e+06  9.17237e+06 -9.15015e+06
  300.00 -6.55796  8.49801e+09  8.49803e+09  8.49804e+09 -3.78945e+06 -3.80299e+06  3.81982e+06
  300.00 -6.53584  6.55535e+09  6.55537e+09  6.55538e+09 -9.73596e+06 -9.75045e+06  9.76247e+06
  300.00 -6.51371  5.05260e+09  5.05262e+09  5.05262e+09 -9.81406e+06 -9.82910e+06  9.83743e+06
  300.00 -6.49159  3.87493e+09  3.87495e+09  3.87496e+09 -5.99521e+06 -6.00967e+06  6.01561e+06
  300.00 -6.46947  2.95040e+09  2.95041e+09  2.95041e+09 -2.73144e+05 -2.85845e+05  2.90533e+05
  300.00 -6.44735  2.22892e+09  2.22893e+09  2.22893e+09  5.69058e+06  5.68046e+06 -5.67624e+06
  300.00 -6.42523  1.67076e+09  1.67077e+09  1.67077e+09  1.06872e+07  1.06800e+07 -1.06759e+07
  300.00 -6.40310  1.24167e+09  1.24168e+09  1.24168e+09  1.39977e+07  1.39932e+07 -1.39893e+07
  300.00 -6.38098  9.12144e+08  9.12149e+08  9.12148e+08  1.53640e+07  1.53617e+07 -1.53582e+07
  300.00 -6.35886  6.58051e+08  6.58054e+08  6.58053e+08  1.48998e+07  1.48991e+07 -1.48963e+07
  300.00 -6.33674  4.61178e+08  4.61179e+08  4.61178e+08  1.29749e+07  1.29753e+07 -1.29733e+07
  300.00 -6.31461  3.08922e+08  3.08922e+08  3.08921e+08  1.01103e+07  1.01112e+07 -1.01101e+07
  300.00 -6.29249  1.93169e+08  1.93168e+08  1.93168e+08  6.88943e+06  6.89057e+06 -6.89020e+06
  300.00 -6.27037  1.08655e+08  1.08653e+08  1.08653e+08  3.87572e+06  3.87678e+06 -3.87687e+06
  300.00 -6.24825  5.13298e+07  5.13283e+07  5.13286e+07  1.52883e+06  1.52964e+06 -1.52992e+06
  300.00 -6.22613  1.72057e+07  1.72047e+07  1.72050e+07  1.35054e+05  1.35537e+05 -1.35793e+05
  300.00 -6.20400  1.96368e+06  1.96327e+06  1.96343e+06 -2.25368e+05 -2.25217e+05  2.25109e+05
  300.00 -6.18188  1.24307e+06  1.24338e+06  1.24320e+06  3.39504e+05  3.39366e+05 -3.39309e+05
  300.00 -6.15976  1.12509e+07  1.12519e+07  1.12513e+07  1.59110e+06  1.59075e+06 -1.59058e+06
  300.00 -6.13764  2.92796e+07  2.92810e+07  2.92801e+07  3.22956e+06  3.22910e+06 -3.22890e+06
  300.00 -6.11552  5.38774e+07  5.38790e+07  5.38777e+07  4.94630e+06  4.94582e+06 -4.94567e+06
  300.00 -6.09339  8.46327e+07  8.46342e+07  8.46327e+07  6.44982e+06  6.44943e+06 -6.44937e+06
  300.00 -6.07127  1.21683e+08  1.21684e+08  1.21682e+08  7.47585e+06  7.47562e+06 -7.47566e+06
  300.00 -6.04915  1.65118e+08  1.65119e+08  1.65117e+08  7.80139e+06  7.80139e+06 -7.80147e+06
  300.00 -6.02703  2.14465e+08  2.14465e+08  2.14463e+08  7.27405e+06  7.27429e+06 -7.27435e+06
  300.00 -6.00490  2.68428e+08  2.68428e+08  2.68426e+08  5.84999e+06  5.85047e+06 -5.85040e+06
  300.00 -5.98278  3.24996e+08  3.24995e+08  3.24993e+08  3.62080e+06  3.62147e+06 -3.62119e+06
  300.00 -5.96066  3.81888e+08  3.81887e+08  3.81886e+08  8.10483e+05  8.11257e+05 -8.10695e+05
  300.00 -5.93854  4.37180e+08  4.37179e+08  4.37177e+08 -2.26269e+06 -2.26190e+06  2.26279e+06
  300.00 -5.91642  4.89829e+08  4.89829e+08  4.89827e+08 -5.24700e+06 -5.24630e+06  5.24750e+06
  300.00 -5.89429  5.39907e+08  5.39907e+08  5.39906e+08 -7.81906e+06 -7.81852e+06  7.82002e+06
  300.00 -5.87217  5.88440e+08  5.88440e+08  5.88439e+08 -9.72720e+06 -9.72688e+06  9.72861e+06
  300.00 -5.85005  6.36953e+08  6.36955e+08  6.36954e+08 -1.08091e+07 -1.08090e+07  1.08109e+07
  300.00 -5.82793  6.86890e+08  6.86892e+08  6.86893e+08 -1.09893e+07 -1.09894e+07  1.09914e+07
  300.00 -5.80581  7.39076e+08  7.39078e+08  7.39079e+08 -1.02687e+07 -1.02691e+07  1.02711e+07
  300.00 -5.78368  7.93383e+08  7.93385e+08  7.93388e+08 -8.71672e+06 -8.71741e+06  8.71930e+06
  300.00 -5.76156  8.48685e+08  8.48688e+08  8.48691e+08 -6.46759e+06 -6.46851e+06  6.47022e+06
  300.00 -5.73944  9.03109e+08  9.03111e+08  9.03116e+08 -3.71703e+06 -3.71814e+06  3.71959e+06
  300.00 -5.71732  9.54542e+08  9.54543e+08  9.54549e+08 -7.11132e+05 -7.12414e+05  7.13523e+05
  300.00 -5.69520  1.00124e+09  1.00124e+09  1.00125e+09  2.27616e+06  2.27473e+06 -2.27403e+06
  300.00 -5.67307  1.04239e+09  1.04239e+09  1.04240e+09  4.97481e+06  4.97328e+06 -4.97301e+06
  300.00 -5.65095  1.07837e+09  1.07837e+09  1.07837e+09  7.15141e+06  7.14981e+06 -7.14999e+06
  300.00 -5.62883  1.11069e+09  1.11068e+09  1.11069e+09  8.63356e+06  8.63195e+06 -8.63257e+06
  300.00 -5.60671  1.14164e+09  1.14164e+09  1.14165e+09  9.32033e+06  9.31875e+06 -9.31977e+06
  300.00 -5.58458  1.17374e+09  1.17373e+09  1.17374e+09  9.17884e+06  9.17736e+06 -9.17872e+06
  300.00 -5.56246  1.20909e+09  1.20908e+09  1.20908e+09  8.23283e+06  8.23150e+06 -8.23312e+06
  300.00 -5.54034  1.24892e+09  1.24891e+09  1.24891e+09  6.55021e+06  6.54908e+06 -6.55089e+06
  300.00 -5.51822  1.29331e+09  1.29330e+09  1.29331e+09  4.23478e+06  4.23389e+06 -4.23580e+06
  300.00 -5.49610  1.34118e+09  1.34117e+09  1.34117e+09  1.42274e+06  1.42212e+06 -1.42405e+06
  300.00 -5.47397  1.39048e+09  1.39047e+09  1.39047e+09 -1.71920e+06 -1.71954e+06  1.71768e+06
  300.00 -5.45185  1.43870e+09  1.43869e+09  1.43869e+09 -4.99868e+06 -4.99873e+06  4.99703e+06
  300.00 -5.42973  1.48344e+09  1.48343e+09  1.48343e+09 -8.20850e+06 -8.20827e+06  8.20681e+06
  300.00 -5.40761  1.52296e+09  1.52296e+09  1.52295e+09 -1.11433e+07 -1.11428e+07  1.11417e+07
  300.00 -5.38549  1.55661e+09  1.55661e+09  1.55660e+09 -1.36187e+07 -1.36180e+07  1.36172e+07
  300.00 -5.36336  1.58493e+09  1.58493e+09  1.58493e+09 -1.54881e+07 -1.54871e+07  1.54867e+07
  300.00 -5.34124  1.60952e+09  1.60952e+09  1.60951e+09 -1.66528e+07 -1.66516e+07  1.66517e+07
  300.00 -5.31912  1.63257e+09  1.63258e+09  1.63257e+09 -1.70645e+07 -1.70630e+07  1.70636e+07
  300.00 -5.29700  1.65637e+09  1.65638e+09  1.65638e+09 -1.67204e+07 -1.67186e+07  1.67197e+07
  300.00 -5.27487  1.68275e+09  1.68276e+09  1.68275e+09 -1.56557e+07 -1.56536e+07  1.56551e+07
  300.00 -5.25275  1.71264e+09  1.71266e+09  1.71265e+09 -1.39358e+07 -1.39334e+07  1.39353e+07
  300.00 -5.23063  1.74593e+09  1.74595e+09  1.74594e+09 -1.16518e+07 -1.16491e+07  1.16513e+07
  300.00 -5.20851  1.78146e+09  1.78147e+09  1.78146e+09 -8.91845e+06 -8.91548e+06  8.91783e+06
  300.00 -5.18639  1.81724e+09  1.81726e+09  1.81725e+09 -5.87297e+06 -5.86979e+06  5.87218e+06
  300.00 -5.16426  1.85098e+09  1.85099e+09  1.85098e+09 -2.67172e+06 -2.66841e+06  2.67071e+06
  300.00 -5.14214  1.88052e+09  1.88053e+09  1.88052e+09  5.17258e+05  5.20602e+05 -5.18547e+05
  300.00 -5.12002  1.90439e+09  1.90439e+09  1.90439e+09  3.52591e+06  3.52916e+06 -3.52748e+06
  300.00 -5.09790  1.92216e+09  1.92216e+09  1.92216e+09  6.20002e+06  6.20304e+06 -6.20186e+06
  300.00 -5.07578  1.93456e+09  1.93456e+09  1.93456e+09  8.41217e+06  8.41484e+06 -8.41423e+06
  300.00 -5.05365  1.94336e+09  1.94336e+09  1.94336e+09  1.00706e+07  1.00728e+07 -1.00728e+07
  300.00 -5.03153  1.95102e+09  1.95102e+09  1.95102e+09  1.11222e+07  1.11237e+07 -1.11244e+07
  300.00 -5.00941  1.96020e+09  1.96019e+09  1.96019e+09  1.15498e+07  1.15507e+07 -1.15520e+07
  300.00 -4.98729  1.97323e+09  1.97322e+09  1.97322e+09  1.13662e+07  1.13663e+07 -1.13683e+07
  300.00 -4.96517  1.99172e+09  1.99171e+09  1.99171e+09  1.06066e+07  1.06060e+07 -1.06084e+07
  300.00 -4.94304  2.01626e+09  2.01625e+09  2.01625e+09  9.32328e+06  9.32184e+06 -9.32477e+06
  300.00 -4.92092  2.04632e+09  2.04630e+09  2.04631e+09  7.58254e+06  7.58033e+06 -7.58362e+06
  300.00 -4.89880  2.08035e+09  2.08034e+09  2.08035e+09  5.46439e+06  5.46147e+06 -5.46501e+06
  300.00 -4.87668  2.11608e+09  2.11606e+09  2.11607e+09  3.06285e+06  3.05931e+06 -3.06298e+06
  300.00 -4.85455  2.15091e+09  2.15089e+09  2.15091e+09  4.85247e+05  4.81220e+05 -4.84901e+05
  300.00 -4.83243  2.18241e+09  2.18240e+09  2.18241e+09 -2.15094e+06 -2.15530e+06  2.15174e+06
  300.00 -4.81031  2.20878e+09  2.20877e+09  2.20878e+09 -4.72425e+06 -4.72874e+06  4.72543e+06
  300.00 -4.78819  2.22917e+09  2.22916e+09  2.22917e+09 -7.11725e+06 -7.12166e+06  7.11871e+06
  300.00 -4.76607  2.24383e+09  2.24382e+09  2.24383e+09 -9.22489e+06 -9.22902e+06  9.22654e+06
  300.00 -4.74394  2.25403e+09  2.25402e+09  2.25403e+09 -1.09612e+07 -1.09648e+07  1.09629e+07
  300.00 -4.72182  2.26176e+09  2.26175e+09  2.26176e+09 -1.22627e+07 -1.22657e+07  1.22644e+07
  300.00 -4.69970  2.26932e+09  2.26932e+09  2.26932e+09 -1.30887e+07 -1.30909e+07  1.30903e+07
  300.00 -4.67758  2.27883e+09  2.27883e+09  2.27883e+09 -1.34182e+07 -1.34194e+07  1.34195e+07
  300.00 -4.65546  2.29178e+09  2.29179e+09  2.29179e+09 -1.32455e+07 -1.32458e+07  1.32466e+07
  300.00 -4.63333  2.30864e+09  2.30864e+09  2.30864e+09 -1.25762e+07 -1.25754e+07  1.25769e+07
  300.00 -4.61121  2.32848e+09  2.32848e+09  2.32848e+09 -1.14234e+07 -1.14217e+07  1.14238e+07
  300.00 -4.58909  2.34860e+09  2.34861e+09  2.34860e+09 -9.80735e+06 -9.80478e+06  9.80739e+06
  300.00 -4.56697  2.36398e+09  2.36399e+09  2.36398e+09 -7.75608e+06 -7.75282e+06  7.75579e+06
  300.00 -4.54484  2.36607e+09  2.36608e+09  2.36607e+09 -5.31098e+06 -5.30729e+06  5.31031e+06
  300.00 -4.52272  2.34073e+09  2.34074e+09  2.34072e+09 -2.53967e+06 -2.53588e+06  2.53850e+06
  300.00 -4.50060  2.26477e+09  2.26479e+09  2.26477e+09  4.34603e+05  4.38025e+05 -4.36614e+05
  300.00 -4.47848  2.10208e+09  2.10209e+09  2.10207e+09  3.37600e+06  3.37845e+06 -3.37958e+06
  300.00 -4.45636  1.80367e+09  1.80368e+09  1.80366e+09  5.85004e+06  5.85086e+06 -5.85653e+06
  300.00 -4.43423  1.32561e+09  1.32562e+09  1.32561e+09  7.15393e+06  7.15274e+06 -7.16524e+06
  300.00 -4.41211  6.90887e+08  6.90894e+08  6.90883e+08  6.40449e+06  6.40192e+06 -6.42127e+06
  300.00 -4.38999  1.14085e+08  1.14087e+08  1.14083e+08  2.93678e+06  2.93506e+06 -2.95072e+06
  300.00 -4.36787  1.24325e+08  1.24323e+08  1.24328e+08 -3.39373e+06 -3.39171e+06  3.42243e+06
  300.00 -4.34575  1.47559e+09  1.47558e+09  1.47560e+09 -1.33165e+07 -1.33102e+07  1.35092e+07
  300.00 -4.32362  4.70966e+09  4.70966e+09  4.70968e+09 -2.95700e+07 -2.95624e+07  3.02190e+07
  300.00 -4.30150  9.73667e+09  9.73667e+09  9.73670e+09 -5.34144e+07 -5.34088e+07  5.51293e+07
  300.00 -4.27938  1.59484e+10  1.59484e+10  1.59485e+10 -7.97299e+07 -7.97261e+07  8.36718e+07
  300.00 -4.25726  2.26639e+10  2.26640e+10  2.26640e+10 -1.00074e+08 -1.00071e+08  1.08329e+08
  300.00 -4.23514  2.94120e+10  2.94121e+10  2.94121e+10 -1.08723e+08 -1.08723e+08  1.24865e+08
  300.00 -4.21301  3.59705e+10  3.59706e+10  3.59706e+10 -1.04247e+08 -1.04256e+08  1.34139e+08
  300.00 -4.19089  4.22403e+10  4.22404e+10  4.22404e+10 -8.75927e+07 -8.76121e+07  1.40448e+08
  300.00 -4.16877  4.81047e+10  4.81049e+10  4.81048e+10 -6.04249e+07 -6.04488e+07  1.50051e+08
  300.00 -4.14665  5.34005e+10  5.34007e+10  5.34006e+10 -2.44884e+07 -2.45103e+07  1.70538e+08
  300.00 -4.12452  5.78753e+10  5.78755e+10  5.78753e+10  2.02159e+07  2.01991e+07  2.08570e+08
  300.00 -4.10240  6.10478e+10  6.10481e+10  6.10478e+10  7.77022e+07  7.76908e+07  2.66148e+08
  300.00 -4.08028  6.22279e+10  6.22282e+10  6.22280e+10  1.55370e+08  1.55364e+08  3.38563e+08
  300.00 -4.05816  6.09326e+10  6.09329e+10  6.09327e+10  2.59427e+08  2.59426e+08  4.16610e+08
  300.00 -4.03604  5.73675e+10  5.73677e+10  5.73676e+10  3.89146e+08  3.89147e+08  4.92638e+08
  300.00 -4.01391  5.23549e+10  5.23549e+10  5.23548e+10  5.34666e+08  5.34659e+08  5.65232e+08
  300.00 -3.99179  4.67948e+10  4.67943e+10  4.67943e+10  6.80459e+08  6.80437e+08  6.37135e+08
  300.00 -3.96967  4.13243e+10  4.13230e+10  4.13231e+10  8.11842e+08  8.11807e+08  7.08919e+08
  300.00 -3.94755  3.63199e+10  3.63179e+10  3.63180e+10  9.19390e+08  9.19349e+08  7.75654e+08
  300.00 -3.92543  3.19537e+10  3.19510e+10  3.19510e+10  9.98205e+08  9.98165e+08  8.28568e+08
  300.00 -3.90330  2.82348e+10  2.82315e+10  2.82315e+10  1.04462e+09  1.04458e+09  8.58365e+08
  300.00 -3.88118  2.50904e+10  2.50865e+10  2.50865e+10  1.05484e+09  1.05481e+09  8.57786e+08
  300.00 -3.85906  2.24479e+10  2.24437e+10  2.24437e+10  1.02641e+09  1.02639e+09  8.23076e+08
  300.00 -3.83694  2.02669e+10  2.02626e+10  2.02626e+10  9.59977e+08  9.59965e+08  7.54414e+08
  300.00 -3.81481  1.85258e+10  1.85218e+10  1.85218e+10  8.59278e+08  8.59277e+08  6.55449e+08
  300.00 -3.79269  1.71972e+10  1.71937e+10  1.71938e+10  7.29885e+08  7.29893e+08  5.32317e+08
  300.00 -3.77057  1.62341e+10  1.62316e+10  1.62316e+10  5.78118e+08  5.78133e+08  3.92643e+08
  300.00 -3.74845  1.55728e+10  1.55714e+10  1.55714e+10  4.11001e+08  4.11019e+08  2.44796e+08
  300.00 -3.72633  1.51404e+10  1.51398e+10  1.51399e+10  2.36729e+08  2.36748e+08  9.73543e+07
  300.00 -3.70420  1.48612e+10  1.48613e+10  1.48614e+10  6.47785e+07  6.47965e+07 -4.13894e+07
  300.00 -3.68208  1.46607e+10  1.46611e+10  1.46612e+10 -9.47416e+07 -9.47262e+07 -1.63946e+08
  300.00 -3.65996  1.44696e+10  1.44699e+10  1.44699e+10 -2.32367e+08 -2.32354e+08 -2.64219e+08
  300.00 -3.63784  1.42327e+10  1.42327e+10  1.42327e+10 -3.40800e+08 -3.40790e+08 -3.38217e+08
  300.00 -3.61572  1.39213e+10  1.39207e+10  1.39207e+10 -4.16241e+08 -4.16232e+08 -3.84748e+08
  300.00 -3.59359  1.35411e+10  1.35402e+10  1.35402e+10 -4.59027e+08 -4.59017e+08 -4.05729e+08
  300.00 -3.57147  1.31300e+10  1.31288e+10  1.31288e+10 -4.73207e+08 -4.73195e+08 -4.05711e+08
  300.00 -3.54935  1.27407e+10  1.27393e+10  1.27393e+10 -4.65145e+08 -4.65131e+08 -3.90635e+08
  300.00 -3.52723  1.24172e+10  1.24159e+10  1.24158e+10 -4.41744e+08 -4.41727e+08 -3.66344e+08
  300.00 -3.50511  1.21754e+10  1.21742e+10  1.21742e+10 -4.09043e+08 -4.09023e+08 -3.37478e+08
  300.00 -3.48298  1.19958e+10  1.19948e+10  1.19948e+10 -3.71634e+08 -3.71614e+08 -3.07111e+08
  300.00 -3.46086  1.18321e+10  1.18313e+10  1.18313e+10 -3.32799e+08 -3.32780e+08 -2.77013e+08
  300.00 -3.43874  1.16329e+10  1.16323e+10  1.16323e+10 -2.94938e+08 -2.94922e+08 -2.48156e+08
  300.00 -3.41662  1.13662e+10  1.13658e+10  1.13658e+10 -2.59902e+08 -2.59890e+08 -2.21139e+08
  300.00 -3.39449  1.10343e+10  1.10339e+10  1.10339e+10 -2.29094e+08 -2.29088e+08 -1.96379e+08
  300.00 -3.37237  1.06713e+10  1.06710e+10  1.06710e+10 -2.03396e+08 -2.03396e+08 -1.74134e+08
  300.00 -3.35025  1.03248e+10  1.03246e+10  1.03246e+10 -1.83061e+08 -1.83068e+08 -1.54487e+08
  300.00 -3.32813  1.00324e+10  1.00322e+10  1.00322e+10 -1.67650e+08 -1.67664e+08 -1.37402e+08
  300.00 -3.30601  9.80528e+09  9.80503e+09  9.80506e+09 -1.56052e+08 -1.56071e+08 -1.22869e+08
  300.00 -3.28388  9.62493e+09  9.62468e+09  9.62471e+09 -1.46597e+08 -1.46621e+08 -1.11058e+08
  300.00 -3.26176  9.45252e+09  9.45229e+09  9.45232e+09 -1.37334e+08 -1.37361e+08 -1.02365e+08
  300.00 -3.23964  9.24575e+09  9.24557e+09  9.24560e+09 -1.26447e+08 -1.26476e+08 -9.72569e+07
  300.00 -3.21752  8.97614e+09  8.97605e+09  8.97608e+09 -1.12765e+08 -1.12794e+08 -9.59602e+07
  300.00 -3.19540  8.63970e+09  8.63973e+09  8.63975e+09 -9.61408e+07 -9.61665e+07 -9.81435e+07
  300.00 -3.17327  8.25696e+09  8.25712e+09  8.25713e+09 -7.75327e+07 -7.75537e+07 -1.02797e+08
  300.00 -3.15115  7.86292e+09  7.86321e+09  7.86322e+09 -5.87300e+07 -5.87449e+07 -1.08373e+08
  300.00 -3.12903  7.49140e+09  7.49179e+09  7.49180e+09 -4.18512e+07 -4.18594e+07 -1.13090e+08
  300.00 -3.10691  7.15983e+09  7.16028e+09  7.16028e+09 -2.88265e+07 -2.88282e+07 -1.15247e+08
  300.00 -3.08478  6.86035e+09  6.86081e+09  6.86081e+09 -2.09991e+07 -2.09953e+07 -1.13476e+08
  300.00 -3.06266  6.56157e+09  6.56200e+09  6.56200e+09 -1.88540e+07 -1.88463e+07 -1.06962e+08
  300.00 -3.04054  6.22264e+09  6.22299e+09  6.22299e+09 -2.18589e+07 -2.18493e+07 -9.56841e+07
  300.00 -3.01842  5.81560e+09  5.81584e+09  5.81585e+09 -2.85079e+07 -2.84979e+07 -8.05774e+07
  300.00 -2.99630  5.34427e+09  5.34438e+09  5.34439e+09 -3.66983e+07 -3.66886e+07 -6.34249e+07
  300.00 -2.97417  4.84536e+09  4.84535e+09  4.84536e+09 -4.43873e+07 -4.43780e+07 -4.63930e+07
  300.00 -2.95205  4.36744e+09  4.36733e+09  4.36734e+09 -5.02016e+07 -5.01921e+07 -3.13766e+07
  300.00 -2.92993  3.93942e+09  3.93923e+09  3.93925e+09 -5.36346e+07 -5.36247e+07 -1.94835e+07
  300.00 -2.90781  3.54917e+09  3.54893e+09  3.54895e+09 -5.47435e+07 -5.47338e+07 -1.09284e+07
  300.00 -2.88569  3.14832e+09  3.14807e+09  3.14808e+09 -5.35758e+07 -5.35675e+07 -5.36641e+06
  300.00 -2.86356  2.68631e+09  2.68606e+09  2.68607e+09 -4.97146e+07 -4.97092e+07 -2.44698e+06
  300.00 -2.84144  2.15304e+09  2.15282e+09  2.15283e+09 -4.24602e+07 -4.24582e+07 -2.07770e+06
  300.00 -2.81932  1.59123e+09  1.59106e+09  1.59107e+09 -3.19264e+07 -3.19271e+07 -3.87894e+06
  300.00 -2.79720  1.06734e+09  1.06726e+09  1.06727e+09 -2.00916e+07 -2.00934e+07 -6.38225e+06
  300.00 -2.77508  6.36947e+08  6.36936e+08  6.36937e+08 -9.99056e+06 -9.99190e+06 -7.61861e+06
  300.00 -2.75295  3.27785e+08  3.27817e+08  3.27814e+08 -3.50542e+06 -3.50586e+06 -6.79253e+06
  300.00 -2.73083  1.36868e+08  1.36911e+08  1.36907e+08 -5.63721e+05 -5.63623e+05 -4.55768e+06
  300.00 -2.70871  3.92853e+07  3.93162e+07  3.93136e+07  9.87557e+04  9.89261e+04 -2.09324e+06
  300.00 -2.68659  3.52240e+06  3.53571e+06  3.53474e+06  4.54509e+03  4.60823e+03 -4.15166e+05
  300.00 -2.66446  2.38411e+06  2.38466e+06  2.38555e+06  7.90348e+04  7.89916e+04  1.43871e+05
  300.00 -2.64234  1.74730e+07  1.74681e+07  1.74706e+07  3.90304e+05  3.90175e+05 -1.25504e+04
  300.00 -2.62022  3.93754e+07  3.93697e+07  3.93734e+07  5.90684e+05  5.90462e+05 -2.48464e+05
  300.00 -2.59810  6.49302e+07  6.49250e+07  6.49294e+07  3.96129e+05  3.95793e+05 -1.39404e+05
  300.00 -2.57598  9.44616e+07  9.44569e+07  9.44613e+07 -2.08508e+05 -2.08963e+05  3.84454e+05
  300.00 -2.55385  1.29347e+08  1.29343e+08  1.29347e+08 -9.89068e+05 -9.89589e+05  1.10328e+06
  300.00 -2.53173  1.69410e+08  1.69406e+08  1.69409e+08 -1.60523e+06 -1.60567e+06  1.67611e+06
  300.00 -2.50961  2.12674e+08  2.12672e+08  2.12673e+08 -1.80034e+06 -1.80044e+06  1.84227e+06
  300.00 -2.48749  2.58382e+08  2.58381e+08  2.58380e+08 -1.54552e+06 -1.54498e+06  1.56884e+06
  300.00 -2.46537  3.08583e+08  3.08584e+08  3.08582e+08 -1.01960e+06 -1.01819e+06  1.03124e+06
  300.00 -2.44324  3.65294e+08  3.65297e+08  3.65293e+08 -4.72188e+05 -4.69809e+05  4.76552e+05
  300.00 -2.42112  4.27452e+08  4.27457e+08  4.27451e+08 -1.17686e+05 -1.14501e+05  1.17705e+05
  300.00 -2.39900  4.92751e+08  4.92758e+08  4.92751e+08 -9.52196e+04 -9.16139e+04  9.29984e+04
  300.00 -2.37688  5.62521e+08  5.62529e+08  5.62521e+08 -4.54814e+05 -4.51242e+05  4.51842e+05
  300.00 -2.35475  6.42936e+08  6.42946e+08  6.42937e+08 -1.14142e+06 -1.13822e+06  1.13859e+06
  300.00 -2.33263  7.39759e+08  7.39771e+08  7.39763e+08 -1.95950e+06 -1.95682e+06  1.95721e+06
  300.00 -2.31051  8.51063e+08  8.51075e+08  8.51070e+08 -2.54289e+06 -2.54072e+06  2.54127e+06
  300.00 -2.28839  9.64842e+08  9.64855e+08  9.64854e+08 -2.42977e+06 -2.42809e+06  2.42890e+06
  300.00 -2.26627  1.06546e+09  1.06547e+09  1.06548e+09 -1.30652e+06 -1.30535e+06  1.30650e+06
  300.00 -2.24414  1.14549e+09  1.14550e+09  1.14551e+09  7.32363e+05  7.32945e+05 -7.31462e+05
  300.00 -2.22202  1.21324e+09  1.21325e+09  1.21326e+09  3.17196e+06  3.17190e+06 -3.17024e+06
  300.00 -2.19990  1.28944e+09  1.28945e+09  1.28946e+09  5.33581e+06  5.33506e+06 -5.33354e+06
  300.00 -2.17778  1.39630e+09  1.39631e+09  1.39633e+09  6.65854e+06  6.65702e+06 -6.65609e+06
  300.00 -2.15566  1.54658e+09  1.54659e+09  1.54661e+09  6.79933e+06  6.79685e+06 -6.79699e+06
  300.00 -2.13353  1.73781e+09  1.73782e+09  1.73784e+09  5.68333e+06  5.67951e+06 -5.68120e+06
  300.00 -2.11141  1.95360e+09  1.95360e+09  1.95363e+09  3.57958e+06  3.57397e+06 -3.57750e+06
  300.00 -2.08929  2.17189e+09  2.17189e+09  2.17191e+09  1.14295e+06  1.13513e+06 -1.14060e+06
  300.00 -2.06717  2.37634e+09  2.37633e+09  2.37635e+09 -7.14879e+05 -7.25075e+05  7.17831e+05
  300.00 -2.04505  2.56409e+09  2.56408e+09  2.56410e+09 -1.11811e+06 -1.13052e+06  1.12188e+06
  300.00 -2.02292  2.74580e+09  2.74579e+09  2.74581e+09  4.66122e+05  4.51965e+05 -4.61519e+05
  300.00 -2.00080  2.93952e+09  2.93950e+09  2.93952e+09  4.03674e+06  4.02148e+06 -4.03137e+06
  300.00 -1.97868  3.16326e+09  3.16325e+09  3.16326e+09  8.99924e+06  8.98356e+06 -8.99320e+06
  300.00 -1.95656  3.42955e+09  3.42955e+09  3.42955e+09  1.42028e+07  1.41874e+07 -1.41962e+07
  300.00 -1.93443  3.74282e+09  3.74282e+09  3.74281e+09  1.80867e+07  1.80724e+07 -1.80800e+07
  300.00 -1.91231  4.09957e+09  4.09957e+09  4.09955e+09  1.89956e+07  1.89834e+07 -1.89895e+07
  300.00 -1.89019  4.49125e+09  4.49126e+09  4.49123e+09  1.56625e+07  1.56541e+07 -1.56591e+07
  300.00 -1.86807  4.90960e+09  4.90962e+09  4.90958e+09  7.71482e+06  7.71273e+06 -7.71752e+06
  300.00 -1.84595  5.35231e+09  5.35233e+09  5.35228e+09 -4.04931e+06 -4.04191e+06  4.03578e+06
  300.00 -1.82382  5.82544e+09  5.82547e+09  5.82542e+09 -1.77782e+07 -1.77576e+07  1.77480e+07
  300.00 -1.80170  6.34009e+09  6.34013e+09  6.34007e+09 -3.10143e+07 -3.09767e+07  3.09612e+07
  300.00 -1.77958  6.90427e+09  6.90431e+09  6.90425e+09 -4.12590e+07 -4.12011e+07  4.11775e+07
  300.00 -1.75746  7.51547e+09  7.51550e+09  7.51544e+09 -4.65036e+07 -4.64235e+07  4.63903e+07
  300.00 -1.73534  8.16053e+09  8.16057e+09  8.16051e+09 -4.56998e+07 -4.55976e+07  4.55549e+07
  300.00 -1.71321  8.82603e+09  8.82605e+09  8.82600e+09 -3.91312e+07 -3.90097e+07  3.89595e+07
  300.00 -1.69109  9.51421e+09  9.51423e+09  9.51418e+09 -2.85184e+07 -2.83836e+07  2.83296e+07
  300.00 -1.66897  1.02536e+10  1.02536e+10  1.02536e+10 -1.66972e+07 -1.65576e+07  1.65045e+07
  300.00 -1.64685  1.10941e+10  1.10941e+10  1.10940e+10 -6.90604e+06 -6.77183e+06  6.72418e+06
  300.00 -1.62472  1.20861e+10  1.20861e+10  1.20861e+10 -1.90494e+06 -1.78695e+06  1.74725e+06
  300.00 -1.60260  1.32561e+10  1.32561e+10  1.32561e+10 -3.12323e+06 -3.03134e+06  2.99797e+06
  300.00 -1.58048  1.45927e+10  1.45927e+10  1.45927e+10 -9.98974e+06 -9.93099e+06  9.89519e+06
  300.00 -1.55836  1.60570e+10  1.60570e+10  1.60570e+10 -1.97623e+07 -1.97388e+07  1.96797e+07
  300.00 -1.53624  1.76129e+10  1.76129e+10  1.76130e+10 -2.82721e+07 -2.82789e+07  2.81541e+07
  300.00 -1.51411  1.92579e+10  1.92579e+10  1.92580e+10 -3.15536e+07 -3.15790e+07  3.13034e+07
  300.00 -1.49199  2.10273e+10  2.10273e+10  2.10274e+10 -2.75918e+07 -2.76185e+07  2.70160e+07
  300.00 -1.46987  2.29675e+10  2.29675e+10  2.29677e+10 -1.72264e+07 -1.72358e+07  1.59303e+07
  300.00 -1.44775  2.50996e+10  2.50997e+10  2.50999e+10 -3.84367e+06 -3.82029e+06  9.99052e+05
  300.00 -1.42563  2.74106e+10  2.74107e+10  2.74108e+10  7.86387e+06  7.92767e+06 -1.40095e+07
  300.00 -1.40350  2.98860e+10  2.98862e+10  2.98863e+10  1.34674e+07  1.35691e+07 -2.65945e+07
  300.00 -1.38138  3.25582e+10  3.25585e+10  3.25585e+10  9.90088e+06  1.00287e+07 -3.76005e+07
  300.00 -1.35926  3.55152e+10  3.55156e+10  3.55156e+10 -4.81369e+06 -4.67703e+06 -5.27269e+07
  300.00 -1.33714  3.88519e+10  3.88524e+10  3.88524e+10 -3.38108e+07 -3.36844e+07 -8.32328e+07
  300.00 -1.31502  4.26060e+10  4.26067e+10  4.26067e+10 -8.53992e+07 -8.53002e+07 -1.45938e+08
  300.00 -1.29289  4.67436e+10  4.67446e+10  4.67446e+10 -1.77132e+08 -1.77071e+08 -2.62428e+08
  300.00 -1.27077  5.11947e+10  5.11963e+10  5.11965e+10 -3.35511e+08 -3.35485e+08 -4.56013e+08
  300.00 -1.24865  5.58636e+10  5.58661e+10  5.58663e+10 -5.84009e+08 -5.83994e+08 -7.41537e+08
  300.00 -1.22653  6.05525e+10  6.05560e+10  6.05562e+10 -9.14396e+08 -9.14360e+08 -1.10194e+09
  300.00 -1.20440  6.48736e+10  6.48779e+10  6.48781e+10 -1.25730e+09 -1.25723e+09 -1.46284e+09
  300.00 -1.18228  6.83087e+10  6.83133e+10  6.83134e+10 -1.50245e+09 -1.50238e+09 -1.71188e+09
  300.00 -1.16016  7.04478e+10  7.04516e+10  7.04515e+10 -1.58337e+09 -1.58337e+09 -1.78099e+09
  300.00 -1.13804  7.12074e+10  7.12089e+10  7.12085e+10 -1.52676e+09 -1.52692e+09 -1.69713e+09
  300.00 -1.11592  7.08286e+10  7.08271e+10  7.08264e+10 -1.40484e+09 -1.40517e+09 -1.53653e+09
  300.00 -1.09379  6.97003e+10  6.96961e+10  6.96953e+10 -1.27417e+09 -1.27464e+09 -1.36084e+09
  300.00 -1.07167  6.81896e+10  6.81837e+10  6.81828e+10 -1.16062e+09 -1.16116e+09 -1.19983e+09
  300.00 -1.04955  6.65636e+10  6.65568e+10  6.65559e+10 -1.06973e+09 -1.07024e+09 -1.06275e+09
  300.00 -1.02743  6.49756e+10  6.49688e+10  6.49679e+10 -9.97975e+08 -9.98412e+08 -9.50105e+08
  300.00 -1.00531  6.34969e+10  6.34917e+10  6.34909e+10 -9.39456e+08 -9.39788e+08 -8.59748e+08
  300.00 -0.98318  6.21689e+10  6.21669e+10  6.21663e+10 -8.88934e+08 -8.89160e+08 -7.89898e+08
  300.00 -0.96106  6.10214e+10  6.10240e+10  6.10236e+10 -8.41259e+08 -8.41394e+08 -7.38156e+08
  300.00 -0.93894  6.00666e+10  6.00747e+10  6.00744e+10 -7.92280e+08 -7.92351e+08 -7.00846e+08
  300.00 -0.91682  5.93079e+10  5.93220e+10  5.93219e+10 -7.42406e+08 -7.42444e+08 -6.75122e+08
  300.00 -0.89469  5.87435e+10  5.87636e+10  5.87636e+10 -6.95146e+08 -6.95191e+08 -6.57359e+08
  300.00 -0.87257  5.83468e+10  5.83733e+10  5.83735e+10 -6.52088e+08 -6.52187e+08 -6.39982e+08
  300.00 -0.85045  5.80659e+10  5.80999e+10  5.81001e+10 -6.13536e+08 -6.13748e+08 -6.15884e+08
  300.00 -0.82833  5.78619e+10  5.79044e+10  5.79045e+10 -5.81834e+08 -5.82242e+08 -5.85241e+08
  300.00 -0.80621  5.77353e+10  5.77864e+10  5.77864e+10 -5.58010e+08 -5.58749e+08 -5.52358e+08
  300.00 -0.78408  5.77002e+10  5.77586e+10  5.77581e+10 -5.36428e+08 -5.37728e+08 -5.17177e+08
  300.00 -0.76196  5.77445e+10  5.78068e+10  5.78053e+10 -5.09040e+08 -5.11292e+08 -4.76345e+08
  300.00 -0.73984  5.78357e+10  5.78967e+10  5.78935e+10 -4.75518e+08 -4.79338e+08 -4.32696e+08
  300.00 -0.71772  5.79639e+10  5.80170e+10  5.80113e+10 -4.43847e+08 -4.50111e+08 -3.97122e+08
  300.00 -0.69560  5.81573e+10  5.81970e+10  5.81876e+10 -4.19061e+08 -4.28855e+08 -3.78243e+08
  300.00 -0.67347  5.84465e+10  5.84706e+10  5.84564e+10 -3.96546e+08 -4.10968e+08 -3.74605e+08
  300.00 -0.65135  5.88258e+10  5.88369e+10  5.88171e+10 -3.71167e+08 -3.90936e+08 -3.80705e+08
  300.00 -0.62923  5.92658e+10  5.92706e+10  5.92456e+10 -3.50868e+08 -3.75777e+08 -3.97117e+08
  300.00 -0.60711  5.97612e+10  5.97681e+10  5.97394e+10 -3.55438e+08 -3.83868e+08 -4.28031e+08
  300.00 -0.58498  6.03484e+10  6.03641e+10  6.03350e+10 -3.99708e+08 -4.28463e+08 -4.67524e+08
  300.00 -0.56286  6.10650e+10  6.10923e+10  6.10671e+10 -4.80944e+08 -5.05666e+08 -4.94407e+08
  300.00 -0.54074  6.19002e+10  6.19374e+10  6.19206e+10 -5.85089e+08 -6.01248e+08 -4.87844e+08
  300.00 -0.51862  6.28001e+10  6.28433e+10  6.28384e+10 -7.02601e+08 -7.06807e+08 -4.50035e+08
  300.00 -0.49650  6.37308e+10  6.37765e+10  6.37846e+10 -8.32792e+08 -8.23888e+08 -4.09740e+08
  300.00 -0.47437  6.47269e+10  6.47728e+10  6.47926e+10 -9.70494e+08 -9.49884e+08 -3.98842e+08
  300.00 -0.45225  6.58668e+10  6.59115e+10  6.59397e+10 -1.09271e+09 -1.06372e+09 -4.24702e+08
  300.00 -0.43013  6.72043e+10  6.72430e+10  6.72757e+10 -1.16555e+09 -1.13214e+09 -4.66916e+08
  300.00 -0.40801  6.87389e+10  6.87569e+10  6.87911e+10 -1.16861e+09 -1.13397e+09 -4.99959e+08
  300.00 -0.38589  7.04600e+10  7.04261e+10  7.04605e+10 -1.11142e+09 -1.07698e+09 -5.14863e+08
  300.00 -0.36376  7.23979e+10  7.22627e+10  7.22981e+10 -1.02154e+09 -9.86577e+08 -5.15350e+08
  300.00 -0.34164  7.45910e+10  7.42929e+10  7.43319e+10 -9.14540e+08 -8.76512e+08 -4.95852e+08
  300.00 -0.31952  7.69870e+10  7.64665e+10  7.65125e+10 -7.79989e+08 -7.35495e+08 -4.34262e+08
  300.00 -0.29740  7.94147e+10  7.86344e+10  7.86902e+10 -6.03385e+08 -5.49519e+08 -3.17943e+08
  300.00 -0.27528  8.17124e+10  8.06774e+10  8.07439e+10 -4.03405e+08 -3.39247e+08 -1.78566e+08
  300.00 -0.25315  8.38960e+10  8.26716e+10  8.27463e+10 -2.39448e+08 -1.67226e+08 -8.88916e+07
  300.00 -0.23103  8.61733e+10  8.48897e+10  8.49664e+10 -1.72938e+08 -9.83711e+07 -1.12712e+08
  300.00 -0.20891  8.88126e+10  8.76520e+10  8.77219e+10 -2.23413e+08 -1.55006e+08 -2.59919e+08
  300.00 -0.18679  9.20668e+10  9.12296e+10  9.12825e+10 -3.70327e+08 -3.17648e+08 -4.97452e+08
  300.00 -0.16466  9.61880e+10  9.58456e+10  9.58727e+10 -5.92680e+08 -5.64016e+08 -7.98168e+08
  300.00 -0.14254  1.01320e+11  1.01569e+11  1.01565e+11 -8.82018e+08 -8.82200e+08 -1.15387e+09
  300.00 -0.12042  1.07226e+11  1.08056e+11  1.08021e+11 -1.19563e+09 -1.22477e+09 -1.51855e+09
  300.00 -0.09830  1.13180e+11  1.14464e+11  1.14403e+11 -1.40677e+09 -1.46023e+09 -1.75222e+09
  300.00 -0.07618  1.18184e+11  1.19708e+11  1.19631e+11 -1.32245e+09 -1.39205e+09 -1.64944e+09
  300.00 -0.05405  1.21071e+11  1.22599e+11  1.22515e+11 -7.50865e+08 -8.26998e+08 -1.02454e+09
  300.00 -0.03193  1.20405e+11  1.21743e+11  1.21662e+11  4.12378e+08  3.38558e+08  1.93563e+08
  300.00 -0.00981  1.14805e+11  1.15845e+11  1.15774e+11  2.03936e+09  1.97437e+09  1.83556e+09
  300.00  0.01231  1.03777e+11  1.04498e+11  1.04442e+11  3.68896e+09  3.63635e+09  3.45527e+09
  300.00  0.03443  8.83330e+10  8.87724e+10  8.87305e+10  4.81854e+09  4.77908e+09  4.54323e+09
  300.00  0.05656  7.07481e+10  7.09680e+10  7.09389e+10  5.13468e+09  5.10709e+09  4.83408e+09
  300.00  0.07868  5.35317e+10  5.35996e+10  5.35808e+10  4.71797e+09  4.69984e+09  4.41737e+09
  300.00  0.10080  3.85084e+10  3.84870e+10  3.84756e+10  3.87283e+09  3.86157e+09  3.59685e+09
  300.00  0.12292  2.65268e+10  2.64655e+10  2.64589e+10  2.91429e+09  2.90763e+09  2.68137e+09
  300.00  0.14505  1.76302e+10  1.75615e+10  1.75579e+10  2.04945e+09  2.04568e+09  1.86842e+09
  300.00  0.16717  1.13890e+10  1.13296e+10  1.13277e+10  1.36603e+09  1.36397e+09  1.23607e+09
  300.00  0.18929  7.19908e+09  7.15468e+09  7.15373e+09  8.71512e+08  8.70409e+08  7.85067e+08
  300.00  0.21141  4.47400e+09  4.44405e+09  4.44358e+09  5.35481e+08  5.34902e+08  4.82188e+08
  300.00  0.23353  2.73202e+09  2.71339e+09  2.71316e+09  3.17403e+08  3.17103e+08  2.87266e+08
  300.00  0.25566  1.61284e+09  1.60210e+09  1.60198e+09  1.80109e+08  1.79954e+08  1.65094e+08
  300.00  0.27778  8.61472e+08  8.55854e+08  8.55802e+08  9.44849e+07  9.44062e+07  8.85120e+07
  300.00  0.29990  3.21538e+08  3.19157e+08  3.19140e+08  4.02014e+07  4.01650e+07  3.80693e+07
  300.00  0.32202  1.18066e+07  1.13523e+07  1.13506e+07  5.31537e+06  5.31002e+06  4.44963e+06
  300.00  0.34414  2.40233e+08  2.40539e+08  2.40529e+08 -1.69455e+07 -1.69220e+07 -2.95753e+06
  300.00  0.36627  1.27824e+09  1.27854e+09  1.27851e+09 -3.41264e+07 -3.40929e+07  2.53063e+07
  300.00  0.38839  3.13641e+09  3.13661e+09  3.13656e+09 -5.41648e+07 -5.41404e+07  7.65023e+07
  300.00  0.41051  6.04837e+09  6.04872e+09  6.04865e+09 -8.23581e+07 -8.23461e+07  1.46374e+08
  300.00  0.43263  1.05934e+10  1.05943e+10  1.05942e+10 -1.19726e+08 -1.19722e+08  2.42672e+08
  300.00  0.45475  1.75662e+10  1.75679e+10  1.75678e+10 -1.61979e+08 -1.61975e+08  3.73593e+08
  300.00  0.47688  2.78355e+10  2.78383e+10  2.78382e+10 -1.98204e+08 -1.98190e+08  5.42865e+08
  300.00  0.49900  4.21055e+10  4.21094e+10  4.21094e+10 -2.11895e+08 -2.11851e+08  7.49337e+08
  300.00  0.52112  6.05338e+10  6.05388e+10  6.05388e+10 -1.87575e+08 -1.87480e+08  9.91139e+08
  300.00  0.54324  8.23008e+10  8.23064e+10  8.23065e+10 -1.21461e+08 -1.21296e+08  1.27217e+09
  300.00  0.56537  1.05396e+11  1.05402e+11  1.05402e+11 -2.52447e+07 -2.50164e+07  1.60064e+09
  300.00  0.58749  1.26989e+11  1.26994e+11  1.26994e+11  9.17391e+07  9.19878e+07  1.96658e+09
  300.00  0.60961  1.44516e+11  1.44518e+11  1.44518e+11  2.52489e+08  2.52697e+08  2.31047e+09
  300.00  0.63173  1.56836e+11  1.56833e+11  1.56834e+11  4.97321e+08  4.97450e+08  2.54153e+09
  300.00  0.65385  1.64457e+11  1.64449e+11  1.64449e+11  8.26156e+08  8.26205e+08  2.60172e+09
  300.00  0.67598  1.68766e+11  1.68753e+11  1.68753e+11  1.19968e+09  1.19967e+09  2.47153e+09
  300.00  0.69810  1.71034e+11  1.71016e+11  1.71016e+11  1.56885e+09  1.56880e+09  2.14712e+09
  300.00  0.72022  1.72009e+11  1.71988e+11  1.71988e+11  1.85954e+09  1.85946e+09  1.66468e+09
  300.00  0.74234  1.72120e+11  1.72100e+11  1.72101e+11  1.97234e+09  1.97224e+09  1.11186e+09
  300.00  0.76446  1.71633e+11  1.71618e+11  1.71619e+11  1.84372e+09  1.84360e+09  5.75243e+08
  300.00  0.78659  1.70547e+11  1.70541e+11  1.70541e+11  1.50566e+09  1.50557e+09  8.26737e+07
  300.00  0.80871  1.68601e+11  1.68605e+11  1.68605e+11  1.06381e+09  1.06379e+09 -3.80750e+08
  300.00  0.83083  1.65523e+11  1.65536e+11  1.65536e+11  6.23533e+08  6.23592e+08 -8.14462e+08
  300.00  0.85295  1.61317e+11  1.61337e+11  1.61337e+11  2.49029e+08  2.49147e+08 -1.18479e+09
  300.00  0.87508  1.56314e+11  1.56338e+11  1.56338e+11 -2.89213e+07 -2.87908e+07 -1.45405e+09
  300.00  0.89720  1.51009e+11  1.51035e+11  1.51035e+11 -1.94123e+08 -1.94020e+08 -1.61017e+09
  300.00  0.91932  1.45890e+11  1.45915e+11  1.45914e+11 -2.42732e+08 -2.42675e+08 -1.66767e+09
  300.00  0.94144  1.41311e+11  1.41332e+11  1.41332e+11 -1.92160e+08 -1.92145e+08 -1.64876e+09
  300.00  0.96356  1.37452e+11  1.37468e+11  1.37468e+11 -8.23885e+07 -8.24046e+07 -1.56881e+09
  300.00  0.98569  1.34340e+11  1.34351e+11  1.34351e+11  3.51138e+07  3.50771e+07 -1.43491e+09
  300.00  1.00781  1.31870e+11  1.31877e+11  1.31877e+11  1.14304e+08  1.14253e+08 -1.25278e+09
  300.00  1.02993  1.29846e+11  1.29849e+11  1.29849e+11  1.27796e+08  1.27733e+08 -1.03368e+09
  300.00  1.05205  1.28032e+11  1.28032e+11  1.28032e+11  7.10486e+07  7.09767e+07 -7.96067e+08
  300.00  1.07417  1.26206e+11  1.26205e+11  1.26205e+11 -4.06335e+07 -4.07114e+07 -5.63101e+08
  300.00  1.09630  1.24200e+11  1.24198e+11  1.24198e+11 -1.78714e+08 -1.78790e+08 -3.59014e+08
  300.00  1.11842  1.21931e+11  1.21929e+11  1.21929e+11 -3.10130e+08 -3.10194e+08 -2.04771e+08
  300.00  1.14054  1.19420e+11  1.19418e+11  1.19418e+11 -4.06579e+08 -4.06620e+08 -1.13388e+08
  300.00  1.16266  1.16780e+11  1.16779e+11  1.16779e+11 -4.51393e+08 -4.51400e+08 -8.67871e+07
  300.00  1.18478  1.14161e+11  1.14160e+11  1.14160e+11 -4.41524e+08 -4.41493e+08 -1.16087e+08
  300.00  1.20691  1.11698e+11  1.11697e+11  1.11697e+11 -3.84825e+08 -3.84757e+08 -1.85229e+08
  300.00  1.22903  1.09498e+11  1.09498e+11  1.09498e+11 -2.95130e+08 -2.95030e+08 -2.75880e+08
  300.00  1.25115  1.07651e+11  1.07652e+11  1.07651e+11 -1.87850e+08 -1.87727e+08 -3.71329e+08
  300.00  1.27327  1.06252e+11  1.06253e+11  1.06253e+11 -7.73625e+07 -7.72257e+07 -4.58326e+08
  300.00  1.29540  1.05405e+11  1.05406e+11  1.05406e+11  2.40813e+07  2.42237e+07 -5.27318e+08
  300.00  1.31752  1.05206e+11  1.05207e+11  1.05207e+11  1.06838e+08  1.06978e+08 -5.72086e+08
  300.00  1.33964  1.05724e+11  1.05726e+11  1.05725e+11  1.64277e+08  1.64405e+08 -5.89493e+08
  300.00  1.36176  1.06980e+11  1.06981e+11  1.06981e+11  1.93128e+08  1.93234e+08 -5.79386e+08
  300.00  1.38388  1.08917e+11  1.08918e+11  1.08918e+11  1.93495e+08  1.93567e+08 -5.44350e+08
  300.00  1.40601  1.11392e+11  1.11393e+11  1.11393e+11  1.68314e+08  1.68344e+08 -4.89043e+08
  300.00  1.42813  1.14160e+11  1.14161e+11  1.14161e+11  1.22530e+08  1.22513e+08 -4.19338e+08
  300.00  1.45025  1.16898e+11  1.16898e+11  1.16898e+11  6.29094e+07  6.28485e+07 -3.42168e+08
  300.00  1.47237  1.19266e+11  1.19266e+11  1.19266e+11 -1.88862e+06 -1.98573e+06 -2.65726e+08
  300.00  1.49449  1.21004e+11  1.21004e+11  1.21005e+11 -6.34703e+07 -6.35926e+07 -1.97495e+08
  300.00  1.51662  1.21989e+11  1.21989e+11  1.21990e+11 -1.16744e+08 -1.16882e+08 -1.41375e+08
  300.00  1.53874  1.22233e+11  1.22233e+11  1.22233e+11 -1.60029e+08 -1.60174e+08 -9.77060e+07
  300.00  1.56086  1.21847e+11  1.21847e+11  1.21847e+11 -1.92518e+08 -1.92668e+08 -6.59421e+07
  300.00  1.58298  1.21000e+11  1.21000e+11  1.21000e+11 -2.11646e+08 -2.11802e+08 -4.74145e+07
  300.00  1.60511  1.19871e+11  1.19871e+11  1.19871e+11 -2.14207e+08 -2.14369e+08 -4.43077e+07
  300.00  1.62723  1.18616e+11  1.18615e+11  1.18616e+11 -2.00836e+08 -2.01004e+08 -5.52214e+07
  300.00  1.64935  1.17344e+11  1.17344e+11  1.17344e+11 -1.77199e+08 -1.77366e+08 -7.40011e+07
  300.00  1.67147  1.16119e+11  1.16119e+11  1.16119e+11 -1.50238e+08 -1.50397e+08 -9.34945e+07
  300.00  1.69359  1.14965e+11  1.14965e+11  1.14965e+11 -1.24626e+08 -1.24765e+08 -1.09084e+08
  300.00  1.71572  1.13860e+11  1.13860e+11  1.13860e+11 -1.02421e+08 -1.02529e+08 -1.18975e+08
  300.00  1.73784  1.12759e+11  1.12759e+11  1.12759e+11 -8.46105e+07 -8.46750e+07 -1.22632e+08
  300.00  1.75996  1.11616e+11  1.11616e+11  1.11616e+11 -7.23523e+07 -7.23672e+07 -1.19498e+08
  300.00  1.78208  1.10386e+11  1.10386e+11  1.10386e+11 -6.69031e+07 -6.68690e+07 -1.09004e+08
  300.00  1.80420  1.09032e+11  1.09032e+11  1.09032e+11 -6.84825e+07 -6.84080e+07 -9.16271e+07
  300.00  1.82633  1.07528e+11  1.07528e+11  1.07528e+11 -7.52421e+07 -7.51410e+07 -6.98685e+07
  300.00  1.84845  1.05874e+11  1.05874e+11  1.05874e+11 -8.34946e+07 -8.33813e+07 -4.79793e+07
  300.00  1.87057  1.04094e+11  1.04094e+11  1.04094e+11 -8.93333e+07 -8.92201e+07 -3.02946e+07
  300.00  1.89269  1.02214e+11  1.02214e+11  1.02214e+11 -9.05157e+07 -9.04113e+07 -1.93096e+07
  300.00  1.91481  1.00247e+11  1.00247e+11  1.00247e+11 -8.73172e+07 -8.72270e+07 -1.48112e+07
  300.00  1.93694  9.81869e+10  9.81869e+10  9.81868e+10 -8.22046e+07 -8.21320e+07 -1.42183e+07
  300.00  1.95906  9.60072e+10  9.60072e+10  9.60071e+10 -7.91060e+07 -7.90528e+07 -1.33410e+07
  300.00  1.98118  9.36619e+10  9.36619e+10  9.36618e+10 -8.26615e+07 -8.26282e+07 -7.16141e+06
  300.00  2.00330  9.10891e+10  9.10892e+10  9.10890e+10 -9.70338e+07 -9.70185e+07  8.93734e+06
  300.00  2.02543  8.82290e+10  8.82291e+10  8.82289e+10 -1.24037e+08 -1.24036e+08  3.72494e+07
  300.00  2.04755  8.50443e+10  8.50443e+10  8.50442e+10 -1.61415e+08 -1.61421e+08  7.59722e+07
  300.00  2.06967  8.15175e+10  8.15174e+10  8.15173e+10 -2.02699e+08 -2.02706e+08  1.19037e+08
  300.00  2.09179  7.76007e+10  7.76005e+10  7.76004e+10 -2.39204e+08 -2.39204e+08  1.58126e+08
  300.00  2.11391  7.31343e+10  7.31341e+10  7.31341e+10 -2.62955e+08 -2.62943e+08  1.85651e+08
  300.00  2.13604  6.78345e+10  6.78342e+10  6.78342e+10 -2.69463e+08 -2.69438e+08  1.97537e+08
  300.00  2.15816  6.14860e+10  6.14857e+10  6.14858e+10 -2.61544e+08 -2.61512e+08  1.96855e+08
  300.00  2.18028  5.42372e+10  5.42369e+10  5.42369e+10 -2.50290e+08 -2.50257e+08  1.94554e+08
  300.00  2.20240  4.66166e+10  4.66162e+10  4.66163e+10 -2.44701e+08 -2.44674e+08  1.99125e+08
  300.00  2.22452  3.92477e+10  3.92472e+10  3.92473e+10 -2.41659e+08 -2.41642e+08  2.06882e+08
  300.00  2.24665  3.25956e+10  3.25951e+10  3.25952e+10 -2.31485e+08 -2.31480e+08  2.07810e+08
  300.00  2.26877  2.68783e+10  2.68778e+10  2.68779e+10 -2.07960e+08 -2.07967e+08  1.95708e+08
  300.00  2.29089  2.20965e+10  2.20960e+10  2.20960e+10 -1.70427e+08 -1.70444e+08  1.70299e+08
  300.00  2.31301  1.81184e+10  1.81178e+10  1.81179e+10 -1.21814e+08 -1.21837e+08  1.35165e+08
  300.00  2.33514  1.47646e+10  1.47640e+10  1.47640e+10 -6.76512e+07 -6.76768e+07  9.66145e+07
  300.00  2.35726  1.18715e+10  1.18708e+10  1.18709e+10 -1.48530e+07 -1.48808e+07  6.21971e+07
  300.00  2.37938  9.32767e+09  9.32687e+09  9.32687e+09  3.08913e+07  3.08615e+07  3.76804e+07
  300.00  2.40150  7.07573e+09  7.07472e+09  7.07472e+09  6.66504e+07  6.66194e+07  2.49190e+07
  300.00  2.42362  5.10108e+09  5.09973e+09  5.09972e+09  9.10747e+07  9.10445e+07  2.23456e+07
  300.00  2.44575  3.42626e+09  3.42446e+09  3.42447e+09  1.03030e+08  1.03005e+08  2.61533e+07
  300.00  2.46787  2.09310e+09  2.09092e+09  2.09094e+09  1.02057e+08  1.02044e+08  3.10448e+07
  300.00  2.48999  1.12528e+09  1.12299e+09  1.12302e+09  8.92149e+07  8.92216e+07  3.20434e+07
  300.00  2.51211  5.02870e+08  5.00765e+08  5.00795e+08  6.73067e+07  6.73322e+07  2.70861e+07
  300.00  2.53423  1.64976e+08  1.63080e+08  1.63107e+08  4.09477e+07  4.09755e+07  1.79073e+07
  300.00  2.55636  2.73074e+07  2.54271e+07  2.54404e+07  1.58449e+07  1.58564e+07  8.18189e+06
  300.00  2.57848  6.17784e+06  4.27111e+06  4.27080e+06 -3.18355e+06 -3.18419e+06  6.13914e+05
  300.00  2.60060  3.71907e+07  3.54963e+07  3.54955e+07 -1.41087e+07 -1.41057e+07 -4.42841e+06
  300.00  2.62272  7.96316e+07  7.84097e+07  7.84174e+07 -1.79856e+07 -1.79802e+07 -7.92172e+06
  300.00  2.64484  1.11802e+08  1.11154e+08  1.11175e+08 -1.73588e+07 -1.73619e+07 -1.05047e+07
  300.00  2.66697  1.23777e+08  1.23647e+08  1.23685e+08 -1.45542e+07 -1.45673e+07 -1.19847e+07
  300.00  2.68909  1.13219e+08  1.13388e+08  1.13440e+08 -1.11585e+07 -1.11746e+07 -1.19818e+07
  300.00  2.71121  8.51788e+07  8.53718e+07  8.54269e+07 -7.97986e+06 -7.99217e+06 -1.05233e+07
  300.00  2.73333  5.02190e+07  5.03316e+07  5.03744e+07 -5.11877e+06 -5.12528e+06 -8.05547e+06
  300.00  2.75546  1.92471e+07  1.93858e+07  1.94068e+07 -2.46556e+06 -2.46793e+06 -5.01748e+06
  300.00  2.77758  1.26334e+06  1.56812e+06  1.57061e+06 -3.13112e+05 -3.13532e+05 -1.27083e+06
  300.00  2.79970  9.36905e+06  9.79051e+06  9.79263e+06  5.30681e+05  5.30705e+05  3.95195e+06
  300.00  2.82182  7.18645e+07  7.21301e+07  7.21555e+07 -6.47870e+05 -6.49725e+05  1.15277e+07
  300.00  2.84394  2.37902e+08  2.37755e+08  2.37817e+08 -3.67123e+06 -3.68028e+06  2.20032e+07
  300.00  2.86607  5.70891e+08  5.70287e+08  5.70379e+08 -7.45213e+06 -7.47533e+06  3.53799e+07
  300.00  2.88819  1.14093e+09  1.13996e+09  1.14007e+09 -1.06343e+07 -1.06743e+07  5.09295e+07
  300.00  2.91031  2.03533e+09  2.03406e+09  2.03417e+09 -1.19976e+07 -1.20493e+07  6.70161e+07
  300.00  2.93243  3.38920e+09  3.38771e+09  3.38782e+09 -1.02512e+07 -1.03057e+07  8.06194e+07
  300.00  2.95455  5.42407e+09  5.42250e+09  5.42261e+09 -3.00712e+06 -3.05834e+06  8.72086e+07
  300.00  2.97668  8.47483e+09  8.47334e+09  8.47344e+09  1.42562e+07  1.42092e+07  8.26523e+07
  300.00  2.99880  1.29718e+10  1.29704e+10  1.29705e+10  4.74923e+07  4.74463e+07  6.55396e+07
  300.00  3.02092  1.93613e+10  1.93598e+10  1.93599e+10  1.02707e+08  1.02658e+08  3.50630e+07
  300.00  3.04304  2.79969e+10  2.79948e+10  2.79950e+10  1.83568e+08  1.83513e+08 -1.17319e+07
  300.00  3.06517  3.90370e+10  3.90342e+10  3.90343e+10  2.83602e+08  2.83543e+08 -7.37568e+07
  300.00  3.08729  5.23512e+10  5.23485e+10  5.23485e+10  3.76248e+08  3.76190e+08 -1.34131e+08
  300.00  3.10941  6.74567e+10  6.74565e+10  6.74565e+10  4.20178e+08  4.20124e+08 -1.59293e+08
  300.00  3.13153  8.35125e+10  8.35170e+10  8.35169e+10  3.95581e+08  3.95531e+08 -1.23665e+08
  300.00  3.15365  9.93006e+10  9.93101e+10  9.93099e+10  3.40376e+08  3.40332e+08 -3.92291e+07
  300.00  3.17578  1.13128e+11  1.13140e+11  1.13140e+11  3.28275e+08  3.28243e+08  5.59839e+07
  300.00  3.19790  1.22755e+11  1.22766e+11  1.22765e+11  4.01883e+08  4.01869e+08  1.46186e+08
  300.00  3.22002  1.25687e+11  1.25696e+11  1.25695e+11  5.42062e+08  5.42068e+08  2.60638e+08
  300.00  3.24214  1.20244e+11  1.20251e+11  1.20251e+11  7.00958e+08  7.00977e+08  4.43480e+08
  300.00  3.26426  1.06980e+11  1.06987e+11  1.06987e+11  8.46094e+08  8.46119e+08  7.06719e+08
  300.00  3.28639  8.89674e+10  8.89757e+10  8.89754e+10  9.72429e+08  9.72458e+08  1.00266e+09
  300.00  3.30851  7.02858e+10  7.02935e+10  7.02933e+10  1.07625e+09  1.07628e+09  1.24041e+09
  300.00  3.33063  5.40574e+10  5.40619e+10  5.40617e+10  1.12848e+09  1.12851e+09  1.34181e+09
  300.00  3.35275  4.15549e+10  4.15543e+10  4.15542e+10  1.09640e+09  1.09642e+09  1.28381e+09
  300.00  3.37487  3.25797e+10  3.25747e+10  3.25748e+10  9.76181e+08  9.76189e+08  1.09574e+09
  300.00  3.39700  2.63359e+10  2.63292e+10  2.63294e+10  7.83895e+08  7.83897e+08  8.25562e+08
  300.00  3.41912  2.20278e+10  2.20224e+10  2.20226e+10  5.33631e+08  5.33635e+08  5.12614e+08
  300.00  3.44124  1.90375e+10  1.90350e+10  1.90353e+10  2.37028e+08  2.37043e+08  1.84504e+08
  300.00  3.46336  1.69160e+10  1.69165e+10  1.69167e+10 -8.53154e+07 -8.52826e+07 -1.36947e+08
  300.00  3.48549  1.53345e+10  1.53365e+10  1.53366e+10 -4.00237e+08 -4.00182e+08 -4.30347e+08
  300.00  3.50761  1.40429e+10  1.40448e+10  1.40449e+10 -6.70250e+08 -6.70174e+08 -6.70652e+08
  300.00  3.52973  1.28565e+10  1.28572e+10  1.28573e+10 -8.64491e+08 -8.64396e+08 -8.31889e+08
  300.00  3.55185  1.16580e+10  1.16567e+10  1.16567e+10 -9.65388e+08 -9.65276e+08 -8.97661e+08
  300.00  3.57397  1.04022e+10  1.03986e+10  1.03987e+10 -9.71742e+08 -9.71616e+08 -8.70451e+08
  300.00  3.59610  9.10769e+09  9.10231e+09  9.10239e+09 -8.98612e+08 -8.98475e+08 -7.71681e+08
  300.00  3.61822  7.82524e+09  7.81908e+09  7.81916e+09 -7.72476e+08 -7.72332e+08 -6.32486e+08
  300.00  3.64034  6.59862e+09  6.59267e+09  6.59273e+09 -6.22772e+08 -6.22632e+08 -4.82239e+08
  300.00  3.66246  5.44104e+09  5.43594e+09  5.43598e+09 -4.73957e+08 -4.73832e+08 -3.41955e+08
  300.00  3.68458  4.34172e+09  4.33768e+09  4.33770e+09 -3.41812e+08 -3.41714e+08 -2.23656e+08
  300.00  3.70671  3.28823e+09  3.28521e+09  3.28519e+09 -2.33734e+08 -2.33670e+08 -1.32362e+08
  300.00  3.72883  2.28299e+09  2.28084e+09  2.28081e+09 -1.50438e+08 -1.50405e+08 -6.83493e+07
  300.00  3.75095  1.35726e+09  1.35581e+09  1.35578e+09 -8.86287e+07 -8.86189e+07 -2.87504e+07
  300.00  3.77307  5.89229e+08  5.88337e+08  5.88311e+08 -4.42248e+07 -4.42280e+07 -8.33049e+06
  300.00  3.79520  1.04218e+08  1.03713e+08  1.03703e+08 -1.39901e+07 -1.39950e+07 -6.44730e+05
  300.00  3.81732  2.29469e+07  2.26815e+07  2.26861e+07  4.96746e+06  4.97168e+06  7.14127e+04
  300.00  3.83944  3.69907e+08  3.69770e+08  3.69785e+08  1.59770e+07  1.59988e+07 -2.48719e+06
  300.00  3.86156  1.01925e+09  1.01917e+09  1.01919e+09  2.23762e+07  2.24195e+07 -6.59231e+06
  300.00  3.88368  1.73757e+09  1.73751e+09  1.73753e+09  2.59107e+07  2.59742e+07 -1.08952e+07
  300.00  3.90581  2.29566e+09  2.29561e+09  2.29564e+09  2.59791e+07  2.60564e+07 -1.32754e+07
  300.00  3.92793  2.56030e+09  2.56025e+09  2.56028e+09  2.16282e+07  2.17106e+07 -1.22304e+07
  300.00  3.95005  2.50515e+09  2.50511e+09  2.50514e+09  1.37486e+07  1.38272e+07 -8.49319e+06
  300.00  3.97217  2.17544e+09  2.17541e+09  2.17543e+09  4.62941e+06  4.69715e+06 -4.13364e+06
  300.00  3.99429  1.66203e+09  1.66199e+09  1.66201e+09 -3.47870e+06 -3.42603e+06 -8.28921e+05
  300.00  4.01642  1.08407e+09  1.08401e+09  1.08402e+09 -8.93901e+06 -8.90255e+06  7.79096e+05
  300.00  4.03854  5.62109e+08  5.62031e+08  5.62035e+08 -1.07387e+07 -1.07170e+07  9.11670e+05
  300.00  4.06066  1.88503e+08  1.88390e+08  1.88390e+08 -8.52302e+06 -8.51313e+06  3.33309e+05
  300.00  4.08278  1.24726e+07  1.23223e+07  1.23219e+07 -2.66310e+06 -2.66119e+06  3.47665e+04
  300.00  4.10490  4.42288e+07  4.40493e+07  4.40501e+07  5.80532e+06  5.80285e+06  8.76906e+05
  300.00  4.12703  2.69162e+08  2.68972e+08  2.68976e+08  1.53813e+07  1.53774e+07  3.25093e+06
  300.00  4.14915  6.62000e+08  6.61824e+08  6.61832e+08  2.43250e+07  2.43217e+07  6.89537e+06
  300.00  4.17127  1.19615e+09  1.19601e+09  1.19602e+09  3.08195e+07  3.08179e+07  1.09693e+07
  300.00  4.19339  1.84769e+09  1.84761e+09  1.84763e+09  3.30807e+07  3.30812e+07  1.43535e+07
  300.00  4.21552  2.59540e+09  2.59538e+09  2.59541e+09  2.95260e+07  2.95285e+07  1.60248e+07
  300.00  4.23764  3.41893e+09  3.41896e+09  3.41899e+09  1.91031e+07  1.91069e+07  1.53219e+07
  300.00  4.25976  4.29801e+09  4.29805e+09  4.29809e+09  1.70820e+06  1.71223e+06  1.20375e+07
  300.00  4.28188  5.21380e+09  5.21381e+09  5.21386e+09 -2.15583e+07 -2.15552e+07  6.40844e+06
  300.00  4.30400  6.15114e+09  6.15107e+09  6.15112e+09 -4.84886e+07 -4.84877e+07 -9.29814e+05
  300.00  4.32613  7.09875e+09  7.09856e+09  7.09862e+09 -7.61298e+07 -7.61320e+07 -9.07821e+06
  300.00  4.34825  8.04581e+09  8.04551e+09  8.04557e+09 -1.01187e+08 -1.01193e+08 -1.71501e+07
  300.00  4.37037  8.97633e+09  8.97596e+09  8.97601e+09 -1.20414e+08 -1.20424e+08 -2.45596e+07
  300.00  4.39249  9.86339e+09  9.86300e+09  9.86306e+09 -1.31114e+08 -1.31126e+08 -3.10767e+07
  300.00  4.41461  1.06629e+10  1.06625e+10  1.06626e+10 -1.31743e+08 -1.31754e+08 -3.65846e+07
  300.00  4.43674  1.13060e+10  1.13057e+10  1.13058e+10 -1.22333e+08 -1.22341e+08 -4.07715e+07
  300.00  4.45886  1.16989e+10  1.16987e+10  1.16988e+10 -1.04722e+08 -1.04724e+08 -4.28443e+07
  300.00  4.48098  1.17485e+10  1.17484e+10  1.17484e+10 -8.29359e+07 -8.29307e+07 -4.10164e+07
  300.00  4.50310  1.14085e+10  1.14084e+10  1.14085e+10 -6.27737e+07 -6.27621e+07 -3.25921e+07
  300.00  4.52523  1.07043e+10  1.07042e+10  1.07042e+10 -4.89431e+07 -4.89284e+07 -1.61539e+07
  300.00  4.54735  9.71772e+09  9.71765e+09  9.71768e+09 -4.20275e+07 -4.20132e+07  6.12116e+06
  300.00  4.56947  8.56317e+09  8.56311e+09  8.56313e+09 -3.91627e+07 -3.91514e+07  2.95134e+07
  300.00  4.59159  7.36411e+09  7.36410e+09  7.36411e+09 -3.70674e+07 -3.70598e+07  4.98165e+07
  300.00  4.61371  6.22632e+09  6.22640e+09  6.22640e+09 -3.37939e+07 -3.37894e+07  6.49098e+07
  300.00  4.63584  5.21880e+09  5.21898e+09  5.21898e+09 -2.86767e+07 -2.86740e+07  7.44163e+07
  300.00  4.65796  4.37234e+09  4.37262e+09  4.37263e+09 -2.17715e+07 -2.17696e+07  7.88569e+07
  300.00  4.68008  3.68998e+09  3.69035e+09  3.69036e+09 -1.34998e+07 -1.34983e+07  7.91063e+07
  300.00  4.70220  3.15957e+09  3.15999e+09  3.16000e+09 -4.46953e+06 -4.46848e+06  7.61297e+07
  300.00  4.72432  2.76384e+09  2.76426e+09  2.76427e+09  4.72004e+06  4.72046e+06  7.07773e+07
  300.00  4.74645  2.48693e+09  2.48729e+09  2.48730e+09  1.37224e+07  1.37221e+07  6.35616e+07
  300.00  4.76857  2.31747e+09  2.31771e+09  2.31771e+09  2.26165e+07  2.26156e+07  5.44898e+07
  300.00  4.79069  2.24835e+09  2.24842e+09  2.24841e+09  3.18745e+07  3.18732e+07  4.30401e+07
  300.00  4.81281  2.27410e+09  2.27398e+09  2.27397e+09  4.21048e+07  4.21033e+07  2.83206e+07
  300.00  4.83493  2.38703e+09  2.38673e+09  2.38671e+09  5.36782e+07  5.36767e+07  9.41327e+06
  300.00  4.85706  2.57375e+09  2.57333e+09  2.57331e+09  6.64154e+07  6.64141e+07 -1.41465e+07
  300.00  4.87918  2.81384e+09  2.81343e+09  2.81341e+09  7.95203e+07  7.95196e+07 -4.19436e+07
  300.00  4.90130  3.08163e+09  3.08139e+09  3.08136e+09  9.18456e+07  9.18457e+07 -7.25732e+07
  300.00  4.92342  3.35055e+09  3.35060e+09  3.35057e+09  1.02372e+08  1.02373e+08 -1.03954e+08
  300.00  4.94555  3.59761e+09  3.59803e+09  3.59800e+09  1.10619e+08  1.10621e+08 -1.33874e+08
  300.00  4.96767  3.80615e+09  3.80697e+09  3.80694e+09  1.16755e+08  1.16758e+08 -1.60465e+08
  300.00  4.98979  3.96634e+09  3.96754e+09  3.96751e+09  1.21383e+08  1.21386e+08 -1.82409e+08
  300.00  5.01191  4.07430e+09  4.07581e+09  4.07578e+09  1.25166e+08  1.25168e+08 -1.98918e+08
  300.00  5.03403  4.13097e+09  4.13267e+09  4.13264e+09  1.28513e+08  1.28515e+08 -2.09626e+08
  300.00  5.05616  4.14101e+09  4.14278e+09  4.14275e+09  1.31470e+08  1.31470e+08 -2.14520e+08
  300.00  5.07828  4.11167e+09  4.11340e+09  4.11337e+09  1.33814e+08  1.33813e+08 -2.13952e+08
  300.00  5.10040  4.05130e+09  4.05289e+09  4.05287e+09  1.35277e+08  1.35274e+08 -2.08664e+08
  300.00  5.12252  3.96763e+09  3.96901e+09  3.96899e+09  1.35734e+08  1.35730e+08 -1.99754e+08
  300.00  5.14464  3.86612e+09  3.86726e+09  3.86724e+09  1.35275e+08  1.35271e+08 -1.88530e+08
  300.00  5.16677  3.74884e+09  3.74974e+09  3.74973e+09  1.34123e+08  1.34119e+08 -1.76286e+08
  300.00  5.18889  3.61418e+09  3.61486e+09  3.61485e+09  1.32473e+08  1.32469e+08 -1.64057e+08
  300.00  5.21101  3.45745e+09  3.45794e+09  3.45793e+09  1.30334e+08  1.30331e+08 -1.52440e+08
  300.00  5.23313  3.27243e+09  3.27275e+09  3.27274e+09  1.27446e+08  1.27444e+08 -1.41532e+08
  300.00  5.25526  3.05357e+09  3.05376e+09  3.05375e+09  1.23321e+08  1.23320e+08 -1.30994e+08
  300.00  5.27738  2.79860e+09  2.79869e+09  2.79869e+09  1.17387e+08  1.17388e+08 -1.20244e+08
  300.00  5.29950  2.51068e+09  2.51071e+09  2.51070e+09  1.09208e+08  1.09209e+08 -1.08711e+08
  300.00  5.32162  2.19953e+09  2.19951e+09  2.19950e+09  9.86994e+07  9.87020e+07 -9.60923e+07
  300.00  5.34374  1.88076e+09  1.88071e+09  1.88070e+09  8.62589e+07  8.62619e+07 -8.25220e+07
  300.00  5.36587  1.57331e+09  1.57326e+09  1.57325e+09  7.27338e+07  7.27368e+07 -6.85752e+07
  300.00  5.38799  1.29559e+09  1.29553e+09  1.29552e+09  5.92251e+07  5.92279e+07 -5.51023e+07
  300.00  5.41011  1.06151e+09  1.06146e+09  1.06146e+09  4.67972e+07  4.67998e+07 -4.29602e+07
  300.00  5.43223  8.78138e+08  8.78096e+08  8.78093e+08  3.62292e+07  3.62314e+07 -3.27745e+07
  300.00  5.45435  7.45383e+08  7.45350e+08  7.45349e+08  2.79095e+07  2.79115e+07 -2.48358e+07
  300.00  5.47648  6.57726e+08  6.57700e+08  6.57702e+08  2.18814e+07  2.18832e+07 -1.91367e+07
  300.00  5.49860  6.06523e+08  6.06502e+08  6.06506e+08  1.79395e+07  1.79412e+07 -1.54569e+07
  300.00  5.52072  5.81888e+08  5.81869e+08  5.81875e+08  1.56753e+07  1.56770e+07 -1.33932e+07
  300.00  5.54284  5.74112e+08  5.74092e+08  5.74100e+08  1.44697e+07  1.44714e+07 -1.23402e+07
  300.00  5.56496  5.75107e+08  5.75088e+08  5.75096e+08  1.35258e+07  1.35275e+07 -1.15138e+07
  300.00  5.58709  5.79100e+08  5.79083e+08  5.79091e+08  1.20485e+07  1.20502e+07 -1.01270e+07
  300.00  5.60921  5.81790e+08  5.81776e+08  5.81785e+08  9.64041e+06  9.64217e+06 -7.78747e+06
  300.00  5.63133  5.78986e+08  5.78976e+08  5.78984e+08  6.60976e+06  6.61160e+06 -4.80851e+06
  300.00  5.65345  5.65531e+08  5.65523e+08  5.65531e+08  3.68960e+06  3.69150e+06 -1.93051e+06
  300.00  5.67558  5.35879e+08  5.35874e+08  5.35880e+08  1.44729e+06  1.44922e+06  2.68553e+05
  300.00  5.69770  4.86877e+08  4.86872e+08  4.86877e+08  7.37143e+04  7.55864e+04  1.58620e+06
  300.00  5.71982  4.20161e+08  4.20157e+08  4.20160e+08 -4.80119e+05 -4.78385e+05  2.06175e+06
  300.00  5.74194  3.42203e+08  3.42197e+08  3.42199e+08 -3.94148e+05 -3.92638e+05  1.86963e+06
  300.00  5.76406  2.62201e+08  2.62195e+08  2.62195e+08  6.66920e+04  6.79098e+04  1.27474e+06
  300.00  5.78619  1.89059e+08  1.89051e+08  1.89050e+08  6.20116e+05  6.21010e+05  5.65129e+05
  300.00  5.80831  1.28883e+08  1.28873e+08  1.28872e+08  1.04719e+06  1.04777e+06 -2.96763e+04
  300.00  5.83043  8.40351e+07  8.40244e+07  8.40231e+07  1.24440e+06  1.24471e+06 -3.92618e+05
  300.00  5.85255  5.37172e+07  5.37060e+07  5.37047e+07  1.22517e+06  1.22528e+06 -5.22579e+05
  300.00  5.87467  3.53507e+07  3.53398e+07  3.53386e+07  1.07681e+06  1.07678e+06 -4.92685e+05
  300.00  5.89680  2.60270e+07  2.60169e+07  2.60158e+07  8.99244e+05  8.99119e+05 -3.89916e+05
  300.00  5.91892  2.37151e+07  2.37063e+07  2.37052e+07  7.56377e+05  7.56177e+05 -2.67288e+05
  300.00  5.94104  2.82514e+07  2.82441e+07  2.82429e+07  6.61572e+05  6.61287e+05 -1.30239e+05
  300.00  5.96316  4.22039e+07  4.21976e+07  4.21962e+07  6.06916e+05  6.06512e+05  3.30114e+04
  300.00  5.98529  7.16139e+07  7.16076e+07  7.16060e+07  6.40404e+05  6.39849e+05  1.73161e+05
  300.00  6.00741  1.26405e+08  1.26397e+08  1.26395e+08  9.82523e+05  9.81811e+05  6.20211e+04
  300.00  6.02953  2.19801e+08  2.19789e+08  2.19787e+08  2.11507e+06  2.11426e+06 -7.97816e+05
  300.00  6.05165  3.65442e+08  3.65425e+08  3.65423e+08  4.66009e+06  4.65928e+06 -3.05310e+06
  300.00  6.07377  5.71057e+08  5.71035e+08  5.71032e+08  8.89065e+06  8.88987e+06 -7.00916e+06
  300.00  6.09590  8.30699e+08  8.30672e+08  8.30669e+08  1.42543e+07  1.42533e+07 -1.21458e+07
  300.00  6.11802  1.12249e+09  1.12246e+09  1.12246e+09  1.97816e+07  1.97798e+07 -1.75137e+07
  300.00  6.14014  1.41671e+09  1.41668e+09  1.41668e+09  2.51400e+07  2.51370e+07 -2.27786e+07
  300.00  6.16226  1.68818e+09  1.68814e+09  1.68814e+09  3.09407e+07  3.09361e+07 -2.85287e+07
  300.00  6.18438  1.92237e+09  1.92233e+09  1.92233e+09  3.80503e+07  3.80443e+07 -3.55946e+07
  300.00  6.20651  2.11407e+09  2.11402e+09  2.11402e+09  4.67280e+07  4.67213e+07 -4.41923e+07
  300.00  6.22863  2.26555e+09  2.26548e+09  2.26548e+09  5.62745e+07  5.62677e+07 -5.35744e+07
  300.00  6.25075  2.38667e+09  2.38658e+09  2.38659e+09  6.54578e+07  6.54520e+07 -6.24550e+07
  300.00  6.27287  2.49305e+09  2.49294e+09  2.49295e+09  7.32547e+07  7.32506e+07 -6.97465e+07
  300.00  6.29499  2.60079e+09  2.60064e+09  2.60065e+09  7.91981e+07  7.91960e+07 -7.49013e+07
  300.00  6.31712  2.72167e+09  2.72148e+09  2.72149e+09  8.31943e+07  8.31944e+07 -7.77223e+07
  300.00  6.33924  2.86204e+09  2.86181e+09  2.86181e+09  8.51994e+07  8.52016e+07 -7.80308e+07
  300.00  6.36136  3.02473e+09  3.02445e+09  3.02445e+09  8.50476e+07  8.50516e+07 -7.54846e+07
  300.00  6.38348  3.21053e+09  3.21019e+09  3.21018e+09  8.23016e+07  8.23074e+07 -6.94172e+07
  300.00  6.40561  3.41801e+09  3.41763e+09  3.41761e+09  7.59683e+07  7.59762e+07 -5.85427e+07
  300.00  6.42773  3.64375e+09  3.64332e+09  3.64329e+09  6.46381e+07  6.46484e+07 -4.10856e+07
  300.00  6.44985  3.88204e+09  3.88159e+09  3.88156e+09  4.77389e+07  4.77517e+07 -1.60280e+07
  300.00  6.47197  4.11837e+09  4.11796e+09  4.11793e+09  2.68459e+07  2.68609e+07  1.55508e+07
  300.00  6.49409  4.31906e+09  4.31875e+09  4.31872e+09  5.19738e+06  5.21413e+06  5.08411e+07
  300.00  6.51622  4.43401e+09  4.43389e+09  4.43387e+09 -1.40154e+07 -1.39976e+07  8.68404e+07
  300.00  6.53834  4.41974e+09  4.41990e+09  4.41989e+09 -2.85849e+07 -2.85671e+07  1.21198e+08
  300.00  6.56046  4.26539e+09  4.26597e+09  4.26596e+09 -3.71354e+07 -3.71189e+07  1.52159e+08
  300.00  6.58258  4.00128e+09  4.00240e+09  4.00240e+09 -3.88078e+07 -3.87935e+07  1.78518e+08
  300.00  6.60470  3.68436e+09  3.68615e+09  3.68615e+09 -3.32269e+07 -3.32150e+07  1.99914e+08
  300.00  6.62683  3.37026e+09  3.37282e+09  3.37281e+09 -2.06090e+07 -2.05994e+07  2.17043e+08
  300.00  6.64895  3.08973e+09  3.09309e+09  3.09308e+09 -1.76661e+06 -1.75885e+06  2.31316e+08
  300.00  6.67107  2.84390e+09  2.84805e+09  2.84805e+09  2.20581e+07  2.20644e+07  2.44041e+08
  300.00  6.69319  2.61792e+09  2.62282e+09  2.62282e+09  4.94590e+07  4.94639e+07  2.55780e+08
  300.00  6.71532  2.39986e+09  2.40543e+09  2.40543e+09  7.91622e+07  7.91655e+07  2.66389e+08
  300.00  6.73744  2.19074e+09  2.19681e+09  2.19682e+09  1.10200e+08  1.10202e+08  2.75660e+08
  300.00  6.75956  2.00109e+09  2.00742e+09  2.00743e+09  1.41796e+08  1.41797e+08  2.83977e+08
  300.00  6.78168  1.84070e+09  1.84704e+09  1.84705e+09  1.73004e+08  1.73004e+08  2.92385e+08
  300.00  6.80380  1.71083e+09  1.71704e+09  1.71705e+09  2.02311e+08  2.02310e+08  3.01994e+08
  300.00  6.82593  1.60315e+09  1.60937e+09  1.60938e+09  2.27468e+08  2.27466e+08  3.13218e+08
  300.00  6.84805  1.50417e+09  1.51091e+09  1.51092e+09  2.45795e+08  2.45794e+08  3.25331e+08
  300.00  6.87017  1.40150e+09  1.40961e+09  1.40962e+09  2.54969e+08  2.54969e+08  3.36534e+08
  300.00  6.89229  1.28868e+09  1.29909e+09  1.29910e+09  2.53881e+08  2.53880e+08  3.44452e+08
  300.00  6.91441  1.16613e+09  1.17964e+09  1.17965e+09  2.42981e+08  2.42981e+08  3.46834e+08
  300.00  6.93654  1.03874e+09  1.05575e+09  1.05575e+09  2.23879e+08  2.23879e+08  3.42165e+08
  300.00  6.95866  9.11983e+08  9.32391e+08  9.32388e+08  1.98548e+08  1.98547e+08  3.29908e+08
  300.00  6.98078  7.89470e+08  8.12730e+08  8.12724e+08  1.68737e+08  1.68737e+08  3.10384e+08
  300.00  7.00290  6.72735e+08  6.97960e+08  6.97952e+08  1.35917e+08  1.35916e+08  2.84538e+08
  300.00  7.02503  5.62605e+08  5.88685e+08  5.88676e+08  1.01568e+08  1.01567e+08  2.53795e+08
  300.00  7.04715  4.60614e+08  4.86309e+08  4.86299e+08  6.74300e+07  6.74290e+07  2.20033e+08
  300.00  7.06927  3.69428e+08  3.93452e+08  3.93442e+08  3.54117e+07  3.54106e+07  1.85512e+08
  300.00  7.09139  2.92197e+08  3.13314e+08  3.13304e+08  7.19160e+06  7.19021e+06  1.52629e+08
  300.00  7.11351  2.31439e+08  2.48572e+08  2.48562e+08 -1.62564e+07 -1.62580e+07  1.23525e+08
  300.00  7.13564  1.88237e+08  2.00561e+08  2.00552e+08 -3.49562e+07 -3.49581e+07  9.96836e+07
  300.00  7.15776  1.62165e+08  1.69161e+08  1.69152e+08 -4.99151e+07 -4.99173e+07  8.16839e+07
  300.00  7.17988  1.51872e+08  1.53342e+08  1.53332e+08 -6.28189e+07 -6.28216e+07  6.91846e+07
  300.00  7.20200  1.55905e+08  1.51968e+08  1.51958e+08 -7.55528e+07 -7.55562e+07  6.11473e+07
  300.00  7.22412  1.73349e+08  1.64407e+08  1.64396e+08 -8.97009e+07 -8.97055e+07  5.62078e+07
  300.00  7.24625  2.03998e+08  1.90683e+08  1.90670e+08 -1.06180e+08 -1.06187e+08  5.30780e+07
  300.00  7.26837  2.48102e+08  2.31198e+08  2.31182e+08 -1.25127e+08 -1.25136e+08  5.08538e+07
  300.00  7.29049  3.05923e+08  2.86259e+08  2.86240e+08 -1.46075e+08 -1.46087e+08  4.91548e+07
  300.00  7.31261  3.77342e+08  3.55692e+08  3.55668e+08 -1.68347e+08 -1.68365e+08  4.80965e+07
  300.00  7.33473  4.61625e+08  4.38627e+08  4.38597e+08 -1.91487e+08 -1.91511e+08  4.81848e+07
  300.00  7.35686  5.57284e+08  5.33386e+08  5.33349e+08 -2.15500e+08 -2.15531e+08  5.02476e+07
  300.00  7.37898  6.61883e+08  6.37309e+08  6.37264e+08 -2.40797e+08 -2.40836e+08  5.54484e+07
  300.00  7.40110  7.71752e+08  7.46486e+08  7.46432e+08 -2.67912e+08 -2.67960e+08  6.52968e+07
  300.00  7.42322  8.81684e+08  8.55483e+08  8.55420e+08 -2.97201e+08 -2.97258e+08  8.15061e+07
  300.00  7.44535  9.84608e+08  9.57084e+08  9.57011e+08 -3.28703e+08 -3.28767e+08  1.05642e+08
  300.00  7.46747  1.07104e+09  1.04180e+09  1.04172e+09 -3.62152e+08 -3.62222e+08  1.38635e+08
  300.00  7.48959  1.12879e+09  1.09761e+09  1.09752e+09 -3.96837e+08 -3.96909e+08  1.80111e+08
  300.00  7.51171  1.14501e+09  1.11196e+09  1.11188e+09 -4.30798e+08 -4.30869e+08  2.27319e+08
  300.00  7.53383  1.11172e+09  1.07719e+09  1.07712e+09 -4.59544e+08 -4.59608e+08  2.74093e+08
  300.00  7.55596  1.02979e+09  9.94455e+08  9.94389e+08 -4.75852e+08 -4.75905e+08  3.11452e+08
  300.00  7.57808  9.06982e+08  8.71545e+08  8.71495e+08 -4.71888e+08 -4.71926e+08  3.30268e+08
  300.00  7.60020  7.53456e+08  7.18478e+08  7.18446e+08 -4.41969e+08 -4.41993e+08  3.23878e+08
  300.00  7.62232  5.80393e+08  5.46207e+08  5.46192e+08 -3.83794e+08 -3.83803e+08  2.89264e+08
  300.00  7.64444  4.01770e+08  3.68786e+08  3.68783e+08 -2.99161e+08 -2.99160e+08  2.28364e+08
  300.00  7.66657  2.36608e+08  2.06031e+08  2.06034e+08 -1.96227e+08 -1.96222e+08  1.50590e+08
  300.00  7.68869  1.08177e+08  8.25338e+07  8.25349e+07 -9.15216e+07 -9.15196e+07  7.37032e+07
  300.00  7.71081  3.94882e+07  2.20733e+07  2.20634e+07 -7.94166e+06 -7.94899e+06  2.00265e+07
  300.00  7.73293  4.88728e+07  4.23312e+07  4.23037e+07  3.11327e+07  3.11111e+07  1.02082e+07
  300.00  7.75506  1.46615e+08  1.51720e+08  1.51672e+08  8.29538e+06  8.25707e+06  5.79128e+07
  300.00  7.77718  3.29523e+08  3.44726e+08  3.44661e+08 -8.14790e+07 -8.15335e+07  1.64860e+08
  300.00  7.79930  5.74018e+08  5.95838e+08  5.95761e+08 -2.24066e+08 -2.24132e+08  3.15264e+08
  300.00  7.82142  8.35877e+08  8.60059e+08  8.59983e+08 -3.85678e+08 -3.85749e+08  4.75871e+08
  300.00  7.84354  1.06401e+09  1.08695e+09  1.08689e+09 -5.26669e+08 -5.26735e+08  6.09292e+08
  300.00  7.86567  1.21752e+09  1.23707e+09  1.23703e+09 -6.18150e+08 -6.18202e+08  6.89491e+08
  300.00  7.88779  1.27388e+09  1.28920e+09  1.28919e+09 -6.46422e+08 -6.46452e+08  7.05269e+08
  300.00  7.90991  1.23231e+09  1.24342e+09  1.24344e+09 -6.13098e+08 -6.13102e+08  6.59941e+08
  300.00  7.93203  1.11337e+09  1.12071e+09  1.12078e+09 -5.35603e+08 -5.35581e+08  5.71775e+08
  300.00  7.95415  9.50104e+08  9.54283e+08  9.54372e+08 -4.39415e+08 -4.39372e+08  4.66495e+08
  300.00  7.97628  7.75187e+08  7.76785e+08  7.76890e+08 -3.45366e+08 -3.45309e+08  3.64928e+08
  300.00  7.99840  6.12107e+08  6.11720e+08  6.11830e+08 -2.63367e+08 -2.63303e+08  2.76967e+08
  300.00  8.02052  4.72159e+08  4.70515e+08  4.70622e+08 -1.94577e+08 -1.94514e+08  2.03795e+08
  300.00  8.04264  3.56100e+08  3.54105e+08  3.54204e+08 -1.36895e+08 -1.36837e+08  1.43287e+08
  300.00  8.06476  2.59106e+08  2.57668e+08  2.57754e+08 -8.91120e+07 -8.90630e+07  9.40174e+07
  300.00  8.08689  1.76335e+08  1.75992e+08  1.76061e+08 -5.18914e+07 -5.18538e+07  5.61526e+07
  300.00  8.10901  1.06381e+08  1.07031e+08  1.07081e+08 -2.61852e+07 -2.61603e+07  2.99645e+07
  300.00  8.13113  5.13862e+07  5.24239e+07  5.24548e+07 -1.12104e+07 -1.11974e+07  1.41374e+07
  300.00  8.15325  1.48715e+07  1.56595e+07  1.56735e+07 -3.94976e+06 -3.94584e+06  5.55828e+06
  300.00  8.17538  3.66174e+05  6.06815e+05  6.07741e+05 -4.63979e+05 -4.64511e+05  5.66741e+05
  300.00  8.19750  1.17957e+07  1.15765e+07  1.15688e+07  2.27226e+06  2.27272e+06 -3.51929e+06
  300.00  8.21962  5.26415e+07  5.22532e+07  5.22408e+07  5.59992e+06  5.60675e+06 -7.87384e+06
  300.00  8.24174  1.23112e+08  1.22839e+08  1.22824e+08  9.80484e+06  9.82248e+06 -1.28302e+07
  300.00  8.26386  2.18971e+08  2.18983e+08  2.18968e+08  1.50525e+07  1.50839e+07 -1.87122e+07
  300.00  8.28599  3.33463e+08  3.33820e+08  3.33802e+08  2.16806e+07  2.17269e+07 -2.60079e+07
  300.00  8.30811  4.59813e+08  4.60525e+08  4.60504e+08  2.99585e+07  3.00194e+07 -3.50763e+07
  300.00  8.33023  5.92297e+08  5.93373e+08  5.93346e+08  3.97836e+07  3.98577e+07 -4.58450e+07
  300.00  8.35235  7.26030e+08  7.27511e+08  7.27477e+08  5.05051e+07  5.05900e+07 -5.76497e+07
  300.00  8.37447  8.56415e+08  8.58398e+08  8.58356e+08  6.08617e+07  6.09546e+07 -6.91824e+07
  300.00  8.39660  9.78775e+08  9.81416e+08  9.81366e+08  6.90173e+07  6.91150e+07 -7.85363e+07
  300.00  8.41872  1.08825e+09  1.09174e+09  1.09169e+09  7.27317e+07  7.28313e+07 -8.33998e+07
  300.00  8.44084  1.18003e+09  1.18449e+09  1.18443e+09  6.97282e+07  6.98271e+07 -8.14713e+07
  300.00  8.46296  1.24992e+09  1.25525e+09  1.25519e+09  5.82610e+07  5.83569e+07 -7.10834e+07
  300.00  8.48509  1.29537e+09  1.30104e+09  1.30098e+09  3.77225e+07  3.78135e+07 -5.18239e+07
  300.00  8.50721  1.31630e+09  1.32134e+09  1.32130e+09  8.96701e+06  9.05139e+06 -2.47698e+07
  300.00  8.52933  1.31521e+09  1.31849e+09  1.31846e+09 -2.59090e+07 -2.58329e+07  7.91199e+06
  300.00  8.55145  1.29604e+09  1.29671e+09  1.29671e+09 -6.42184e+07 -6.41525e+07  4.37538e+07
  300.00  8.57357  1.26215e+09  1.26006e+09  1.26008e+09 -1.03272e+08 -1.03217e+08  8.05270e+07
  300.00  8.59570  1.21455e+09  1.21028e+09  1.21033e+09 -1.40456e+08 -1.40415e+08  1.16099e+08
  300.00  8.61782  1.15150e+09  1.14599e+09  1.14607e+09 -1.72887e+08 -1.72859e+08  1.47851e+08
  300.00  8.63994  1.07015e+09  1.06427e+09  1.06439e+09 -1.97225e+08 -1.97211e+08  1.72426e+08
  300.00  8.66206  9.69733e+08  9.64011e+08  9.64157e+08 -2.10278e+08 -2.10277e+08  1.86411e+08
  300.00  8.68418  8.54607e+08  8.49204e+08  8.49373e+08 -2.10349e+08 -2.10361e+08  1.87835e+08
  300.00  8.70631  7.34793e+08  7.29666e+08  7.29853e+08 -1.98461e+08 -1.98483e+08  1.77465e+08
  300.00  8.72843  6.23158e+08  6.18217e+08  6.18415e+08 -1.78336e+08 -1.78365e+08  1.58804e+08
  300.00  8.75055  5.30828e+08  5.26003e+08  5.26207e+08 -1.54949e+08 -1.54982e+08  1.36637e+08
  300.00  8.77267  4.63859e+08  4.59095e+08  4.59302e+08 -1.32649e+08 -1.32685e+08  1.15170e+08
  300.00  8.79479  4.22892e+08  4.18125e+08  4.18335e+08 -1.14099e+08 -1.14135e+08  9.69965e+07
  300.00  8.81692  4.05065e+08  4.00205e+08  4.00419e+08 -1.00362e+08 -1.00398e+08  8.31952e+07
  300.00  8.83904  4.06343e+08  4.01279e+08  4.01498e+08 -9.15680e+07 -9.16028e+07  7.39633e+07
  300.00  8.86116  4.23046e+08  4.17667e+08  4.17891e+08 -8.74249e+07 -8.74582e+07  6.90976e+07
  300.00  8.88328  4.52301e+08  4.46516e+08  4.46744e+08 -8.74152e+07 -8.74465e+07  6.81643e+07
  300.00  8.90541  4.91833e+08  4.85598e+08  4.85828e+08 -9.09244e+07 -9.09529e+07  7.06288e+07
  300.00  8.92753  5.39737e+08  5.33068e+08  5.33296e+08 -9.75984e+07 -9.76228e+07  7.62174e+07
  300.00  8.94965  5.94124e+08  5.87087e+08  5.87307e+08 -1.07740e+08 -1.07759e+08  8.53078e+07
  300.00  8.97177  6.51680e+08  6.44320e+08  6.44529e+08 -1.22000e+08 -1.22012e+08  9.85907e+07
  300.00  8.99389  7.05195e+08  6.97413e+08  6.97607e+08 -1.40194e+08 -1.40198e+08  1.15844e+08
  300.00  9.01602  7.42328e+08  7.33840e+08  7.34013e+08 -1.60319e+08 -1.60315e+08  1.35043e+08
  300.00  9.03814  7.47765e+08  7.38445e+08  7.38594e+08 -1.78570e+08 -1.78558e+08  1.52702e+08
  300.00  9.06026  7.08800e+08  6.99127e+08  6.99249e+08 -1.90103e+08 -1.90086e+08  1.64684e+08
  300.00  9.08238  6.21870e+08  6.12719e+08  6.12813e+08 -1.90442e+08 -1.90422e+08  1.66956e+08
  300.00  9.10450  4.95937e+08  4.87968e+08  4.88035e+08 -1.77361e+08 -1.77342e+08  1.57128e+08
  300.00  9.12663  3.50697e+08  3.44130e+08  3.44174e+08 -1.51897e+08 -1.51883e+08  1.35822e+08
  300.00  9.14875  2.11469e+08  2.06221e+08  2.06246e+08 -1.17528e+08 -1.17518e+08  1.06161e+08
  300.00  9.17087  1.02521e+08  9.83401e+07  9.83512e+07 -7.84960e+07 -7.84924e+07  7.20842e+07
  300.00  9.19299  4.03987e+07  3.69467e+07  3.69483e+07 -3.84568e+07 -3.84580e+07  3.69446e+07
  300.00  9.21512  3.07413e+07  2.76415e+07  2.76373e+07  1.81247e+05  1.77100e+05  2.88592e+06
  300.00  9.23724  7.02241e+07  6.70997e+07  6.70925e+07  3.62918e+07  3.62871e+07 -2.91582e+07
  300.00  9.25936  1.51174e+08  1.47670e+08  1.47662e+08  6.97995e+07  6.97965e+07 -5.92284e+07
  300.00  9.28148  2.65262e+08  2.61054e+08  2.61047e+08  1.01474e+08  1.01475e+08 -8.81561e+07
  300.00  9.30360  4.04798e+08  3.99597e+08  3.99592e+08  1.32816e+08  1.32822e+08 -1.17474e+08
  300.00  9.32573  5.62525e+08  5.56096e+08  5.56096e+08  1.65921e+08  1.65932e+08 -1.49283e+08
  300.00  9.34785  7.31500e+08  7.23687e+08  7.23695e+08  2.03166e+08  2.03184e+08 -1.85924e+08
  300.00  9.36997  9.05786e+08  8.96554e+08  8.96573e+08  2.46700e+08  2.46724e+08 -2.29448e+08
  300.00  9.39209  1.08162e+09  1.07108e+09  1.07112e+09  2.97913e+08  2.97943e+08 -2.81076e+08
  300.00  9.41421  1.25829e+09  1.24671e+09  1.24676e+09  3.57147e+08  3.57182e+08 -3.40919e+08
  300.00  9.43634  1.43823e+09  1.42603e+09  1.42611e+09  4.23801e+08  4.23841e+08 -4.08099e+08
  300.00  9.45846  1.62661e+09  1.61434e+09  1.61445e+09  4.96736e+08  4.96780e+08 -4.81175e+08
  300.00  9.48058  1.83067e+09  1.81897e+09  1.81912e+09  5.74745e+08  5.74793e+08 -5.58640e+08
  300.00  9.50270  2.05926e+09  2.04882e+09  2.04902e+09  6.56895e+08  6.56947e+08 -6.39281e+08
  300.00  9.52482  2.32265e+09  2.31419e+09  2.31445e+09  7.42647e+08  7.42705e+08 -7.22313e+08
  300.00  9.54695  2.63247e+09  2.62668e+09  2.62700e+09  8.31826e+08  8.31889e+08 -8.07370e+08
  300.00  9.56907  3.00161e+09  2.99910e+09  2.99950e+09  9.24539e+08  9.24609e+08 -8.94449e+08
  300.00  9.59119  3.44393e+09  3.44516e+09  3.44565e+09  1.02116e+09  1.02124e+09 -9.83915e+08
  300.00  9.61331  3.97374e+09  3.97892e+09  3.97950e+09  1.12239e+09  1.12248e+09 -1.07659e+09
  300.00  9.63544  4.60526e+09  4.61429e+09  4.61498e+09  1.22935e+09  1.22945e+09 -1.17386e+09
  300.00  9.65756  5.35240e+09  5.36480e+09  5.36560e+09  1.34349e+09  1.34361e+09 -1.27762e+09
  300.00  9.67968  6.22901e+09  6.24393e+09  6.24486e+09  1.46634e+09  1.46648e+09 -1.38995e+09
  300.00  9.70180  7.24965e+09  7.26596e+09  7.26702e+09  1.59887e+09  1.59904e+09 -1.51260e+09
  300.00  9.72392  8.43065e+09  8.44709e+09  8.44828e+09  1.74090e+09  1.74109e+09 -1.64629e+09
  300.00  9.74605  9.79082e+09  9.80616e+09  9.80747e+09  1.89055e+09  1.89078e+09 -1.79031e+09
  300.00  9.76817  1.13514e+10  1.13646e+10  1.13660e+10  2.04429e+09  2.04455e+09 -1.94262e+09
  300.00  9.79029  1.31352e+10  1.31455e+10  1.31470e+10  2.19749e+09  2.19780e+09 -2.10047e+09
  300.00  9.81241  1.51653e+10  1.51723e+10  1.51739e+10  2.34540e+09  2.34574e+09 -2.26150e+09
  300.00  9.83453  1.74647e+10  1.74684e+10  1.74700e+10  2.48412e+09  2.48449e+09 -2.42481e+09
  300.00  9.85666  2.00569e+10  2.00575e+10  2.00592e+10  2.61117e+09  2.61158e+09 -2.59160e+09
  300.00  9.87878  2.29686e+10  2.29664e+10  2.29681e+10  2.72551e+09  2.72594e+09 -2.76511e+09
  300.00  9.90090  2.62322e+10  2.62278e+10  2.62296e+10  2.82691e+09  2.82736e+09 -2.95007e+09
  300.00  9.92302  2.98885e+10  2.98827e+10  2.98844e+10  2.91535e+09  2.91579e+09 -3.15193e+09
  300.00  9.94515  3.39866e+10  3.39802e+10  3.39818e+10  2.99058e+09  2.99100e+09 -3.37642e+09
  300.00  9.96727  3.85812e+10  3.85752e+10  3.85767e+10  3.05216e+09  3.05254e+09 -3.62927e+09
  300.00  9.98939  4.37278e+10  4.37239e+10  4.37253e+10  3.09974e+09  3.10005e+09 -3.91626e+09
  300.00  10.01151  4.94779e+10  4.94783e+10  4.94795e+10  3.13333e+09  3.13355e+09 -4.24307e+09
  300.00  10.03363  5.58748e+10  5.58825e+10  5.58835e+10  3.15366e+09  3.15377e+09 -4.61510e+09
  300.00  10.05576  6.29520e+10  6.29708e+10  6.29716e+10  3.16244e+09  3.16242e+09 -5.03709e+09
  300.00  10.07788  7.07350e+10  7.07699e+10  7.07704e+10  3.16279e+09  3.16262e+09 -5.51301e+09
  300.00  10.10000  7.92460e+10  7.93022e+10  7.93024e+10  3.15966e+09  3.15932e+09 -6.04587e+09
