0.00001 -2.153761340959819e+00
0.01250 -2.692231515599049e+03
0.02500 -5.384642077478816e+03
0.03750 -8.077410780779001e+03
0.05000 -1.077071681838852e+04
0.06250 -1.346473952989761e+04
0.07500 -1.615965845064343e+04
0.08750 -1.885565336087991e+04
0.10000 -2.155290433510438e+04
0.11250 -2.425159179157034e+04
0.12500 -2.695189654202196e+04
0.13750 -2.965399984167641e+04
0.15000 -3.235808343949417e+04
0.16250 -3.506432962876409e+04
0.17500 -3.777292129803623e+04
0.18750 -4.048404198244154e+04
0.20000 -4.319787591542606e+04
0.21250 -4.591460808093723e+04
0.22500 -4.863442426609847e+04
0.23750 -5.135751111440275e+04
0.25000 -5.408405617946880e+04
0.26250 -5.681424797938851e+04
0.27500 -5.954827605171066e+04
0.28750 -6.228633100909487e+04
0.30000 -6.502860459567476e+04
0.31250 -6.777528974417566e+04
0.32500 -7.052658063381854e+04
0.33750 -7.328267274906719e+04
0.35000 -7.604376293923917e+04
0.36250 -7.881004947905311e+04
0.37500 -8.158173213012841e+04
0.38750 -8.435901220350945e+04
0.40000 -8.714209262324545e+04
0.41250 -8.993117799108186e+04
0.42500 -9.272647465231344e+04
0.43750 -9.552819076285037e+04
0.45000 -9.833653635755384e+04
0.46250 -1.011517234198926e+05
0.47500 -1.039739659529809e+05
0.48750 -1.068034800520569e+05
0.50000 -1.096404839784601e+05
0.51250 -1.124851982351774e+05
0.52500 -1.153378456440133e+05
0.53750 -1.181986514244605e+05
0.55000 -1.210678432743411e+05
0.56250 -1.239456514522807e+05
0.57500 -1.268323088621068e+05
0.58750 -1.297280511392356e+05
0.60000 -1.326331167391326e+05
0.61250 -1.355477470279358e+05
0.62500 -1.384721863753257e+05
0.63750 -1.414066822497266e+05
0.65000 -1.443514853159438e+05
0.66250 -1.473068495353291e+05
0.67500 -1.502730322685741e+05
0.68750 -1.532502943812490e+05
0.70000 -1.562389003521772e+05
0.71250 -1.592391183847807e+05
0.72500 -1.622512205215063e+05
0.73750 -1.652754827614570e+05
0.75000 -1.683121851813629e+05
0.76250 -1.713616120600226e+05
0.77500 -1.744240520063628e+05
0.78750 -1.774997980912552e+05
0.80000 -1.805891479832564e+05
0.81250 -1.836924040884250e+05
0.82500 -1.868098736943784e+05
0.83750 -1.899418691187833e+05
0.85000 -1.930887078624456e+05
0.86250 -1.962507127672076e+05
0.87500 -1.994282121788337e+05
0.88750 -2.026215401151321e+05
0.90000 -2.058310364394862e+05
0.91250 -2.090570470400677e+05
0.92500 -2.122999240149571e+05
0.93750 -2.155600258634255e+05
0.95000 -2.188377176836453e+05
0.96250 -2.221333713771268e+05
0.97500 -2.254473658601392e+05
0.98750 -2.287800872824706e+05
1.00000 -2.321319292538140e+05
1.01250 -2.355032930781394e+05
1.02500 -2.388945879964145e+05
1.03750 -2.423062314380339e+05
1.05000 -2.457386492813795e+05
1.06250 -2.491922761238989e+05
1.07500 -2.526675555621794e+05
1.08750 -2.561649404824574e+05
1.10000 -2.596848933620460e+05
1.11250 -2.632278865822376e+05
1.12500 -2.667944027531791e+05
1.13750 -2.703849350513160e+05
1.15000 -2.739999875700338e+05
1.16250 -2.776400756840882e+05
1.17500 -2.813057264285596e+05
1.18750 -2.849974788930037e+05
1.20000 -2.887158846315913e+05
1.21250 -2.924615080900168e+05
1.22500 -2.962349270500453e+05
1.23750 -3.000367330925803e+05
1.25000 -3.038675320802344e+05
1.26250 -3.077279446604094e+05
1.27500 -3.116186067899293e+05
1.28750 -3.155401702824427e+05
1.30000 -3.194933033797296e+05
1.31250 -3.234786913482585e+05
1.32500 -3.274970371023662e+05
1.33750 -3.315490618554786e+05
1.35000 -3.356355058009973e+05
1.36250 -3.397571288244477e+05
1.37500 -3.439147112487194e+05
1.38750 -3.481090546142295e+05
1.40000 -3.523409824960855e+05
1.41250 -3.566113413603521e+05
1.42500 -3.609210014617585e+05
1.43750 -3.652708577852956e+05
1.45000 -3.696618310343648e+05
1.46250 -3.740948686682622e+05
1.47500 -3.785709459920776e+05
1.48750 -3.830910673022390e+05
1.50000 -3.876562670911856e+05
1.51250 -3.922676113149404e+05
1.52500 -3.969261987276135e+05
1.53750 -4.016331622871668e+05
1.55000 -4.063896706371339e+05
1.56250 -4.111969296693300e+05
1.57500 -4.160561841730085e+05
1.58750 -4.209687195762973e+05
1.60000 -4.259358637863497e+05
1.61250 -4.309589891349843e+05
1.62500 -4.360395144373407e+05
1.63750 -4.411789071715622e+05
1.65000 -4.463786857882965e+05
1.66250 -4.516404221595075e+05
1.67500 -4.569657441769402e+05
1.68750 -4.623563385114832e+05
1.70000 -4.678139535457306e+05
1.71250 -4.733404024930652e+05
1.72500 -4.789375667179385e+05
1.73750 -4.846073992732679e+05
1.75000 -4.903519286724767e+05
1.76250 -4.961732629153790e+05
1.77500 -5.020735937888873e+05
1.78750 -5.080552014657564e+05
1.80000 -5.141204594267724e+05
1.81250 -5.202718397344782e+05
1.82500 -5.265119186894068e+05
1.83750 -5.328433829030610e+05
1.85000 -5.392690358255634e+05
1.86250 -5.457918047699544e+05
1.87500 -5.524147484799823e+05
1.88750 -5.591410652931250e+05
1.90000 -5.659741019569387e+05
1.91250 -5.729173631633013e+05
1.92500 -5.799745218728492e+05
1.93750 -5.871494305108057e+05
1.95000 -5.944461331251164e+05
1.96250 -6.018688786095000e+05
1.97500 -6.094221351069506e+05
1.98750 -6.171106057243949e+05
2.00000 -6.249392457066041e+05
2.01250 -6.329132812375823e+05
2.02500 -6.410382300609211e+05
2.03750 -6.493199241379778e+05
2.05000 -6.577645345941314e+05
2.06250 -6.663785992408026e+05
2.07500 -6.751690530042885e+05
2.08750 -6.841432616440727e+05
2.10000 -6.933090592039821e+05
2.11250 -7.026747897120441e+05
2.12500 -7.122493537310292e+05
2.13750 -7.220422604652306e+05
2.15000 -7.320636862533587e+05
2.16250 -7.423245404281237e+05
2.17500 -7.528365397060362e+05
2.18750 -7.636122924948006e+05
2.20000 -7.746653947806705e+05
2.21250 -7.860105395984453e+05
2.22500 -7.976636425102052e+05
2.23750 -8.096419860499792e+05
2.25000 -8.219643867619598e+05
2.26250 -8.346513893135801e+05
2.27500 -8.477254932610862e+05
2.28750 -8.612114194663770e+05
2.30000 -8.751364250253380e+05
2.31250 -8.895306780337319e+05
2.32500 -9.044277068241568e+05
2.33750 -9.198649428067342e+05
2.35000 -9.358843822622281e+05
2.36250 -9.525334011799061e+05
2.37500 -9.698657697844483e+05
2.38750 -9.879429318486196e+05
2.40000 -1.006835641783603e+06
2.41250 -1.026626096094940e+06
2.42500 -1.047410766719899e+06
2.43750 -1.069304264963177e+06
2.45000 -1.092444784801551e+06
2.46250 -1.117002105210369e+06
2.47500 -1.143190058676377e+06
2.48750 -1.171287622481540e+06
2.50000 -1.201679129641031e+06
2.51250 -1.234945631071197e+06
2.52500 -1.272128234482419e+06
2.53750 -1.315413281519693e+06
2.55000 -1.342299692319833e+06
2.56250 -1.388870590053432e+06
2.57500 -1.436230936088556e+06
2.58750 -1.468429339761401e+06
2.60000 -1.489080044223533e+06
2.61250 -1.539117389775858e+06
2.62500 -1.623530659977116e+06
2.63750 -1.610371112216065e+06
2.65000 -1.499300466548434e+06
2.66250 -1.493639572341104e+06
2.67500 -1.448413779524252e+06
2.68750 -1.345181977714287e+06
2.70000 -1.242903238123531e+06
2.71250 -1.202120604849603e+06
2.72500 -1.195427404543853e+06
2.73750 -1.194835698138092e+06
2.75000 -1.197293313386445e+06
2.76250 -1.209043686146176e+06
2.77500 -1.227290866185972e+06
2.78750 -1.238006696982222e+06
2.80000 -1.234282640833986e+06
2.81250 -1.232373279483416e+06
2.82500 -1.223490550845810e+06
2.83750 -1.197853022477025e+06
2.85000 -1.171830580076494e+06
2.86250 -1.147650795645971e+06
2.87500 -1.136233928841422e+06
2.88750 -1.131584354544370e+06
2.90000 -1.122735513939805e+06
2.91250 -1.092829962031753e+06
2.92500 -1.075451557670471e+06
2.93750 -1.076545853461482e+06
2.95000 -1.080983695076058e+06
2.96250 -1.076179189115735e+06
2.97500 -1.081776501394480e+06
2.98750 -1.083799102939477e+06
3.00000 -1.073363709706128e+06
3.01250 -1.064079215620561e+06
3.02500 -1.070014424490557e+06
3.03750 -1.070280564292321e+06
3.05000 -1.053297758085943e+06
3.06250 -1.056804856303317e+06
3.07500 -1.065760475004366e+06
3.08750 -1.068014987957306e+06
3.10000 -1.066222380355148e+06
3.11250 -1.053414295664124e+06
3.12500 -1.065914257917468e+06
3.13750 -1.074833130852572e+06
3.15000 -1.073003350770944e+06
3.16250 -1.081107294743395e+06
3.17500 -1.091986861305265e+06
3.18750 -1.100411260690507e+06
3.20000 -1.100568912427447e+06
3.21250 -1.096583765852612e+06
3.22500 -1.096092264420451e+06
3.23750 -1.096747464874126e+06
3.25000 -1.096929666232888e+06
3.26250 -1.095307463856480e+06
3.27500 -1.089455135811084e+06
3.28750 -1.081140305898123e+06
3.30000 -1.078636755210871e+06
3.31250 -1.081531384066348e+06
3.32500 -1.086872267674479e+06
3.33750 -1.091652463762494e+06
3.35000 -1.091314584562902e+06
3.36250 -1.089244527115600e+06
3.37500 -1.097686322468724e+06
3.38750 -1.115015914645670e+06
3.40000 -1.136256233890786e+06
3.41250 -1.158954778665249e+06
3.42500 -1.182299094443790e+06
3.43750 -1.205730215411167e+06
3.45000 -1.230858769457085e+06
3.46250 -1.259814298209791e+06
3.47500 -1.293733312474822e+06
3.48750 -1.337059181059719e+06
3.50000 -1.388485212372565e+06
3.51250 -1.436061560700686e+06
3.52500 -1.474929302605614e+06
3.53750 -1.525754726432874e+06
3.55000 -1.595438968379467e+06
3.56250 -1.392715979104853e+06
3.57500 -1.354029203658621e+06
3.58750 -1.340624723362599e+06
3.60000 -1.266666600785168e+06
3.61250 -1.215001199274234e+06
3.62500 -1.153503359367927e+06
3.63750 -1.105597272804894e+06
3.65000 -1.039755409448637e+06
3.66250 -1.082759825107698e+06
3.67500 -9.570140130838730e+05
3.68750 -1.014441362505881e+06
3.70000 -9.542674124619436e+05
3.71250 -6.806717925298422e+05
3.72500 -6.110101013043724e+05
3.73750 5.804805090110692e+05
3.75000 8.096584339636854e+05
3.76250 7.531668509807445e+05
3.77500 7.277703256318232e+05
3.78750 7.845503405377221e+05
3.80000 8.681927501699803e+05
3.81250 1.109744614713379e+06
3.82500 1.061376767525247e+06
3.83750 1.066990704637817e+06
3.85000 1.103205602760400e+06
3.86250 1.145976952988193e+06
3.87500 1.181018848612404e+06
3.88750 1.200535623190127e+06
3.90000 1.202412589330122e+06
3.91250 1.188727723527206e+06
3.92500 1.163660615122442e+06
3.93750 1.131686578843556e+06
3.95000 1.096722181154019e+06
3.96250 1.061596166971393e+06
3.97500 1.027501071176524e+06
3.98750 9.943643967698393e+05
4.00000 9.620368174049105e+05
4.01250 9.308828191528922e+05
4.02500 9.017305004593007e+05
4.03750 8.756485417539374e+05
4.05000 8.536499438153554e+05
4.06250 8.363538238172499e+05
4.07500 8.237479574354333e+05
4.08750 8.153360823775774e+05
4.10000 8.106601277570396e+05
4.11250 8.095975805424167e+05
4.12500 8.120137486076204e+05
4.13750 8.172305939987877e+05
4.15000 8.239579794525539e+05
4.16250 8.304906928159002e+05
4.17500 8.351768776777589e+05
4.18750 8.372387949514914e+05
4.20000 8.369284218990855e+05
4.21250 8.349404078430902e+05
4.22500 8.317670654578573e+05
4.23750 8.275615211722334e+05
4.25000 8.227086811879191e+05
4.26250 8.176074311369034e+05
4.27500 8.121856029914098e+05
4.28750 8.063817837993812e+05
4.30000 7.985558400121862e+05
4.31250 7.861553264208351e+05
4.32500 7.695421016934996e+05
4.33750 7.511819265051818e+05
4.35000 7.332567535788408e+05
4.36250 7.140246784190109e+05
4.37500 6.922196410103237e+05
4.38750 6.752954953725446e+05
4.40000 6.631264597658853e+05
4.41250 6.484507084393726e+05
4.42500 6.331813794190792e+05
4.43750 6.134223446599836e+05
4.45000 6.014867326700801e+05
4.46250 5.913641719032999e+05
4.47500 5.796825194727816e+05
4.48750 5.560382575753621e+05
4.50000 5.167498527896531e+05
4.51250 5.121634129990905e+05
4.52500 5.009337722587329e+05
4.53750 9.354226641081210e+05
4.55000 9.333811519132886e+05
4.56250 9.350127805150257e+05
4.57500 9.329748654562422e+05
4.58750 9.254970576935438e+05
4.60000 9.175136376133147e+05
4.61250 9.130485538742808e+05
4.62500 9.093137535557823e+05
4.63750 9.032032877758902e+05
4.65000 8.969957676200499e+05
4.66250 8.925573520253600e+05
4.67500 8.902324252830083e+05
4.68750 8.898822776260187e+05
4.70000 8.910901192703936e+05
4.71250 8.933330992480771e+05
4.72500 8.962355915094172e+05
4.73750 8.995757560316777e+05
4.75000 9.030995477331444e+05
4.76250 9.063812141892926e+05
4.77500 9.088659027350236e+05
4.78750 9.100652972679676e+05
4.80000 9.097329091500571e+05
4.81250 9.079229944925843e+05
4.82500 9.049352467722205e+05
4.83750 9.011358626942516e+05
4.85000 8.967662780032742e+05
4.86250 8.919159968790506e+05
4.87500 8.866556020438594e+05
4.88750 8.811274744564772e+05
4.90000 8.754800463066957e+05
4.91250 8.697866525445047e+05
4.92500 8.641040179811822e+05
4.93750 8.585468938984039e+05
4.95000 8.531962580657746e+05
4.96250 8.479783448538532e+05
4.97500 8.427296527594397e+05
4.98750 8.373210459220377e+05
5.00000 8.316507335891736e+05
5.01250 8.256632429225263e+05
5.02500 8.195270923050697e+05
5.03750 8.136496422535512e+05
5.05000 8.081766961099566e+05
5.06250 8.026941964054413e+05
5.07500 7.968897961825562e+05
5.08750 7.908573855241014e+05
5.10000 7.848939065578633e+05
5.11250 7.801219590102960e+05
5.12500 7.841381830941642e+05
5.13750 7.983720244236130e+05
5.15000 8.042816454880158e+05
5.16250 8.067358594570996e+05
5.17500 8.063688105149125e+05
5.18750 8.048155985639251e+05
5.20000 8.029713501111628e+05
5.21250 8.009492026498287e+05
5.22500 7.988670769767740e+05
5.23750 7.970082047033460e+05
5.25000 7.957829318702137e+05
5.26250 7.957842844445441e+05
5.27500 7.977397734396217e+05
5.28750 8.023491588602170e+05
5.30000 8.089599574380207e+05
5.31250 8.147212699146232e+05
5.32500 8.179665603859163e+05
5.33750 8.194901124231282e+05
5.35000 8.206018896197400e+05
5.36250 8.208797780611132e+05
5.37500 8.194165349179929e+05
5.38750 8.177076568553835e+05
5.40000 8.173547265052889e+05
5.41250 8.172400229750993e+05
5.42500 8.154275631931936e+05
5.43750 8.123177908609605e+05
5.45000 8.088464112595317e+05
5.46250 8.054641591124309e+05
5.47500 8.022668013745049e+05
5.48750 7.991552531319733e+05
5.50000 7.959187643202733e+05
5.51250 7.922679703164849e+05
5.52500 7.879997149011496e+05
5.53750 7.831916024796919e+05
5.55000 7.783686974762267e+05
5.56250 7.757248037421552e+05
5.57500 7.769353329901081e+05
5.58750 7.770553795847273e+05
5.60000 7.767761362930412e+05
5.61250 7.758021227353140e+05
5.62500 7.739004590848349e+05
5.63750 7.716291989360398e+05
5.65000 7.696590995883222e+05
5.66250 7.684567174724143e+05
5.67500 7.678397877999559e+05
5.68750 7.669770948501304e+05
5.70000 7.650873062893254e+05
5.71250 7.619005553913756e+05
5.72500 7.575674282864825e+05
5.73750 7.524233963850166e+05
5.75000 7.468334460289552e+05
5.76250 7.411084435586868e+05
5.77500 7.354664853128395e+05
5.78750 7.300308998802818e+05
5.80000 7.248322134488078e+05
5.81250 7.198097701452688e+05
5.82500 7.148717082098462e+05
5.83750 7.099916822748106e+05
5.85000 7.052356581475266e+05
5.86250 7.007199695192431e+05
5.87500 6.965628713970893e+05
5.88750 6.928427674264455e+05
5.90000 6.895644020677739e+05
5.91250 6.866652127112622e+05
5.92500 6.840698971492022e+05
5.93750 6.817345279301926e+05
5.95000 6.796410367444447e+05
5.96250 6.777610722273976e+05
5.97500 6.760392331740060e+05
5.98750 6.744324034036533e+05
6.00000 6.729522891363818e+05
6.01250 6.716495486349207e+05
6.02500 6.705677547988940e+05
6.03750 6.697133337436044e+05
6.05000 6.690499493963557e+05
6.06250 6.685178631037837e+05
6.07500 6.680660099680405e+05
6.08750 6.676507096112644e+05
6.10000 6.672333795155123e+05
6.11250 6.667565036744870e+05
6.12500 6.661198241246537e+05
6.13750 6.654912812807697e+05
6.15000 6.645392598186700e+05
6.16250 6.634353708395610e+05
6.17500 6.621793812089121e+05
6.18750 6.607462399530807e+05
6.20000 6.591099502394111e+05
6.21250 6.572475778452622e+05
6.22500 6.551435361735359e+05
6.23750 6.527932633956760e+05
6.25000 6.502055187267957e+05
6.26250 6.474017994963990e+05
6.27500 6.444135179886733e+05
6.28750 6.412790006726073e+05
6.30000 6.380408622834106e+05
6.31250 6.347419362454902e+05
6.32500 6.314177120242879e+05
6.33750 6.280860105152882e+05
6.35000 6.247394986833081e+05
6.36250 6.213490971212157e+05
6.37500 6.178796516805472e+05
6.38750 6.143076232837113e+05
6.40000 6.106293692036957e+05
6.41250 6.068587249905448e+05
6.42500 6.030194725544869e+05
6.43750 5.991378760787765e+05
6.45000 5.952366300059960e+05
6.46250 5.913283041948103e+05
6.47500 5.874115677963147e+05
6.48750 5.834765666949638e+05
6.50000 5.795171534251048e+05
6.51250 5.755396534175081e+05
6.52500 5.715604704264189e+05
6.53750 5.675931554458280e+05
6.55000 5.636325598685617e+05
6.56250 5.596481851364500e+05
6.57500 5.555944607704190e+05
6.58750 5.514310741768482e+05
6.60000 5.471488471245090e+05
6.61250 5.428456488815832e+05
6.62500 5.390052022100504e+05
6.63750 5.371455862939126e+05
6.65000 5.387481246651270e+05
6.66250 5.396858078836466e+05
6.67500 5.373172477157157e+05
6.68750 5.337752722723557e+05
6.70000 5.303995979080584e+05
6.71250 5.276506767208499e+05
6.72500 5.258124635786837e+05
6.73750 5.250268278826628e+05
6.75000 5.250220347015049e+05
6.76250 5.251087669150672e+05
6.77500 5.247198669663841e+05
6.78750 5.238175598657286e+05
6.80000 5.226990472182536e+05
6.81250 5.216492341438878e+05
6.82500 5.208011016555805e+05
6.83750 5.201517115328767e+05
6.85000 5.196180020532722e+05
6.86250 5.191074849485196e+05
6.87500 5.186179006658793e+05
6.88750 5.182691850846733e+05
6.90000 5.181614092122347e+05
6.91250 5.181755660317851e+05
6.92500 5.180154628448959e+05
6.93750 5.174703704581243e+05
6.95000 5.165164740952482e+05
6.96250 5.152388954603755e+05
6.97500 5.137675279655976e+05
6.98750 5.122336608191038e+05
7.00000 5.107084023042538e+05
7.01250 5.091765326308598e+05
7.02500 5.076078489493449e+05
7.03750 5.060509997899033e+05
7.05000 5.046269728624519e+05
7.06250 5.034085031443015e+05
7.07500 5.022729043470250e+05
7.08750 5.009096357326614e+05
7.10000 4.990183056291421e+05
7.11250 4.964460576714991e+05
7.12500 4.931266952650034e+05
7.13750 4.888177179244656e+05
7.15000 4.836798569773575e+05
7.16250 4.927448921586329e+05
7.17500 4.904725730465939e+05
7.18750 4.868614389916125e+05
7.20000 4.849751057179671e+05
7.21250 4.836930701168122e+05
7.22500 4.823142717815453e+05
7.23750 4.807624329737980e+05
7.25000 4.788918822674784e+05
7.26250 4.767249521346820e+05
7.27500 4.744915425702875e+05
7.28750 4.723681749160680e+05
7.30000 4.704180484147857e+05
7.31250 4.683407492867069e+05
7.32500 4.661944146901136e+05
7.33750 4.640947548739519e+05
7.35000 4.621332962251021e+05
7.36250 4.604549596718932e+05
7.37500 4.587615690244748e+05
7.38750 4.567447903288720e+05
7.40000 4.546952756236324e+05
7.41250 4.528225885032325e+05
7.42500 4.512147066284213e+05
7.43750 4.496004463214562e+05
7.45000 4.477796743051081e+05
7.46250 4.458367466587612e+05
7.47500 4.439529565285409e+05
7.48750 4.422994710174427e+05
7.50000 4.409928423365661e+05
7.51250 4.401732522801793e+05
7.52500 4.396191420359615e+05
7.53750 4.386001802414040e+05
7.55000 4.371250185367240e+05
7.56250 4.354066784696886e+05
7.57500 4.334512164931999e+05
7.58750 4.313682435830726e+05
7.60000 4.293957900154197e+05
7.61250 4.283081033765350e+05
7.62500 4.278080323462919e+05
7.63750 4.254594844513023e+05
7.65000 4.248034276197299e+05
7.66250 4.275172996607485e+05
7.67500 4.264569679882447e+05
7.68750 4.256586384081335e+05
7.70000 4.265882716544063e+05
7.71250 4.248046309739191e+05
7.72500 4.240371717568314e+05
7.73750 4.218742653076323e+05
7.75000 4.200144425230660e+05
7.76250 4.182571496561174e+05
7.77500 4.165817737779688e+05
7.78750 4.150544806737332e+05
7.80000 4.137467571550320e+05
7.81250 4.126813296572788e+05
7.82500 4.117739527659931e+05
7.83750 4.108224552688244e+05
7.85000 4.097360350339034e+05
7.86250 4.085712712622111e+05
7.87500 4.073568585325496e+05
7.88750 4.060601787372819e+05
7.90000 4.046316853429253e+05
7.91250 4.030424024253931e+05
7.92500 4.012921352221492e+05
7.93750 3.993985457493665e+05
7.95000 3.973886744369630e+05
7.96250 3.952949761325537e+05
7.97500 3.931522399090506e+05
7.98750 3.909987043216091e+05
8.00000 3.888701401548265e+05
8.01250 3.867941880379149e+05
8.02500 3.847862091893640e+05
8.03750 3.828495737262969e+05
8.05000 3.809810375426876e+05
8.06250 3.791794136695334e+05
8.07500 3.774509268545998e+05
8.08750 3.758003869504971e+05
8.10000 3.742081223444826e+05
8.11250 3.726470652459952e+05
8.12500 3.711191953944229e+05
8.13750 3.696381335339470e+05
8.15000 3.682116802325021e+05
8.16250 3.668417592812531e+05
8.17500 3.655256925505401e+05
8.18750 3.642524260650490e+05
8.20000 3.629956672600071e+05
8.21250 3.617316850580020e+05
8.22500 3.604672116444180e+05
8.23750 3.592265363297790e+05
8.25000 3.580133338502208e+05
8.26250 3.568124902144442e+05
8.27500 3.556327617644363e+05
8.28750 3.545047511534648e+05
8.30000 3.534652484108624e+05
8.31250 3.524549582517048e+05
8.32500 3.513884474604863e+05
8.33750 3.504423359369629e+05
8.35000 3.497037236218526e+05
8.36250 3.487779339952279e+05
8.37500 3.478331447495989e+05
8.38750 3.467538175223467e+05
8.40000 3.457030244680573e+05
8.41250 3.446767187165948e+05
8.42500 3.435955541360828e+05
8.43750 3.426154116072919e+05
8.45000 3.422511899300796e+05
8.46250 3.422604633572513e+05
8.47500 3.415011547058861e+05
8.48750 3.405788236342596e+05
8.50000 3.395620562641573e+05
8.51250 3.385347943074570e+05
8.52500 3.374932052804911e+05
8.53750 3.364270349264484e+05
8.55000 3.353141146752199e+05
8.56250 3.341140621784453e+05
8.57500 3.328580716463776e+05
8.58750 3.315741088669111e+05
8.60000 3.302794137633824e+05
8.61250 3.289751314353222e+05
8.62500 3.276344132372452e+05
8.63750 3.262389255279494e+05
8.65000 3.247836172311339e+05
8.66250 3.232151916757677e+05
8.67500 3.214982484621074e+05
8.68750 3.199820935237000e+05
8.70000 3.192762469512435e+05
8.71250 3.175297593513506e+05
8.72500 3.157030755163123e+05
8.73750 3.139316664347855e+05
8.75000 3.122064885630158e+05
8.76250 3.105234851707113e+05
8.77500 3.088817136202388e+05
8.78750 3.072809520113181e+05
8.80000 3.057218120413867e+05
8.81250 3.042144942819043e+05
8.82500 3.028014129492226e+05
8.83750 3.013972158542653e+05
8.85000 2.999984665774438e+05
8.86250 2.986027512726455e+05
8.87500 2.972037519815711e+05
8.88750 2.958081537260077e+05
8.90000 2.944270525865544e+05
8.91250 2.930597097274564e+05
8.92500 2.916944927883812e+05
8.93750 2.903156269729540e+05
8.95000 2.889157622519032e+05
8.96250 2.875065744671355e+05
8.97500 2.861028734670262e+05
8.98750 2.846902779624444e+05
9.00000 2.832543629825314e+05
9.01250 2.818040843797659e+05
9.02500 2.803450588760208e+05
9.03750 2.788835770824043e+05
9.05000 2.774314041520715e+05
9.06250 2.760042885710665e+05
9.07500 2.746204713845550e+05
9.08750 2.732923231365358e+05
9.10000 2.720211691091849e+05
9.11250 2.707977908892136e+05
9.12500 2.696045717250027e+05
9.13750 2.684432058012446e+05
9.15000 2.673236577736271e+05
9.16250 2.662425925050537e+05
9.17500 2.651895949583190e+05
9.18750 2.641574501086968e+05
9.20000 2.631430057584356e+05
9.21250 2.621439207420390e+05
9.22500 2.611588188129264e+05
9.23750 2.601885125668451e+05
9.25000 2.592339593117445e+05
9.26250 2.582941407578920e+05
9.27500 2.573653215294769e+05
9.28750 2.564412274265054e+05
9.30000 2.555140815832143e+05
9.31250 2.545769119603715e+05
9.32500 2.536251049430601e+05
9.33750 2.526541745393673e+05
9.35000 2.516575613260851e+05
9.36250 2.506287406712183e+05
9.37500 2.495641369353970e+05
9.38750 2.484639733652965e+05
9.40000 2.473310657402977e+05
9.41250 2.461656457524610e+05
9.42500 2.449609918113727e+05
9.43750 2.437120007472243e+05
9.45000 2.424243833291042e+05
9.46250 2.411096942395523e+05
9.47500 2.397775877826807e+05
9.48750 2.384312036580763e+05
9.50000 2.370659122053911e+05
9.51250 2.356741871566129e+05
9.52500 2.342532988210847e+05
9.53750 2.328070365816617e+05
9.55000 2.313410757837385e+05
9.56250 2.298638895093409e+05
9.57500 2.284198941361125e+05
9.58750 2.271277207975006e+05
9.60000 2.258841626440139e+05
9.61250 2.245453697188644e+05
9.62500 2.232523055792329e+05
9.63750 2.218229679046781e+05
9.65000 2.203996717710475e+05
9.66250 2.190320196250193e+05
9.67500 2.177580306034169e+05
9.68750 2.164208511069497e+05
9.70000 2.150390703218987e+05
9.71250 2.136445184757021e+05
9.72500 2.122541638963707e+05
9.73750 2.108746195254287e+05
9.75000 2.095089364780405e+05
9.76250 2.081600661013592e+05
9.77500 2.068308932482702e+05
9.78750 2.055228047691477e+05
9.80000 2.042348047622630e+05
9.81250 2.029635523173352e+05
9.82500 2.017043131862633e+05
9.83750 2.004540687787366e+05
9.85000 1.992243747797213e+05
9.86250 1.980814766496682e+05
9.87500 1.969676614103192e+05
9.88750 1.958280268850242e+05
9.90000 1.946842664832881e+05
9.91250 1.935699852220826e+05
9.92500 1.924896047455170e+05
9.93750 1.914393025458477e+05
9.95000 1.904133975681810e+05
9.96250 1.894076115441115e+05
9.97500 1.884200727706319e+05
9.98750 1.874506843211388e+05
10.00000 1.864989939910852e+05
