  300.00 -12.00000  1.55490e+15  1.55490e+15  1.55489e+15 -4.33174e+12 -4.32674e+12  4.33083e+12
  300.00 -11.97788  3.65399e+15  3.65400e+15  3.65397e+15 -1.01034e+13 -1.00917e+13  1.01012e+13
  300.00 -11.95576  8.57181e+15  8.57183e+15  8.57176e+15 -2.32912e+13 -2.32642e+13  2.32862e+13
  300.00 -11.93363  2.00277e+16  2.00277e+16  2.00275e+16 -5.22884e+13 -5.22272e+13  5.22765e+13
  300.00 -11.91151  4.63753e+16  4.63754e+16  4.63751e+16 -1.10797e+14 -1.10665e+14  1.10769e+14
  300.00 -11.88939  1.05366e+17  1.05366e+17  1.05366e+17 -2.08723e+14 -2.08463e+14  2.08657e+14
  300.00 -11.86727  2.30830e+17  2.30831e+17  2.30830e+17 -3.16572e+14 -3.16136e+14  3.16420e+14
  300.00 -11.84515  4.76012e+17  4.76014e+17  4.76013e+17 -3.40023e+14 -3.39439e+14  3.39694e+14
  300.00 -11.82302  9.03006e+17  9.03010e+17  9.03010e+17 -2.69611e+14 -2.68936e+14  2.69008e+14
  300.00 -11.80090  1.55784e+18  1.55784e+18  1.55784e+18 -4.32294e+14 -4.31368e+14  4.31473e+14
  300.00 -11.77878  2.45298e+18  2.45298e+18  2.45298e+18 -1.17309e+15 -1.17158e+15  1.17244e+15
  300.00 -11.75666  3.57353e+18  3.57353e+18  3.57352e+18 -2.14949e+15 -2.14759e+15  2.14962e+15
  300.00 -11.73453  4.89371e+18  4.89370e+18  4.89369e+18 -2.52554e+15 -2.52424e+15  2.52674e+15
  300.00 -11.71241  6.38811e+18  6.38810e+18  6.38810e+18 -1.88237e+15 -1.88258e+15  1.88389e+15
  300.00 -11.69029  8.03642e+18  8.03641e+18  8.03640e+18 -6.68482e+14 -6.70106e+14  6.68496e+14
  300.00 -11.66817  9.82304e+18  9.82303e+18  9.82302e+18  1.66391e+14  1.63994e+14 -1.69538e+14
  300.00 -11.64605  1.17360e+19  1.17359e+19  1.17360e+19 -9.87139e+13 -1.01493e+14  9.22646e+13
  300.00 -11.62392  1.37669e+19  1.37669e+19  1.37669e+19 -1.39737e+15 -1.40040e+15  1.38920e+15
  300.00 -11.60180  1.59093e+19  1.59093e+19  1.59094e+19 -2.85171e+15 -2.85444e+15  2.84412e+15
  300.00 -11.57968  1.81562e+19  1.81562e+19  1.81562e+19 -3.34682e+15 -3.34799e+15  3.34151e+15
  300.00 -11.55756  2.05014e+19  2.05014e+19  2.05014e+19 -2.29816e+15 -2.29644e+15  2.29555e+15
  300.00 -11.53544  2.29417e+19  2.29417e+19  2.29417e+19 -1.85501e+13 -1.34537e+13  1.80236e+13
  300.00 -11.51331  2.54741e+19  2.54741e+19  2.54741e+19  2.55408e+15  2.56176e+15 -2.55356e+15
  300.00 -11.49119  2.80934e+19  2.80934e+19  2.80934e+19  4.46468e+15  4.47336e+15 -4.46413e+15
  300.00 -11.46907  3.07949e+19  3.07949e+19  3.07949e+19  5.19684e+15  5.20526e+15 -5.19721e+15
  300.00 -11.44695  3.35774e+19  3.35774e+19  3.35774e+19  4.74467e+15  4.75255e+15 -4.74672e+15
  300.00 -11.42482  3.64415e+19  3.64415e+19  3.64415e+19  3.40334e+15  3.41133e+15 -3.40746e+15
  300.00 -11.40270  3.93846e+19  3.93846e+19  3.93845e+19  1.51217e+15  1.52100e+15 -1.51798e+15
  300.00 -11.38058  4.23998e+19  4.23998e+19  4.23997e+19 -6.80362e+14 -6.70846e+14  6.74202e+14
  300.00 -11.35846  4.54808e+19  4.54808e+19  4.54808e+19 -2.99692e+15 -2.98826e+15  2.99268e+15
  300.00 -11.33634  4.86261e+19  4.86261e+19  4.86261e+19 -5.23871e+15 -5.23345e+15  5.23903e+15
  300.00 -11.31421  5.18379e+19  5.18379e+19  5.18379e+19 -7.13170e+15 -7.13233e+15  7.13860e+15
  300.00 -11.29209  5.51175e+19  5.51175e+19  5.51175e+19 -8.36450e+15 -8.37223e+15  8.37833e+15
  300.00 -11.26997  5.84621e+19  5.84620e+19  5.84621e+19 -8.68630e+15 -8.70035e+15  8.70531e+15
  300.00 -11.24785  6.18662e+19  6.18662e+19  6.18662e+19 -7.99821e+15 -8.01597e+15  8.01889e+15
  300.00 -11.22573  6.53273e+19  6.53273e+19  6.53273e+19 -6.39802e+15 -6.41587e+15  6.41628e+15
  300.00 -11.20360  6.88481e+19  6.88481e+19  6.88481e+19 -4.18101e+15 -4.19550e+15  4.19340e+15
  300.00 -11.18148  7.24339e+19  7.24338e+19  7.24339e+19 -1.81424e+15 -1.82289e+15  1.81873e+15
  300.00 -11.15936  7.60873e+19  7.60873e+19  7.60874e+19  1.11131e+14  1.09400e+14 -1.15074e+14
  300.00 -11.13724  7.98055e+19  7.98055e+19  7.98055e+19  9.58301e+14  9.63286e+14 -9.70126e+14
  300.00 -11.11512  8.35815e+19  8.35815e+19  8.35815e+19  1.59410e+14  1.69933e+14 -1.77932e+14
  300.00 -11.09299  8.74097e+19  8.74097e+19  8.74096e+19 -2.64574e+15 -2.63148e+15  2.62211e+15
  300.00 -11.07087  9.12897e+19  9.12897e+19  9.12896e+19 -7.47479e+15 -7.45887e+15  7.44796e+15
  300.00 -11.04875  9.52256e+19  9.52256e+19  9.52255e+19 -1.39061e+16 -1.38906e+16  1.38783e+16
  300.00 -11.02663  9.92213e+19  9.92213e+19  9.92213e+19 -2.10524e+16 -2.10390e+16  2.10261e+16
  300.00 -11.00450  1.03276e+20  1.03276e+20  1.03276e+20 -2.76290e+16 -2.76189e+16  2.76064e+16
  300.00 -10.98238  1.07381e+20  1.07381e+20  1.07381e+20 -3.21266e+16 -3.21203e+16  3.21096e+16
  300.00 -10.96026  1.11526e+20  1.11527e+20  1.11526e+20 -3.30800e+16 -3.30775e+16  3.30697e+16
  300.00 -10.93814  1.15702e+20  1.15702e+20  1.15702e+20 -2.93934e+16 -2.93945e+16  2.93904e+16
  300.00 -10.91602  1.19907e+20  1.19907e+20  1.19907e+20 -2.06562e+16 -2.06602e+16  2.06602e+16
  300.00 -10.89389  1.24144e+20  1.24144e+20  1.24144e+20 -7.36128e+15 -7.36722e+15  7.37102e+15
  300.00 -10.87177  1.28421e+20  1.28421e+20  1.28421e+20  9.05470e+15  9.04789e+15 -9.04117e+15
  300.00 -10.84965  1.32743e+20  1.32743e+20  1.32743e+20  2.63916e+16  2.63851e+16 -2.63768e+16
  300.00 -10.82753  1.37110e+20  1.37110e+20  1.37110e+20  4.20684e+16  4.20633e+16 -4.20549e+16
  300.00 -10.80541  1.41518e+20  1.41518e+20  1.41518e+20  5.36223e+16  5.36194e+16 -5.36123e+16
  300.00 -10.78328  1.45958e+20  1.45958e+20  1.45958e+20  5.91957e+16  5.91954e+16 -5.91902e+16
  300.00 -10.76116  1.50428e+20  1.50428e+20  1.50428e+20  5.78844e+16  5.78865e+16 -5.78835e+16
  300.00 -10.73904  1.54929e+20  1.54929e+20  1.54929e+20  4.98646e+16  4.98686e+16 -4.98670e+16
  300.00 -10.71692  1.59467e+20  1.59467e+20  1.59467e+20  3.62835e+16  3.62888e+16 -3.62875e+16
  300.00 -10.69479  1.64046e+20  1.64046e+20  1.64046e+20  1.89658e+16  1.89717e+16 -1.89695e+16
  300.00 -10.67267  1.68669e+20  1.68668e+20  1.68668e+20  2.44996e+13  3.06962e+13 -2.65023e+13
  300.00 -10.65055  1.73329e+20  1.73329e+20  1.73329e+20 -1.85274e+16 -1.85213e+16  1.85279e+16
  300.00 -10.62843  1.78019e+20  1.78019e+20  1.78019e+20 -3.50915e+16 -3.50858e+16  3.50948e+16
  300.00 -10.60631  1.82728e+20  1.82728e+20  1.82728e+20 -4.86823e+16 -4.86772e+16  4.86880e+16
  300.00 -10.58418  1.87449e+20  1.87449e+20  1.87449e+20 -5.89964e+16 -5.89922e+16  5.90039e+16
  300.00 -10.56206  1.92183e+20  1.92183e+20  1.92183e+20 -6.63587e+16 -6.63558e+16  6.63675e+16
  300.00 -10.53994  1.96936e+20  1.96936e+20  1.96936e+20 -7.15623e+16 -7.15611e+16  7.15718e+16
  300.00 -10.51782  2.01716e+20  2.01716e+20  2.01716e+20 -7.56267e+16 -7.56276e+16  7.56364e+16
  300.00 -10.49570  2.06529e+20  2.06529e+20  2.06529e+20 -7.95132e+16 -7.95162e+16  7.95225e+16
  300.00 -10.47357  2.11376e+20  2.11376e+20  2.11376e+20 -8.38522e+16 -8.38571e+16  8.38606e+16
  300.00 -10.45145  2.16252e+20  2.16252e+20  2.16252e+20 -8.87488e+16 -8.87555e+16  8.87560e+16
  300.00 -10.42933  2.21149e+20  2.21149e+20  2.21149e+20 -9.37284e+16 -9.37366e+16  9.37341e+16
  300.00 -10.40721  2.26056e+20  2.26056e+20  2.26056e+20 -9.78533e+16 -9.78625e+16  9.78574e+16
  300.00 -10.38509  2.30970e+20  2.30970e+20  2.30970e+20 -9.99941e+16 -1.00004e+17  9.99967e+16
  300.00 -10.36296  2.35891e+20  2.35891e+20  2.35891e+20 -9.91869e+16 -9.91969e+16  9.91882e+16
  300.00 -10.34084  2.40827e+20  2.40827e+20  2.40827e+20 -9.49707e+16 -9.49806e+16  9.49710e+16
  300.00 -10.31872  2.45785e+20  2.45785e+20  2.45785e+20 -8.75995e+16 -8.76088e+16  8.75990e+16
  300.00 -10.29660  2.50771e+20  2.50771e+20  2.50771e+20 -7.80577e+16 -7.80663e+16  7.80566e+16
  300.00 -10.27447  2.55785e+20  2.55785e+20  2.55785e+20 -6.78716e+16 -6.78793e+16  6.78703e+16
  300.00 -10.25235  2.60820e+20  2.60820e+20  2.60820e+20 -5.87673e+16 -5.87741e+16  5.87661e+16
  300.00 -10.23023  2.65862e+20  2.65862e+20  2.65862e+20 -5.22723e+16 -5.22782e+16  5.22717e+16
  300.00 -10.20811  2.70901e+20  2.70901e+20  2.70901e+20 -4.93653e+16 -4.93702e+16  4.93656e+16
  300.00 -10.18599  2.75925e+20  2.75925e+20  2.75925e+20 -5.02566e+16 -5.02606e+16  5.02580e+16
  300.00 -10.16386  2.80930e+20  2.80930e+20  2.80930e+20 -5.43436e+16 -5.43464e+16  5.43461e+16
  300.00 -10.14174  2.85919e+20  2.85919e+20  2.85919e+20 -6.03397e+16 -6.03411e+16  6.03429e+16
  300.00 -10.11962  2.90897e+20  2.90897e+20  2.90897e+20 -6.65462e+16 -6.65458e+16  6.65491e+16
  300.00 -10.09750  2.95870e+20  2.95870e+20  2.95870e+20 -7.12099e+16 -7.12072e+16  7.12115e+16
  300.00 -10.07538  3.00839e+20  3.00839e+20  3.00839e+20 -7.29052e+16 -7.29001e+16  7.29046e+16
  300.00 -10.05325  3.05800e+20  3.05800e+20  3.05800e+20 -7.08679e+16 -7.08603e+16  7.08643e+16
  300.00 -10.03113  3.10742e+20  3.10742e+20  3.10742e+20 -6.52105e+16 -6.52006e+16  6.52039e+16
  300.00 -10.00901  3.15652e+20  3.15652e+20  3.15652e+20 -5.69584e+16 -5.69470e+16  5.69496e+16
  300.00 -9.98689  3.20515e+20  3.20515e+20  3.20515e+20 -4.78737e+16 -4.78620e+16  4.78643e+16
  300.00 -9.96476  3.25321e+20  3.25321e+20  3.25321e+20 -4.00801e+16 -4.00692e+16  4.00721e+16
  300.00 -9.94264  3.30064e+20  3.30064e+20  3.30064e+20 -3.55606e+16 -3.55519e+16  3.55561e+16
  300.00 -9.92052  3.34744e+20  3.34744e+20  3.34744e+20 -3.56529e+16 -3.56476e+16  3.56539e+16
  300.00 -9.89840  3.39366e+20  3.39367e+20  3.39367e+20 -4.06840e+16 -4.06826e+16  4.06917e+16
  300.00 -9.87628  3.43933e+20  3.43933e+20  3.43933e+20 -4.98596e+16 -4.98620e+16  4.98740e+16
  300.00 -9.85415  3.48441e+20  3.48441e+20  3.48441e+20 -6.14543e+16 -6.14599e+16  6.14745e+16
  300.00 -9.83203  3.52883e+20  3.52882e+20  3.52883e+20 -7.32572e+16 -7.32650e+16  7.32814e+16
  300.00 -9.80991  3.57243e+20  3.57243e+20  3.57243e+20 -8.31474e+16 -8.31560e+16  8.31732e+16
  300.00 -9.78779  3.61505e+20  3.61505e+20  3.61505e+20 -8.96418e+16 -8.96501e+16  8.96672e+16
  300.00 -9.76567  3.65650e+20  3.65650e+20  3.65650e+20 -9.22762e+16 -9.22834e+16  9.22992e+16
  300.00 -9.74354  3.69668e+20  3.69668e+20  3.69668e+20 -9.17389e+16 -9.17448e+16  9.17584e+16
  300.00 -9.72142  3.73554e+20  3.73554e+20  3.73554e+20 -8.97489e+16 -8.97536e+16  8.97644e+16
  300.00 -9.69930  3.77308e+20  3.77308e+20  3.77308e+20 -8.87094e+16 -8.87133e+16  8.87208e+16
  300.00 -9.67718  3.80935e+20  3.80935e+20  3.80935e+20 -9.11871e+16 -9.11901e+16  9.11943e+16
  300.00 -9.65506  3.84432e+20  3.84432e+20  3.84432e+20 -9.92852e+16 -9.92873e+16  9.92883e+16
  300.00 -9.63293  3.87787e+20  3.87787e+20  3.87787e+20 -1.14071e+17 -1.14072e+17  1.14070e+17
  300.00 -9.61081  3.90974e+20  3.90974e+20  3.90974e+20 -1.35355e+17 -1.35353e+17  1.35350e+17
  300.00 -9.58869  3.93950e+20  3.93950e+20  3.93950e+20 -1.62077e+17 -1.62073e+17  1.62069e+17
  300.00 -9.56657  3.96655e+20  3.96655e+20  3.96655e+20 -1.93037e+17 -1.93031e+17  1.93029e+17
  300.00 -9.54444  3.99018e+20  3.99018e+20  3.99018e+20 -2.27009e+17 -2.27003e+17  2.27003e+17
  300.00 -9.52232  4.00978e+20  4.00978e+20  4.00978e+20 -2.62097e+17 -2.62094e+17  2.62097e+17
  300.00 -9.50020  4.02527e+20  4.02527e+20  4.02527e+20 -2.95816e+17 -2.95817e+17  2.95822e+17
  300.00 -9.47808  4.03727e+20  4.03727e+20  4.03727e+20 -3.25716e+17 -3.25720e+17  3.25724e+17
  300.00 -9.45596  4.04683e+20  4.04683e+20  4.04683e+20 -3.48944e+17 -3.48951e+17  3.48950e+17
  300.00 -9.43383  4.05485e+20  4.05485e+20  4.05485e+20 -3.62152e+17 -3.62161e+17  3.62152e+17
  300.00 -9.41171  4.06180e+20  4.06180e+20  4.06180e+20 -3.62913e+17 -3.62925e+17  3.62906e+17
  300.00 -9.38959  4.06769e+20  4.06769e+20  4.06769e+20 -3.50998e+17 -3.51015e+17  3.50989e+17
  300.00 -9.36747  4.07234e+20  4.07234e+20  4.07234e+20 -3.28311e+17 -3.28332e+17  3.28306e+17
  300.00 -9.34535  4.07562e+20  4.07562e+20  4.07562e+20 -2.98063e+17 -2.98082e+17  2.98066e+17
  300.00 -9.32322  4.07751e+20  4.07751e+20  4.07751e+20 -2.63904e+17 -2.63915e+17  2.63916e+17
  300.00 -9.30110  4.07813e+20  4.07814e+20  4.07814e+20 -2.29157e+17 -2.29156e+17  2.29179e+17
  300.00 -9.27898  4.07766e+20  4.07766e+20  4.07766e+20 -1.96264e+17 -1.96250e+17  1.96294e+17
  300.00 -9.25686  4.07620e+20  4.07620e+20  4.07620e+20 -1.66576e+17 -1.66552e+17  1.66613e+17
  300.00 -9.23473  4.07379e+20  4.07379e+20  4.07379e+20 -1.40364e+17 -1.40336e+17  1.40406e+17
  300.00 -9.21261  4.07035e+20  4.07035e+20  4.07035e+20 -1.16817e+17 -1.16791e+17  1.16863e+17
  300.00 -9.19049  4.06580e+20  4.06580e+20  4.06580e+20 -9.41551e+16 -9.41362e+16  9.42043e+16
  300.00 -9.16837  4.06008e+20  4.06008e+20  4.06008e+20 -7.02132e+16 -7.02058e+16  7.02646e+16
  300.00 -9.14625  4.05316e+20  4.05316e+20  4.05316e+20 -4.35680e+16 -4.35742e+16  4.36198e+16
  300.00 -9.12412  4.04501e+20  4.04501e+20  4.04501e+20 -1.46491e+16 -1.46685e+16  1.46981e+16
  300.00 -9.10200  4.03568e+20  4.03568e+20  4.03568e+20  1.40048e+16  1.39751e+16 -1.39625e+16
  300.00 -9.07988  4.02524e+20  4.02524e+20  4.02523e+20  3.87055e+16  3.86700e+16 -3.86742e+16
  300.00 -9.05776  4.01381e+20  4.01381e+20  4.01381e+20  5.62780e+16  5.62415e+16 -5.62607e+16
  300.00 -9.03564  4.00147e+20  4.00147e+20  4.00147e+20  6.54032e+16  6.53701e+16 -6.54016e+16
  300.00 -9.01351  3.98821e+20  3.98820e+20  3.98820e+20  6.69110e+16  6.68845e+16 -6.69249e+16
  300.00 -8.99139  3.97390e+20  3.97390e+20  3.97390e+20  6.30540e+16  6.30358e+16 -6.30817e+16
  300.00 -8.96927  3.95842e+20  3.95842e+20  3.95842e+20  5.63729e+16  5.63636e+16 -5.64115e+16
  300.00 -8.94715  3.94166e+20  3.94166e+20  3.94166e+20  4.87974e+16  4.87966e+16 -4.88434e+16
  300.00 -8.92503  3.92358e+20  3.92358e+20  3.92358e+20  4.12718e+16  4.12782e+16 -4.13214e+16
  300.00 -8.90290  3.90419e+20  3.90419e+20  3.90419e+20  3.38258e+16  3.38378e+16 -3.38754e+16
  300.00 -8.88078  3.88353e+20  3.88353e+20  3.88353e+20  2.58732e+16  2.58890e+16 -2.59199e+16
  300.00 -8.85866  3.86166e+20  3.86166e+20  3.86166e+20  1.65738e+16  1.65915e+16 -1.66156e+16
  300.00 -8.83654  3.83865e+20  3.83865e+20  3.83865e+20  5.18827e+15  5.20635e+15 -5.22410e+15
  300.00 -8.81441  3.81461e+20  3.81461e+20  3.81461e+20 -8.61135e+15 -8.59392e+15  8.58164e+15
  300.00 -8.79229  3.78961e+20  3.78961e+20  3.78961e+20 -2.45376e+16 -2.45213e+16  2.45135e+16
  300.00 -8.77017  3.76365e+20  3.76365e+20  3.76365e+20 -4.16578e+16 -4.16428e+16  4.16387e+16
  300.00 -8.74805  3.73663e+20  3.73663e+20  3.73663e+20 -5.85669e+16 -5.85529e+16  5.85520e+16
  300.00 -8.72593  3.70842e+20  3.70842e+20  3.70842e+20 -7.37150e+16 -7.37015e+16  7.37039e+16
  300.00 -8.70380  3.67889e+20  3.67890e+20  3.67890e+20 -8.57800e+16 -8.57666e+16  8.57732e+16
  300.00 -8.68168  3.64800e+20  3.64800e+20  3.64800e+20 -9.39610e+16 -9.39473e+16  9.39601e+16
  300.00 -8.65956  3.61578e+20  3.61578e+20  3.61578e+20 -9.80986e+16 -9.80843e+16  9.81066e+16
  300.00 -8.63744  3.58235e+20  3.58235e+20  3.58235e+20 -9.85995e+16 -9.85845e+16  9.86218e+16
  300.00 -8.61532  3.54779e+20  3.54779e+20  3.54779e+20 -9.62122e+16 -9.61969e+16  9.62582e+16
  300.00 -8.59319  3.51215e+20  3.51215e+20  3.51215e+20 -9.17528e+16 -9.17376e+16  9.18373e+16
  300.00 -8.57107  3.47535e+20  3.47535e+20  3.47535e+20 -8.58853e+16 -8.58707e+16  8.60322e+16
  300.00 -8.54895  3.43729e+20  3.43729e+20  3.43729e+20 -7.90306e+16 -7.90172e+16  7.92783e+16
  300.00 -8.52683  3.39787e+20  3.39787e+20  3.39787e+20 -7.14115e+16 -7.13996e+16  7.18206e+16
  300.00 -8.50470  3.35707e+20  3.35707e+20  3.35707e+20 -6.31820e+16 -6.31716e+16  6.38480e+16
  300.00 -8.48258  3.31494e+20  3.31494e+20  3.31494e+20 -5.45595e+16 -5.45501e+16  5.56307e+16
  300.00 -8.46046  3.27155e+20  3.27155e+20  3.27155e+20 -4.58873e+16 -4.58779e+16  4.75916e+16
  300.00 -8.43834  3.22697e+20  3.22697e+20  3.22697e+20 -3.76000e+16 -3.75896e+16  4.02835e+16
  300.00 -8.41622  3.18116e+20  3.18116e+20  3.18116e+20 -3.01120e+16 -3.00995e+16  3.42928e+16
  300.00 -8.39409  3.13400e+20  3.13400e+20  3.13400e+20 -2.36801e+16 -2.36648e+16  3.01235e+16
  300.00 -8.37197  3.08530e+20  3.08530e+20  3.08530e+20 -1.82962e+16 -1.82781e+16  2.81184e+16
  300.00 -8.34985  3.03487e+20  3.03487e+20  3.03487e+20 -1.36428e+16 -1.36226e+16  2.84494e+16
  300.00 -8.32773  2.98262e+20  2.98262e+20  2.98262e+20 -9.10976e+15 -9.08889e+15  3.11805e+16
  300.00 -8.30561  2.92852e+20  2.92852e+20  2.92852e+20 -3.84421e+15 -3.82446e+15  3.63728e+16
  300.00 -8.28348  2.87263e+20  2.87263e+20  2.87263e+20  3.20200e+15  3.21881e+15  4.41996e+16
  300.00 -8.26136  2.81500e+20  2.81500e+20  2.81500e+20  1.32522e+16  1.32645e+16  5.50445e+16
  300.00 -8.23924  2.75564e+20  2.75564e+20  2.75564e+20  2.77128e+16  2.77196e+16  6.95826e+16
  300.00 -8.21712  2.69447e+20  2.69447e+20  2.69447e+20  4.81955e+16  4.81963e+16  8.88542e+16
  300.00 -8.19499  2.63132e+20  2.63132e+20  2.63132e+20  7.65361e+16  7.65314e+16  1.14344e+17
  300.00 -8.17287  2.56598e+20  2.56598e+20  2.56598e+20  1.14811e+17  1.14802e+17  1.48057e+17
  300.00 -8.15075  2.49824e+20  2.49824e+20  2.49824e+20  1.65361e+17  1.65349e+17  1.92576e+17
  300.00 -8.12863  2.42788e+20  2.42788e+20  2.42788e+20  2.30830e+17  2.30818e+17  2.51060e+17
  300.00 -8.10651  2.35467e+20  2.35467e+20  2.35467e+20  3.14229e+17  3.14218e+17  3.27186e+17
  300.00 -8.08438  2.27831e+20  2.27831e+20  2.27831e+20  4.18986e+17  4.18977e+17  4.25023e+17
  300.00 -8.06226  2.19852e+20  2.19852e+20  2.19852e+20  5.48952e+17  5.48946e+17  5.48867e+17
  300.00 -8.04014  2.11508e+20  2.11508e+20  2.11508e+20  7.08309e+17  7.08307e+17  7.03052e+17
  300.00 -8.01802  2.02793e+20  2.02793e+20  2.02793e+20  9.01362e+17  9.01366e+17  8.91759e+17
  300.00 -7.99590  1.93732e+20  1.93732e+20  1.93732e+20  1.13221e+18  1.13223e+18  1.11879e+18
  300.00 -7.97377  1.84379e+20  1.84379e+20  1.84379e+20  1.40437e+18  1.40439e+18  1.38728e+18
  300.00 -7.95165  1.74827e+20  1.74827e+20  1.74827e+20  1.72028e+18  1.72032e+18  1.69937e+18
  300.00 -7.92953  1.65200e+20  1.65200e+20  1.65200e+20  2.08086e+18  2.08093e+18  2.05579e+18
  300.00 -7.90741  1.55648e+20  1.55648e+20  1.55648e+20  2.48493e+18  2.48503e+18  2.45555e+18
  300.00 -7.88529  1.46328e+20  1.46328e+20  1.46328e+20  2.92867e+18  2.92880e+18  2.89566e+18
  300.00 -7.86316  1.37386e+20  1.37386e+20  1.37386e+20  3.40538e+18  3.40554e+18  3.37073e+18
  300.00 -7.84104  1.28941e+20  1.28941e+20  1.28941e+20  3.90551e+18  3.90571e+18  3.87256e+18
  300.00 -7.81892  1.21077e+20  1.21077e+20  1.21078e+20  4.41697e+18  4.41719e+18  4.38988e+18
  300.00 -7.79680  1.13862e+20  1.13862e+20  1.13862e+20  4.92570e+18  4.92595e+18  4.90824e+18
  300.00 -7.77467  1.07392e+20  1.07392e+20  1.07392e+20  5.41633e+18  5.41659e+18  5.41035e+18
  300.00 -7.75255  1.01849e+20  1.01848e+20  1.01849e+20  5.87211e+18  5.87237e+18  5.87766e+18
  300.00 -7.73043  9.74643e+19  9.74641e+19  9.74643e+19  6.27555e+18  6.27579e+18  6.29166e+18
  300.00 -7.70831  9.44357e+19  9.44356e+19  9.44357e+19  6.61036e+18  6.61057e+18  6.63419e+18
  300.00 -7.68619  9.28662e+19  9.28661e+19  9.28662e+19  6.86256e+18  6.86275e+18  6.88865e+18
  300.00 -7.66406  9.27734e+19  9.27733e+19  9.27735e+19  7.02047e+18  7.02063e+18  7.04238e+18
  300.00 -7.64194  9.41182e+19  9.41181e+19  9.41183e+19  7.07496e+18  7.07512e+18  7.08821e+18
  300.00 -7.61982  9.68246e+19  9.68244e+19  9.68246e+19  7.02065e+18  7.02079e+18  7.02480e+18
  300.00 -7.59770  1.00789e+20  1.00789e+20  1.00789e+20  6.85742e+18  6.85756e+18  6.85568e+18
  300.00 -7.57558  1.05888e+20  1.05888e+20  1.05888e+20  6.59158e+18  6.59170e+18  6.58804e+18
  300.00 -7.55345  1.11981e+20  1.11981e+20  1.11981e+20  6.23525e+18  6.23536e+18  6.23240e+18
  300.00 -7.53133  1.18911e+20  1.18911e+20  1.18911e+20  5.80461e+18  5.80469e+18  5.80274e+18
  300.00 -7.50921  1.26513e+20  1.26513e+20  1.26513e+20  5.31795e+18  5.31801e+18  5.31626e+18
  300.00 -7.48709  1.34618e+20  1.34618e+20  1.34618e+20  4.79427e+18  4.79430e+18  4.79229e+18
  300.00 -7.46496  1.43065e+20  1.43065e+20  1.43065e+20  4.25231e+18  4.25232e+18  4.25070e+18
  300.00 -7.44284  1.51700e+20  1.51699e+20  1.51700e+20  3.70976e+18  3.70976e+18  3.71026e+18
  300.00 -7.42072  1.60387e+20  1.60387e+20  1.60387e+20  3.18254e+18  3.18253e+18  3.18740e+18
  300.00 -7.39860  1.69015e+20  1.69015e+20  1.69015e+20  2.68406e+18  2.68406e+18  2.69544e+18
  300.00 -7.37648  1.77497e+20  1.77497e+20  1.77497e+20  2.22475e+18  2.22476e+18  2.24424e+18
  300.00 -7.35435  1.85771e+20  1.85771e+20  1.85771e+20  1.81182e+18  1.81184e+18  1.84013e+18
  300.00 -7.33223  1.93793e+20  1.93793e+20  1.93793e+20  1.44925e+18  1.44927e+18  1.48624e+18
  300.00 -7.31011  2.01536e+20  2.01536e+20  2.01536e+20  1.13805e+18  1.13808e+18  1.18292e+18
  300.00 -7.28799  2.08991e+20  2.08991e+20  2.08991e+20  8.76745e+17  8.76774e+17  9.28320e+17
  300.00 -7.26587  2.16164e+20  2.16164e+20  2.16164e+20  6.61939e+17  6.61967e+17  7.18928e+17
  300.00 -7.24374  2.23075e+20  2.23076e+20  2.23076e+20  4.88916e+17  4.88942e+17  5.50173e+17
  300.00 -7.22162  2.29754e+20  2.29754e+20  2.29754e+20  3.52191e+17  3.52216e+17  4.16946e+17
  300.00 -7.19950  2.36229e+20  2.36229e+20  2.36229e+20  2.45957e+17  2.45983e+17  3.14078e+17
  300.00 -7.17738  2.42528e+20  2.42528e+20  2.42528e+20  1.64473e+17  1.64501e+17  2.36673e+17
  300.00 -7.15526  2.48671e+20  2.48671e+20  2.48671e+20  1.02405e+17  1.02435e+17  1.80264e+17
  300.00 -7.13313  2.54671e+20  2.54671e+20  2.54671e+20  5.51477e+16  5.51803e+16  1.40809e+17
  300.00 -7.11101  2.60536e+20  2.60536e+20  2.60536e+20  1.90725e+16  1.91071e+16  1.14573e+17
  300.00 -7.08889  2.66271e+20  2.66271e+20  2.66271e+20 -8.34751e+15 -8.31191e+15  9.80225e+16
  300.00 -7.06677  2.71890e+20  2.71890e+20  2.71890e+20 -2.85956e+16 -2.85605e+16  8.77934e+16
  300.00 -7.04464  2.77417e+20  2.77417e+20  2.77417e+20 -4.23577e+16 -4.23250e+16  8.08037e+16
  300.00 -7.02252  2.82902e+20  2.82902e+20  2.82902e+20 -4.99180e+16 -4.98900e+16  7.44825e+16
  300.00 -7.00040  2.88433e+20  2.88434e+20  2.88434e+20 -5.16362e+16 -5.16154e+16  6.70791e+16
  300.00 -6.97828  2.94164e+20  2.94164e+20  2.94164e+20 -4.84875e+16 -4.84761e+16  5.80443e+16
  300.00 -6.95616  3.00335e+20  3.00335e+20  3.00335e+20 -4.27749e+16 -4.27745e+16  4.86037e+16
  300.00 -6.93403  3.07297e+20  3.07297e+20  3.07297e+20 -3.91475e+16 -3.91584e+16  4.26607e+16
  300.00 -6.91191  3.15499e+20  3.15499e+20  3.15499e+20 -4.54505e+16 -4.54708e+16  4.75535e+16
  300.00 -6.88979  3.25411e+20  3.25411e+20  3.25412e+20 -7.12075e+16 -7.12332e+16  7.24679e+16
  300.00 -6.86767  3.37412e+20  3.37412e+20  3.37413e+20 -1.20803e+17 -1.20829e+17  1.21568e+17
  300.00 -6.84555  3.51696e+20  3.51696e+20  3.51696e+20 -1.83999e+17 -1.84018e+17  1.84474e+17
  300.00 -6.82342  3.68258e+20  3.68258e+20  3.68258e+20 -2.35978e+17 -2.35982e+17  2.36275e+17
  300.00 -6.80130  3.86913e+20  3.86913e+20  3.86913e+20 -2.55249e+17 -2.55229e+17  2.55423e+17
  300.00 -6.77918  4.07228e+20  4.07228e+20  4.07228e+20 -2.41446e+17 -2.41401e+17  2.41524e+17
  300.00 -6.75706  4.28386e+20  4.28386e+20  4.28386e+20 -2.10237e+17 -2.10175e+17  2.10236e+17
  300.00 -6.73493  4.49166e+20  4.49166e+20  4.49166e+20 -1.77178e+17 -1.77109e+17  1.77116e+17
  300.00 -6.71281  4.68257e+20  4.68257e+20  4.68257e+20 -1.49560e+17 -1.49493e+17  1.49462e+17
  300.00 -6.69069  4.84837e+20  4.84837e+20  4.84837e+20 -1.27631e+17 -1.27570e+17  1.27520e+17
  300.00 -6.66857  4.98836e+20  4.98835e+20  4.98835e+20 -1.09081e+17 -1.09029e+17  1.08974e+17
  300.00 -6.64645  5.10653e+20  5.10653e+20  5.10653e+20 -9.23107e+16 -9.22682e+16  9.22177e+16
  300.00 -6.62432  5.20761e+20  5.20761e+20  5.20761e+20 -7.76401e+16 -7.76050e+16  7.75622e+16
  300.00 -6.60220  5.29531e+20  5.29531e+20  5.29531e+20 -6.68792e+16 -6.68490e+16  6.68149e+16
  300.00 -6.58008  5.37222e+20  5.37222e+20  5.37222e+20 -6.17442e+16 -6.17176e+16  6.16917e+16
  300.00 -6.55796  5.44013e+20  5.44013e+20  5.44013e+20 -6.24300e+16 -6.24074e+16  6.23887e+16
  300.00 -6.53584  5.50025e+20  5.50025e+20  5.50025e+20 -6.74509e+16 -6.74337e+16  6.74209e+16
  300.00 -6.51371  5.55344e+20  5.55344e+20  5.55344e+20 -7.44112e+16 -7.44010e+16  7.43926e+16
  300.00 -6.49159  5.60034e+20  5.60034e+20  5.60034e+20 -8.07932e+16 -8.07914e+16  8.07865e+16
  300.00 -6.46947  5.64149e+20  5.64149e+20  5.64149e+20 -8.43840e+16 -8.43912e+16  8.43891e+16
  300.00 -6.44735  5.67742e+20  5.67742e+20  5.67742e+20 -8.34761e+16 -8.34921e+16  8.34928e+16
  300.00 -6.42523  5.70866e+20  5.70866e+20  5.70866e+20 -7.70291e+16 -7.70528e+16  7.70568e+16
  300.00 -6.40310  5.73570e+20  5.73571e+20  5.73570e+20 -6.48013e+16 -6.48307e+16  6.48387e+16
  300.00 -6.38098  5.75901e+20  5.75902e+20  5.75902e+20 -4.73761e+16 -4.74093e+16  4.74217e+16
  300.00 -6.35886  5.77897e+20  5.77897e+20  5.77897e+20 -2.60508e+16 -2.60857e+16  2.61027e+16
  300.00 -6.33674  5.79585e+20  5.79585e+20  5.79585e+20 -2.62532e+15 -2.66016e+15  2.68124e+15
  300.00 -6.31461  5.80987e+20  5.80988e+20  5.80988e+20  2.08401e+16  2.08068e+16 -2.07827e+16
  300.00 -6.29249  5.82118e+20  5.82118e+20  5.82118e+20  4.22509e+16  4.22204e+16 -4.21945e+16
  300.00 -6.27037  5.82989e+20  5.82989e+20  5.82989e+20  5.96720e+16  5.96451e+16 -5.96190e+16
  300.00 -6.24825  5.83614e+20  5.83614e+20  5.83614e+20  7.14915e+16  7.14687e+16 -7.14438e+16
  300.00 -6.22613  5.84008e+20  5.84008e+20  5.84008e+20  7.65572e+16  7.65388e+16 -7.65161e+16
  300.00 -6.20400  5.84192e+20  5.84192e+20  5.84192e+20  7.42787e+16  7.42647e+16 -7.42448e+16
  300.00 -6.18188  5.84185e+20  5.84185e+20  5.84185e+20  6.46832e+16  6.46735e+16 -6.46565e+16
  300.00 -6.15976  5.84009e+20  5.84009e+20  5.84009e+20  4.84158e+16  4.84099e+16 -4.83956e+16
  300.00 -6.13764  5.83679e+20  5.83679e+20  5.83679e+20  2.66789e+16  2.66763e+16 -2.66640e+16
  300.00 -6.11552  5.83208e+20  5.83208e+20  5.83208e+20  1.11801e+15  1.11800e+15 -1.10691e+15
  300.00 -6.09339  5.82603e+20  5.82603e+20  5.82603e+20 -2.63352e+16 -2.63334e+16  2.63439e+16
  300.00 -6.07127  5.81865e+20  5.81865e+20  5.81865e+20 -5.36439e+16 -5.36411e+16  5.36517e+16
  300.00 -6.04915  5.80995e+20  5.80995e+20  5.80995e+20 -7.88526e+16 -7.88495e+16  7.88605e+16
  300.00 -6.02703  5.79992e+20  5.79992e+20  5.79992e+20 -1.00258e+17 -1.00255e+17  1.00266e+17
  300.00 -6.00490  5.78859e+20  5.78859e+20  5.78859e+20 -1.16547e+17 -1.16545e+17  1.16556e+17
  300.00 -5.98278  5.77602e+20  5.77602e+20  5.77602e+20 -1.26891e+17 -1.26890e+17  1.26902e+17
  300.00 -5.96066  5.76230e+20  5.76230e+20  5.76230e+20 -1.30987e+17 -1.30988e+17  1.30999e+17
  300.00 -5.93854  5.74755e+20  5.74755e+20  5.74755e+20 -1.29049e+17 -1.29051e+17  1.29061e+17
  300.00 -5.91642  5.73189e+20  5.73189e+20  5.73190e+20 -1.21747e+17 -1.21751e+17  1.21758e+17
  300.00 -5.89429  5.71544e+20  5.71544e+20  5.71544e+20 -1.10120e+17 -1.10125e+17  1.10130e+17
  300.00 -5.87217  5.69827e+20  5.69827e+20  5.69827e+20 -9.54577e+16 -9.54637e+16  9.54662e+16
  300.00 -5.85005  5.68043e+20  5.68043e+20  5.68043e+20 -7.91767e+16 -7.91830e+16  7.91827e+16
  300.00 -5.82793  5.66194e+20  5.66194e+20  5.66194e+20 -6.26974e+16 -6.27036e+16  6.27005e+16
  300.00 -5.80581  5.64278e+20  5.64278e+20  5.64278e+20 -4.73344e+16 -4.73401e+16  4.73342e+16
  300.00 -5.78368  5.62294e+20  5.62294e+20  5.62294e+20 -3.42043e+16 -3.42093e+16  3.42008e+16
  300.00 -5.76156  5.60243e+20  5.60243e+20  5.60243e+20 -2.41584e+16 -2.41623e+16  2.41515e+16
  300.00 -5.73944  5.58126e+20  5.58126e+20  5.58126e+20 -1.77391e+16 -1.77418e+16  1.77290e+16
  300.00 -5.71732  5.55949e+20  5.55949e+20  5.55949e+20 -1.51638e+16 -1.51650e+16  1.51507e+16
  300.00 -5.69520  5.53719e+20  5.53719e+20  5.53719e+20 -1.63319e+16 -1.63315e+16  1.63162e+16
  300.00 -5.67307  5.51444e+20  5.51444e+20  5.51444e+20 -2.08558e+16 -2.08538e+16  2.08380e+16
  300.00 -5.65095  5.49133e+20  5.49133e+20  5.49133e+20 -2.81096e+16 -2.81058e+16  2.80899e+16
  300.00 -5.62883  5.46792e+20  5.46792e+20  5.46792e+20 -3.72915e+16 -3.72859e+16  3.72706e+16
  300.00 -5.60671  5.44425e+20  5.44425e+20  5.44425e+20 -4.74954e+16 -4.74881e+16  4.74738e+16
  300.00 -5.58458  5.42033e+20  5.42033e+20  5.42033e+20 -5.77835e+16 -5.77745e+16  5.77615e+16
  300.00 -5.56246  5.39613e+20  5.39613e+20  5.39613e+20 -6.72551e+16 -6.72446e+16  6.72333e+16
  300.00 -5.54034  5.37162e+20  5.37162e+20  5.37162e+20 -7.51068e+16 -7.50951e+16  7.50856e+16
  300.00 -5.51822  5.34673e+20  5.34673e+20  5.34673e+20 -8.06799e+16 -8.06672e+16  8.06596e+16
  300.00 -5.49610  5.32144e+20  5.32144e+20  5.32144e+20 -8.34928e+16 -8.34795e+16  8.34738e+16
  300.00 -5.47397  5.29573e+20  5.29573e+20  5.29573e+20 -8.32593e+16 -8.32455e+16  8.32418e+16
  300.00 -5.45185  5.26961e+20  5.26961e+20  5.26961e+20 -7.98922e+16 -7.98783e+16  7.98762e+16
  300.00 -5.42973  5.24311e+20  5.24311e+20  5.24311e+20 -7.34952e+16 -7.34814e+16  7.34808e+16
  300.00 -5.40761  5.21630e+20  5.21630e+20  5.21630e+20 -6.43451e+16 -6.43316e+16  6.43323e+16
  300.00 -5.38549  5.18923e+20  5.18923e+20  5.18923e+20 -5.28659e+16 -5.28531e+16  5.28546e+16
  300.00 -5.36336  5.16197e+20  5.16197e+20  5.16197e+20 -3.95982e+16 -3.95861e+16  3.95882e+16
  300.00 -5.34124  5.13458e+20  5.13458e+20  5.13458e+20 -2.51639e+16 -2.51528e+16  2.51550e+16
  300.00 -5.31912  5.10707e+20  5.10707e+20  5.10707e+20 -1.02297e+16 -1.02199e+16  1.02217e+16
  300.00 -5.29700  5.07946e+20  5.07946e+20  5.07946e+20  4.52990e+15  4.53832e+15 -4.53720e+15
  300.00 -5.27487  5.05172e+20  5.05172e+20  5.05172e+20  1.84690e+16  1.84758e+16 -1.84758e+16
  300.00 -5.25275  5.02383e+20  5.02383e+20  5.02383e+20  3.10033e+16  3.10082e+16 -3.10096e+16
  300.00 -5.23063  4.99575e+20  4.99575e+20  4.99575e+20  4.16384e+16  4.16412e+16 -4.16443e+16
  300.00 -5.20851  4.96746e+20  4.96746e+20  4.96746e+20  4.99928e+16  4.99933e+16 -4.99983e+16
  300.00 -5.18639  4.93896e+20  4.93896e+20  4.93896e+20  5.58132e+16  5.58113e+16 -5.58182e+16
  300.00 -5.16426  4.91024e+20  4.91024e+20  4.91024e+20  5.89822e+16  5.89776e+16 -5.89865e+16
  300.00 -5.14214  4.88135e+20  4.88135e+20  4.88135e+20  5.95178e+16  5.95106e+16 -5.95213e+16
  300.00 -5.12002  4.85234e+20  4.85234e+20  4.85234e+20  5.75662e+16  5.75564e+16 -5.75685e+16
  300.00 -5.09790  4.82326e+20  4.82326e+20  4.82326e+20  5.33871e+16  5.33749e+16 -5.33881e+16
  300.00 -5.07578  4.79416e+20  4.79416e+20  4.79416e+20  4.73347e+16  4.73202e+16 -4.73341e+16
  300.00 -5.05365  4.76508e+20  4.76508e+20  4.76508e+20  3.98346e+16  3.98183e+16 -3.98324e+16
  300.00 -5.03153  4.73605e+20  4.73605e+20  4.73605e+20  3.13591e+16  3.13414e+16 -3.13552e+16
  300.00 -5.00941  4.70707e+20  4.70707e+20  4.70707e+20  2.24017e+16  2.23831e+16 -2.23960e+16
  300.00 -4.98729  4.67810e+20  4.67810e+20  4.67810e+20  1.34524e+16  1.34335e+16 -1.34451e+16
  300.00 -4.96517  4.64912e+20  4.64912e+20  4.64912e+20  4.97578e+15  4.95709e+15 -4.96702e+15
  300.00 -4.94304  4.62007e+20  4.62007e+20  4.62007e+20 -2.60924e+15 -2.62708e+15  2.61923e+15
  300.00 -4.92092  4.59090e+20  4.59090e+20  4.59090e+20 -8.94500e+15 -8.96142e+15  8.95592e+15
  300.00 -4.89880  4.56159e+20  4.56159e+20  4.56159e+20 -1.37475e+16 -1.37619e+16  1.37590e+16
  300.00 -4.87668  4.53210e+20  4.53210e+20  4.53210e+20 -1.68142e+16 -1.68263e+16  1.68260e+16
  300.00 -4.85455  4.50245e+20  4.50245e+20  4.50245e+20 -1.80285e+16 -1.80378e+16  1.80401e+16
  300.00 -4.83243  4.47266e+20  4.47266e+20  4.47266e+20 -1.73592e+16 -1.73655e+16  1.73703e+16
  300.00 -4.81031  4.44276e+20  4.44276e+20  4.44276e+20 -1.48576e+16 -1.48608e+16  1.48680e+16
  300.00 -4.78819  4.41280e+20  4.41280e+20  4.41280e+20 -1.06506e+16 -1.06506e+16  1.06600e+16
  300.00 -4.76607  4.38283e+20  4.38283e+20  4.38283e+20 -4.93165e+15 -4.92868e+15  4.93990e+15
  300.00 -4.74394  4.35289e+20  4.35289e+20  4.35289e+20  2.05016e+15  2.05582e+15 -2.04314e+15
  300.00 -4.72182  4.32301e+20  4.32301e+20  4.32301e+20  1.00026e+16  1.00105e+16 -9.99675e+15
  300.00 -4.69970  4.29319e+20  4.29319e+20  4.29319e+20  1.86030e+16  1.86126e+16 -1.85983e+16
  300.00 -4.67758  4.26344e+20  4.26344e+20  4.26344e+20  2.75116e+16  2.75223e+16 -2.75079e+16
  300.00 -4.65546  4.23372e+20  4.23372e+20  4.23372e+20  3.63837e+16  3.63949e+16 -3.63808e+16
  300.00 -4.63333  4.20400e+20  4.20400e+20  4.20400e+20  4.48811e+16  4.48921e+16 -4.48788e+16
  300.00 -4.61121  4.17426e+20  4.17426e+20  4.17426e+20  5.26821e+16  5.26922e+16 -5.26802e+16
  300.00 -4.58909  4.14447e+20  4.14447e+20  4.14447e+20  5.94894e+16  5.94980e+16 -5.94876e+16
  300.00 -4.56697  4.11463e+20  4.11463e+20  4.11463e+20  6.50353e+16  6.50418e+16 -6.50334e+16
  300.00 -4.54484  4.08477e+20  4.08477e+20  4.08477e+20  6.90848e+16  6.90891e+16 -6.90828e+16
  300.00 -4.52272  4.05498e+20  4.05498e+20  4.05498e+20  7.14373e+16  7.14389e+16 -7.14348e+16
  300.00 -4.50060  4.02540e+20  4.02540e+20  4.02540e+20  7.19274e+16  7.19264e+16 -7.19244e+16
  300.00 -4.47848  3.99638e+20  3.99638e+20  3.99638e+20  7.04350e+16  7.04317e+16 -7.04311e+16
  300.00 -4.45636  3.96850e+20  3.96850e+20  3.96850e+20  6.69122e+16  6.69074e+16 -6.69069e+16
  300.00 -4.43423  3.94287e+20  3.94287e+20  3.94287e+20  6.14435e+16  6.14385e+16 -6.14354e+16
  300.00 -4.41211  3.92138e+20  3.92138e+20  3.92138e+20  5.43390e+16  5.43359e+16 -5.43248e+16
  300.00 -4.38999  3.90704e+20  3.90704e+20  3.90704e+20  4.62011e+16  4.62023e+16 -4.61735e+16
  300.00 -4.36787  3.90387e+20  3.90387e+20  3.90387e+20  3.77328e+16  3.77402e+16 -3.76755e+16
  300.00 -4.34575  3.91618e+20  3.91618e+20  3.91619e+20  2.89709e+16  2.89846e+16 -2.88504e+16
  300.00 -4.32362  3.94721e+20  3.94721e+20  3.94721e+20  1.84638e+16  1.84822e+16 -1.82144e+16
  300.00 -4.30150  3.99794e+20  3.99794e+20  3.99794e+20  4.12029e+15  4.14103e+15 -3.61767e+15
  300.00 -4.27938  4.06739e+20  4.06739e+20  4.06739e+20 -1.46354e+16 -1.46138e+16  1.56229e+16
  300.00 -4.25726  4.15362e+20  4.15362e+20  4.15362e+20 -3.63298e+16 -3.63072e+16  3.82258e+16
  300.00 -4.23514  4.25468e+20  4.25468e+20  4.25468e+20 -5.86517e+16 -5.86278e+16  6.22130e+16
  300.00 -4.21301  4.36903e+20  4.36903e+20  4.36903e+20 -7.95288e+16 -7.95051e+16  8.60680e+16
  300.00 -4.19089  4.49558e+20  4.49558e+20  4.49558e+20 -9.74358e+16 -9.74145e+16  1.09157e+17
  300.00 -4.16877  4.63354e+20  4.63354e+20  4.63354e+20 -1.11261e+17 -1.11243e+17  1.31751e+17
  300.00 -4.14665  4.78213e+20  4.78213e+20  4.78213e+20 -1.20253e+17 -1.20239e+17  1.55161e+17
  300.00 -4.12452  4.94055e+20  4.94055e+20  4.94055e+20 -1.23954e+17 -1.23943e+17  1.81891e+17
  300.00 -4.10240  5.10766e+20  5.10767e+20  5.10767e+20 -1.21623e+17 -1.21614e+17  2.15274e+17
  300.00 -4.08028  5.28141e+20  5.28141e+20  5.28141e+20 -1.11249e+17 -1.11241e+17  2.58643e+17
  300.00 -4.05816  5.45830e+20  5.45830e+20  5.45830e+20 -8.87456e+16 -8.87374e+16  3.14563e+17
  300.00 -4.03604  5.63413e+20  5.63413e+20  5.63413e+20 -4.79452e+16 -4.79360e+16  3.84669e+17
  300.00 -4.01391  5.80526e+20  5.80526e+20  5.80526e+20  1.82627e+16  1.82730e+16  4.70357e+17
  300.00 -3.99179  5.96945e+20  5.96945e+20  5.96945e+20  1.16065e+17  1.16074e+17  5.73896e+17
  300.00 -3.96967  6.12562e+20  6.12562e+20  6.12562e+20  2.49296e+17  2.49299e+17  6.98751e+17
  300.00 -3.94755  6.27350e+20  6.27350e+20  6.27350e+20  4.19221e+17  4.19216e+17  8.48454e+17
  300.00 -3.92543  6.41342e+20  6.41342e+20  6.41342e+20  6.24942e+17  6.24928e+17  1.02476e+18
  300.00 -3.90330  6.54603e+20  6.54603e+20  6.54603e+20  8.63439e+17  8.63415e+17  1.22635e+18
  300.00 -3.88118  6.67201e+20  6.67201e+20  6.67201e+20  1.12911e+18  1.12908e+18  1.44839e+18
  300.00 -3.85906  6.79198e+20  6.79198e+20  6.79198e+20  1.41337e+18  1.41333e+18  1.68291e+18
  300.00 -3.83694  6.90656e+20  6.90656e+20  6.90656e+20  1.70483e+18  1.70479e+18  1.91931e+18
  300.00 -3.81481  7.01653e+20  7.01653e+20  7.01653e+20  1.99011e+18  1.99006e+18  2.14530e+18
  300.00 -3.79269  7.12282e+20  7.12282e+20  7.12282e+20  2.25499e+18  2.25494e+18  2.34814e+18
  300.00 -3.77057  7.22645e+20  7.22644e+20  7.22644e+20  2.48573e+18  2.48569e+18  2.51628e+18
  300.00 -3.74845  7.32837e+20  7.32837e+20  7.32837e+20  2.67034e+18  2.67030e+18  2.64081e+18
  300.00 -3.72633  7.42940e+20  7.42940e+20  7.42940e+20  2.79994e+18  2.79991e+18  2.71652e+18
  300.00 -3.70420  7.53016e+20  7.53016e+20  7.53016e+20  2.86979e+18  2.86976e+18  2.74220e+18
  300.00 -3.68208  7.63100e+20  7.63100e+20  7.63100e+20  2.87986e+18  2.87984e+18  2.72037e+18
  300.00 -3.65996  7.73203e+20  7.73203e+20  7.73203e+20  2.83461e+18  2.83459e+18  2.65669e+18
  300.00 -3.63784  7.83310e+20  7.83310e+20  7.83310e+20  2.74212e+18  2.74211e+18  2.55901e+18
  300.00 -3.61572  7.93390e+20  7.93389e+20  7.93389e+20  2.61282e+18  2.61281e+18  2.43639e+18
  300.00 -3.59359  8.03401e+20  8.03401e+20  8.03401e+20  2.45805e+18  2.45805e+18  2.29807e+18
  300.00 -3.57147  8.13313e+20  8.13313e+20  8.13313e+20  2.28884e+18  2.28884e+18  2.15256e+18
  300.00 -3.54935  8.23117e+20  8.23117e+20  8.23117e+20  2.11494e+18  2.11494e+18  2.00691e+18
  300.00 -3.52723  8.32831e+20  8.32831e+20  8.32831e+20  1.94420e+18  1.94421e+18  1.86641e+18
  300.00 -3.50511  8.42491e+20  8.42491e+20  8.42491e+20  1.78235e+18  1.78237e+18  1.73446e+18
  300.00 -3.48298  8.52134e+20  8.52134e+20  8.52134e+20  1.63295e+18  1.63298e+18  1.61287e+18
  300.00 -3.46086  8.61782e+20  8.61782e+20  8.61782e+20  1.49768e+18  1.49772e+18  1.50218e+18
  300.00 -3.43874  8.71426e+20  8.71426e+20  8.71426e+20  1.37667e+18  1.37671e+18  1.40205e+18
  300.00 -3.41662  8.81034e+20  8.81034e+20  8.81034e+20  1.26895e+18  1.26900e+18  1.31169e+18
  300.00 -3.39449  8.90563e+20  8.90563e+20  8.90563e+20  1.17288e+18  1.17294e+18  1.23011e+18
  300.00 -3.37237  8.99978e+20  8.99978e+20  8.99978e+20  1.08647e+18  1.08652e+18  1.15633e+18
  300.00 -3.35025  9.09268e+20  9.09268e+20  9.09268e+20  1.00761e+18  1.00766e+18  1.08957e+18
  300.00 -3.32813  9.18452e+20  9.18452e+20  9.18452e+20  9.34325e+17  9.34376e+17  1.02923e+18
  300.00 -3.30601  9.27563e+20  9.27563e+20  9.27563e+20  8.64939e+17  8.64982e+17  9.74763e+17
  300.00 -3.28388  9.36635e+20  9.36635e+20  9.36635e+20  7.98324e+17  7.98357e+17  9.25519e+17
  300.00 -3.26176  9.45687e+20  9.45687e+20  9.45687e+20  7.34114e+17  7.34134e+17  8.80463e+17
  300.00 -3.23964  9.54707e+20  9.54707e+20  9.54707e+20  6.72817e+17  6.72822e+17  8.38042e+17
  300.00 -3.21752  9.63663e+20  9.63663e+20  9.63663e+20  6.15745e+17  6.15736e+17  7.96205e+17
  300.00 -3.19540  9.72508e+20  9.72508e+20  9.72508e+20  5.64721e+17  5.64697e+17  7.52659e+17
  300.00 -3.17327  9.81198e+20  9.81198e+20  9.81199e+20  5.21601e+17  5.21564e+17  7.05282e+17
  300.00 -3.15115  9.89709e+20  9.89709e+20  9.89709e+20  4.87709e+17  4.87662e+17  6.52606e+17
  300.00 -3.12903  9.98038e+20  9.98038e+20  9.98038e+20  4.63336e+17  4.63282e+17  5.94227e+17
  300.00 -3.10691  1.00620e+21  1.00620e+21  1.00620e+21  4.47434e+17  4.47377e+17  5.31015e+17
  300.00 -3.08478  1.01423e+21  1.01423e+21  1.01423e+21  4.37624e+17  4.37568e+17  4.65039e+17
  300.00 -3.06266  1.02214e+21  1.02214e+21  1.02214e+21  4.30553e+17  4.30501e+17  3.99227e+17
  300.00 -3.04054  1.02991e+21  1.02991e+21  1.02991e+21  4.22517e+17  4.22471e+17  3.36839e+17
  300.00 -3.01842  1.03749e+21  1.03749e+21  1.03749e+21  4.10171e+17  4.10132e+17  2.80907e+17
  300.00 -2.99630  1.04480e+21  1.04480e+21  1.04480e+21  3.91144e+17  3.91111e+17  2.33779e+17
  300.00 -2.97417  1.05180e+21  1.05180e+21  1.05180e+21  3.64396e+17  3.64369e+17  1.96783e+17
  300.00 -2.95205  1.05845e+21  1.05845e+21  1.05845e+21  3.30257e+17  3.30237e+17  1.70051e+17
  300.00 -2.92993  1.06477e+21  1.06477e+21  1.06477e+21  2.90091e+17  2.90079e+17  1.52539e+17
  300.00 -2.90781  1.07082e+21  1.07082e+21  1.07082e+21  2.45649e+17  2.45645e+17  1.42382e+17
  300.00 -2.88569  1.07659e+21  1.07659e+21  1.07659e+21  1.98394e+17  1.98399e+17  1.37520e+17
  300.00 -2.86356  1.08204e+21  1.08204e+21  1.08204e+21  1.49399e+17  1.49412e+17  1.36130e+17
  300.00 -2.84144  1.08703e+21  1.08703e+21  1.08703e+21  1.00239e+17  1.00255e+17  1.36291e+17
  300.00 -2.81932  1.09141e+21  1.09141e+21  1.09141e+21  5.42793e+16  5.42958e+16  1.35156e+17
  300.00 -2.79720  1.09508e+21  1.09508e+21  1.09508e+21  1.64773e+16  1.64906e+16  1.29157e+17
  300.00 -2.77508  1.09797e+21  1.09797e+21  1.09797e+21 -9.26981e+15 -9.26069e+15  1.16179e+17
  300.00 -2.75295  1.10009e+21  1.10009e+21  1.10009e+21 -2.24194e+16 -2.24130e+16  9.71474e+16
  300.00 -2.73083  1.10151e+21  1.10151e+21  1.10151e+21 -2.53336e+16 -2.53274e+16  7.50528e+16
  300.00 -2.70871  1.10231e+21  1.10231e+21  1.10231e+21 -2.24190e+16 -2.24113e+16  5.39658e+16
  300.00 -2.68659  1.10262e+21  1.10262e+21  1.10262e+21 -1.91859e+16 -1.91763e+16  3.83428e+16
  300.00 -2.66446  1.10255e+21  1.10255e+21  1.10255e+21 -1.96655e+16 -1.96541e+16  3.08493e+16
  300.00 -2.64234  1.10220e+21  1.10220e+21  1.10220e+21 -2.44321e+16 -2.44191e+16  3.07377e+16
  300.00 -2.62022  1.10164e+21  1.10164e+21  1.10164e+21 -3.11352e+16 -3.11204e+16  3.45811e+16
  300.00 -2.59810  1.10090e+21  1.10090e+21  1.10090e+21 -3.63613e+16 -3.63446e+16  3.81900e+16
  300.00 -2.57598  1.10000e+21  1.10000e+21  1.10000e+21 -3.75100e+16 -3.74908e+16  3.84513e+16
  300.00 -2.55385  1.09894e+21  1.09894e+21  1.09894e+21 -3.39911e+16 -3.39693e+16  3.44579e+16
  300.00 -2.53173  1.09772e+21  1.09772e+21  1.09772e+21 -2.72156e+16 -2.71913e+16  2.74346e+16
  300.00 -2.50961  1.09633e+21  1.09633e+21  1.09633e+21 -1.95686e+16 -1.95426e+16  1.96615e+16
  300.00 -2.48749  1.09479e+21  1.09479e+21  1.09479e+21 -1.31833e+16 -1.31575e+16  1.32147e+16
  300.00 -2.46537  1.09312e+21  1.09312e+21  1.09312e+21 -9.17571e+15 -9.15269e+15  9.18063e+15
  300.00 -2.44324  1.09129e+21  1.09129e+21  1.09129e+21 -7.53984e+15 -7.52238e+15  7.53750e+15
  300.00 -2.42112  1.08931e+21  1.08931e+21  1.08931e+21 -7.51487e+15 -7.50520e+15  7.51563e+15
  300.00 -2.39900  1.08717e+21  1.08717e+21  1.08717e+21 -8.04621e+15 -8.04539e+15  8.05472e+15
  300.00 -2.37688  1.08489e+21  1.08489e+21  1.08489e+21 -8.08267e+15 -8.09041e+15  8.09976e+15
  300.00 -2.35475  1.08247e+21  1.08247e+21  1.08247e+21 -6.75056e+15 -6.76554e+15  6.77492e+15
  300.00 -2.33263  1.07987e+21  1.07987e+21  1.07987e+21 -3.57763e+15 -3.59817e+15  3.60727e+15
  300.00 -2.31051  1.07708e+21  1.07708e+21  1.07708e+21  1.21110e+15  1.18645e+15 -1.17797e+15
  300.00 -2.28839  1.07408e+21  1.07408e+21  1.07408e+21  6.53080e+15  6.50313e+15 -6.49564e+15
  300.00 -2.26627  1.07090e+21  1.07090e+21  1.07090e+21  1.06479e+16  1.06181e+16 -1.06121e+16
  300.00 -2.24414  1.06759e+21  1.06759e+21  1.06759e+21  1.17888e+16  1.17577e+16 -1.17538e+16
  300.00 -2.22202  1.06420e+21  1.06420e+21  1.06420e+21  8.88043e+15  8.84902e+15 -8.84768e+15
  300.00 -2.19990  1.06074e+21  1.06074e+21  1.06074e+21  2.03619e+15  2.00540e+15 -2.00678e+15
  300.00 -2.17778  1.05718e+21  1.05718e+21  1.05718e+21 -7.45316e+15 -7.48244e+15  7.47886e+15
  300.00 -2.15566  1.05347e+21  1.05347e+21  1.05347e+21 -1.75757e+16 -1.76025e+16  1.75980e+16
  300.00 -2.13353  1.04952e+21  1.04952e+21  1.04952e+21 -2.62545e+16 -2.62777e+16  2.62740e+16
  300.00 -2.11141  1.04533e+21  1.04533e+21  1.04533e+21 -3.19497e+16 -3.19678e+16  3.19670e+16
  300.00 -2.08929  1.04089e+21  1.04089e+21  1.04089e+21 -3.40625e+16 -3.40735e+16  3.40777e+16
  300.00 -2.06717  1.03623e+21  1.03623e+21  1.03623e+21 -3.30893e+16 -3.30911e+16  3.31021e+16
  300.00 -2.04505  1.03138e+21  1.03138e+21  1.03138e+21 -3.05175e+16 -3.05079e+16  3.05271e+16
  300.00 -2.02292  1.02639e+21  1.02639e+21  1.02639e+21 -2.84776e+16 -2.84549e+16  2.84831e+16
  300.00 -2.00080  1.02125e+21  1.02125e+21  1.02125e+21 -2.92093e+16 -2.91727e+16  2.92102e+16
  300.00 -1.97868  1.01596e+21  1.01596e+21  1.01596e+21 -3.44384e+16 -3.43878e+16  3.44341e+16
  300.00 -1.95656  1.01047e+21  1.01047e+21  1.01047e+21 -4.47960e+16 -4.47319e+16  4.47863e+16
  300.00 -1.93443  1.00475e+21  1.00475e+21  1.00475e+21 -5.94412e+16 -5.93647e+16  5.94256e+16
  300.00 -1.91231  9.98786e+20  9.98786e+20  9.98786e+20 -7.60446e+16 -7.59574e+16  7.60232e+16
  300.00 -1.89019  9.92553e+20  9.92553e+20  9.92553e+20 -9.12181e+16 -9.11225e+16  9.11917e+16
  300.00 -1.86807  9.86048e+20  9.86048e+20  9.86048e+20 -1.01318e+17 -1.01218e+17  1.01289e+17
  300.00 -1.84595  9.79275e+20  9.79275e+20  9.79275e+20 -1.03390e+17 -1.03290e+17  1.03364e+17
  300.00 -1.82382  9.72234e+20  9.72234e+20  9.72234e+20 -9.59491e+16 -9.58568e+16  9.59340e+16
  300.00 -1.80170  9.64920e+20  9.64920e+20  9.64920e+20 -7.93616e+16 -7.92859e+16  7.93694e+16
  300.00 -1.77958  9.57317e+20  9.57317e+20  9.57316e+20 -5.57459e+16 -5.56973e+16  5.57911e+16
  300.00 -1.75746  9.49409e+20  9.49409e+20  9.49409e+20 -2.84726e+16 -2.84624e+16  2.85714e+16
  300.00 -1.73534  9.41192e+20  9.41192e+20  9.41192e+20 -1.42292e+15 -1.46211e+15  1.59136e+15
  300.00 -1.71321  9.32674e+20  9.32674e+20  9.32674e+20  2.18261e+16  2.17284e+16 -2.15749e+16
  300.00 -1.69109  9.23870e+20  9.23870e+20  9.23870e+20  3.87460e+16  3.85837e+16 -3.84039e+16
  300.00 -1.66897  9.14790e+20  9.14790e+20  9.14790e+20  4.83991e+16  4.81702e+16 -4.79648e+16
  300.00 -1.64685  9.05418e+20  9.05418e+20  9.05418e+20  5.16454e+16  5.13532e+16 -5.11255e+16
  300.00 -1.62472  8.95711e+20  8.95711e+20  8.95711e+20  5.09037e+16  5.05564e+16 -5.03118e+16
  300.00 -1.60260  8.85612e+20  8.85611e+20  8.85612e+20  4.94366e+16  4.90470e+16 -4.87917e+16
  300.00 -1.58048  8.75070e+20  8.75070e+20  8.75070e+20  5.03008e+16  4.98846e+16 -4.96235e+16
  300.00 -1.55836  8.64061e+20  8.64060e+20  8.64061e+20  5.52904e+16  5.48637e+16 -5.45986e+16
  300.00 -1.53624  8.52588e+20  8.52587e+20  8.52588e+20  6.42980e+16  6.38748e+16 -6.36017e+16
  300.00 -1.51411  8.40667e+20  8.40666e+20  8.40666e+20  7.54097e+16  7.49997e+16 -7.47051e+16
  300.00 -1.49199  8.28304e+20  8.28304e+20  8.28304e+20  8.57346e+16  8.53408e+16 -8.49962e+16
  300.00 -1.46987  8.15488e+20  8.15488e+20  8.15488e+20  9.26067e+16  9.22254e+16 -9.17723e+16
  300.00 -1.44775  8.02194e+20  8.02194e+20  8.02194e+20  9.46168e+16  9.42390e+16 -9.35550e+16
  300.00 -1.42563  7.88410e+20  7.88409e+20  7.88409e+20  9.20504e+16  9.16643e+16 -9.04845e+16
  300.00 -1.40350  7.74136e+20  7.74136e+20  7.74136e+20  8.66294e+16  8.62238e+16 -8.39660e+16
  300.00 -1.38138  7.59384e+20  7.59383e+20  7.59383e+20  8.07874e+16  8.03549e+16 -7.57428e+16
  300.00 -1.35926  7.44144e+20  7.44144e+20  7.44144e+20  7.68946e+16  7.64329e+16 -6.67137e+16
  300.00 -1.33714  7.28385e+20  7.28384e+20  7.28384e+20  7.69190e+16  7.64310e+16 -5.58103e+16
  300.00 -1.31502  7.12062e+20  7.12061e+20  7.12061e+20  8.29876e+16  8.24807e+16 -3.91541e+16
  300.00 -1.29289  6.95147e+20  6.95146e+20  6.95146e+20  9.90774e+16  9.85615e+16 -9.52651e+15
  300.00 -1.27077  6.77635e+20  6.77634e+20  6.77634e+20  1.33365e+17  1.32851e+17  4.39461e+16
  300.00 -1.24865  6.59539e+20  6.59538e+20  6.59538e+20  1.99462e+17  1.98956e+17  1.35422e+17
  300.00 -1.22653  6.40890e+20  6.40888e+20  6.40888e+20  3.13147e+17  3.12646e+17  2.78997e+17
  300.00 -1.20440  6.21763e+20  6.21762e+20  6.21761e+20  4.81810e+17  4.81308e+17  4.79462e+17
  300.00 -1.18228  6.02314e+20  6.02312e+20  6.02312e+20  6.92471e+17  6.91959e+17  7.21575e+17
  300.00 -1.16016  5.82769e+20  5.82766e+20  5.82766e+20  9.14892e+17  9.14375e+17  9.73178e+17
  300.00 -1.13804  5.63372e+20  5.63369e+20  5.63369e+20  1.12149e+18  1.12099e+18  1.20474e+18
  300.00 -1.11592  5.44324e+20  5.44322e+20  5.44322e+20  1.30054e+18  1.30008e+18  1.40299e+18
  300.00 -1.09379  5.25751e+20  5.25750e+20  5.25750e+20  1.45275e+18  1.45236e+18  1.56791e+18
  300.00 -1.07167  5.07711e+20  5.07711e+20  5.07711e+20  1.58326e+18  1.58295e+18  1.70442e+18
  300.00 -1.04955  4.90213e+20  4.90214e+20  4.90214e+20  1.69724e+18  1.69701e+18  1.81778e+18
  300.00 -1.02743  4.73241e+20  4.73243e+20  4.73243e+20  1.79849e+18  1.79833e+18  1.91241e+18
  300.00 -1.00531  4.56769e+20  4.56772e+20  4.56772e+20  1.88940e+18  1.88930e+18  1.99184e+18
  300.00 -0.98318  4.40770e+20  4.40773e+20  4.40773e+20  1.97140e+18  1.97133e+18  2.05905e+18
  300.00 -0.96106  4.25213e+20  4.25215e+20  4.25216e+20  2.04513e+18  2.04509e+18  2.11678e+18
  300.00 -0.93894  4.10065e+20  4.10067e+20  4.10067e+20  2.11038e+18  2.11034e+18  2.16713e+18
  300.00 -0.91682  3.95296e+20  3.95297e+20  3.95297e+20  2.16656e+18  2.16652e+18  2.21167e+18
  300.00 -0.89469  3.80876e+20  3.80875e+20  3.80875e+20  2.21378e+18  2.21375e+18  2.25177e+18
  300.00 -0.87257  3.66776e+20  3.66772e+20  3.66772e+20  2.25274e+18  2.25271e+18  2.28800e+18
  300.00 -0.85045  3.52976e+20  3.52968e+20  3.52969e+20  2.28402e+18  2.28401e+18  2.31946e+18
  300.00 -0.82833  3.39466e+20  3.39454e+20  3.39454e+20  2.30843e+18  2.30844e+18  2.34478e+18
  300.00 -0.80621  3.26239e+20  3.26221e+20  3.26222e+20  2.32740e+18  2.32745e+18  2.36364e+18
  300.00 -0.78408  3.13282e+20  3.13259e+20  3.13260e+20  2.34202e+18  2.34216e+18  2.37631e+18
  300.00 -0.76196  3.00586e+20  3.00556e+20  3.00556e+20  2.35182e+18  2.35210e+18  2.38235e+18
  300.00 -0.73984  2.88142e+20  2.88105e+20  2.88106e+20  2.35544e+18  2.35597e+18  2.38079e+18
  300.00 -0.71772  2.75950e+20  2.75908e+20  2.75909e+20  2.35266e+18  2.35362e+18  2.37203e+18
  300.00 -0.69560  2.64008e+20  2.63962e+20  2.63963e+20  2.34480e+18  2.34648e+18  2.35830e+18
  300.00 -0.67347  2.52306e+20  2.52258e+20  2.52261e+20  2.33290e+18  2.33571e+18  2.34198e+18
  300.00 -0.65135  2.40835e+20  2.40787e+20  2.40791e+20  2.31642e+18  2.32085e+18  2.32416e+18
  300.00 -0.62923  2.29591e+20  2.29544e+20  2.29550e+20  2.29457e+18  2.30114e+18  2.30527e+18
  300.00 -0.60711  2.18573e+20  2.18527e+20  2.18536e+20  2.26881e+18  2.27791e+18  2.28665e+18
  300.00 -0.58498  2.07780e+20  2.07735e+20  2.07747e+20  2.24315e+18  2.25492e+18  2.27007e+18
  300.00 -0.56286  1.97205e+20  1.97159e+20  1.97173e+20  2.22180e+18  2.23592e+18  2.25539e+18
  300.00 -0.54074  1.86838e+20  1.86790e+20  1.86806e+20  2.20674e+18  2.22246e+18  2.23915e+18
  300.00 -0.51862  1.76677e+20  1.76627e+20  1.76643e+20  2.19792e+18  2.21413e+18  2.21673e+18
  300.00 -0.49650  1.66729e+20  1.66676e+20  1.66692e+20  2.19524e+18  2.21070e+18  2.18627e+18
  300.00 -0.47437  1.57000e+20  1.56945e+20  1.56959e+20  2.19917e+18  2.21281e+18  2.15025e+18
  300.00 -0.45225  1.47491e+20  1.47433e+20  1.47445e+20  2.20901e+18  2.22012e+18  2.11312e+18
  300.00 -0.43013  1.38194e+20  1.38134e+20  1.38142e+20  2.22081e+18  2.22911e+18  2.07734e+18
  300.00 -0.40801  1.29102e+20  1.29040e+20  1.29046e+20  2.22799e+18  2.23356e+18  2.04200e+18
  300.00 -0.38589  1.20216e+20  1.20154e+20  1.20158e+20  2.22461e+18  2.22775e+18  2.00468e+18
  300.00 -0.36376  1.11536e+20  1.11479e+20  1.11480e+20  2.20810e+18  2.20910e+18  1.96395e+18
  300.00 -0.34164  1.03062e+20  1.03016e+20  1.03015e+20  2.17874e+18  2.17772e+18  1.91924e+18
  300.00 -0.31952  9.47907e+19  9.47677e+19  9.47649e+19  2.13668e+18  2.13355e+18  1.86874e+18
  300.00 -0.29740  8.67349e+19  8.67464e+19  8.67411e+19  2.08031e+18  2.07481e+18  1.80891e+18
  300.00 -0.27528  7.89212e+19  7.89781e+19  7.89700e+19  2.00814e+18  1.99993e+18  1.73719e+18
  300.00 -0.25315  7.13807e+19  7.14902e+19  7.14790e+19  1.92200e+18  1.91085e+18  1.65557e+18
  300.00 -0.23103  6.41334e+19  6.42957e+19  6.42816e+19  1.82775e+18  1.81374e+18  1.57055e+18
  300.00 -0.20891  5.71846e+19  5.73912e+19  5.73747e+19  1.73216e+18  1.71579e+18  1.48899e+18
  300.00 -0.18679  5.05311e+19  5.07651e+19  5.07471e+19  1.63927e+18  1.62144e+18  1.41417e+18
  300.00 -0.16466  4.41660e+19  4.44048e+19  4.43865e+19  1.54999e+18  1.53189e+18  1.34575e+18
  300.00 -0.14254  3.80808e+19  3.83011e+19  3.82839e+19  1.46409e+18  1.44699e+18  1.28245e+18
  300.00 -0.12042  3.22792e+19  3.24621e+19  3.24470e+19  1.38068e+18  1.36561e+18  1.22248e+18
  300.00 -0.09830  2.67944e+19  2.69296e+19  2.69173e+19  1.29605e+18  1.28366e+18  1.16105e+18
  300.00 -0.07618  2.16894e+19  2.17764e+19  2.17670e+19  1.20266e+18  1.19314e+18  1.08921e+18
  300.00 -0.05405  1.70422e+19  1.70884e+19  1.70817e+19  1.09133e+18  1.08448e+18  9.96739e+17
  300.00 -0.03193  1.29367e+19  1.29535e+19  1.29491e+19  9.55156e+17  9.50531e+17  8.76705e+17
  300.00 -0.00981  9.45230e+18  9.45150e+18  9.44874e+18  7.94394e+17  7.91453e+17  7.30324e+17
  300.00  0.01231  6.63926e+18  6.62997e+18  6.62835e+18  6.20500e+17  6.18731e+17  5.69932e+17
  300.00  0.03443  4.49159e+18  4.47982e+18  4.47892e+18  4.53145e+17  4.52134e+17  4.15056e+17
  300.00  0.05656  2.94034e+18  2.92939e+18  2.92893e+18  3.10370e+17  3.09816e+17  2.83072e+17
  300.00  0.07868  1.87399e+18  1.86529e+18  1.86506e+18  2.00994e+17  2.00700e+17  1.82385e+17
  300.00  0.10080  1.17040e+18  1.16420e+18  1.16409e+18  1.24295e+17  1.24143e+17  1.12232e+17
  300.00  0.12292  7.20781e+17  7.16716e+17  7.16666e+17  7.40884e+16  7.40112e+16  6.66472e+16
  300.00  0.14505  4.40079e+17  4.37592e+17  4.37569e+17  4.28842e+16  4.28447e+16  3.85067e+16
  300.00  0.16717  2.67532e+17  2.66097e+17  2.66087e+17  2.42296e+16  2.42091e+16  2.17634e+16
  300.00  0.18929  1.62418e+17  1.61631e+17  1.61627e+17  1.34086e+16  1.33977e+16  1.20683e+16
  300.00  0.21141  9.86540e+16  9.82412e+16  9.82396e+16  7.28660e+15  7.28050e+15  6.57419e+15
  300.00  0.23353  6.00429e+16  5.98345e+16  5.98340e+16  3.90005e+15  3.89654e+15  3.51927e+15
  300.00  0.25566  3.67402e+16  3.66384e+16  3.66383e+16  2.06845e+15  2.06635e+15  1.85147e+15
  300.00  0.27778  2.28691e+16  2.28207e+16  2.28208e+16  1.10431e+15  1.10302e+15  9.58888e+14
  300.00  0.29990  1.50319e+16  1.50093e+16  1.50094e+16  6.18767e+14  6.17947e+14  4.94720e+14
  300.00  0.32202  1.14670e+16  1.14563e+16  1.14565e+16  3.97954e+14  3.97415e+14  2.70585e+14
  300.00  0.34414  1.16875e+16  1.16822e+16  1.16823e+16  3.26596e+14  3.26216e+14  1.96010e+14
  300.00  0.36627  1.65515e+16  1.65486e+16  1.65486e+16  3.39712e+14  3.39406e+14  2.50427e+14
  300.00  0.38839  2.88409e+16  2.88391e+16  2.88389e+16  3.88303e+14  3.87995e+14  4.81332e+14
  300.00  0.41051  5.45767e+16  5.45761e+16  5.45756e+16  4.08416e+14  4.08024e+14  1.02784e+15
  300.00  0.43263  1.05468e+17  1.05470e+17  1.05469e+17  2.87942e+14  2.87359e+14  2.17077e+15
  300.00  0.45475  2.03014e+17  2.03023e+17  2.03021e+17 -1.64416e+14 -1.65335e+14  4.40488e+15
  300.00  0.47688  3.84684e+17  3.84708e+17  3.84704e+17 -1.22528e+15 -1.22671e+15  8.51251e+15
  300.00  0.49900  7.11923e+17  7.11975e+17  7.11969e+17 -3.19773e+15 -3.19983e+15  1.55993e+16
  300.00  0.52112  1.27800e+18  1.27810e+18  1.27809e+18 -6.26435e+15 -6.26713e+15  2.70632e+16
  300.00  0.54324  2.21106e+18  2.21124e+18  2.21123e+18 -1.03176e+16 -1.03207e+16  4.45434e+16
  300.00  0.56537  3.66547e+18  3.66576e+18  3.66574e+18 -1.49464e+16 -1.49487e+16  6.99935e+16
  300.00  0.58749  5.79654e+18  5.79699e+18  5.79697e+18 -1.96661e+16 -1.96661e+16  1.05909e+17
  300.00  0.60961  8.72466e+18  8.72528e+18  8.72526e+18 -2.39226e+16 -2.39193e+16  1.55175e+17
  300.00  0.63173  1.25107e+19  1.25115e+19  1.25115e+19 -2.62119e+16 -2.62050e+16  2.19806e+17
  300.00  0.65385  1.71619e+19  1.71628e+19  1.71627e+19 -2.34713e+16 -2.34616e+16  2.99722e+17
  300.00  0.67598  2.26595e+19  2.26604e+19  2.26604e+19 -1.19623e+16 -1.19507e+16  3.92822e+17
  300.00  0.69810  2.89843e+19  2.89851e+19  2.89850e+19  1.19932e+16  1.20056e+16  4.94863e+17
  300.00  0.72022  3.61210e+19  3.61215e+19  3.61215e+19  5.14523e+16  5.14649e+16  5.99342e+17
  300.00  0.74234  4.40543e+19  4.40543e+19  4.40543e+19  1.06754e+17  1.06765e+17  6.99364e+17
  300.00  0.76446  5.27705e+19  5.27699e+19  5.27699e+19  1.73250e+17  1.73258e+17  7.90330e+17
  300.00  0.78659  6.22577e+19  6.22565e+19  6.22565e+19  2.42312e+17  2.42318e+17  8.70075e+17
  300.00  0.80871  7.24943e+19  7.24926e+19  7.24926e+19  3.05536e+17  3.05539e+17  9.36369e+17
  300.00  0.83083  8.34357e+19  8.34338e+19  8.34338e+19  3.57810e+17  3.57813e+17  9.85754e+17
  300.00  0.85295  9.50145e+19  9.50127e+19  9.50127e+19  3.97248e+17  3.97256e+17  1.01523e+18
  300.00  0.87508  1.07155e+20  1.07154e+20  1.07154e+20  4.24012e+17  4.24026e+17  1.02431e+18
  300.00  0.89720  1.19792e+20  1.19790e+20  1.19790e+20  4.39963e+17  4.39984e+17  1.01527e+18
  300.00  0.91932  1.32878e+20  1.32877e+20  1.32877e+20  4.48989e+17  4.49016e+17  9.91755e+17
  300.00  0.94144  1.46393e+20  1.46393e+20  1.46393e+20  4.56577e+17  4.56606e+17  9.57472e+17
  300.00  0.96356  1.60336e+20  1.60337e+20  1.60337e+20  4.68172e+17  4.68203e+17  9.15966e+17
  300.00  0.98569  1.74721e+20  1.74722e+20  1.74722e+20  4.87188e+17  4.87218e+17  8.71021e+17
  300.00  1.00781  1.89568e+20  1.89569e+20  1.89569e+20  5.13765e+17  5.13794e+17  8.26953e+17
  300.00  1.02993  2.04895e+20  2.04896e+20  2.04896e+20  5.44903e+17  5.44929e+17  7.88275e+17
  300.00  1.05205  2.20709e+20  2.20710e+20  2.20710e+20  5.75641e+17  5.75665e+17  7.58942e+17
  300.00  1.07417  2.37005e+20  2.37006e+20  2.37006e+20  6.00616e+17  6.00635e+17  7.41626e+17
  300.00  1.09630  2.53760e+20  2.53761e+20  2.53761e+20  6.15513e+17  6.15527e+17  7.37200e+17
  300.00  1.11842  2.70940e+20  2.70941e+20  2.70941e+20  6.18180e+17  6.18189e+17  7.44461e+17
  300.00  1.14054  2.88504e+20  2.88505e+20  2.88505e+20  6.09120e+17  6.09124e+17  7.60223e+17
  300.00  1.16266  3.06414e+20  3.06414e+20  3.06414e+20  5.91223e+17  5.91225e+17  7.79891e+17
  300.00  1.18478  3.24642e+20  3.24642e+20  3.24642e+20  5.68883e+17  5.68885e+17  7.98401e+17
  300.00  1.20691  3.43176e+20  3.43176e+20  3.43176e+20  5.46889e+17  5.46895e+17  8.11202e+17
  300.00  1.22903  3.62012e+20  3.62012e+20  3.62012e+20  5.29512e+17  5.29527e+17  8.14942e+17
  300.00  1.25115  3.81161e+20  3.81161e+20  3.81161e+20  5.19973e+17  5.19998e+17  8.07746e+17
  300.00  1.27327  4.00641e+20  4.00641e+20  4.00641e+20  5.20228e+17  5.20267e+17  7.89163e+17
  300.00  1.29540  4.20486e+20  4.20486e+20  4.20486e+20  5.30932e+17  5.30985e+17  7.60003e+17
  300.00  1.31752  4.40748e+20  4.40748e+20  4.40748e+20  5.51465e+17  5.51534e+17  7.22133e+17
  300.00  1.33964  4.61494e+20  4.61494e+20  4.61494e+20  5.80070e+17  5.80156e+17  6.78241e+17
  300.00  1.36176  4.82807e+20  4.82807e+20  4.82807e+20  6.14133e+17  6.14233e+17  6.31506e+17
  300.00  1.38388  5.04773e+20  5.04773e+20  5.04773e+20  6.50590e+17  6.50703e+17  5.85179e+17
  300.00  1.40601  5.27478e+20  5.27478e+20  5.27478e+20  6.86378e+17  6.86499e+17  5.42177e+17
  300.00  1.42813  5.50988e+20  5.50988e+20  5.50988e+20  7.18765e+17  7.18891e+17  5.04808e+17
  300.00  1.45025  5.75340e+20  5.75340e+20  5.75340e+20  7.45554e+17  7.45678e+17  4.74662e+17
  300.00  1.47237  6.00527e+20  6.00527e+20  6.00527e+20  7.65360e+17  7.65477e+17  4.52412e+17
  300.00  1.49449  6.26501e+20  6.26501e+20  6.26501e+20  7.77877e+17  7.77984e+17  4.37640e+17
  300.00  1.51662  6.53186e+20  6.53186e+20  6.53186e+20  7.83627e+17  7.83722e+17  4.29166e+17
  300.00  1.53874  6.80494e+20  6.80494e+20  6.80494e+20  7.83390e+17  7.83470e+17  4.25679e+17
  300.00  1.56086  7.08342e+20  7.08342e+20  7.08342e+20  7.77876e+17  7.77941e+17  4.26098e+17
  300.00  1.58298  7.36660e+20  7.36660e+20  7.36660e+20  7.67975e+17  7.68023e+17  4.29353e+17
  300.00  1.60511  7.65397e+20  7.65397e+20  7.65397e+20  7.55356e+17  7.55385e+17  4.33774e+17
  300.00  1.62723  7.94523e+20  7.94523e+20  7.94523e+20  7.42400e+17  7.42410e+17  4.37147e+17
  300.00  1.64935  8.24023e+20  8.24023e+20  8.24023e+20  7.31216e+17  7.31204e+17  4.37663e+17
  300.00  1.67147  8.53894e+20  8.53894e+20  8.53894e+20  7.22869e+17  7.22835e+17  4.34648e+17
  300.00  1.69359  8.84140e+20  8.84140e+20  8.84140e+20  7.17496e+17  7.17439e+17  4.28408e+17
  300.00  1.71572  9.14763e+20  9.14763e+20  9.14763e+20  7.14817e+17  7.14741e+17  4.19665e+17
  300.00  1.73784  9.45762e+20  9.45762e+20  9.45762e+20  7.14451e+17  7.14361e+17  4.09212e+17
  300.00  1.75996  9.77126e+20  9.77126e+20  9.77126e+20  7.15882e+17  7.15784e+17  3.97904e+17
  300.00  1.78208  1.00884e+21  1.00884e+21  1.00884e+21  7.18285e+17  7.18187e+17  3.86817e+17
  300.00  1.80420  1.04087e+21  1.04087e+21  1.04087e+21  7.20500e+17  7.20409e+17  3.77254e+17
  300.00  1.82633  1.07319e+21  1.07319e+21  1.07319e+21  7.21324e+17  7.21247e+17  3.70452e+17
  300.00  1.84845  1.10577e+21  1.10577e+21  1.10577e+21  7.19997e+17  7.19937e+17  3.67099e+17
  300.00  1.87057  1.13856e+21  1.13856e+21  1.13856e+21  7.16552e+17  7.16511e+17  3.67000e+17
  300.00  1.89269  1.17154e+21  1.17154e+21  1.17154e+21  7.11745e+17  7.11722e+17  3.69168e+17
  300.00  1.91481  1.20467e+21  1.20467e+21  1.20467e+21  7.06624e+17  7.06617e+17  3.72273e+17
  300.00  1.93694  1.23793e+21  1.23793e+21  1.23793e+21  7.02033e+17  7.02041e+17  3.75169e+17
  300.00  1.95906  1.27128e+21  1.27128e+21  1.27128e+21  6.98229e+17  6.98248e+17  3.77303e+17
  300.00  1.98118  1.30470e+21  1.30470e+21  1.30470e+21  6.94570e+17  6.94597e+17  3.79046e+17
  300.00  2.00330  1.33811e+21  1.33811e+21  1.33811e+21  6.89286e+17  6.89317e+17  3.81944e+17
  300.00  2.02543  1.37146e+21  1.37146e+21  1.37146e+21  6.79548e+17  6.79580e+17  3.88668e+17
  300.00  2.04755  1.40465e+21  1.40465e+21  1.40465e+21  6.62077e+17  6.62108e+17  4.02406e+17
  300.00  2.06967  1.43760e+21  1.43760e+21  1.43760e+21  6.34239e+17  6.34267e+17  4.25781e+17
  300.00  2.09179  1.47020e+21  1.47020e+21  1.47020e+21  5.95093e+17  5.95120e+17  4.59795e+17
  300.00  2.11391  1.50234e+21  1.50234e+21  1.50234e+21  5.45865e+17  5.45893e+17  5.03353e+17
  300.00  2.13604  1.53384e+21  1.53384e+21  1.53384e+21  4.89783e+17  4.89816e+17  5.53420e+17
  300.00  2.15816  1.56437e+21  1.56437e+21  1.56437e+21  4.31063e+17  4.31103e+17  6.06027e+17
  300.00  2.18028  1.59350e+21  1.59350e+21  1.59350e+21  3.71906e+17  3.71957e+17  6.59265e+17
  300.00  2.20240  1.62086e+21  1.62086e+21  1.62086e+21  3.09796e+17  3.09856e+17  7.15995e+17
  300.00  2.22452  1.64619e+21  1.64619e+21  1.64619e+21  2.40162e+17  2.40231e+17  7.81187e+17
  300.00  2.24665  1.66944e+21  1.66944e+21  1.66944e+21  1.61733e+17  1.61807e+17  8.56603e+17
  300.00  2.26877  1.69065e+21  1.69065e+21  1.69065e+21  7.81748e+16  7.82491e+16  9.39210e+17
  300.00  2.29089  1.70998e+21  1.70998e+21  1.70998e+21 -3.55786e+15 -3.48828e+15  1.02293e+18
  300.00  2.31301  1.72760e+21  1.72760e+21  1.72760e+21 -7.48533e+16 -7.47927e+16  1.10042e+18
  300.00  2.33514  1.74363e+21  1.74363e+21  1.74363e+21 -1.26938e+17 -1.26889e+17  1.16481e+18
  300.00  2.35726  1.75816e+21  1.75816e+21  1.75816e+21 -1.53043e+17 -1.53009e+17  1.21220e+18
  300.00  2.37938  1.77120e+21  1.77119e+21  1.77119e+21 -1.49753e+17 -1.49737e+17  1.24347e+18
  300.00  2.40150  1.78272e+21  1.78272e+21  1.78272e+21 -1.15929e+17 -1.15934e+17  1.26354e+18
  300.00  2.42362  1.79268e+21  1.79268e+21  1.79268e+21 -5.07426e+16 -5.07749e+16  1.27960e+18
  300.00  2.44575  1.80101e+21  1.80100e+21  1.80100e+21  4.67079e+16  4.66418e+16  1.30008e+18
  300.00  2.46787  1.80766e+21  1.80765e+21  1.80765e+21  1.76591e+17  1.76487e+17  1.33349e+18
  300.00  2.48999  1.81265e+21  1.81264e+21  1.81264e+21  3.37706e+17  3.37576e+17  1.38561e+18
  300.00  2.51211  1.81608e+21  1.81607e+21  1.81607e+21  5.26487e+17  5.26384e+17  1.45634e+18
  300.00  2.53423  1.81813e+21  1.81812e+21  1.81812e+21  7.35183e+17  7.35208e+17  1.53898e+18
  300.00  2.55636  1.81903e+21  1.81902e+21  1.81902e+21  9.50809e+17  9.51043e+17  1.62301e+18
  300.00  2.57848  1.81903e+21  1.81902e+21  1.81902e+21  1.15691e+18  1.15729e+18  1.69957e+18
  300.00  2.60060  1.81836e+21  1.81837e+21  1.81837e+21  1.33881e+18  1.33917e+18  1.76675e+18
  300.00  2.62272  1.81725e+21  1.81726e+21  1.81726e+21  1.48923e+18  1.48948e+18  1.82956e+18
  300.00  2.64484  1.81586e+21  1.81586e+21  1.81586e+21  1.60863e+18  1.60884e+18  1.89447e+18
  300.00  2.66697  1.81433e+21  1.81434e+21  1.81434e+21  1.70149e+18  1.70176e+18  1.96433e+18
  300.00  2.68909  1.81281e+21  1.81282e+21  1.81282e+21  1.77389e+18  1.77426e+18  2.03795e+18
  300.00  2.71121  1.81143e+21  1.81144e+21  1.81144e+21  1.83282e+18  1.83330e+18  2.11275e+18
  300.00  2.73333  1.81030e+21  1.81031e+21  1.81031e+21  1.88410e+18  1.88464e+18  2.18663e+18
  300.00  2.75546  1.80949e+21  1.80950e+21  1.80950e+21  1.92921e+18  1.92978e+18  2.25961e+18
  300.00  2.77758  1.80905e+21  1.80906e+21  1.80906e+21  1.96420e+18  1.96478e+18  2.33443e+18
  300.00  2.79970  1.80904e+21  1.80905e+21  1.80905e+21  1.98295e+18  1.98354e+18  2.41416e+18
  300.00  2.82182  1.80961e+21  1.80962e+21  1.80962e+21  1.98332e+18  1.98391e+18  2.49969e+18
  300.00  2.84394  1.81095e+21  1.81096e+21  1.81096e+21  1.96959e+18  1.97016e+18  2.59071e+18
  300.00  2.86607  1.81329e+21  1.81329e+21  1.81329e+21  1.94888e+18  1.94940e+18  2.68704e+18
  300.00  2.88819  1.81681e+21  1.81681e+21  1.81681e+21  1.92715e+18  1.92758e+18  2.78813e+18
  300.00  2.91031  1.82167e+21  1.82167e+21  1.82167e+21  1.90829e+18  1.90863e+18  2.89213e+18
  300.00  2.93243  1.82807e+21  1.82806e+21  1.82806e+21  1.89475e+18  1.89502e+18  2.99520e+18
  300.00  2.95455  1.83624e+21  1.83623e+21  1.83623e+21  1.88865e+18  1.88887e+18  3.09067e+18
  300.00  2.97668  1.84655e+21  1.84654e+21  1.84654e+21  1.89360e+18  1.89379e+18  3.17070e+18
  300.00  2.99880  1.85947e+21  1.85947e+21  1.85947e+21  1.91480e+18  1.91496e+18  3.23101e+18
  300.00  3.02092  1.87554e+21  1.87553e+21  1.87553e+21  1.95762e+18  1.95776e+18  3.27212e+18
  300.00  3.04304  1.89525e+21  1.89525e+21  1.89525e+21  2.02736e+18  2.02747e+18  3.29472e+18
  300.00  3.06517  1.91905e+21  1.91904e+21  1.91904e+21  2.12794e+18  2.12804e+18  3.29738e+18
  300.00  3.08729  1.94722e+21  1.94721e+21  1.94721e+21  2.25686e+18  2.25693e+18  3.28106e+18
  300.00  3.10941  1.97993e+21  1.97992e+21  1.97992e+21  2.39927e+18  2.39933e+18  3.25567e+18
  300.00  3.13153  2.01718e+21  2.01717e+21  2.01717e+21  2.53127e+18  2.53132e+18  3.23996e+18
  300.00  3.15365  2.05879e+21  2.05878e+21  2.05878e+21  2.63668e+18  2.63672e+18  3.25010e+18
  300.00  3.17578  2.10438e+21  2.10438e+21  2.10438e+21  2.72206e+18  2.72209e+18  3.28796e+18
  300.00  3.19790  2.15330e+21  2.15330e+21  2.15330e+21  2.81146e+18  2.81148e+18  3.34430e+18
  300.00  3.22002  2.20442e+21  2.20442e+21  2.20442e+21  2.92765e+18  2.92768e+18  3.41367e+18
  300.00  3.24214  2.25606e+21  2.25606e+21  2.25606e+21  3.08139e+18  3.08142e+18  3.50548e+18
  300.00  3.26426  2.30615e+21  2.30615e+21  2.30615e+21  3.27513e+18  3.27516e+18  3.64516e+18
  300.00  3.28639  2.35275e+21  2.35275e+21  2.35275e+21  3.51332e+18  3.51336e+18  3.86757e+18
  300.00  3.30851  2.39457e+21  2.39457e+21  2.39457e+21  3.80984e+18  3.80989e+18  4.20115e+18
  300.00  3.33063  2.43125e+21  2.43126e+21  2.43126e+21  4.17926e+18  4.17932e+18  4.64852e+18
  300.00  3.35275  2.46326e+21  2.46327e+21  2.46327e+21  4.61544e+18  4.61551e+18  5.17646e+18
  300.00  3.37487  2.49144e+21  2.49144e+21  2.49144e+21  5.08535e+18  5.08543e+18  5.72441e+18
  300.00  3.39700  2.51667e+21  2.51667e+21  2.51667e+21  5.54238e+18  5.54246e+18  6.22539e+18
  300.00  3.41912  2.53970e+21  2.53970e+21  2.53970e+21  5.93477e+18  5.93485e+18  6.61989e+18
  300.00  3.44124  2.56110e+21  2.56110e+21  2.56110e+21  6.20558e+18  6.20566e+18  6.86006e+18
  300.00  3.46336  2.58131e+21  2.58131e+21  2.58131e+21  6.29917e+18  6.29925e+18  6.91221e+18
  300.00  3.48549  2.60063e+21  2.60063e+21  2.60063e+21  6.17732e+18  6.17743e+18  6.75872e+18
  300.00  3.50761  2.61923e+21  2.61923e+21  2.61923e+21  5.83272e+18  5.83287e+18  6.40153e+18
  300.00  3.52973  2.63716e+21  2.63716e+21  2.63716e+21  5.29000e+18  5.29021e+18  5.86771e+18
  300.00  3.55185  2.65439e+21  2.65439e+21  2.65439e+21  4.59791e+18  4.59820e+18  5.20953e+18
  300.00  3.57397  2.67079e+21  2.67079e+21  2.67079e+21  3.81922e+18  3.81959e+18  4.49452e+18
  300.00  3.59610  2.68625e+21  2.68625e+21  2.68625e+21  3.02017e+18  3.02065e+18  3.79013e+18
  300.00  3.61822  2.70068e+21  2.70068e+21  2.70068e+21  2.26016e+18  2.26076e+18  3.15043e+18
  300.00  3.64034  2.71401e+21  2.71402e+21  2.71402e+21  1.58296e+18  1.58371e+18  2.60963e+18
  300.00  3.66246  2.72625e+21  2.72625e+21  2.72625e+21  1.01214e+18  1.01303e+18  2.18218e+18
  300.00  3.68458  2.73734e+21  2.73734e+21  2.73734e+21  5.52094e+17  5.53127e+17  1.86660e+18
  300.00  3.70671  2.74720e+21  2.74720e+21  2.74720e+21  1.93197e+17  1.94343e+17  1.65074e+18
  300.00  3.72883  2.75570e+21  2.75570e+21  2.75571e+21 -8.16820e+16 -8.04604e+16  1.51678e+18
  300.00  3.75095  2.76264e+21  2.76264e+21  2.76264e+21 -2.90554e+17 -2.89294e+17  1.44441e+18
  300.00  3.77307  2.76772e+21  2.76772e+21  2.76772e+21 -4.48176e+17 -4.46914e+17  1.41317e+18
  300.00  3.79520  2.77063e+21  2.77063e+21  2.77063e+21 -5.65974e+17 -5.64740e+17  1.40566e+18
  300.00  3.81732  2.77109e+21  2.77109e+21  2.77109e+21 -6.53769e+17 -6.52593e+17  1.40999e+18
  300.00  3.83944  2.76901e+21  2.76901e+21  2.76901e+21 -7.20805e+17 -7.19712e+17  1.42014e+18
  300.00  3.86156  2.76459e+21  2.76459e+21  2.76459e+21 -7.75768e+17 -7.74778e+17  1.43471e+18
  300.00  3.88368  2.75825e+21  2.75825e+21  2.75825e+21 -8.25357e+17 -8.24487e+17  1.45418e+18
  300.00  3.90581  2.75061e+21  2.75061e+21  2.75061e+21 -8.71556e+17 -8.70817e+17  1.47706e+18
  300.00  3.92793  2.74230e+21  2.74230e+21  2.74230e+21 -9.11224e+17 -9.10620e+17  1.49869e+18
  300.00  3.95005  2.73388e+21  2.73388e+21  2.73388e+21 -9.39716e+17 -9.39244e+17  1.51435e+18
  300.00  3.97217  2.72585e+21  2.72585e+21  2.72585e+21 -9.54210e+17 -9.53861e+17  1.52216e+18
  300.00  3.99429  2.71863e+21  2.71863e+21  2.71863e+21 -9.53864e+17 -9.53626e+17  1.52302e+18
  300.00  4.01642  2.71258e+21  2.71258e+21  2.71258e+21 -9.38625e+17 -9.38483e+17  1.51916e+18
  300.00  4.03854  2.70797e+21  2.70797e+21  2.70797e+21 -9.08671e+17 -9.08609e+17  1.51319e+18
  300.00  4.06066  2.70495e+21  2.70495e+21  2.70495e+21 -8.64590e+17 -8.64592e+17  1.50790e+18
  300.00  4.08278  2.70359e+21  2.70359e+21  2.70359e+21 -8.07740e+17 -8.07790e+17  1.50611e+18
  300.00  4.10490  2.70386e+21  2.70386e+21  2.70386e+21 -7.40435e+17 -7.40520e+17  1.51030e+18
  300.00  4.12703  2.70573e+21  2.70573e+21  2.70573e+21 -6.65900e+17 -6.66007e+17  1.52203e+18
  300.00  4.14915  2.70910e+21  2.70910e+21  2.70910e+21 -5.88123e+17 -5.88242e+17  1.54150e+18
  300.00  4.17127  2.71391e+21  2.71391e+21  2.71391e+21 -5.11735e+17 -5.11860e+17  1.56736e+18
  300.00  4.19339  2.72007e+21  2.72007e+21  2.72007e+21 -4.41958e+17 -4.42082e+17  1.59700e+18
  300.00  4.21552  2.72753e+21  2.72754e+21  2.72754e+21 -3.84492e+17 -3.84612e+17  1.62718e+18
  300.00  4.23764  2.73623e+21  2.73623e+21  2.73623e+21 -3.45131e+17 -3.45246e+17  1.65475e+18
  300.00  4.25976  2.74609e+21  2.74609e+21  2.74609e+21 -3.28996e+17 -3.29105e+17  1.67703e+18
  300.00  4.28188  2.75706e+21  2.75706e+21  2.75706e+21 -3.39588e+17 -3.39692e+17  1.69210e+18
  300.00  4.30400  2.76907e+21  2.76907e+21  2.76907e+21 -3.78071e+17 -3.78172e+17  1.69892e+18
  300.00  4.32613  2.78206e+21  2.78206e+21  2.78206e+21 -4.43020e+17 -4.43121e+17  1.69742e+18
  300.00  4.34825  2.79598e+21  2.79598e+21  2.79598e+21 -5.30547e+17 -5.30653e+17  1.68848e+18
  300.00  4.37037  2.81078e+21  2.81078e+21  2.81078e+21 -6.34613e+17 -6.34726e+17  1.67349e+18
  300.00  4.39249  2.82641e+21  2.82641e+21  2.82641e+21 -7.47552e+17 -7.47675e+17  1.65379e+18
  300.00  4.41461  2.84281e+21  2.84281e+21  2.84281e+21 -8.60972e+17 -8.61106e+17  1.63039e+18
  300.00  4.43674  2.85986e+21  2.85986e+21  2.85986e+21 -9.66908e+17 -9.67051e+17  1.60402e+18
  300.00  4.45886  2.87742e+21  2.87742e+21  2.87742e+21 -1.05881e+18 -1.05896e+18  1.57527e+18
  300.00  4.48098  2.89524e+21  2.89524e+21  2.89524e+21 -1.13251e+18 -1.13266e+18  1.54518e+18
  300.00  4.50310  2.91303e+21  2.91303e+21  2.91303e+21 -1.18790e+18 -1.18804e+18  1.51686e+18
  300.00  4.52523  2.93045e+21  2.93045e+21  2.93045e+21 -1.22989e+18 -1.23001e+18  1.49680e+18
  300.00  4.54735  2.94720e+21  2.94720e+21  2.94720e+21 -1.26601e+18 -1.26612e+18  1.49288e+18
  300.00  4.56947  2.96303e+21  2.96303e+21  2.96303e+21 -1.30214e+18 -1.30225e+18  1.51065e+18
  300.00  4.59159  2.97778e+21  2.97778e+21  2.97778e+21 -1.34055e+18 -1.34065e+18  1.55182e+18
  300.00  4.61371  2.99136e+21  2.99136e+21  2.99136e+21 -1.38060e+18 -1.38069e+18  1.61524e+18
  300.00  4.63584  3.00380e+21  3.00380e+21  3.00380e+21 -1.42003e+18 -1.42012e+18  1.69828e+18
  300.00  4.65796  3.01515e+21  3.01515e+21  3.01516e+21 -1.45573e+18 -1.45581e+18  1.79746e+18
  300.00  4.68008  3.02555e+21  3.02555e+21  3.02556e+21 -1.48406e+18 -1.48414e+18  1.90855e+18
  300.00  4.70220  3.03513e+21  3.03513e+21  3.03513e+21 -1.50145e+18 -1.50153e+18  2.02684e+18
  300.00  4.72432  3.04404e+21  3.04404e+21  3.04404e+21 -1.50506e+18 -1.50514e+18  2.14738e+18
  300.00  4.74645  3.05242e+21  3.05242e+21  3.05242e+21 -1.49318e+18 -1.49326e+18  2.26517e+18
  300.00  4.76857  3.06044e+21  3.06044e+21  3.06044e+21 -1.46507e+18 -1.46515e+18  2.37485e+18
  300.00  4.79069  3.06826e+21  3.06826e+21  3.06826e+21 -1.42026e+18 -1.42034e+18  2.47003e+18
  300.00  4.81281  3.07606e+21  3.07606e+21  3.07606e+21 -1.35791e+18 -1.35800e+18  2.54299e+18
  300.00  4.83493  3.08402e+21  3.08402e+21  3.08402e+21 -1.27692e+18 -1.27700e+18  2.58528e+18
  300.00  4.85706  3.09227e+21  3.09227e+21  3.09227e+21 -1.17665e+18 -1.17674e+18  2.58909e+18
  300.00  4.87918  3.10094e+21  3.10094e+21  3.10094e+21 -1.05787e+18 -1.05797e+18  2.54892e+18
  300.00  4.90130  3.11006e+21  3.11006e+21  3.11006e+21 -9.23071e+17 -9.23165e+17  2.46260e+18
  300.00  4.92342  3.11963e+21  3.11963e+21  3.11963e+21 -7.76011e+17 -7.76104e+17  2.33135e+18
  300.00  4.94555  3.12963e+21  3.12963e+21  3.12963e+21 -6.20713e+17 -6.20803e+17  2.15910e+18
  300.00  4.96767  3.13997e+21  3.13997e+21  3.13997e+21 -4.60403e+17 -4.60489e+17  1.95139e+18
  300.00  4.98979  3.15059e+21  3.15059e+21  3.15059e+21 -2.96876e+17 -2.96957e+17  1.71451e+18
  300.00  5.01191  3.16141e+21  3.16141e+21  3.16141e+21 -1.30470e+17 -1.30547e+17  1.45487e+18
  300.00  5.03403  3.17235e+21  3.17235e+21  3.17235e+21  3.94451e+16  3.93715e+16  1.17885e+18
  300.00  5.05616  3.18334e+21  3.18334e+21  3.18334e+21  2.13726e+17  2.13654e+17  8.92793e+17
  300.00  5.07828  3.19434e+21  3.19434e+21  3.19434e+21  3.92813e+17  3.92740e+17  6.02927e+17
  300.00  5.10040  3.20528e+21  3.20528e+21  3.20528e+21  5.76429e+17  5.76353e+17  3.15164e+17
  300.00  5.12252  3.21613e+21  3.21613e+21  3.21613e+21  7.63705e+17  7.63624e+17  3.46131e+16
  300.00  5.14464  3.22688e+21  3.22688e+21  3.22688e+21  9.53581e+17  9.53494e+17 -2.34953e+17
  300.00  5.16677  3.23749e+21  3.23749e+21  3.23749e+21  1.14525e+18  1.14516e+18 -4.91487e+17
  300.00  5.18889  3.24795e+21  3.24795e+21  3.24795e+21  1.33842e+18  1.33832e+18 -7.34705e+17
  300.00  5.21101  3.25822e+21  3.25822e+21  3.25822e+21  1.53321e+18  1.53311e+18 -9.65735e+17
  300.00  5.23313  3.26827e+21  3.26828e+21  3.26828e+21  1.72988e+18  1.72977e+18 -1.18647e+18
  300.00  5.25526  3.27805e+21  3.27805e+21  3.27805e+21  1.92833e+18  1.92822e+18 -1.39877e+18
  300.00  5.27738  3.28747e+21  3.28747e+21  3.28747e+21  2.12766e+18  2.12755e+18 -1.60384e+18
  300.00  5.29950  3.29646e+21  3.29646e+21  3.29646e+21  2.32594e+18  2.32583e+18 -1.80168e+18
  300.00  5.32162  3.30493e+21  3.30493e+21  3.30493e+21  2.52014e+18  2.52004e+18 -1.99101e+18
  300.00  5.34374  3.31280e+21  3.31280e+21  3.31280e+21  2.70642e+18  2.70633e+18 -2.16945e+18
  300.00  5.36587  3.32003e+21  3.32003e+21  3.32003e+21  2.88064e+18  2.88055e+18 -2.33398e+18
  300.00  5.38799  3.32658e+21  3.32658e+21  3.32658e+21  3.03895e+18  3.03887e+18 -2.48166e+18
  300.00  5.41011  3.33249e+21  3.33249e+21  3.33249e+21  3.17849e+18  3.17841e+18 -2.61022e+18
  300.00  5.43223  3.33782e+21  3.33782e+21  3.33782e+21  3.29779e+18  3.29773e+18 -2.71864e+18
  300.00  5.45435  3.34268e+21  3.34268e+21  3.34268e+21  3.39717e+18  3.39710e+18 -2.80749e+18
  300.00  5.47648  3.34719e+21  3.34719e+21  3.34719e+21  3.47884e+18  3.47878e+18 -2.87915e+18
  300.00  5.49860  3.35148e+21  3.35149e+21  3.35149e+21  3.54687e+18  3.54682e+18 -2.93775e+18
  300.00  5.52072  3.35567e+21  3.35567e+21  3.35567e+21  3.60642e+18  3.60638e+18 -2.98845e+18
  300.00  5.54284  3.35983e+21  3.35983e+21  3.35983e+21  3.66217e+18  3.66213e+18 -3.03588e+18
  300.00  5.56496  3.36400e+21  3.36400e+21  3.36400e+21  3.71647e+18  3.71644e+18 -3.08235e+18
  300.00  5.58709  3.36821e+21  3.36821e+21  3.36821e+21  3.76809e+18  3.76806e+18 -3.12651e+18
  300.00  5.60921  3.37244e+21  3.37244e+21  3.37244e+21  3.81254e+18  3.81252e+18 -3.16382e+18
  300.00  5.63133  3.37669e+21  3.37669e+21  3.37669e+21  3.84531e+18  3.84530e+18 -3.18964e+18
  300.00  5.65345  3.38094e+21  3.38094e+21  3.38094e+21  3.86526e+18  3.86525e+18 -3.20274e+18
  300.00  5.67558  3.38513e+21  3.38513e+21  3.38513e+21  3.87472e+18  3.87472e+18 -3.20538e+18
  300.00  5.69770  3.38918e+21  3.38918e+21  3.38918e+21  3.87719e+18  3.87720e+18 -3.20096e+18
  300.00  5.71982  3.39300e+21  3.39300e+21  3.39300e+21  3.87592e+18  3.87593e+18 -3.19266e+18
  300.00  5.74194  3.39649e+21  3.39649e+21  3.39649e+21  3.87374e+18  3.87376e+18 -3.18327e+18
  300.00  5.76406  3.39958e+21  3.39958e+21  3.39958e+21  3.87310e+18  3.87313e+18 -3.17518e+18
  300.00  5.78619  3.40222e+21  3.40222e+21  3.40222e+21  3.87584e+18  3.87588e+18 -3.17022e+18
  300.00  5.80831  3.40441e+21  3.40441e+21  3.40441e+21  3.88301e+18  3.88305e+18 -3.16941e+18
  300.00  5.83043  3.40617e+21  3.40617e+21  3.40617e+21  3.89470e+18  3.89474e+18 -3.17287e+18
  300.00  5.85255  3.40755e+21  3.40755e+21  3.40756e+21  3.91009e+18  3.91013e+18 -3.17979e+18
  300.00  5.87467  3.40864e+21  3.40864e+21  3.40864e+21  3.92762e+18  3.92767e+18 -3.18865e+18
  300.00  5.89680  3.40951e+21  3.40951e+21  3.40951e+21  3.94540e+18  3.94545e+18 -3.19760e+18
  300.00  5.91892  3.41028e+21  3.41028e+21  3.41028e+21  3.96160e+18  3.96164e+18 -3.20487e+18
  300.00  5.94104  3.41106e+21  3.41106e+21  3.41106e+21  3.97479e+18  3.97483e+18 -3.20912e+18
  300.00  5.96316  3.41197e+21  3.41197e+21  3.41197e+21  3.98434e+18  3.98437e+18 -3.20976e+18
  300.00  5.98529  3.41315e+21  3.41315e+21  3.41315e+21  3.99065e+18  3.99068e+18 -3.20730e+18
  300.00  6.00741  3.41475e+21  3.41475e+21  3.41475e+21  3.99573e+18  3.99575e+18 -3.20379e+18
  300.00  6.02953  3.41692e+21  3.41692e+21  3.41692e+21  4.00343e+18  4.00345e+18 -3.20316e+18
  300.00  6.05165  3.41981e+21  3.41981e+21  3.41981e+21  4.01913e+18  4.01914e+18 -3.21085e+18
  300.00  6.07377  3.42355e+21  3.42355e+21  3.42355e+21  4.04759e+18  4.04760e+18 -3.23168e+18
  300.00  6.09590  3.42822e+21  3.42822e+21  3.42822e+21  4.08998e+18  4.08999e+18 -3.26682e+18
  300.00  6.11802  3.43379e+21  3.43379e+21  3.43379e+21  4.14319e+18  4.14319e+18 -3.31319e+18
  300.00  6.14014  3.44019e+21  3.44019e+21  3.44019e+21  4.20328e+18  4.20328e+18 -3.36682e+18
  300.00  6.16226  3.44727e+21  3.44727e+21  3.44727e+21  4.26921e+18  4.26920e+18 -3.42663e+18
  300.00  6.18438  3.45491e+21  3.45491e+21  3.45491e+21  4.34346e+18  4.34344e+18 -3.49502e+18
  300.00  6.20651  3.46298e+21  3.46298e+21  3.46298e+21  4.43041e+18  4.43037e+18 -3.57625e+18
  300.00  6.22863  3.47137e+21  3.47137e+21  3.47137e+21  4.53360e+18  4.53355e+18 -3.67372e+18
  300.00  6.25075  3.48000e+21  3.48000e+21  3.48000e+21  4.65377e+18  4.65371e+18 -3.78791e+18
  300.00  6.27287  3.48881e+21  3.48881e+21  3.48881e+21  4.78861e+18  4.78854e+18 -3.91624e+18
  300.00  6.29499  3.49781e+21  3.49781e+21  3.49781e+21  4.93417e+18  4.93409e+18 -4.05436e+18
  300.00  6.31712  3.50700e+21  3.50700e+21  3.50700e+21  5.08614e+18  5.08606e+18 -4.19746e+18
  300.00  6.33924  3.51642e+21  3.51642e+21  3.51642e+21  5.24047e+18  5.24039e+18 -4.34085e+18
  300.00  6.36136  3.52610e+21  3.52610e+21  3.52610e+21  5.39334e+18  5.39326e+18 -4.47987e+18
  300.00  6.38348  3.53609e+21  3.53608e+21  3.53609e+21  5.54103e+18  5.54097e+18 -4.60977e+18
  300.00  6.40561  3.54640e+21  3.54640e+21  3.54640e+21  5.67920e+18  5.67915e+18 -4.72484e+18
  300.00  6.42773  3.55708e+21  3.55708e+21  3.55708e+21  5.80129e+18  5.80125e+18 -4.81684e+18
  300.00  6.44985  3.56813e+21  3.56813e+21  3.56813e+21  5.89836e+18  5.89834e+18 -4.87469e+18
  300.00  6.47197  3.57958e+21  3.57958e+21  3.57958e+21  5.96280e+18  5.96280e+18 -4.88811e+18
  300.00  6.49409  3.59140e+21  3.59140e+21  3.59140e+21  5.99268e+18  5.99270e+18 -4.85185e+18
  300.00  6.51622  3.60352e+21  3.60352e+21  3.60352e+21  5.99184e+18  5.99188e+18 -4.76569e+18
  300.00  6.53834  3.61577e+21  3.61576e+21  3.61576e+21  5.96671e+18  5.96678e+18 -4.63118e+18
  300.00  6.56046  3.62791e+21  3.62790e+21  3.62790e+21  5.92421e+18  5.92430e+18 -4.44935e+18
  300.00  6.58258  3.63972e+21  3.63972e+21  3.63972e+21  5.87180e+18  5.87192e+18 -4.22084e+18
  300.00  6.60470  3.65108e+21  3.65107e+21  3.65107e+21  5.81856e+18  5.81869e+18 -3.94681e+18
  300.00  6.62683  3.66191e+21  3.66190e+21  3.66190e+21  5.77570e+18  5.77586e+18 -3.62964e+18
  300.00  6.64895  3.67227e+21  3.67225e+21  3.67225e+21  5.75585e+18  5.75602e+18 -3.27221e+18
  300.00  6.67107  3.68221e+21  3.68220e+21  3.68220e+21  5.77122e+18  5.77140e+18 -2.87639e+18
  300.00  6.69319  3.69178e+21  3.69176e+21  3.69176e+21  5.83226e+18  5.83245e+18 -2.44197e+18
  300.00  6.71532  3.70097e+21  3.70095e+21  3.70095e+21  5.94774e+18  5.94794e+18 -1.96727e+18
  300.00  6.73744  3.70976e+21  3.70974e+21  3.70974e+21  6.12585e+18  6.12605e+18 -1.45074e+18
  300.00  6.75956  3.71814e+21  3.71812e+21  3.71812e+21  6.37469e+18  6.37490e+18 -8.92223e+17
  300.00  6.78168  3.72616e+21  3.72613e+21  3.72613e+21  6.70120e+18  6.70140e+18 -2.92575e+17
  300.00  6.80380  3.73386e+21  3.73383e+21  3.73383e+21  7.10864e+18  7.10884e+18  3.48009e+17
  300.00  6.82593  3.74132e+21  3.74129e+21  3.74129e+21  7.59426e+18  7.59445e+18  1.03160e+18
  300.00  6.84805  3.74857e+21  3.74853e+21  3.74853e+21  8.14822e+18  8.14842e+18  1.76289e+18
  300.00  6.87017  3.75559e+21  3.75555e+21  3.75555e+21  8.75441e+18  8.75460e+18  2.54791e+18
  300.00  6.89229  3.76235e+21  3.76231e+21  3.76231e+21  9.39264e+18  9.39282e+18  3.39144e+18
  300.00  6.91441  3.76881e+21  3.76877e+21  3.76877e+21  1.00415e+19  1.00417e+19  4.29415e+18
  300.00  6.93654  3.77493e+21  3.77489e+21  3.77489e+21  1.06806e+19  1.06807e+19  5.25071e+18
  300.00  6.95866  3.78068e+21  3.78064e+21  3.78064e+21  1.12914e+19  1.12916e+19  6.24946e+18
  300.00  6.98078  3.78605e+21  3.78601e+21  3.78601e+21  1.18570e+19  1.18572e+19  7.27390e+18
  300.00  7.00290  3.79103e+21  3.79100e+21  3.79100e+21  1.23612e+19  1.23613e+19  8.30504e+18
  300.00  7.02503  3.79562e+21  3.79560e+21  3.79560e+21  1.27876e+19  1.27877e+19  9.32357e+18
  300.00  7.04715  3.79980e+21  3.79979e+21  3.79979e+21  1.31206e+19  1.31208e+19  1.03112e+19
  300.00  7.06927  3.80357e+21  3.80356e+21  3.80356e+21  1.33466e+19  1.33468e+19  1.12516e+19
  300.00  7.09139  3.80692e+21  3.80692e+21  3.80692e+21  1.34548e+19  1.34550e+19  1.21302e+19
  300.00  7.11351  3.80988e+21  3.80989e+21  3.80989e+21  1.34382e+19  1.34384e+19  1.29352e+19
  300.00  7.13564  3.81250e+21  3.81252e+21  3.81252e+21  1.32943e+19  1.32945e+19  1.36579e+19
  300.00  7.15776  3.81484e+21  3.81487e+21  3.81487e+21  1.30246e+19  1.30247e+19  1.42927e+19
  300.00  7.17988  3.81702e+21  3.81704e+21  3.81704e+21  1.26344e+19  1.26345e+19  1.48379e+19
  300.00  7.20200  3.81912e+21  3.81915e+21  3.81915e+21  1.21329e+19  1.21330e+19  1.52953e+19
  300.00  7.22412  3.82126e+21  3.82129e+21  3.82129e+21  1.15327e+19  1.15327e+19  1.56702e+19
  300.00  7.24625  3.82356e+21  3.82358e+21  3.82357e+21  1.08490e+19  1.08489e+19  1.59713e+19
  300.00  7.26837  3.82609e+21  3.82610e+21  3.82610e+21  1.00990e+19  1.00989e+19  1.62099e+19
  300.00  7.29049  3.82893e+21  3.82893e+21  3.82893e+21  9.30041e+18  9.30022e+18  1.63986e+19
  300.00  7.31261  3.83213e+21  3.83213e+21  3.83213e+21  8.46910e+18  8.46881e+18  1.65509e+19
  300.00  7.33473  3.83574e+21  3.83573e+21  3.83573e+21  7.61713e+18  7.61671e+18  1.66793e+19
  300.00  7.35686  3.83977e+21  3.83975e+21  3.83975e+21  6.75098e+18  6.75043e+18  1.67955e+19
  300.00  7.37898  3.84422e+21  3.84419e+21  3.84419e+21  5.87127e+18  5.87056e+18  1.69111e+19
  300.00  7.40110  3.84908e+21  3.84904e+21  3.84904e+21  4.97366e+18  4.97277e+18  1.70391e+19
  300.00  7.42322  3.85433e+21  3.85430e+21  3.85429e+21  4.05079e+18  4.04970e+18  1.71951e+19
  300.00  7.44535  3.85995e+21  3.85991e+21  3.85991e+21  3.09390e+18  3.09259e+18  1.73981e+19
  300.00  7.46747  3.86587e+21  3.86583e+21  3.86582e+21  2.09305e+18  2.09150e+18  1.76698e+19
  300.00  7.48959  3.87202e+21  3.87197e+21  3.87197e+21  1.03533e+18  1.03353e+18  1.80341e+19
  300.00  7.51171  3.87828e+21  3.87823e+21  3.87822e+21 -9.73387e+16 -9.93939e+16  1.85151e+19
  300.00  7.53383  3.88450e+21  3.88444e+21  3.88444e+21 -1.32575e+18 -1.32805e+18  1.91330e+19
  300.00  7.55596  3.89051e+21  3.89045e+21  3.89045e+21 -2.66329e+18 -2.66583e+18  1.98961e+19
  300.00  7.57808  3.89615e+21  3.89610e+21  3.89610e+21 -4.10523e+18 -4.10797e+18  2.07937e+19
  300.00  7.60020  3.90129e+21  3.90125e+21  3.90124e+21 -5.62699e+18 -5.62989e+18  2.17967e+19
  300.00  7.62232  3.90579e+21  3.90576e+21  3.90575e+21 -7.18952e+18 -7.19254e+18  2.28593e+19
  300.00  7.64444  3.90951e+21  3.90949e+21  3.90949e+21 -8.74156e+18 -8.74462e+18  2.39175e+19
  300.00  7.66657  3.91231e+21  3.91231e+21  3.91230e+21 -1.02165e+19 -1.02196e+19  2.48880e+19
  300.00  7.68869  3.91407e+21  3.91407e+21  3.91407e+21 -1.15314e+19 -1.15343e+19  2.56750e+19
  300.00  7.71081  3.91470e+21  3.91471e+21  3.91470e+21 -1.25929e+19 -1.25957e+19  2.61863e+19
  300.00  7.73293  3.91415e+21  3.91417e+21  3.91416e+21 -1.33109e+19 -1.33134e+19  2.63465e+19
  300.00  7.75506  3.91241e+21  3.91243e+21  3.91243e+21 -1.36106e+19 -1.36128e+19  2.61031e+19
  300.00  7.77718  3.90950e+21  3.90952e+21  3.90952e+21 -1.34431e+19 -1.34449e+19  2.54297e+19
  300.00  7.79930  3.90549e+21  3.90551e+21  3.90551e+21 -1.28004e+19 -1.28018e+19  2.43358e+19
  300.00  7.82142  3.90051e+21  3.90054e+21  3.90053e+21 -1.17335e+19 -1.17345e+19  2.28812e+19
  300.00  7.84354  3.89478e+21  3.89481e+21  3.89481e+21 -1.03460e+19 -1.03467e+19  2.11704e+19
  300.00  7.86567  3.88854e+21  3.88857e+21  3.88857e+21 -8.76001e+18 -8.76046e+18  1.93199e+19
  300.00  7.88779  3.88205e+21  3.88209e+21  3.88208e+21 -7.09176e+18 -7.09205e+18  1.74371e+19
  300.00  7.90991  3.87556e+21  3.87560e+21  3.87560e+21 -5.45014e+18 -5.45037e+18  1.56215e+19
  300.00  7.93203  3.86931e+21  3.86936e+21  3.86935e+21 -3.92668e+18 -3.92697e+18  1.39565e+19
  300.00  7.95415  3.86347e+21  3.86353e+21  3.86353e+21 -2.57424e+18 -2.57468e+18  1.24885e+19
  300.00  7.97628  3.85817e+21  3.85823e+21  3.85823e+21 -1.40214e+18 -1.40284e+18  1.12226e+19
  300.00  7.99840  3.85345e+21  3.85352e+21  3.85352e+21 -3.94341e+17 -3.95378e+17  1.01402e+19
  300.00  8.02052  3.84929e+21  3.84938e+21  3.84938e+21  4.65659e+17  4.64234e+17  9.22253e+18
  300.00  8.04264  3.84564e+21  3.84576e+21  3.84575e+21  1.18022e+18  1.17838e+18  8.46392e+18
  300.00  8.06476  3.84247e+21  3.84260e+21  3.84260e+21  1.74068e+18  1.73844e+18  7.86791e+18
  300.00  8.08689  3.83976e+21  3.83991e+21  3.83990e+21  2.14285e+18  2.14023e+18  7.43225e+18
  300.00  8.10901  3.83756e+21  3.83770e+21  3.83770e+21  2.40054e+18  2.39760e+18  7.13780e+18
  300.00  8.13113  3.83590e+21  3.83604e+21  3.83604e+21  2.54733e+18  2.54414e+18  6.94933e+18
  300.00  8.15325  3.83485e+21  3.83497e+21  3.83497e+21  2.62753e+18  2.62417e+18  6.82497e+18
  300.00  8.17538  3.83443e+21  3.83454e+21  3.83453e+21  2.68248e+18  2.67903e+18  6.72780e+18
  300.00  8.19750  3.83469e+21  3.83478e+21  3.83478e+21  2.73862e+18  2.73517e+18  6.63497e+18
  300.00  8.21962  3.83567e+21  3.83575e+21  3.83575e+21  2.80536e+18  2.80197e+18  6.53836e+18
  300.00  8.24174  3.83739e+21  3.83747e+21  3.83747e+21  2.88306e+18  2.87979e+18  6.43676e+18
  300.00  8.26386  3.83984e+21  3.83992e+21  3.83991e+21  2.97180e+18  2.96871e+18  6.32830e+18
  300.00  8.28599  3.84298e+21  3.84306e+21  3.84305e+21  3.07458e+18  3.07172e+18  6.20814e+18
  300.00  8.30811  3.84674e+21  3.84682e+21  3.84682e+21  3.19627e+18  3.19366e+18  6.06997e+18
  300.00  8.33023  3.85108e+21  3.85116e+21  3.85115e+21  3.34148e+18  3.33915e+18  5.90812e+18
  300.00  8.35235  3.85593e+21  3.85601e+21  3.85601e+21  3.51289e+18  3.51086e+18  5.71921e+18
  300.00  8.37447  3.86124e+21  3.86133e+21  3.86133e+21  3.70993e+18  3.70820e+18  5.50337e+18
  300.00  8.39660  3.86697e+21  3.86707e+21  3.86706e+21  3.92772e+18  3.92629e+18  5.26529e+18
  300.00  8.41872  3.87306e+21  3.87316e+21  3.87315e+21  4.15623e+18  4.15508e+18  5.01505e+18
  300.00  8.44084  3.87944e+21  3.87956e+21  3.87955e+21  4.37999e+18  4.37912e+18  4.76828e+18
  300.00  8.46296  3.88606e+21  3.88619e+21  3.88618e+21  4.57884e+18  4.57823e+18  4.54518e+18
  300.00  8.48509  3.89284e+21  3.89298e+21  3.89297e+21  4.73008e+18  4.72972e+18  4.36793e+18
  300.00  8.50721  3.89971e+21  3.89986e+21  3.89985e+21  4.81168e+18  4.81155e+18  4.25712e+18
  300.00  8.52933  3.90660e+21  3.90677e+21  3.90676e+21  4.80551e+18  4.80558e+18  4.22868e+18
  300.00  8.55145  3.91346e+21  3.91364e+21  3.91363e+21  4.69912e+18  4.69938e+18  4.29290e+18
  300.00  8.57357  3.92025e+21  3.92043e+21  3.92042e+21  4.48583e+18  4.48626e+18  4.45546e+18
  300.00  8.59570  3.92694e+21  3.92711e+21  3.92710e+21  4.16385e+18  4.16441e+18  4.71886e+18
  300.00  8.61782  3.93347e+21  3.93363e+21  3.93362e+21  3.73605e+18  3.73672e+18  5.08225e+18
  300.00  8.63994  3.93980e+21  3.93995e+21  3.93994e+21  3.21110e+18  3.21185e+18  5.53921e+18
  300.00  8.66206  3.94585e+21  3.94599e+21  3.94598e+21  2.60525e+18  2.60605e+18  6.07507e+18
  300.00  8.68418  3.95155e+21  3.95168e+21  3.95167e+21  1.94290e+18  1.94370e+18  6.66605e+18
  300.00  8.70631  3.95683e+21  3.95696e+21  3.95695e+21  1.25447e+18  1.25525e+18  7.28167e+18
  300.00  8.72843  3.96166e+21  3.96178e+21  3.96177e+21  5.71718e+17  5.72448e+17  7.88989e+18
  300.00  8.75055  3.96607e+21  3.96618e+21  3.96618e+21 -7.78898e+16 -7.72384e+16  8.46300e+18
  300.00  8.77267  3.97014e+21  3.97024e+21  3.97023e+21 -6.75464e+17 -6.74913e+17  8.98204e+18
  300.00  8.79479  3.97397e+21  3.97406e+21  3.97406e+21 -1.21257e+18 -1.21214e+18  9.43863e+18
  300.00  8.81692  3.97769e+21  3.97777e+21  3.97777e+21 -1.69089e+18 -1.69057e+18  9.83461e+18
  300.00  8.83904  3.98140e+21  3.98146e+21  3.98146e+21 -2.12025e+18 -2.12006e+18  1.01800e+19
  300.00  8.86116  3.98518e+21  3.98522e+21  3.98522e+21 -2.51556e+18 -2.51548e+18  1.04900e+19
  300.00  8.88328  3.98908e+21  3.98911e+21  3.98911e+21 -2.89284e+18 -2.89286e+18  1.07808e+19
  300.00  8.90541  3.99316e+21  3.99317e+21  3.99317e+21 -3.26564e+18 -3.26576e+18  1.10662e+19
  300.00  8.92753  3.99744e+21  3.99742e+21  3.99743e+21 -3.64384e+18 -3.64404e+18  1.13566e+19
  300.00  8.94965  4.00194e+21  4.00191e+21  4.00191e+21 -4.03629e+18 -4.03654e+18  1.16612e+19
  300.00  8.97177  4.00668e+21  4.00663e+21  4.00663e+21 -4.45499e+18 -4.45526e+18  1.19928e+19
  300.00  8.99389  4.01166e+21  4.01159e+21  4.01159e+21 -4.91527e+18 -4.91554e+18  1.23666e+19
  300.00  9.01602  4.01684e+21  4.01675e+21  4.01676e+21 -5.43107e+18 -5.43131e+18  1.27954e+19
  300.00  9.03814  4.02214e+21  4.02202e+21  4.02203e+21 -6.01063e+18 -6.01079e+18  1.32851e+19
  300.00  9.06026  4.02740e+21  4.02726e+21  4.02726e+21 -6.65441e+18 -6.65448e+18  1.38354e+19
  300.00  9.08238  4.03242e+21  4.03226e+21  4.03227e+21 -7.35386e+18 -7.35382e+18  1.44399e+19
  300.00  9.10450  4.03701e+21  4.03683e+21  4.03684e+21 -8.09207e+18 -8.09191e+18  1.50840e+19
  300.00  9.12663  4.04096e+21  4.04076e+21  4.04077e+21 -8.84895e+18 -8.84866e+18  1.57484e+19
  300.00  9.14875  4.04409e+21  4.04387e+21  4.04388e+21 -9.60763e+18 -9.60721e+18  1.64161e+19
  300.00  9.17087  4.04627e+21  4.04604e+21  4.04605e+21 -1.03576e+19 -1.03571e+19  1.70767e+19
  300.00  9.19299  4.04743e+21  4.04720e+21  4.04721e+21 -1.10946e+19 -1.10939e+19  1.77256e+19
  300.00  9.21512  4.04758e+21  4.04735e+21  4.04736e+21 -1.18178e+19 -1.18171e+19  1.83626e+19
  300.00  9.23724  4.04675e+21  4.04652e+21  4.04652e+21 -1.25288e+19 -1.25280e+19  1.89895e+19
  300.00  9.25936  4.04500e+21  4.04477e+21  4.04478e+21 -1.32297e+19 -1.32290e+19  1.96092e+19
  300.00  9.28148  4.04239e+21  4.04217e+21  4.04218e+21 -1.39248e+19 -1.39240e+19  2.02264e+19
  300.00  9.30360  4.03899e+21  4.03878e+21  4.03879e+21 -1.46215e+19 -1.46208e+19  2.08495e+19
  300.00  9.32573  4.03486e+21  4.03467e+21  4.03468e+21 -1.53328e+19 -1.53321e+19  2.14920e+19
  300.00  9.34785  4.03006e+21  4.02989e+21  4.02990e+21 -1.60773e+19 -1.60767e+19  2.21732e+19
  300.00  9.36997  4.02466e+21  4.02451e+21  4.02452e+21 -1.68786e+19 -1.68780e+19  2.29170e+19
  300.00  9.39209  4.01873e+21  4.01860e+21  4.01861e+21 -1.77621e+19 -1.77616e+19  2.37489e+19
  300.00  9.41421  4.01231e+21  4.01221e+21  4.01222e+21 -1.87514e+19 -1.87510e+19  2.46923e+19
  300.00  9.43634  4.00547e+21  4.00540e+21  4.00541e+21 -1.98650e+19 -1.98647e+19  2.57647e+19
  300.00  9.45846  3.99822e+21  3.99818e+21  3.99818e+21 -2.11129e+19 -2.11127e+19  2.69749e+19
  300.00  9.48058  3.99057e+21  3.99055e+21  3.99056e+21 -2.24957e+19 -2.24955e+19  2.83216e+19
  300.00  9.50270  3.98249e+21  3.98249e+21  3.98250e+21 -2.40047e+19 -2.40046e+19  2.97941e+19
  300.00  9.52482  3.97395e+21  3.97397e+21  3.97397e+21 -2.56236e+19 -2.56235e+19  3.13737e+19
  300.00  9.54695  3.96488e+21  3.96491e+21  3.96492e+21 -2.73308e+19 -2.73308e+19  3.30366e+19
  300.00  9.56907  3.95522e+21  3.95524e+21  3.95525e+21 -2.91028e+19 -2.91029e+19  3.47572e+19
  300.00  9.59119  3.94487e+21  3.94489e+21  3.94489e+21 -3.09165e+19 -3.09166e+19  3.65108e+19
  300.00  9.61331  3.93375e+21  3.93375e+21  3.93375e+21 -3.27520e+19 -3.27521e+19  3.82768e+19
  300.00  9.63544  3.92176e+21  3.92174e+21  3.92174e+21 -3.45946e+19 -3.45948e+19  4.00403e+19
  300.00  9.65756  3.90881e+21  3.90876e+21  3.90877e+21 -3.64353e+19 -3.64356e+19  4.17928e+19
  300.00  9.67968  3.89482e+21  3.89475e+21  3.89475e+21 -3.82703e+19 -3.82706e+19  4.35317e+19
  300.00  9.70180  3.87972e+21  3.87961e+21  3.87961e+21 -4.00992e+19 -4.00996e+19  4.52583e+19
  300.00  9.72392  3.86341e+21  3.86328e+21  3.86328e+21 -4.19225e+19 -4.19230e+19  4.69756e+19
  300.00  9.74605  3.84584e+21  3.84568e+21  3.84567e+21 -4.37387e+19 -4.37394e+19  4.86849e+19
  300.00  9.76817  3.82692e+21  3.82673e+21  3.82673e+21 -4.55429e+19 -4.55438e+19  5.03847e+19
  300.00  9.79029  3.80657e+21  3.80637e+21  3.80636e+21 -4.73258e+19 -4.73268e+19  5.20694e+19
  300.00  9.81241  3.78472e+21  3.78451e+21  3.78450e+21 -4.90747e+19 -4.90759e+19  5.37311e+19
  300.00  9.83453  3.76129e+21  3.76107e+21  3.76107e+21 -5.07761e+19 -5.07774e+19  5.53616e+19
  300.00  9.85666  3.73621e+21  3.73599e+21  3.73599e+21 -5.24169e+19 -5.24184e+19  5.69540e+19
  300.00  9.87878  3.70942e+21  3.70921e+21  3.70920e+21 -5.39863e+19 -5.39881e+19  5.85050e+19
  300.00  9.90090  3.68085e+21  3.68064e+21  3.68063e+21 -5.54761e+19 -5.54781e+19  6.00142e+19
  300.00  9.92302  3.65044e+21  3.65024e+21  3.65023e+21 -5.68797e+19 -5.68819e+19  6.14841e+19
  300.00  9.94515  3.61811e+21  3.61793e+21  3.61792e+21 -5.81919e+19 -5.81943e+19  6.29190e+19
  300.00  9.96727  3.58380e+21  3.58363e+21  3.58362e+21 -5.94080e+19 -5.94105e+19  6.43241e+19
  300.00  9.98939  3.54741e+21  3.54727e+21  3.54725e+21 -6.05239e+19 -6.05265e+19  6.57052e+19
  300.00  10.01151  3.50887e+21  3.50875e+21  3.50873e+21 -6.15363e+19 -6.15391e+19  6.70685e+19
  300.00  10.03363  3.46810e+21  3.46800e+21  3.46799e+21 -6.24432e+19 -6.24460e+19  6.84203e+19
  300.00  10.05576  3.42503e+21  3.42496e+21  3.42495e+21 -6.32438e+19 -6.32466e+19  6.97669e+19
  300.00  10.07788  3.37963e+21  3.37958e+21  3.37956e+21 -6.39389e+19 -6.39416e+19  7.11144e+19
  300.00  10.10000  3.33184e+21  3.33181e+21  3.33179e+21 -6.45312e+19 -6.45338e+19  7.24681e+19
