0.00001 -2.153761177072015e+00
0.01250 -2.692231310719176e+03
0.02500 -5.384641667598386e+03
0.03750 -8.077410165656460e+03
0.05000 -1.077071599766127e+04
0.06250 -1.346473850308142e+04
0.07500 -1.615965721713182e+04
0.08750 -1.885565191994377e+04
0.10000 -2.155290268589072e+04
0.11250 -2.425158993310143e+04
0.12500 -2.695189447319370e+04
0.13750 -2.965399756125807e+04
0.15000 -3.235808094612613e+04
0.16250 -3.506432692095589e+04
0.17500 -3.777291837416564e+04
0.18750 -4.048403884075185e+04
0.20000 -4.319787255402400e+04
0.21250 -4.591460449779177e+04
0.22500 -4.863442045903613e+04
0.23750 -5.135750708110778e+04
0.25000 -5.408405191747753e+04
0.26250 -5.681424348608844e+04
0.27500 -5.954827132433588e+04
0.28750 -6.228632604472271e+04
0.30000 -6.502859939122347e+04
0.31250 -6.777528429639890e+04
0.32500 -7.052657493930316e+04
0.33750 -7.328266680422692e+04
0.35000 -7.604375674031126e+04
0.36250 -7.881004302209232e+04
0.37500 -8.158172541100372e+04
0.38750 -8.435900521789918e+04
0.40000 -8.714208536662911e+04
0.41250 -8.993117045873651e+04
0.42500 -9.272646683930574e+04
0.43750 -9.552818266403188e+04
0.45000 -9.833652796755361e+04
0.46250 -1.011517147331101e+05
0.47500 -1.039739569635782e+05
0.48750 -1.068034707539509e+05
0.50000 -1.096404743653158e+05
0.51250 -1.124851883003974e+05
0.52500 -1.153378353807304e+05
0.53750 -1.181986408255279e+05
0.55000 -1.210678323323206e+05
0.56250 -1.239456401594360e+05
0.57500 -1.268322972103907e+05
0.58750 -1.297280391202773e+05
0.60000 -1.326331043442301e+05
0.61250 -1.355477342480401e+05
0.62500 -1.384721732010284e+05
0.63750 -1.414066686712466e+05
0.65000 -1.443514713231135e+05
0.66250 -1.473068351175800e+05
0.67500 -1.502730174149208e+05
0.68750 -1.532502790802708e+05
0.70000 -1.562388845920059e+05
0.71250 -1.592391021530766e+05
0.72500 -1.622512038054462e+05
0.73750 -1.652754655477078e+05
0.75000 -1.683121674560663e+05
0.76250 -1.713615938087706e+05
0.77500 -1.744240332141764e+05
0.78750 -1.774997787425605e+05
0.80000 -1.805891280618595e+05
0.81250 -1.836923835774852e+05
0.82500 -1.868098525763821e+05
0.83750 -1.899418473755150e+05
0.85000 -1.930886854749572e+05
0.86250 -1.962506897157846e+05
0.87500 -1.994281884429688e+05
0.88750 -2.026215156734814e+05
0.90000 -2.058310112698376e+05
0.91250 -2.090570211193033e+05
0.92500 -2.122998973190069e+05
0.93750 -2.155599983672313e+05
0.95000 -2.188376893611105e+05
0.96250 -2.221333422010713e+05
0.97500 -2.254473358022507e+05
0.98750 -2.287800563132498e+05
1.00000 -2.321318973425185e+05
1.01250 -2.355032601927300e+05
1.02500 -2.388945541034881e+05
1.03750 -2.423061965027639e+05
1.05000 -2.457386132674390e+05
1.06250 -2.491922389933987e+05
1.07500 -2.526675172755851e+05
1.08750 -2.561649009985137e+05
1.10000 -2.596848526376839e+05
1.11250 -2.632278445724937e+05
1.12500 -2.667943594110938e+05
1.13750 -2.703848903278367e+05
1.15000 -2.739999414139030e+05
1.16250 -2.776400280417349e+05
1.17500 -2.813056772439831e+05
1.18750 -2.849974281076399e+05
1.20000 -2.887158321841819e+05
1.21250 -2.924614539164681e+05
1.22500 -2.962348710832715e+05
1.23750 -3.000366752623494e+05
1.25000 -3.038674723129980e+05
1.26250 -3.077278828791125e+05
1.27500 -3.116185429138294e+05
1.28750 -3.155401042268972e+05
1.30000 -3.194932350559761e+05
1.31250 -3.234786206631913e+05
1.32500 -3.274969639582773e+05
1.33750 -3.315489861498053e+05
1.35000 -3.356354274260263e+05
1.36250 -3.397570476670292e+05
1.37500 -3.439146271899331e+05
1.38750 -3.481089675290504e+05
1.40000 -3.523408922530100e+05
1.41250 -3.566112478210062e+05
1.42500 -3.609209044804773e+05
1.43750 -3.652707572086753e+05
1.45000 -3.696617267007670e+05
1.46250 -3.740947604073099e+05
1.47500 -3.785708336240834e+05
1.48750 -3.830909506376143e+05
1.50000 -3.876561459297902e+05
1.51250 -3.922674854453885e+05
1.52500 -3.969260679265278e+05
1.53750 -4.016330263183727e+05
1.55000 -4.063895292507777e+05
1.56250 -4.111967826009546e+05
1.57500 -4.160560311425201e+05
1.58750 -4.209685602868813e+05
1.60000 -4.259356979232716e+05
1.61250 -4.309588163642937e+05
1.62500 -4.360393344044780e+05
1.63750 -4.411787194998358e+05
1.65000 -4.463784900772194e+05
1.66250 -4.516402179830060e+05
1.67500 -4.569655310813862e+05
1.68750 -4.623561160135565e+05
1.70000 -4.678137211300755e+05
1.71250 -4.733401596097442e+05
1.72500 -4.789373127796262e+05
1.73750 -4.846071336521818e+05
1.75000 -4.903516506970270e+05
1.76250 -4.961729718664568e+05
1.77500 -5.020732888958053e+05
1.78750 -5.080548819017521e+05
1.80000 -5.141201243040801e+05
1.81250 -5.202714880988532e+05
1.82500 -5.265115495140784e+05
1.83750 -5.328429950820302e+05
1.85000 -5.392686281661404e+05
1.86250 -5.457913759845122e+05
1.87500 -5.524142971767047e+05
1.88750 -5.591405899657280e+05
1.90000 -5.659736009731691e+05
1.91250 -5.729168347520255e+05
1.92500 -5.799739641096006e+05
1.93750 -5.871488413015145e+05
1.95000 -5.944455101877720e+05
1.96250 -6.018682194534392e+05
1.97500 -6.094214370094141e+05
1.98750 -6.171098657039317e+05
2.00000 -6.249384604928276e+05
2.01250 -6.329124472366633e+05
2.02500 -6.410373433161811e+05
2.03750 -6.493189802846715e+05
2.05000 -6.577635288075240e+05
2.06250 -6.663775261762792e+05
2.07500 -6.751679067281394e+05
2.08750 -6.841420355531769e+05
2.10000 -6.933077459324034e+05
2.11250 -7.026733810219287e+05
2.12500 -7.122478403848362e+05
2.13750 -7.220406320754399e+05
2.15000 -7.320619311051040e+05
2.16250 -7.423226452689923e+05
2.17500 -7.528344894959738e+05
2.18750 -7.636100701072279e+05
2.20000 -7.746629806437644e+05
2.21250 -7.860079112625712e+05
2.22500 -7.976607741238127e+05
2.23750 -8.096388477214447e+05
2.25000 -8.219609437785750e+05
2.26250 -8.346476011806303e+05
2.27500 -8.477213125131516e+05
2.28750 -8.612067901887704e+05
2.30000 -8.751312810046045e+05
2.31250 -8.895249404313181e+05
2.32500 -9.044212812342292e+05
2.33750 -9.198577155158289e+05
2.35000 -9.358762154721832e+05
2.36250 -9.525241268840153e+05
2.37500 -9.698551819003585e+05
2.38750 -9.879307761161819e+05
2.40000 -1.006821602854853e+06
2.41250 -1.026609781239351e+06
2.42500 -1.047391685798082e+06
2.43750 -1.069281807160740e+06
2.45000 -1.092418194944080e+06
2.46250 -1.116970468357753e+06
2.47500 -1.143152315915919e+06
2.48750 -1.171242674501312e+06
2.50000 -1.201626162893283e+06
2.51250 -1.234884977383910e+06
2.52500 -1.272063440645430e+06
2.53750 -1.315355694169023e+06
2.55000 -1.342280444711357e+06
2.56250 -1.388945502913353e+06
2.57500 -1.436467159140242e+06
2.58750 -1.468664948748815e+06
2.60000 -1.488895795662432e+06
2.61250 -1.538513823427275e+06
2.62500 -1.622461636930082e+06
2.63750 -1.609503437283092e+06
2.65000 -1.499656176263291e+06
2.66250 -1.494048933217084e+06
2.67500 -1.448723710371739e+06
2.68750 -1.345335476781501e+06
2.70000 -1.242962177904975e+06
2.71250 -1.202164475453986e+06
2.72500 -1.195519260002875e+06
2.73750 -1.194978548075676e+06
2.75000 -1.197454384973758e+06
2.76250 -1.209196739537494e+06
2.77500 -1.227421026857728e+06
2.78750 -1.238101462307019e+06
2.80000 -1.234333396111815e+06
2.81250 -1.232407473790957e+06
2.82500 -1.223498301835915e+06
2.83750 -1.197844062585328e+06
2.85000 -1.171813961620787e+06
2.86250 -1.147647002871651e+06
2.87500 -1.136236419498369e+06
2.88750 -1.131587521022310e+06
2.90000 -1.122749304145202e+06
2.91250 -1.092869329591749e+06
2.92500 -1.075490572084911e+06
2.93750 -1.076588515043609e+06
2.95000 -1.081026271379306e+06
2.96250 -1.076219673852650e+06
2.97500 -1.081809937646638e+06
2.98750 -1.083824719115023e+06
3.00000 -1.073380532935056e+06
3.01250 -1.064088988850567e+06
3.02500 -1.070027747078759e+06
3.03750 -1.070303091722120e+06
3.05000 -1.053318185722555e+06
3.06250 -1.056848726003237e+06
3.07500 -1.065814357698940e+06
3.08750 -1.068031708446870e+06
3.10000 -1.066284707246556e+06
3.11250 -1.053501459334276e+06
3.12500 -1.066008176866804e+06
3.13750 -1.074950448605596e+06
3.15000 -1.073158526536183e+06
3.16250 -1.081259875424249e+06
3.17500 -1.092143632724019e+06
3.18750 -1.100558518601763e+06
3.20000 -1.100688048624790e+06
3.21250 -1.096666478260081e+06
3.22500 -1.096109362950793e+06
3.23750 -1.096692191971323e+06
3.25000 -1.096817966951121e+06
3.26250 -1.095166595320678e+06
3.27500 -1.089315109418930e+06
3.28750 -1.081001965588349e+06
3.30000 -1.078496004737158e+06
3.31250 -1.081399268777209e+06
3.32500 -1.086752940223611e+06
3.33750 -1.091546564387627e+06
3.35000 -1.091220577986316e+06
3.36250 -1.089155911732103e+06
3.37500 -1.097601991881071e+06
3.38750 -1.114934316598359e+06
3.40000 -1.136174820647322e+06
3.41250 -1.158871554732252e+06
3.42500 -1.182213092354793e+06
3.43750 -1.205641172114681e+06
3.45000 -1.230766176031357e+06
3.46250 -1.259719300973961e+06
3.47500 -1.293639043869131e+06
3.48750 -1.336969105787374e+06
3.50000 -1.388404193351157e+06
3.51250 -1.435996350257663e+06
3.52500 -1.474885253214499e+06
3.53750 -1.525729798733126e+06
3.55000 -1.595388943527333e+06
3.56250 -1.392706596727234e+06
3.57500 -1.354039580940038e+06
3.58750 -1.340642592318791e+06
3.60000 -1.266701312900907e+06
3.61250 -1.214991189523617e+06
3.62500 -1.153492957089585e+06
3.63750 -1.105591569805414e+06
3.65000 -1.039751571418189e+06
3.66250 -1.082772922079564e+06
3.67500 -9.570443771576874e+05
3.68750 -1.014473074108578e+06
3.70000 -9.543138954382028e+05
3.71250 -6.807644504773113e+05
3.72500 -6.110849430809175e+05
3.73750 5.804080739070593e+05
3.75000 8.095910777959891e+05
3.76250 7.530742690656179e+05
3.77500 7.277062782784416e+05
3.78750 7.844820861676531e+05
3.80000 8.681283787142453e+05
3.81250 1.109662366319981e+06
3.82500 1.061296611553196e+06
3.83750 1.066909785483331e+06
3.85000 1.103123778320859e+06
3.86250 1.145894398399545e+06
3.87500 1.180935932885407e+06
3.88750 1.200452775089471e+06
3.90000 1.202330175152671e+06
3.91250 1.188646024549862e+06
3.92500 1.163579837962050e+06
3.93750 1.131606847130223e+06
3.95000 1.096643484801836e+06
3.96250 1.061517852227502e+06
3.97500 1.027421699102147e+06
3.98750 9.942835093354551e+05
4.00000 9.619556854609136e+05
4.01250 9.308034277223363e+05
4.02500 9.016549622202030e+05
4.03750 8.755789639207216e+05
4.05000 8.535882959753542e+05
4.06250 8.363017932863683e+05
4.07500 8.237068742410844e+05
4.08750 8.153068540391884e+05
4.10000 8.106431200713941e+05
4.11250 8.095925985325378e+05
4.12500 8.120202810567941e+05
4.13750 8.172480763734133e+05
4.15000 8.239856141476217e+05
4.16250 8.305270564387754e+05
4.17500 8.352197207987007e+05
4.18750 8.372847575006008e+05
4.20000 8.369726003565383e+05
4.21250 8.349765546799769e+05
4.22500 8.317893703721397e+05
4.23750 8.275673405591452e+05
4.25000 8.226994005053196e+05
4.26250 8.175861972270586e+05
4.27500 8.121546128772370e+05
4.28750 8.063411902491653e+05
4.30000 7.985039582668445e+05
4.31250 7.860891387782526e+05
4.32500 7.694570335438084e+05
4.33750 7.510716104028684e+05
4.35000 7.331123633801364e+05
4.36250 7.138338966738959e+05
4.37500 6.919668641445901e+05
4.38750 6.749617678801104e+05
4.40000 6.626921337425500e+05
4.41250 6.479105965477941e+05
4.42500 6.325848737625910e+05
4.43750 6.129649974237162e+05
4.45000 6.015201755746420e+05
4.46250 5.918472055548804e+05
4.47500 5.802670583164128e+05
4.48750 5.565548937093748e+05
4.50000 5.171556563644049e+05
4.51250 5.124250512523417e+05
4.52500 5.011262575905119e+05
4.53750 9.356618630387754e+05
4.55000 9.335385331628777e+05
4.56250 9.351266352799014e+05
4.57500 9.330632593880567e+05
4.58750 9.255664731413061e+05
4.60000 9.175693281821511e+05
4.61250 9.130939923263177e+05
4.62500 9.093520264292445e+05
4.63750 9.032370435045485e+05
4.65000 8.970269118730085e+05
4.66250 8.925873423912410e+05
4.67500 8.902622872472459e+05
4.68750 8.899125713155309e+05
4.70000 8.911209724968402e+05
4.71250 8.933643050206108e+05
4.72500 8.962667513889787e+05
4.73750 8.996064299833206e+05
4.75000 9.031293648310481e+05
4.76250 9.064099112820101e+05
4.77500 9.088933073837796e+05
4.78750 9.100913037916615e+05
4.80000 9.097574423943987e+05
4.81250 9.079459682576085e+05
4.82500 9.049565817516940e+05
4.83750 9.011555393302198e+05
4.85000 8.967843529372336e+05
4.86250 8.919325777953565e+05
4.87500 8.866708108361522e+05
4.88750 8.811414180734995e+05
4.90000 8.754927981655645e+05
4.91250 8.697982489191565e+05
4.92500 8.641144700279789e+05
4.93750 8.585561898838779e+05
4.95000 8.532043474137867e+05
4.96250 8.479851455261240e+05
4.97500 8.427350843946746e+05
4.98750 8.373250512223977e+05
5.00000 8.316533131719559e+05
5.01250 8.256644863093630e+05
5.02500 8.195271226617383e+05
5.03750 8.136485242360674e+05
5.05000 8.081744260961215e+05
5.06250 8.026907639146926e+05
5.07500 7.968851693137782e+05
5.08750 7.908514789331779e+05
5.10000 7.848866611425184e+05
5.11250 7.801137786345901e+05
5.12500 7.841303195958652e+05
5.13750 7.983619308440225e+05
5.15000 8.042714809834949e+05
5.16250 8.067248299351702e+05
5.17500 8.063564019823892e+05
5.18750 8.048021333666653e+05
5.20000 8.029571093563575e+05
5.21250 8.009343680421045e+05
5.22500 7.988518213308199e+05
5.23750 7.969927689477304e+05
5.25000 7.957676556612985e+05
5.26250 7.957696178387335e+05
5.27500 7.977262617240309e+05
5.28750 8.023370624506929e+05
5.30000 8.089488743599192e+05
5.31250 8.147112557343142e+05
5.32500 8.179584414928281e+05
5.33750 8.194845683358490e+05
5.35000 8.205984738984818e+05
5.36250 8.208770530270881e+05
5.37500 8.194149633530445e+05
5.38750 8.177080573133673e+05
5.40000 8.173570182638792e+05
5.41250 8.172435386501019e+05
5.42500 8.154322878652386e+05
5.43750 8.123240003568542e+05
5.45000 8.088542157450194e+05
5.46250 8.054735475452447e+05
5.47500 8.022776987363065e+05
5.48750 7.991675329561041e+05
5.50000 7.959322537083712e+05
5.51250 7.922824696864856e+05
5.52500 7.880150131078109e+05
5.53750 7.832074753044969e+05
5.55000 7.783849282392686e+05
5.56250 7.757411608550664e+05
5.57500 7.769514185473216e+05
5.58750 7.770710364133825e+05
5.60000 7.767911986234103e+05
5.61250 7.758164975468512e+05
5.62500 7.739140472505105e+05
5.63750 7.716418905332168e+05
5.65000 7.696707880453137e+05
5.66250 7.684673040842146e+05
5.67500 7.678492027284662e+05
5.68750 7.669853221298478e+05
5.70000 7.650943735798278e+05
5.71250 7.619064975072020e+05
5.72500 7.575722663827705e+05
5.73750 7.524271373469431e+05
5.75000 7.468360887827425e+05
5.76250 7.411099860421533e+05
5.77500 7.354669274167558e+05
5.78750 7.300302419794498e+05
5.80000 7.248304559720188e+05
5.81250 7.198069165460231e+05
5.82500 7.148677678448511e+05
5.83750 7.099866715958096e+05
5.85000 7.052296024240898e+05
5.86250 7.007129059587171e+05
5.87500 6.965548521785189e+05
5.88750 6.928338607344867e+05
5.90000 6.895546913131033e+05
5.91250 6.866547978902468e+05
5.92500 6.840589005446043e+05
5.93750 6.817231001709087e+05
5.95000 6.796293593588780e+05
5.96250 6.777493554951986e+05
5.97500 6.760277095485515e+05
5.98750 6.744213203296043e+05
6.00000 6.729419035319833e+05
6.01250 6.716401198830139e+05
6.02500 6.705595350535653e+05
6.03750 6.697065583326668e+05
6.05000 6.690448297308787e+05
6.06250 6.685145803382067e+05
6.07500 6.680647081922768e+05
6.08750 6.676514911325463e+05
6.10000 6.672362998006896e+05
6.11250 6.667615712059200e+05
6.12500 6.661270090135320e+05
6.13750 6.655005039323755e+05
6.15000 6.645503833462731e+05
6.16250 6.634482218228730e+05
6.17500 6.621937539444410e+05
6.18750 6.607619036654325e+05
6.20000 6.591266582226986e+05
6.21250 6.572650770420558e+05
6.22500 6.551615762359811e+05
6.23750 6.528116048090976e+05
6.25000 6.502239399405780e+05
6.26250 6.474201027602155e+05
6.27500 6.444315334704743e+05
6.28750 6.412965885275089e+05
6.30000 6.380579125740359e+05
6.31250 6.347583669943376e+05
6.32500 6.314334659427814e+05
6.33750 6.281010509213720e+05
6.35000 6.247538050612833e+05
6.36250 6.213626609860212e+05
6.37500 6.178924735076630e+05
6.38750 6.143197107018745e+05
6.40000 6.106407359378275e+05
6.41250 6.068693900486149e+05
6.42500 6.030294594703621e+05
6.43750 5.991472115095282e+05
6.45000 5.952453409222224e+05
6.46250 5.913364149032859e+05
6.47500 5.874190987648796e+05
6.48750 5.834835357242875e+05
6.50000 5.795235777411988e+05
6.51250 5.755455506349873e+05
6.52500 5.715658580427020e+05
6.53750 5.675980503070439e+05
6.55000 5.636369788798410e+05
6.56250 5.596521467931833e+05
6.57500 5.555979860294156e+05
6.58750 5.514341858851126e+05
6.60000 5.471515658407332e+05
6.61250 5.428479726875504e+05
6.62500 5.390070152210855e+05
6.63750 5.371464570907075e+05
6.65000 5.387483558934773e+05
6.66250 5.396866343225479e+05
6.67500 5.373182388587308e+05
6.68750 5.337760850336248e+05
6.70000 5.304002565692674e+05
6.71250 5.276513018223862e+05
6.72500 5.258132062240249e+05
6.73750 5.250278168547034e+05
6.75000 5.250232995674358e+05
6.76250 5.251102416230530e+05
6.77500 5.247215010616354e+05
6.78750 5.238193804134137e+05
6.80000 5.227011204420669e+05
6.81250 5.216516173209199e+05
6.82500 5.208038226545574e+05
6.83750 5.201547652684314e+05
6.85000 5.196213633485836e+05
6.86250 5.191111316282236e+05
6.87500 5.186218170257976e+05
6.88750 5.182733407495884e+05
6.90000 5.181657481347545e+05
6.91250 5.181800238013436e+05
6.92500 5.180199855975670e+05
6.93750 5.174749108740739e+05
6.95000 5.165209848757551e+05
6.96250 5.152433324870967e+05
6.97500 5.137718540867998e+05
6.98750 5.122378468831104e+05
7.00000 5.107124282505342e+05
7.01250 5.091803887692813e+05
7.02500 5.076115366284151e+05
7.03750 5.060545337195793e+05
7.05000 5.046303806721948e+05
7.06250 5.034118109506145e+05
7.07500 5.022761122777559e+05
7.08750 5.009127160625689e+05
7.10000 4.990212277062277e+05
7.11250 4.964487971751557e+05
7.12500 4.931292119700721e+05
7.13750 4.888198652429024e+05
7.15000 4.836803205771588e+05
7.16250 4.927531804271106e+05
7.17500 4.904751477049085e+05
7.18750 4.868640547872732e+05
7.20000 4.849776952032368e+05
7.21250 4.836955088909845e+05
7.22500 4.823165759283263e+05
7.23750 4.807646022695354e+05
7.25000 4.788939591906089e+05
7.26250 4.767271147505371e+05
7.27500 4.744939370224783e+05
7.28750 4.723709741848243e+05
7.30000 4.704213695118710e+05
7.31250 4.683446729435419e+05
7.32500 4.661990729611801e+05
7.33750 4.641003137388980e+05
7.35000 4.621399822154942e+05
7.36250 4.604630182652337e+05
7.37500 4.587712322249481e+05
7.38750 4.567564979479472e+05
7.40000 4.547094341778450e+05
7.41250 4.528395555127768e+05
7.42500 4.512348018983289e+05
7.43750 4.496238169372131e+05
7.45000 4.478060345662420e+05
7.46250 4.458652581673911e+05
7.47500 4.439820337568058e+05
7.48750 4.423266569075370e+05
7.50000 4.410150379757523e+05
7.51250 4.401876155111592e+05
7.52500 4.396246853981005e+05
7.53750 4.385980772450772e+05
7.55000 4.371176661299054e+05
7.56250 4.353965506569683e+05
7.57500 4.334395676656511e+05
7.58750 4.313547725384014e+05
7.60000 4.293791576229027e+05
7.61250 4.282866931101544e+05
7.62500 4.277815485139749e+05
7.63750 4.254266021544792e+05
7.65000 4.247634277368439e+05
7.66250 4.274746646004736e+05
7.67500 4.264247896976727e+05
7.68750 4.256602107273322e+05
7.70000 4.266104391350827e+05
7.71250 4.248244819189153e+05
7.72500 4.240491907305091e+05
7.73750 4.218796995617329e+05
7.75000 4.200161889325139e+05
7.76250 4.182571884304194e+05
7.77500 4.165811007614631e+05
7.78750 4.150535377435713e+05
7.80000 4.137459191778990e+05
7.81250 4.126813196748549e+05
7.82500 4.117758082898621e+05
7.83750 4.108268267451602e+05
7.85000 4.097426303141957e+05
7.86250 4.085791532393590e+05
7.87500 4.073649933576304e+05
7.88750 4.060676768079118e+05
7.90000 4.046378147405562e+05
7.91250 4.030465872087795e+05
7.92500 4.012940289503242e+05
7.93750 3.993981493585640e+05
7.95000 3.973863233367127e+05
7.96250 3.952910498270538e+05
7.97500 3.931469508660199e+05
7.98750 3.909922713092067e+05
8.00000 3.888629359519048e+05
8.01250 3.867866675732358e+05
8.02500 3.847787936657430e+05
8.03750 3.828425954489409e+05
8.05000 3.809747142938875e+05
8.06250 3.791738595987137e+05
8.07500 3.774461846776938e+05
8.08750 3.757964440772175e+05
8.10000 3.742049315814378e+05
8.11250 3.726445638484280e+05
8.12500 3.711173207240793e+05
8.13750 3.696368298584795e+05
8.15000 3.682108975051809e+05
8.16250 3.668414453912059e+05
8.17500 3.655257816504453e+05
8.18750 3.642528294067492e+05
8.20000 3.629962726928482e+05
8.21250 3.617323646248676e+05
8.22500 3.604678325451273e+05
8.23750 3.592269762912578e+05
8.25000 3.580135012708121e+05
8.26250 3.568123403690670e+05
8.27500 3.556323047554316e+05
8.28750 3.545040368609958e+05
8.30000 3.534643438461363e+05
8.31250 3.524539213691772e+05
8.32500 3.513873138216432e+05
8.33750 3.504411444861170e+05
8.35000 3.497024461405277e+05
8.36250 3.487765708892759e+05
8.37500 3.478316740238729e+05
8.38750 3.467522280427334e+05
8.40000 3.457013028374803e+05
8.41250 3.446748749116241e+05
8.42500 3.435936225624841e+05
8.43750 3.426134459114561e+05
8.45000 3.422493176817227e+05
8.46250 3.422588191812665e+05
8.47500 3.414998069397974e+05
8.48750 3.405779669329353e+05
8.50000 3.395618139336713e+05
8.51250 3.385352729325371e+05
8.52500 3.374944385031837e+05
8.53750 3.364289924346381e+05
8.55000 3.353166510122079e+05
8.56250 3.341172335107538e+05
8.57500 3.328620194980942e+05
8.58750 3.315791034840740e+05
8.60000 3.302858135463688e+05
8.61250 3.289831387572993e+05
8.62500 3.276435307701604e+05
8.63750 3.262474462770701e+05
8.65000 3.247900566572637e+05
8.66250 3.232215632823853e+05
8.67500 3.215090224523123e+05
8.68750 3.199904717995335e+05
8.70000 3.192554801738644e+05
8.71250 3.175127117304247e+05
8.72500 3.156918469837400e+05
8.73750 3.139242737933345e+05
8.75000 3.122016807721186e+05
8.76250 3.105204781854861e+05
8.77500 3.088798990316492e+05
8.78750 3.072796844575941e+05
8.80000 3.057203797970023e+05
8.81250 3.042124773939545e+05
8.82500 3.027990798366889e+05
8.83750 3.013951949996459e+05
8.85000 2.999971530098713e+05
8.86250 2.986022112468352e+05
8.87500 2.972038613699232e+05
8.88750 2.958089626978767e+05
8.90000 2.944282763978894e+05
8.91250 2.930596433706299e+05
8.92500 2.916930883736126e+05
8.93750 2.903139212174400e+05
8.95000 2.889142524766310e+05
8.96250 2.875052596628857e+05
8.97500 2.861015769655616e+05
8.98750 2.846888738238494e+05
9.00000 2.832528011228312e+05
9.01250 2.818023348517941e+05
9.02500 2.803431068816305e+05
9.03750 2.788814258029535e+05
9.05000 2.774290724175589e+05
9.06250 2.760018066876603e+05
9.07500 2.746178765807251e+05
9.08750 2.732896548144977e+05
9.10000 2.720184674607047e+05
9.11250 2.707951050580665e+05
9.12500 2.696019661168829e+05
9.13750 2.684407458576440e+05
9.15000 2.673213959093569e+05
9.16250 2.662405645765968e+05
9.17500 2.651878194136111e+05
9.18750 2.641559273528091e+05
9.20000 2.631417187029940e+05
9.21250 2.621428379397161e+05
9.22500 2.611579013266876e+05
9.23750 2.601877238598044e+05
9.25000 2.592332776612024e+05
9.26250 2.582935732650864e+05
9.27500 2.573649163525600e+05
9.28750 2.564410785952682e+05
9.30000 2.555143198373556e+05
9.31250 2.545776781958635e+05
9.32500 2.536265099293727e+05
9.33750 2.526562572706387e+05
9.35000 2.516602647971537e+05
9.36250 2.506319182222224e+05
9.37500 2.495675851016774e+05
9.38750 2.484674738496864e+05
9.40000 2.473344197723368e+05
9.41250 2.461686927058512e+05
9.42500 2.449636113608432e+05
9.43750 2.437141054046348e+05
9.45000 2.424259095166764e+05
9.46250 2.411105933212590e+05
9.47500 2.397778174252352e+05
9.48750 2.384307208469011e+05
9.50000 2.370646692003917e+05
9.51250 2.356721311728047e+05
9.52500 2.342503752145156e+05
9.53750 2.328031948688610e+05
9.55000 2.313362737144319e+05
9.56250 2.298580771135978e+05
9.57500 2.284129526747749e+05
9.58750 2.271194239780258e+05
9.60000 2.258750037980588e+05
9.61250 2.245421736033164e+05
9.62500 2.232626707720331e+05
9.63750 2.218357233232649e+05
9.65000 2.204107965317598e+05
9.66250 2.190416134742688e+05
9.67500 2.177666068808960e+05
9.68750 2.164286815483811e+05
9.70000 2.150463930276626e+05
9.71250 2.136515742489595e+05
9.72500 2.122611429258405e+05
9.73750 2.108815643616788e+05
9.75000 2.095156576769130e+05
9.76250 2.081660964070353e+05
9.77500 2.068355852912141e+05
9.78750 2.055256686198958e+05
9.80000 2.042358729961534e+05
9.81250 2.029633556816112e+05
9.82500 2.017035044562751e+05
9.83750 2.004531220148573e+05
9.85000 1.992235290637136e+05
9.86250 1.980808040584180e+05
9.87500 1.969671498624228e+05
9.88750 1.958276148152293e+05
9.90000 1.946839066384687e+05
9.91250 1.935696294871084e+05
9.92500 1.924892124751442e+05
9.93750 1.914388449281936e+05
9.95000 1.904128577862098e+05
9.96250 1.894069793553065e+05
9.97500 1.884193348169461e+05
9.98750 1.874498179857859e+05
10.00000 1.864979695802207e+05
