0.00001 3.196388297736274e-07
0.01250 4.994481620153900e-01
0.02500 1.997942546824016e+00
0.03750 4.495932946261248e+00
0.05000 7.994169331989259e+00
0.06250 1.249370233378799e+01
0.07500 1.799588390993448e+01
0.08750 2.450236821044496e+01
0.10000 3.201511263417778e+01
0.11250 4.053637908101970e+01
0.12500 5.006873540060593e+01
0.13750 6.061505703925829e+01
0.15000 7.217852888705035e+01
0.16250 8.476264732716010e+01
0.17500 9.837122248989550e+01
0.18750 1.130083807140387e+02
0.20000 1.286785672183876e+02
0.21250 1.453865489866640e+02
0.22500 1.631374178691618e+02
0.23750 1.819365939048464e+02
0.25000 2.017898288678327e+02
0.26250 2.227032100424938e+02
0.27500 2.446831642317183e+02
0.28750 2.677364620031480e+02
0.30000 2.918702221785231e+02
0.31250 3.170919165716238e+02
0.32500 3.434093749805408e+02
0.33750 3.708307904404687e+02
0.35000 3.993647247434550e+02
0.36250 4.290201142319802e+02
0.37500 4.598062758736129e+02
0.38750 4.917329136243351e+02
0.40000 5.248101250886182e+02
0.41250 5.590484084846740e+02
0.42500 5.944586699238731e+02
0.43750 6.310522310136068e+02
0.45000 6.688408367935444e+02
0.46250 7.078366640156249e+02
0.47500 7.480523297786884e+02
0.48750 7.895009005291772e+02
0.50000 8.321959014399791e+02
0.51250 8.761513261800239e+02
0.52500 9.213816470878769e+02
0.53750 9.679018257632758e+02
0.55000 1.015727324091294e+03
0.56250 1.064874115714309e+03
0.57500 1.115358697968107e+03
0.58750 1.167198104298853e+03
0.60000 1.220409917178777e+03
0.61250 1.275012281539171e+03
0.62500 1.331023918740332e+03
0.63750 1.388464141098811e+03
0.65000 1.447352866993795e+03
0.66250 1.507710636575026e+03
0.67500 1.569558628096261e+03
0.68750 1.632918674898949e+03
0.70000 1.697813283072839e+03
0.71250 1.764265649820514e+03
0.72500 1.832299682555400e+03
0.73750 1.901940018763336e+03
0.75000 1.973212046659794e+03
0.76250 2.046141926676598e+03
0.77500 2.120756613813434e+03
0.78750 2.197083880891265e+03
0.80000 2.275152342747299e+03
0.81250 2.354991481412367e+03
0.82500 2.436631672314271e+03
0.83750 2.520104211553149e+03
0.85000 2.605441344296610e+03
0.86250 2.692676294345913e+03
0.87500 2.781843294926409e+03
0.88750 2.872977620758842e+03
0.90000 2.966115621471247e+03
0.91250 3.061294756413860e+03
0.92500 3.158553630943854e+03
0.93750 3.257932034249633e+03
0.95000 3.359470978788742e+03
0.96250 3.463212741417477e+03
0.97500 3.569200906295062e+03
0.98750 3.677480409649168e+03
1.00000 3.788097586495798e+03
1.01250 3.901100219410888e+03
1.02500 4.016537589457171e+03
1.03750 4.134460529375856e+03
1.05000 4.254921479159381e+03
1.06250 4.377974544128028e+03
1.07500 4.503675555640899e+03
1.08750 4.632082134579906e+03
1.10000 4.763253757753282e+03
1.11250 4.897251827374612e+03
1.12500 5.034139743783125e+03
1.13750 5.173982981581333e+03
1.15000 5.316849169376695e+03
1.16250 5.462808173326809e+03
1.17500 5.611932184699830e+03
1.18750 5.764295811675724e+03
1.20000 5.919976175628354e+03
1.21250 6.079053012144749e+03
1.22500 6.241608777055086e+03
1.23750 6.407728757763916e+03
1.25000 6.577501190194535e+03
1.26250 6.751017381678665e+03
1.27500 6.928371840146408e+03
1.28750 7.109662409996710e+03
1.30000 7.294990415054644e+03
1.31250 7.484460809050704e+03
1.32500 7.678182334088732e+03
1.33750 7.876267687601759e+03
1.35000 8.078833698332523e+03
1.36250 8.286001511913968e+03
1.37500 8.497896786668240e+03
1.38750 8.714649900288157e+03
1.40000 8.936396168116236e+03
1.41250 9.163276073790694e+03
1.42500 9.395435513086770e+03
1.43750 9.633026051846093e+03
1.45000 9.876205198958922e+03
1.46250 1.012513669543703e+04
1.47500 1.037999082070316e+04
1.48750 1.064094471731026e+04
1.50000 1.090818273540552e+04
1.51250 1.118189679836275e+04
1.52500 1.146228679112699e+04
1.53750 1.174956097294372e+04
1.55000 1.204393641629130e+04
1.56250 1.234563947399225e+04
1.57500 1.265490627665075e+04
1.58750 1.297198326275719e+04
1.60000 1.329712774400867e+04
1.61250 1.363060850862754e+04
1.62500 1.397270646571475e+04
1.63750 1.432371533396032e+04
1.65000 1.468394237834317e+04
1.66250 1.505370919880252e+04
1.67500 1.543335257524700e+04
1.68750 1.582322537369607e+04
1.70000 1.622369751882437e+04
1.71250 1.663515703870950e+04
1.72500 1.705801118817718e+04
1.73750 1.749268765779667e+04
1.75000 1.793963587632171e+04
1.76250 1.839932841519624e+04
1.77500 1.887226250468231e+04
1.78750 1.935896167220349e+04
1.80000 1.985997751468221e+04
1.81250 2.037589161797310e+04
1.82500 2.090731763799654e+04
1.83750 2.145490355986998e+04
1.85000 2.201933415326827e+04
1.86250 2.260133364442168e+04
1.87500 2.320166862765916e+04
1.88750 2.382115124223771e+04
1.90000 2.446064264345134e+04
1.91250 2.512105680072825e+04
1.92500 2.580336465970237e+04
1.93750 2.650859871015163e+04
1.95000 2.723785800738021e+04
1.96250 2.799231370116818e+04
1.97500 2.877321513403169e+04
1.98750 2.958189657937369e+04
2.00000 3.041978470042724e+04
2.01250 3.128840682295403e+04
2.02500 3.218940012881451e+04
2.03750 3.312452189418168e+04
2.05000 3.409566091583745e+04
2.06250 3.510485029228804e+04
2.07500 3.615428175415225e+04
2.08750 3.724632177133849e+04
2.10000 3.838352970418293e+04
2.11250 3.956867831340242e+04
2.12500 4.080477700138857e+04
2.13750 4.209509822736905e+04
2.15000 4.344320762438347e+04
2.16250 4.485299845078469e+04
2.17500 4.632873113813886e+04
2.18750 4.787507885757587e+04
2.20000 4.949718022646935e+04
2.21250 5.120070052823122e+04
2.22500 5.299190313520027e+04
2.23750 5.487773322852423e+04
2.25000 5.686591642734518e+04
2.26250 5.896507561047099e+04
2.27500 6.118487008980924e+04
2.28750 6.353616245001501e+04
2.30000 6.603121990811423e+04
2.31250 6.868395912168929e+04
2.32500 7.151024620611158e+04
2.33750 7.452826764043892e+04
2.35000 7.775899324906465e+04
2.36250 8.122676031999942e+04
2.37500 8.496001939813963e+04
2.38750 8.899229939881802e+04
2.40000 9.336347585199050e+04
2.41250 9.812146734841685e+04
2.42500 1.033245527677316e+05
2.43750 1.090446174581417e+05
2.45000 1.153718461673688e+05
2.46250 1.224217901781527e+05
2.47500 1.303466204230336e+05
2.48750 1.393545654522984e+05
2.50000 1.497480753533705e+05
2.51250 1.620169617464822e+05
2.52500 1.771745579354918e+05
2.53750 1.992051053778529e+05
2.55000 2.367626126036673e+05
2.56250 2.528989656581017e+05
2.57500 2.996577439474774e+05
2.58750 3.537497819411974e+05
2.60000 4.015951382745826e+05
2.61250 4.315586625809511e+05
2.62500 5.226597564465217e+05
2.63750 7.421304504869983e+05
2.65000 7.510078116637600e+05
2.66250 8.082577643029742e+05
2.67500 8.975188586114919e+05
2.68750 9.572857311764208e+05
2.70000 9.380999276232597e+05
2.71250 8.899481888190495e+05
2.72500 8.628499714175827e+05
2.73750 8.509970749720698e+05
2.75000 8.442611260515259e+05
2.76250 8.417985441040379e+05
2.77500 8.543358397397551e+05
2.78750 8.823430273575931e+05
2.80000 9.107186746860115e+05
2.81250 9.359908128787698e+05
2.82500 9.709666273157275e+05
2.83750 9.992662359019682e+05
2.85000 1.014119951374012e+06
2.86250 1.019205694489182e+06
2.87500 1.019542934911240e+06
2.88750 1.027624626809627e+06
2.90000 1.046541749155375e+06
2.91250 1.058473945985385e+06
2.92500 1.045870075635725e+06
2.93750 1.038153474854696e+06
2.95000 1.044706987367408e+06
2.96250 1.048849002328958e+06
2.97500 1.054527225713372e+06
2.98750 1.069899572434623e+06
3.00000 1.086311645058714e+06
3.01250 1.084715291191202e+06
3.02500 1.089967447815124e+06
3.03750 1.108107311781690e+06
3.05000 1.113338533856937e+06
3.06250 1.109531351082524e+06
3.07500 1.117409132512451e+06
3.08750 1.134390779978516e+06
3.10000 1.146063850191756e+06
3.11250 1.147877996618469e+06
3.12500 1.149930638105490e+06
3.13750 1.165604868400718e+06
3.15000 1.176780952096019e+06
3.16250 1.184002613277411e+06
3.17500 1.198842488815779e+06
3.18750 1.220293051783277e+06
3.20000 1.244580467396386e+06
3.21250 1.261997725750710e+06
3.22500 1.277274546002531e+06
3.23750 1.293858200911803e+06
3.25000 1.311927657694298e+06
3.26250 1.331273455527734e+06
3.27500 1.350181143097417e+06
3.28750 1.362413749662605e+06
3.30000 1.369699804277499e+06
3.31250 1.378449685666741e+06
3.32500 1.390479707357850e+06
3.33750 1.406284760428972e+06
3.35000 1.422742928966096e+06
3.36250 1.430183645524582e+06
3.37500 1.432488985497916e+06
3.38750 1.439276626128435e+06
3.40000 1.452330221895752e+06
3.41250 1.470570401092140e+06
3.42500 1.493054126586014e+06
3.43750 1.518520498179957e+06
3.45000 1.545401592984553e+06
3.46250 1.574987674971591e+06
3.47500 1.607828546762276e+06
3.48750 1.647452889617498e+06
3.50000 1.704054732404638e+06
3.51250 1.781945852036168e+06
3.52500 1.869589579634198e+06
3.53750 1.970909089472894e+06
3.55000 2.180327173593062e+06
3.56250 2.355822694213567e+06
3.57500 2.388407595092337e+06
3.58750 2.449882435987577e+06
3.60000 2.550094425730922e+06
3.61250 2.615546978090764e+06
3.62500 2.711168570824488e+06
3.63750 2.743420981418055e+06
3.65000 2.786005547573016e+06
3.66250 2.925116161701254e+06
3.67500 3.000447239644389e+06
3.68750 3.139519548811696e+06
3.70000 3.450779040603233e+06
3.71250 3.574931312571299e+06
3.72500 4.020449312576782e+06
3.73750 4.230251967162697e+06
3.75000 3.483774447434655e+06
3.76250 3.168786127151269e+06
3.77500 3.109445960717738e+06
3.78750 3.013923237297654e+06
3.80000 2.955906287188943e+06
3.81250 2.833060924992901e+06
3.82500 2.638530348429575e+06
3.83750 2.558035135499157e+06
3.85000 2.479122313166811e+06
3.86250 2.387545049364785e+06
3.87500 2.283841466431664e+06
3.88750 2.174131206063502e+06
3.90000 2.065999316804367e+06
3.91250 1.965718655537614e+06
3.92500 1.876955294358785e+06
3.93750 1.800927491329125e+06
3.95000 1.737086583692143e+06
3.96250 1.683588435113700e+06
3.97500 1.638146401644044e+06
3.98750 1.599268386938135e+06
4.00000 1.566523670726297e+06
4.01250 1.539907267913621e+06
4.02500 1.519317928132392e+06
4.03750 1.504279164438767e+06
4.05000 1.493821376587993e+06
4.06250 1.486556634573721e+06
4.07500 1.481018781510232e+06
4.08750 1.476129226767543e+06
4.10000 1.471300970331805e+06
4.11250 1.465982758277325e+06
4.12500 1.459227200370226e+06
4.13750 1.449878814723945e+06
4.15000 1.437076013835202e+06
4.16250 1.420605917115173e+06
4.17500 1.401250042180127e+06
4.18750 1.380517301318160e+06
4.20000 1.359734139245483e+06
4.21250 1.339522211481987e+06
4.22500 1.319926121276519e+06
4.23750 1.301004936508449e+06
4.25000 1.282899533253409e+06
4.26250 1.265213421439278e+06
4.27500 1.247498829853443e+06
4.28750 1.229034580668042e+06
4.30000 1.208767316876165e+06
4.31250 1.188386014001408e+06
4.32500 1.171148907603102e+06
4.33750 1.158445851393587e+06
4.35000 1.149010651407586e+06
4.36250 1.140992588806900e+06
4.37500 1.138787601705456e+06
4.38750 1.143268529927911e+06
4.40000 1.145637874870696e+06
4.41250 1.147659361806310e+06
4.42500 1.151864140119107e+06
4.43750 1.161163423490317e+06
4.45000 1.179629823799156e+06
4.46250 1.191972600276594e+06
4.47500 1.207234705761127e+06
4.48750 1.225811357103331e+06
4.50000 1.272644605746792e+06
4.51250 1.366209669471992e+06
4.52500 1.563287209269472e+06
4.53750 1.581293861914366e+06
4.55000 1.373564818847081e+06
4.56250 1.308530896628719e+06
4.57500 1.254779522533515e+06
4.58750 1.214481886843235e+06
4.60000 1.185573487633973e+06
4.61250 1.162594419555596e+06
4.62500 1.140253621391976e+06
4.63750 1.120610023710340e+06
4.65000 1.105437234781846e+06
4.66250 1.093405890546166e+06
4.67500 1.083057883579409e+06
4.68750 1.073337766109972e+06
4.70000 1.063480574011008e+06
4.71250 1.053101344652793e+06
4.72500 1.042073142663606e+06
4.73750 1.030271657002327e+06
4.75000 1.017486437334981e+06
4.76250 1.003541012369707e+06
4.77500 9.884820903304189e+05
4.78750 9.726524606728364e+05
4.80000 9.565882151531393e+05
4.81250 9.408433459182100e+05
4.82500 9.258101059550237e+05
4.83750 9.116178541033230e+05
4.85000 8.982134766181310e+05
4.86250 8.855476463876698e+05
4.87500 8.736575768245728e+05
4.88750 8.625797432848263e+05
4.90000 8.522651479147628e+05
4.91250 8.426371580262625e+05
4.92500 8.336683512778619e+05
4.93750 8.253084644745091e+05
4.95000 8.173957076609778e+05
4.96250 8.097514280893517e+05
4.97500 8.023245675457554e+05
4.98750 7.951708935635478e+05
5.00000 7.883969786252932e+05
5.01250 7.822200068538614e+05
5.02500 7.769238584981280e+05
5.03750 7.725268113416521e+05
5.05000 7.686336200538212e+05
5.06250 7.650817318936192e+05
5.07500 7.623197927279844e+05
5.08750 7.609627118281849e+05
5.10000 7.618190417966950e+05
5.11250 7.667477916872894e+05
5.12500 7.770104359917134e+05
5.13750 7.744028507951885e+05
5.15000 7.652004198456140e+05
5.16250 7.557838088936268e+05
5.17500 7.471210513305129e+05
5.18750 7.400067740647518e+05
5.20000 7.339626125386381e+05
5.21250 7.287175800179488e+05
5.22500 7.243546404896453e+05
5.23750 7.209797414505654e+05
5.25000 7.186520057634973e+05
5.26250 7.172635091008173e+05
5.27500 7.163538283461687e+05
5.28750 7.147031388843162e+05
5.30000 7.101101196901477e+05
5.31250 7.019276468652877e+05
5.32500 6.922833675059236e+05
5.33750 6.829619449390784e+05
5.35000 6.738957351546707e+05
5.36250 6.641430845941056e+05
5.37500 6.549151996200609e+05
5.38750 6.473558412951481e+05
5.40000 6.401652085278181e+05
5.41250 6.313742853289157e+05
5.42500 6.218929367099985e+05
5.43750 6.132485163378797e+05
5.45000 6.056279965620880e+05
5.46250 5.987063958725025e+05
5.47500 5.921409953526453e+05
5.48750 5.856929059159965e+05
5.50000 5.792513874468576e+05
5.51250 5.728998644615007e+05
5.52500 5.670070572796616e+05
5.53750 5.621387210445526e+05
5.55000 5.590757622252085e+05
5.56250 5.583151116979815e+05
5.57500 5.556105617041899e+05
5.58750 5.503378936971328e+05
5.60000 5.446880565347075e+05
5.61250 5.383161261232357e+05
5.62500 5.320590002969721e+05
5.63750 5.264241654094944e+05
5.65000 5.213606346249890e+05
5.66250 5.162988975893104e+05
5.67500 5.104051960762477e+05
5.68750 5.033002033380126e+05
5.70000 4.953518320293308e+05
5.71250 4.872454242054825e+05
5.72500 4.795564560959531e+05
5.73750 4.726221414042303e+05
5.75000 4.665653192124112e+05
5.76250 4.613517787377515e+05
5.77500 4.568562970024908e+05
5.78750 4.529164598453591e+05
5.80000 4.493663114371113e+05
5.81250 4.460881964589375e+05
5.82500 4.430715884546306e+05
5.83750 4.403900759861470e+05
5.85000 4.381137534479524e+05
5.86250 4.362532692181070e+05
5.87500 4.347490030915645e+05
5.88750 4.334817626604486e+05
5.90000 4.323101586570125e+05
5.91250 4.311297997122237e+05
5.92500 4.299007181738724e+05
5.93750 4.286172029343342e+05
5.95000 4.272652583336591e+05
5.96250 4.258139075272120e+05
5.97500 4.242511504252020e+05
5.98750 4.226117186552434e+05
6.00000 4.209422838327556e+05
6.01250 4.192494470942073e+05
6.02500 4.174890305975850e+05
6.03750 4.155895680196206e+05
6.05000 4.134841580530085e+05
6.06250 4.111375195666184e+05
6.07500 4.085401445182375e+05
6.08750 4.056861433437150e+05
6.10000 4.025734038656889e+05
6.11250 3.991858853187551e+05
6.12500 3.955838901714251e+05
6.13750 3.918174564069507e+05
6.15000 3.877808327848936e+05
6.16250 3.836981396110921e+05
6.17500 3.795105195506071e+05
6.18750 3.752206891294607e+05
6.20000 3.708462811698776e+05
6.21250 3.664165822204117e+05
6.22500 3.619701175272301e+05
6.23750 3.575513966774693e+05
6.25000 3.532059509498095e+05
6.26250 3.489748127856303e+05
6.27500 3.448905726532858e+05
6.28750 3.409752079102948e+05
6.30000 3.372379736800111e+05
6.31250 3.336725287734663e+05
6.32500 3.302553005043152e+05
6.33750 3.269493215281296e+05
6.35000 3.237165527508968e+05
6.36250 3.205348140612270e+05
6.37500 3.174079954050370e+05
6.38750 3.143618284336220e+05
6.40000 3.114302365488957e+05
6.41250 3.086426046442019e+05
6.42500 3.060170915094290e+05
6.43750 3.035593525859895e+05
6.45000 3.012635222513807e+05
6.46250 2.991157336283718e+05
6.47500 2.971033225478714e+05
6.48750 2.952252076517549e+05
6.50000 2.934938981664765e+05
6.51250 2.919265590533709e+05
6.52500 2.905323828980539e+05
6.53750 2.893064139540234e+05
6.55000 2.882370209266216e+05
6.56250 2.873268093334318e+05
6.57500 2.866161051997249e+05
6.58750 2.861998936717196e+05
6.60000 2.862522024877154e+05
6.61250 2.870816198925110e+05
6.62500 2.891585248493605e+05
6.63750 2.925246593942721e+05
6.65000 2.943157186925270e+05
6.66250 2.918106756778987e+05
6.67500 2.889349282511868e+05
6.68750 2.877264094153822e+05
6.70000 2.878107582182961e+05
6.71250 2.887205498553568e+05
6.72500 2.900598257691062e+05
6.73750 2.912827134278893e+05
6.75000 2.917700409274730e+05
6.76250 2.912904276206893e+05
6.77500 2.902186141875823e+05
6.78750 2.891081019044517e+05
6.80000 2.882385526052666e+05
6.81250 2.875894306230135e+05
6.82500 2.870104366851620e+05
6.83750 2.863543423826626e+05
6.85000 2.855409912070773e+05
6.86250 2.845899310759173e+05
6.87500 2.835888850021985e+05
6.88750 2.825567935714584e+05
6.90000 2.813314767470067e+05
6.91250 2.796793139278404e+05
6.92500 2.775574157109925e+05
6.93750 2.751540068466001e+05
6.95000 2.726991730976636e+05
6.96250 2.703544697364456e+05
6.97500 2.682006486506055e+05
6.98750 2.662309581532766e+05
7.00000 2.643709294076810e+05
7.01250 2.625590564774483e+05
7.02500 2.608129176914209e+05
7.03750 2.591821808387284e+05
7.05000 2.576343106547607e+05
7.06250 2.559940047516327e+05
7.07500 2.540325513659769e+05
7.08750 2.516788003791947e+05
7.10000 2.491116288040300e+05
7.11250 2.466501499014567e+05
7.12500 2.446530271193383e+05
7.13750 2.437357628364567e+05
7.15000 2.475434215011461e+05
7.16250 2.502396838434729e+05
7.17500 2.418067815552150e+05
7.18750 2.402470859725011e+05
7.20000 2.394083693055500e+05
7.21250 2.380705143654516e+05
7.22500 2.363688620854363e+05
7.23750 2.344974001845944e+05
7.25000 2.325558880260881e+05
7.26250 2.308170190161696e+05
7.27500 2.293863730114385e+05
7.28750 2.281763545382066e+05
7.30000 2.269443574286945e+05
7.31250 2.256701481363506e+05
7.32500 2.245676175123942e+05
7.33750 2.236376400463165e+05
7.35000 2.228597029391973e+05
7.36250 2.220637907711359e+05
7.37500 2.209302119851017e+05
7.38750 2.198655766852964e+05
7.40000 2.190780198526784e+05
7.41250 2.184894046336551e+05
7.42500 2.178501359438373e+05
7.43750 2.169834398563775e+05
7.45000 2.161072402765499e+05
7.46250 2.154324409021924e+05
7.47500 2.150304832099780e+05
7.48750 2.148419688048112e+05
7.50000 2.147505319584663e+05
7.51250 2.145252872272278e+05
7.52500 2.136550893122065e+05
7.53750 2.122732966525903e+05
7.55000 2.109616288475937e+05
7.56250 2.097937422720782e+05
7.57500 2.088557161910186e+05
7.58750 2.083097304318353e+05
7.60000 2.083409166503006e+05
7.61250 2.088329554756001e+05
7.62500 2.080763725035739e+05
7.63750 2.074612967004700e+05
7.65000 2.110043963307242e+05
7.66250 2.081320809406058e+05
7.67500 2.075669739417016e+05
7.68750 2.053220366182788e+05
7.70000 2.041545774051051e+05
7.71250 2.012712242049804e+05
7.72500 1.990981676484085e+05
7.73750 1.973897145317172e+05
7.75000 1.961543131260722e+05
7.76250 1.950814130394188e+05
7.77500 1.941742259140154e+05
7.78750 1.934153993773555e+05
7.80000 1.927250396131446e+05
7.81250 1.919680937298841e+05
7.82500 1.909898768322371e+05
7.83750 1.897617465731367e+05
7.85000 1.884268100228141e+05
7.86250 1.870577520754488e+05
7.87500 1.856310741842334e+05
7.88750 1.841239504110851e+05
7.90000 1.825549894011557e+05
7.91250 1.809729850892870e+05
7.92500 1.794309966217894e+05
7.93750 1.779720728000247e+05
7.95000 1.766286310446733e+05
7.96250 1.754220957473936e+05
7.97500 1.743656258420869e+05
7.98750 1.734621407053989e+05
8.00000 1.727011841120228e+05
8.01250 1.720616966454777e+05
8.02500 1.715171733114137e+05
8.03750 1.710441517376604e+05
8.05000 1.706258584512287e+05
8.06250 1.702553144041124e+05
8.07500 1.699231946053318e+05
8.08750 1.696075922919198e+05
8.10000 1.692843539342037e+05
8.11250 1.689616542242013e+05
8.12500 1.686581995049203e+05
8.13750 1.683749658688189e+05
8.15000 1.681024042912174e+05
8.16250 1.678284600754899e+05
8.17500 1.675393278990876e+05
8.18750 1.672193838218754e+05
8.20000 1.668619671412338e+05
8.21250 1.664881793933612e+05
8.22500 1.661267289377293e+05
8.23750 1.657817679151179e+05
8.25000 1.654354183704467e+05
8.26250 1.650922782225424e+05
8.27500 1.647726169461379e+05
8.28750 1.644804507963610e+05
8.30000 1.641749053589841e+05
8.31250 1.637855181547512e+05
8.32500 1.634023007042900e+05
8.33750 1.632231320828767e+05
8.35000 1.625727680432523e+05
8.36250 1.620729509005955e+05
8.37500 1.613901094534640e+05
8.38750 1.607908529974950e+05
8.40000 1.602855160298848e+05
8.41250 1.597564058648438e+05
8.42500 1.593332880640345e+05
8.43750 1.591381738459209e+05
8.45000 1.591267056900811e+05
8.46250 1.580827786814890e+05
8.47500 1.567868882561311e+05
8.48750 1.556673876788298e+05
8.50000 1.546331580176658e+05
8.51250 1.536307332415168e+05
8.52500 1.526257593393126e+05
8.53750 1.516036958072829e+05
8.55000 1.505428044178660e+05
8.56250 1.494821155257131e+05
8.57500 1.484599034295246e+05
8.58750 1.474729456915137e+05
8.60000 1.465075981412084e+05
8.61250 1.455379694680033e+05
8.62500 1.445509258950756e+05
8.63750 1.435649950060605e+05
8.65000 1.425845798879848e+05
8.66250 1.416317287589195e+05
8.67500 1.408470271987630e+05
8.68750 1.405684222389892e+05
8.70000 1.395261988786856e+05
8.71250 1.382816223646177e+05
8.72500 1.374522637967385e+05
8.73750 1.367808529773631e+05
8.75000 1.362008617910792e+05
8.76250 1.356875627329101e+05
8.77500 1.352264862531766e+05
8.78750 1.348078246591236e+05
8.80000 1.344262266085006e+05
8.81250 1.340843729592570e+05
8.82500 1.337384743547258e+05
8.83750 1.333393450544644e+05
8.85000 1.329360333667620e+05
8.86250 1.325238946638247e+05
8.87500 1.321133353141023e+05
8.88750 1.317144738615793e+05
8.90000 1.313215682933599e+05
8.91250 1.309236471112158e+05
8.92500 1.305145294063003e+05
8.93750 1.300967534239112e+05
8.95000 1.296865172041749e+05
8.96250 1.292980833474089e+05
8.97500 1.289227052374536e+05
8.98750 1.285464395063108e+05
9.00000 1.281875485997575e+05
9.01250 1.278596078545512e+05
9.02500 1.275674476312633e+05
9.03750 1.273189126842121e+05
9.05000 1.271204082299618e+05
9.06250 1.269736682389881e+05
9.07500 1.268721454491645e+05
9.08750 1.267986031583509e+05
9.10000 1.267339012352749e+05
9.11250 1.266606035502196e+05
9.12500 1.265782941905213e+05
9.13750 1.264974158362189e+05
9.15000 1.264110942850665e+05
9.16250 1.263056964454136e+05
9.17500 1.261759543734870e+05
9.18750 1.260231636720558e+05
9.20000 1.258488885125000e+05
9.21250 1.256537304435731e+05
9.22500 1.254388969288207e+05
9.23750 1.252044612575753e+05
9.25000 1.249476571061139e+05
9.26250 1.246637566056487e+05
9.27500 1.243476940798848e+05
9.28750 1.239956342377802e+05
9.30000 1.236063889533043e+05
9.31250 1.231817875434044e+05
9.32500 1.227243060670478e+05
9.33750 1.222350661650605e+05
9.35000 1.217161124747995e+05
9.36250 1.211729795641205e+05
9.37500 1.206135790343071e+05
9.38750 1.200455590281243e+05
9.40000 1.194731813432895e+05
9.41250 1.188960436834568e+05
9.42500 1.183161854265535e+05
9.43750 1.177454126298483e+05
9.45000 1.171970902136667e+05
9.46250 1.166766935592117e+05
9.47500 1.161816752806001e+05
9.48750 1.157053800653965e+05
9.50000 1.152434353855304e+05
9.51250 1.147995743322052e+05
9.52500 1.143843691254976e+05
9.53750 1.140088943817914e+05
9.55000 1.136832690117899e+05
9.56250 1.134263495490381e+05
9.57500 1.132706838222239e+05
9.58750 1.131602318860853e+05
9.60000 1.128893016053707e+05
9.61250 1.126504161867851e+05
9.62500 1.123510415934396e+05
9.63750 1.120578528495052e+05
9.65000 1.118838544500607e+05
9.66250 1.117649737181751e+05
9.67500 1.116062641285282e+05
9.68750 1.113892361218223e+05
9.70000 1.112047216893861e+05
9.71250 1.110637792347845e+05
9.72500 1.109607042115929e+05
9.73750 1.108888414432618e+05
9.75000 1.108441931248775e+05
9.76250 1.108241036375194e+05
9.77500 1.108253692373763e+05
9.78750 1.108438685819847e+05
9.80000 1.108754081620293e+05
9.81250 1.109171473345784e+05
9.82500 1.109700677088114e+05
9.83750 1.110423603242392e+05
9.85000 1.111549246997451e+05
9.86250 1.112883038209134e+05
9.87500 1.113525873362762e+05
9.88750 1.114015541815242e+05
9.90000 1.114806640175220e+05
9.91250 1.115802884510520e+05
9.92500 1.116832775642733e+05
9.93750 1.117796142403278e+05
9.95000 1.118647965451387e+05
9.96250 1.119379793332314e+05
9.97500 1.119993008824823e+05
9.98750 1.120478688358137e+05
10.00000 1.120801325653386e+05
