0.00001 3.196248244124232e-07
0.01250 4.994262775483844e-01
0.02500 1.997854995872802e+00
0.03750 4.495735907546248e+00
0.05000 7.993818918750930e+00
0.06250 1.249315456750519e+01
0.07500 1.799509469395284e+01
0.08750 2.450129330349008e+01
0.10000 3.201370762372554e+01
0.11250 4.053459935649914e+01
0.12500 5.006653612640780e+01
0.13750 6.061239312752007e+01
0.15000 7.217535497019507e+01
0.16250 8.475891773015634e+01
0.17500 9.836689120221563e+01
0.18750 1.130034013612761e+02
0.20000 1.286728930335257e+02
0.21250 1.453801327809362e+02
0.22500 1.631302120025038e+02
0.23750 1.819285502558882e+02
0.25000 2.017808988034024e+02
0.26250 2.226933443866123e+02
0.27500 2.446723132340351e+02
0.28750 2.677245753067927e+02
0.30000 2.918572487873425e+02
0.31250 3.170778048167501e+02
0.32500 3.433940724862790e+02
0.33750 3.708142440894398e+02
0.35000 3.993468806409690e+02
0.36250 4.290009176696040e+02
0.37500 4.597856712918548e+02
0.38750 4.917108445744694e+02
0.40000 5.247865341935145e+02
0.41250 5.590232373986845e+02
0.42500 5.944318592916258e+02
0.43750 6.310237204277414e+02
0.45000 6.688105647512757e+02
0.46250 7.078045678741375e+02
0.47500 7.480183457092237e+02
0.48750 7.894649634698479e+02
0.50000 8.321579450471754e+02
0.51250 8.761112827783770e+02
0.52500 9.213394476187074e+02
0.53750 9.678573997314903e+02
0.55000 1.015680599510565e+03
0.56250 1.064825019050583e+03
0.57500 1.115307154081257e+03
0.58750 1.167144036382444e+03
0.60000 1.220353246697861e+03
0.61250 1.274952928166030e+03
0.62500 1.330961800287947e+03
0.63750 1.388399173452179e+03
0.65000 1.447284964038826e+03
0.66250 1.507639710124939e+03
0.67500 1.569484587815378e+03
0.68750 1.632841428223809e+03
0.70000 1.697732735130401e+03
0.71250 1.764181703343452e+03
0.72500 1.832212237794231e+03
0.73750 1.901848973395260e+03
0.75000 1.973117295694169e+03
0.76250 2.046043362356823e+03
0.77500 2.120654125515007e+03
0.78750 2.196977355016041e+03
0.80000 2.275041662613531e+03
0.81250 2.354876527140381e+03
0.82500 2.436512320707810e+03
0.83750 2.519980335975735e+03
0.85000 2.605312814543107e+03
0.86250 2.692542976508768e+03
0.87500 2.781705051256430e+03
0.88750 2.872834309520303e+03
0.90000 2.965967096790778e+03
0.91250 3.061140868123206e+03
0.92500 3.158394224415805e+03
0.93750 3.257766950227033e+03
0.95000 3.359300053206086e+03
0.96250 3.463035805214894e+03
0.97500 3.569017785223911e+03
0.98750 3.677290924069324e+03
1.00000 3.787901551163854e+03
1.01250 3.900897443258702e+03
1.02500 4.016327875360693e+03
1.03750 4.134243673913155e+03
1.05000 4.254697272357802e+03
1.06250 4.377742769199442e+03
1.07500 4.503435988704818e+03
1.08750 4.631834544373394e+03
1.10000 4.762997905327226e+03
1.11250 4.896987465775363e+03
1.12500 5.033866617719026e+03
1.13750 5.173700827072828e+03
1.15000 5.316557713389348e+03
1.16250 5.462507133386292e+03
1.17500 5.611621268487744e+03
1.18750 5.763974716604842e+03
1.20000 5.919644588396748e+03
1.21250 6.078710608266967e+03
1.22500 6.241255220369116e+03
1.23750 6.407363699912578e+03
1.25000 6.577124270079857e+03
1.26250 6.750628224887106e+03
1.27500 6.927970058343698e+03
1.28750 7.109247600289976e+03
1.30000 7.294562159319971e+03
1.31250 7.484018673223949e+03
1.32500 7.677725867416813e+03
1.33750 7.875796421852574e+03
1.35000 8.078347146960259e+03
1.36250 8.285499169176834e+03
1.37500 8.497378126695643e+03
1.38750 8.714114376093972e+03
1.40000 8.935843210554382e+03
1.41250 9.162705090448895e+03
1.42500 9.394845887114461e+03
1.43750 9.632417140712061e+03
1.45000 9.875576333132753e+03
1.46250 1.012448717699041e+04
1.47500 1.037931992182368e+04
1.48750 1.064025167872253e+04
1.50000 1.090746676469198e+04
1.51250 1.118115706817786e+04
1.52500 1.146152243729464e+04
1.53750 1.174877109243144e+04
1.55000 1.204312006505032e+04
1.56250 1.234479566465306e+04
1.57500 1.265403397606351e+04
1.58750 1.297108138936415e+04
1.60000 1.329619516503510e+04
1.61250 1.362964403707646e+04
1.62500 1.397170885715020e+04
1.63750 1.432268328305976e+04
1.65000 1.468287451520159e+04
1.66250 1.505260408496611e+04
1.67500 1.543220869945321e+04
1.68750 1.582204114729476e+04
1.70000 1.622247127085146e+04
1.71250 1.663388701058370e+04
1.72500 1.705669552798303e+04
1.73750 1.749132441411946e+04
1.75000 1.793822299158964e+04
1.76250 1.839786371848638e+04
1.77500 1.887074370393794e+04
1.78750 1.935738634580667e+04
1.80000 1.985834310231962e+04
1.81250 2.037419541072506e+04
1.82500 2.090555676757069e+04
1.83750 2.145307498689563e+04
1.85000 2.201743465455356e+04
1.86250 2.259935979906693e+04
1.87500 2.319961680190527e+04
1.88750 2.381901757291659e+04
1.90000 2.445842301988653e+04
1.91250 2.511874684491853e+04
1.92500 2.580095970459496e+04
1.93750 2.650609377579654e+04
1.95000 2.723524777471991e+04
1.96250 2.798959248319636e+04
1.97500 2.877037684401131e+04
1.98750 2.957893469577379e+04
2.00000 3.041669222818427e+04
2.01250 3.128517625061860e+04
2.02500 3.218602338108578e+04
2.03750 3.312099027926415e+04
2.05000 3.409196506698024e+04
2.06250 3.510098010278876e+04
2.07500 3.615022630500715e+04
2.08750 3.724206925062300e+04
2.10000 3.837906731712555e+04
2.11250 3.956399218199831e+04
2.12500 4.079985205225982e+04
2.13750 4.208991806644806e+04
2.15000 4.343775439685495e+04
2.16250 4.484725268460892e+04
2.17500 4.632267156938789e+04
2.18750 4.786868223578772e+04
2.20000 4.949042109831105e+04
2.21250 5.119355099803099e+04
2.22500 5.298433260146184e+04
2.23750 5.486970809658350e+04
2.25000 5.685739980009116e+04
2.26250 5.895602696201330e+04
2.27500 6.117524493175879e+04
2.28750 6.352591200769701e+04
2.30000 6.602029083625534e+04
2.31250 6.867229330846437e+04
2.32500 7.149778074524786e+04
2.33750 7.451493510008890e+04
2.35000 7.774472244476085e+04
2.36250 8.121147792562688e+04
2.37500 8.494365293462414e+04
2.38750 8.897478247728424e+04
2.40000 9.334475710518750e+04
2.41250 9.810152541245613e+04
2.42500 1.033034212336380e+05
2.43750 1.090224263345480e+05
2.45000 1.153488907934547e+05
2.46250 1.223986457720694e+05
2.47500 1.303243318179561e+05
2.48750 1.393349571872645e+05
2.50000 1.497342402019107e+05
2.51250 1.620139601056707e+05
2.52500 1.771901625232791e+05
2.53750 1.992497314256034e+05
2.55000 2.368441857899740e+05
2.56250 2.529940500077785e+05
2.57500 2.996450355201702e+05
2.58750 3.533732614415791e+05
2.60000 4.011416589229140e+05
2.61250 4.310262013593521e+05
2.62500 5.225596234828202e+05
2.63750 7.435855808698871e+05
2.65000 7.517315868030946e+05
2.66250 8.085982277289981e+05
2.67500 8.975956501307890e+05
2.68750 9.572875300728428e+05
2.70000 9.381332248625903e+05
2.71250 8.900443485233220e+05
2.72500 8.629760505379024e+05
2.73750 8.510954340315041e+05
2.75000 8.443087842738860e+05
2.76250 8.417983467485884e+05
2.77500 8.542986806350154e+05
2.78750 8.822773767179761e+05
2.80000 9.106570174562164e+05
2.81250 9.359355405260434e+05
2.82500 9.709169434734242e+05
2.83750 9.992390258335422e+05
2.85000 1.014113353634287e+06
2.86250 1.019220982923076e+06
2.87500 1.019558804553912e+06
2.88750 1.027648914304264e+06
2.90000 1.046581806864100e+06
2.91250 1.058503419406927e+06
2.92500 1.045891012030320e+06
2.93750 1.038167628326396e+06
2.95000 1.044713050694713e+06
2.96250 1.048847592681362e+06
2.97500 1.054520392187230e+06
2.98750 1.069891983345660e+06
3.00000 1.086305192452303e+06
3.01250 1.084719523252747e+06
3.02500 1.089984472694513e+06
3.03750 1.108125536093607e+06
3.05000 1.113370421122911e+06
3.06250 1.109565009737484e+06
3.07500 1.117422991730290e+06
3.08750 1.134408628356464e+06
3.10000 1.146121746006112e+06
3.11250 1.147911683614917e+06
3.12500 1.149954498029137e+06
3.13750 1.165633552775184e+06
3.15000 1.176765262844093e+06
3.16250 1.183952062477378e+06
3.17500 1.198756142715374e+06
3.18750 1.220159406442897e+06
3.20000 1.244406548162457e+06
3.21250 1.261782511457931e+06
3.22500 1.277032157588482e+06
3.23750 1.293624443432545e+06
3.25000 1.311731924798782e+06
3.26250 1.331129917732866e+06
3.27500 1.350082106693402e+06
3.28750 1.362336197782918e+06
3.30000 1.369649835733204e+06
3.31250 1.378425156090625e+06
3.32500 1.390472520727574e+06
3.33750 1.406288336725055e+06
3.35000 1.422750248103984e+06
3.36250 1.430192251209021e+06
3.37500 1.432500107948854e+06
3.38750 1.439288832534867e+06
3.40000 1.452343544459483e+06
3.41250 1.470586135930483e+06
3.42500 1.493074178274086e+06
3.43750 1.518546544601432e+06
3.45000 1.545435783493080e+06
3.46250 1.575033489154180e+06
3.47500 1.607888216715042e+06
3.48750 1.647527684018968e+06
3.50000 1.704145292654622e+06
3.51250 1.782049798002067e+06
3.52500 1.869698873396077e+06
3.53750 1.971008856618132e+06
3.55000 2.180428140697568e+06
3.56250 2.355941638989856e+06
3.57500 2.388514058925191e+06
3.58750 2.449995786569097e+06
3.60000 2.550156353235699e+06
3.61250 2.615592485202846e+06
3.62500 2.711258642394037e+06
3.63750 2.743484730126957e+06
3.65000 2.786113507172911e+06
3.66250 2.925217099254389e+06
3.67500 3.000552884476256e+06
3.68750 3.139625676314483e+06
3.70000 3.450892634712182e+06
3.71250 3.575026643972390e+06
3.72500 4.020543157168278e+06
3.73750 4.230309388975941e+06
3.75000 3.483827271371593e+06
3.76250 3.168830411243298e+06
3.77500 3.109455896628509e+06
3.78750 3.013965052597056e+06
3.80000 2.955961563958466e+06
3.81250 2.833096002447206e+06
3.82500 2.638560717807882e+06
3.83750 2.558061022249932e+06
3.85000 2.479143646517982e+06
3.86250 2.387561657909603e+06
3.87500 2.283853235046143e+06
3.88750 2.174138173939431e+06
3.90000 2.066001646841657e+06
3.91250 1.965716562447084e+06
3.92500 1.876949031131279e+06
3.93750 1.800917350465563e+06
3.95000 1.737073000358277e+06
3.96250 1.683571941256242e+06
3.97500 1.638126435401878e+06
3.98750 1.599242828309359e+06
4.00000 1.566490558584239e+06
4.01250 1.539865627745078e+06
4.02500 1.519267548510252e+06
4.03750 1.504220447903777e+06
4.05000 1.493755304270545e+06
4.06250 1.486484679537526e+06
4.07500 1.480942800033557e+06
4.08750 1.476051393977189e+06
4.10000 1.471223663540859e+06
4.11250 1.465908302697209e+06
4.12500 1.459157690243625e+06
4.13750 1.449816316333006e+06
4.15000 1.437022903649613e+06
4.16250 1.420564836950514e+06
4.17500 1.401223688531578e+06
4.18750 1.380508236362091e+06
4.20000 1.359744140757316e+06
4.21250 1.339550885431086e+06
4.22500 1.319969705575626e+06
4.23750 1.301057231557858e+06
4.25000 1.282955150782759e+06
4.26250 1.265270221839510e+06
4.27500 1.247557517381924e+06
4.28750 1.229097090720859e+06
4.30000 1.208835493245138e+06
4.31250 1.188461328613696e+06
4.32500 1.171232343513004e+06
4.33750 1.158537457333518e+06
4.35000 1.149109083189290e+06
4.36250 1.141093228436648e+06
4.37500 1.138879782864858e+06
4.38750 1.143331560913340e+06
4.40000 1.145631370547133e+06
4.41250 1.147509953485838e+06
4.42500 1.151456040789076e+06
4.43750 1.160384442166431e+06
4.45000 1.178638857448297e+06
4.46250 1.191243241779320e+06
4.47500 1.206865988128890e+06
4.48750 1.225685535339503e+06
4.50000 1.272657731098149e+06
4.51250 1.366290213240044e+06
4.52500 1.563193768113146e+06
4.53750 1.581400498684350e+06
4.55000 1.373668112301083e+06
4.56250 1.308618607497808e+06
4.57500 1.254855457343022e+06
4.58750 1.214547291897882e+06
4.60000 1.185629184247711e+06
4.61250 1.162641177590068e+06
4.62500 1.140291934714991e+06
4.63750 1.120640944967005e+06
4.65000 1.105461970458331e+06
4.66250 1.093425680205115e+06
4.67500 1.083074050950422e+06
4.68750 1.073351631867530e+06
4.70000 1.063493324834601e+06
4.71250 1.053113916990841e+06
4.72500 1.042086159992477e+06
4.73750 1.030285441506877e+06
4.75000 1.017501087725803e+06
4.76250 1.003556506539401e+06
4.77500 9.884983567202227e+05
4.78750 9.726694160543651e+05
4.80000 9.566057902194475e+05
4.81250 9.408614638311291e+05
4.82500 9.258286373473135e+05
4.83750 9.116366263477147e+05
4.85000 8.982323248900878e+05
4.86250 8.855664537789921e+05
4.87500 8.736762854111205e+05
4.88750 8.625983455824507e+05
4.90000 8.522836683952539e+05
4.91250 8.426556293474019e+05
4.92500 8.336868017870979e+05
4.93750 8.253269234023199e+05
4.95000 8.174141945499718e+05
4.96250 8.097699197017725e+05
4.97500 8.023429875683133e+05
4.98750 7.951891182223447e+05
5.00000 7.884148435460937e+05
5.01250 7.822373679959474e+05
5.02500 7.769406631699877e+05
5.03750 7.725430748519287e+05
5.05000 7.686493384882227e+05
5.06250 7.650968663242415e+05
5.07500 7.623342999604202e+05
5.08750 7.609764822500857e+05
5.10000 7.618317750052019e+05
5.11250 7.667589378132434e+05
5.12500 7.770210156262321e+05
5.13750 7.744127569300585e+05
5.15000 7.652087779491390e+05
5.16250 7.557917704958918e+05
5.17500 7.471278614609633e+05
5.18750 7.400119643022829e+05
5.20000 7.339660541340354e+05
5.21250 7.287191783739185e+05
5.22500 7.243542602679741e+05
5.23750 7.209772201635909e+05
5.25000 7.186472130226077e+05
5.26250 7.172564044709634e+05
5.27500 7.163446171957236e+05
5.28750 7.146924225544014e+05
5.30000 7.100981740888354e+05
5.31250 7.019139778226232e+05
5.32500 6.922679608831558e+05
5.33750 6.829456360123288e+05
5.35000 6.738798770898123e+05
5.36250 6.641273680048513e+05
5.37500 6.548986055671235e+05
5.38750 6.473387541268269e+05
5.40000 6.401484773080210e+05
5.41250 6.313580080644381e+05
5.42500 6.218767485850118e+05
5.43750 6.132324711561317e+05
5.45000 6.056123487773249e+05
5.46250 5.986914061610303e+05
5.47500 5.921269073976321e+05
5.48750 5.856799448708841e+05
5.50000 5.792397463065616e+05
5.51250 5.728896926512959e+05
5.52500 5.669984698483138e+05
5.53750 5.621318001786160e+05
5.55000 5.590705545623621e+05
5.56250 5.583117136941866e+05
5.57500 5.556088894787857e+05
5.58750 5.503377851162660e+05
5.60000 5.446893721849798e+05
5.61250 5.383187365148695e+05
5.62500 5.320628138220863e+05
5.63750 5.264290804539673e+05
5.65000 5.213665341672087e+05
5.66250 5.163056416974699e+05
5.67500 5.104126155662477e+05
5.68750 5.033081228035601e+05
5.70000 4.953601089747433e+05
5.71250 4.872539583434627e+05
5.72500 4.795651708085156e+05
5.73750 4.726309661808714e+05
5.75000 4.665741805907324e+05
5.76250 4.613605983922295e+05
5.77500 4.568649942192162e+05
5.78750 4.529249522588452e+05
5.80000 4.493745120374879e+05
5.81250 4.460960112595095e+05
5.82500 4.430789169367613e+05
5.83750 4.403968115538823e+05
5.85000 4.381197828312700e+05
5.86250 4.362584726644621e+05
5.87500 4.347532565317085e+05
5.88750 4.334849408900344e+05
5.90000 4.323121366437852e+05
5.91250 4.311304511599388e+05
5.92500 4.298999159440722e+05
5.93750 4.286148247986585e+05
5.95000 4.272611963115275e+05
5.96250 4.258080781399543e+05
5.97500 4.242435025754492e+05
5.98750 4.226022373500526e+05
6.00000 4.209309931893998e+05
6.01250 4.192364142366333e+05
6.02500 4.174743673042565e+05
6.03750 4.155734284539401e+05
6.05000 4.134667345710302e+05
6.06250 4.111190390310427e+05
6.07500 4.085208626419363e+05
6.08750 4.056663378783782e+05
6.10000 4.025533659970869e+05
6.11250 3.991659091609832e+05
6.12500 3.955642667983400e+05
6.13750 3.917984778554399e+05
6.15000 3.877627704644150e+05
6.16250 3.836812281763176e+05
6.17500 3.794949589290156e+05
6.18750 3.752066380834479e+05
6.20000 3.708338538880846e+05
6.21250 3.664058474177183e+05
6.22500 3.619610998492906e+05
6.23750 3.575440798147246e+05
6.25000 3.532002822161157e+05
6.26250 3.489707090857798e+05
6.27500 3.448879275364744e+05
6.28750 3.409738991787162e+05
6.30000 3.372378708328530e+05
6.31250 3.336734995665654e+05
6.32500 3.302572161876229e+05
6.33750 3.269520606009866e+05
6.35000 3.237200031080594e+05
6.36250 3.205388734822555e+05
6.37500 3.174125708557289e+05
6.38750 3.143668351216631e+05
6.40000 3.114355973730508e+05
6.41250 3.086482500585980e+05
6.42500 3.060229598468325e+05
6.43750 3.035653909646928e+05
6.45000 3.012696868638449e+05
6.46250 2.991219879418399e+05
6.47500 2.971096340079354e+05
6.48750 2.952315448794847e+05
6.50000 2.935002302374074e+05
6.51250 2.919328563492571e+05
6.52500 2.905386176400438e+05
6.53750 2.893125595229996e+05
6.55000 2.882430509499428e+05
6.56250 2.873326981492222e+05
6.57500 2.866218301149737e+05
6.58750 2.862054390821386e+05
6.60000 2.862575681613519e+05
6.61250 2.870868379765043e+05
6.62500 2.891636660157142e+05
6.63750 2.925295324282660e+05
6.65000 2.943192503074477e+05
6.66250 2.918134048958384e+05
6.67500 2.889376045979433e+05
6.68750 2.877288604000036e+05
6.70000 2.878127958661151e+05
6.71250 2.887220888575506e+05
6.72500 2.900608660938322e+05
6.73750 2.912833495529943e+05
6.75000 2.917704179597706e+05
6.76250 2.912906284137053e+05
6.77500 2.902186218240756e+05
6.78750 2.891078804996919e+05
6.80000 2.882381115794964e+05
6.81250 2.875888239389813e+05
6.82500 2.870097409847230e+05
6.83750 2.863536342547295e+05
6.85000 2.855403281475485e+05
6.86250 2.845893534769041e+05
6.87500 2.835884379141869e+05
6.88750 2.825565327649544e+05
6.90000 2.813314477541712e+05
6.91250 2.796795346997819e+05
6.92500 2.775578866776436e+05
6.93750 2.751547244132204e+05
6.95000 2.727001271437560e+05
6.96250 2.703556399641614e+05
6.97500 2.682020064116626e+05
6.98750 2.662324688078834e+05
7.00000 2.643725537549648e+05
7.01250 2.625607531111488e+05
7.02500 2.608146453455072e+05
7.03750 2.591839021534743e+05
7.05000 2.576360024877379e+05
7.06250 2.559956690972260e+05
7.07500 2.540342057264147e+05
7.08750 2.516804469933825e+05
7.10000 2.491132437471419e+05
7.11250 2.466516986805629e+05
7.12500 2.446544752102112e+05
7.13750 2.437370678536722e+05
7.15000 2.475438506615876e+05
7.16250 2.502396800098736e+05
7.17500 2.418084169392980e+05
7.18750 2.402479993669445e+05
7.20000 2.394091096027194e+05
7.21250 2.380710726185506e+05
7.22500 2.363691376965736e+05
7.23750 2.344973344075720e+05
7.25000 2.325553121370605e+05
7.26250 2.308158326010788e+05
7.27500 2.293845610264983e+05
7.28750 2.281739074307338e+05
7.30000 2.269413520729317e+05
7.31250 2.256665851187599e+05
7.32500 2.245634922481608e+05
7.33750 2.236329508949111e+05
7.35000 2.228544771941887e+05
7.36250 2.220581413780550e+05
7.37500 2.209242106469650e+05
7.38750 2.198594021214529e+05
7.40000 2.190720862917870e+05
7.41250 2.184842728047511e+05
7.42500 2.178465741324707e+05
7.43750 2.169825522257473e+05
7.45000 2.161103850123651e+05
7.46250 2.154410765026985e+05
7.47500 2.150459679798346e+05
7.48750 2.148650978330660e+05
7.50000 2.147808569671037e+05
7.51250 2.145605089505532e+05
7.52500 2.136915116326747e+05
7.53750 2.123076983088262e+05
7.55000 2.109922142617941e+05
7.56250 2.098205908006429e+05
7.57500 2.088801866290999e+05
7.58750 2.083331952615030e+05
7.60000 2.083638429800098e+05
7.61250 2.088543253828282e+05
7.62500 2.080945579061297e+05
7.63750 2.074745368712848e+05
7.65000 2.110076808209390e+05
7.66250 2.081176733598348e+05
7.67500 2.075296792872266e+05
7.68750 2.052757304362357e+05
7.70000 2.041315611278742e+05
7.71250 2.012662928468301e+05
7.72500 1.991017348801914e+05
7.73750 1.973948089670278e+05
7.75000 1.961583858068776e+05
7.76250 1.950840686539397e+05
7.77500 1.941756609341515e+05
7.78750 1.934157361863093e+05
7.80000 1.927241421028497e+05
7.81250 1.919658045759884e+05
7.82500 1.909865927318858e+05
7.83750 1.897586614268983e+05
7.85000 1.884252891951706e+05
7.86250 1.870586346549692e+05
7.87500 1.856345958460383e+05
7.88750 1.841299698983943e+05
7.90000 1.825631410921683e+05
7.91250 1.809827121192989e+05
7.92500 1.794415646578005e+05
7.93750 1.779826845067327e+05
7.95000 1.766386822588429e+05
7.96250 1.754313135344549e+05
7.97500 1.743738308070308e+05
7.98750 1.734690581453619e+05
8.00000 1.727065705244169e+05
8.01250 1.720654734513946e+05
8.02500 1.715194299324619e+05
8.03750 1.710450836144290e+05
8.05000 1.706257339461701e+05
8.06250 1.702543877663432e+05
8.07500 1.699217047056624e+05
8.08750 1.696057438810465e+05
8.10000 1.692823116410501e+05
8.11250 1.689595429526391e+05
8.12500 1.686561132224391e+05
8.13750 1.683729808144839e+05
8.15000 1.681005910879298e+05
8.16250 1.678268918709308e+05
8.17500 1.675380807061461e+05
8.18750 1.672185274423206e+05
8.20000 1.668615512681492e+05
8.21250 1.664882222854545e+05
8.22500 1.661272101000959e+05
8.23750 1.657826235265069e+05
8.25000 1.654365462282045e+05
8.26250 1.650935530138069e+05
8.27500 1.647739177612966e+05
8.28750 1.644816873512441e+05
8.30000 1.641760277266451e+05
8.31250 1.637865157779383e+05
8.32500 1.634031771874157e+05
8.33750 1.632238862164468e+05
8.35000 1.625734563195791e+05
8.36250 1.620735383880564e+05
8.37500 1.613905825680605e+05
8.38750 1.607911829536241e+05
8.40000 1.602856550325731e+05
8.41250 1.597562835384698e+05
8.42500 1.593328360534901e+05
8.43750 1.591373109634560e+05
8.45000 1.591253529131523e+05
8.46250 1.580809771431442e+05
8.47500 1.567846036363887e+05
8.48750 1.556646390539022e+05
8.50000 1.546300835528344e+05
8.51250 1.536274735483096e+05
8.52500 1.526224762402423e+05
8.53750 1.516005807526830e+05
8.55000 1.505398782103414e+05
8.56250 1.494793213748706e+05
8.57500 1.484572444251512e+05
8.58750 1.474705207832566e+05
8.60000 1.465057756932533e+05
8.61250 1.455375597140477e+05
8.62500 1.445531058053880e+05
8.63750 1.435703370640472e+05
8.65000 1.425914336160247e+05
8.66250 1.416380881402390e+05
8.67500 1.408563037959175e+05
8.68750 1.405960847460674e+05
8.70000 1.395456118517640e+05
8.71250 1.382843998306549e+05
8.72500 1.374505302240243e+05
8.73750 1.367779194817470e+05
8.75000 1.361978411493260e+05
8.76250 1.356849727921199e+05
8.77500 1.352246581897402e+05
8.78750 1.348069424144694e+05
8.80000 1.344261280523491e+05
8.81250 1.340844141893197e+05
8.82500 1.337379685429629e+05
8.83750 1.333381652662484e+05
8.85000 1.329345147544305e+05
8.86250 1.325224357209623e+05
8.87500 1.321122377323823e+05
8.88750 1.317138243233745e+05
8.90000 1.313224506714014e+05
8.91250 1.309257785428240e+05
8.92500 1.305162400659242e+05
8.93750 1.300976741943173e+05
8.95000 1.296870338762884e+05
8.96250 1.292985669771139e+05
8.97500 1.289232920442878e+05
8.98750 1.285471006335102e+05
9.00000 1.281882333473623e+05
9.01250 1.278602687925471e+05
9.02500 1.275680308179288e+05
9.03750 1.273193626671152e+05
9.05000 1.271206742880314e+05
9.06250 1.269737080346518e+05
9.07500 1.268719265951376e+05
9.08750 1.267981020066211e+05
9.10000 1.267330974812823e+05
9.11250 1.266594774332700e+05
9.12500 1.265768398780915e+05
9.13750 1.264956531831057e+05
9.15000 1.264090624020548e+05
9.16250 1.263034448954021e+05
9.17500 1.261735373737778e+05
9.18750 1.260206345725460e+05
9.20000 1.258462933224539e+05
9.21250 1.256511005493230e+05
9.22500 1.254362427085931e+05
9.23750 1.252017684812867e+05
9.25000 1.249448871471619e+05
9.26250 1.246608528051452e+05
9.27500 1.243445965355420e+05
9.28750 1.239923031786814e+05
9.30000 1.236028325100572e+05
9.31250 1.231780844052638e+05
9.32500 1.227206112934915e+05
9.33750 1.222315912383124e+05
9.35000 1.217130815939630e+05
9.36250 1.211705793011637e+05
9.37500 1.206119231289164e+05
9.38750 1.200446791300850e+05
9.40000 1.194730397667135e+05
9.41250 1.188965574079341e+05
9.42500 1.183172499713855e+05
9.43750 1.177469173611859e+05
9.45000 1.171989260161951e+05
9.46250 1.166787560697205e+05
9.47500 1.161838638726380e+05
9.48750 1.157075927998070e+05
9.50000 1.152455606803856e+05
9.51250 1.148014806783823e+05
9.52500 1.143858939683172e+05
9.53750 1.140098330841021e+05
9.55000 1.136833652976683e+05
9.56250 1.134252776945708e+05
9.57500 1.132679573206610e+05
9.58750 1.131548106044844e+05
9.60000 1.128784044552540e+05
9.61250 1.126305005113022e+05
9.62500 1.123339510054584e+05
9.63750 1.120496151176484e+05
9.65000 1.118799740653502e+05
9.66250 1.117631003933336e+05
9.67500 1.116055053729350e+05
9.68750 1.113892454548712e+05
9.70000 1.112052770793012e+05
9.71250 1.110648131048955e+05
9.72500 1.109623246651018e+05
9.73750 1.108912985362102e+05
9.75000 1.108477867262524e+05
9.76250 1.108290170901216e+05
9.77500 1.108314327389042e+05
9.78750 1.108504385653614e+05
9.80000 1.108816224050369e+05
9.81250 1.109223994650710e+05
9.82500 1.109742161146954e+05
9.83750 1.110455817686984e+05
9.85000 1.111574917938567e+05
9.86250 1.112904591473667e+05
9.87500 1.113545095999431e+05
9.88750 1.114033479386681e+05
9.90000 1.114823860244283e+05
9.91250 1.115819719512046e+05
9.92500 1.116849336924852e+05
9.93750 1.117812413311513e+05
9.95000 1.118663894623184e+05
9.96250 1.119395375467643e+05
9.97500 1.120008298205622e+05
9.98750 1.120493731082678e+05
10.00000 1.120816083158064e+05
