0.00001 -2.153761004148703e+00
0.01250 -2.692231094577593e+03
0.02500 -5.384641235390552e+03
0.03750 -8.077409517533202e+03
0.05000 -1.077071513384899e+04
0.06250 -1.346473742388255e+04
0.07500 -1.615965592292504e+04
0.08750 -1.885565041118442e+04
0.10000 -2.155290096311191e+04
0.11250 -2.425158799691397e+04
0.12500 -2.695189232428741e+04
0.13750 -2.965399520040256e+04
0.15000 -3.235807837417160e+04
0.16250 -3.506432413883438e+04
0.17500 -3.777291538289224e+04
0.18750 -4.048403564142608e+04
0.20000 -4.319786914783114e+04
0.21250 -4.591460088600408e+04
0.22500 -4.863441664301539e+04
0.23750 -5.135750306230564e+04
0.25000 -5.408404769743915e+04
0.26250 -5.681423906645311e+04
0.27500 -5.954826670683997e+04
0.28750 -6.228632123120136e+04
0.30000 -6.502859438361361e+04
0.31250 -6.777527909674091e+04
0.32500 -7.052656954974496e+04
0.33750 -7.328266122702492e+04
0.35000 -7.604375097783562e+04
0.36250 -7.881003707682942e+04
0.37500 -8.158171928555776e+04
0.38750 -8.435899891499718e+04
0.40000 -8.714207888912516e+04
0.41250 -8.993116380961367e+04
0.42500 -9.272646002168256e+04
0.43750 -9.552817568116535e+04
0.45000 -9.833652082284351e+04
0.46250 -1.011517074301035e+05
0.47500 -1.039739495059756e+05
0.48750 -1.068034631456101e+05
0.50000 -1.096404666102585e+05
0.51250 -1.124851804028136e+05
0.52500 -1.153378273449845e+05
0.53750 -1.181986326561657e+05
0.55000 -1.210678240340762e+05
0.56250 -1.239456317372372e+05
0.57500 -1.268322886693671e+05
0.58750 -1.297280304657669e+05
0.60000 -1.326330955817870e+05
0.61250 -1.355477253834452e+05
0.62500 -1.384721642402951e+05
0.63750 -1.414066596206303e+05
0.65000 -1.443514621891218e+05
0.66250 -1.473068259069815e+05
0.67500 -1.502730081347573e+05
0.68750 -1.532502697378666e+05
0.70000 -1.562388751949770e+05
0.71250 -1.592390927093480e+05
0.72500 -1.622511943232571e+05
0.73750 -1.652754560356332e+05
0.75000 -1.683121579230219e+05
0.76250 -1.713615842640333e+05
0.77500 -1.744240236673944e+05
0.78750 -1.774997692037743e+05
0.80000 -1.805891185415138e+05
0.81250 -1.836923740864470e+05
0.82500 -1.868098431259601e+05
0.83750 -1.899418379774788e+05
0.85000 -1.930886761415546e+05
0.86250 -1.962506804597645e+05
0.87500 -1.994281792776031e+05
0.88750 -2.026215066125857e+05
0.90000 -2.058310023277997e+05
0.91250 -2.090570123111031e+05
0.92500 -2.122998886602489e+05
0.93750 -2.155599898741651e+05
0.95000 -2.188376810506727e+05
0.96250 -2.221333340908989e+05
0.97500 -2.254473279107287e+05
0.98750 -2.287800486595393e+05
1.00000 -2.321318899465932e+05
1.01250 -2.355032530754136e+05
1.02500 -2.388945472864969e+05
1.03750 -2.423061900087485e+05
1.05000 -2.457386071200256e+05
1.06250 -2.491922332172414e+05
1.07500 -2.526675118964092e+05
1.08750 -2.561648960431687e+05
1.10000 -2.596848481342086e+05
1.11250 -2.632278405501617e+05
1.12500 -2.667943559004784e+05
1.13750 -2.703848873608827e+05
1.15000 -2.739999390239859e+05
1.16250 -2.776400262637439e+05
1.17500 -2.813056761143847e+05
1.18750 -2.849974276645724e+05
1.20000 -2.887158324675363e+05
1.21250 -2.924614549679745e+05
1.22500 -2.962348729466046e+05
1.23750 -3.000366779832262e+05
1.25000 -3.038674759392859e+05
1.26250 -3.077278874609503e+05
1.27500 -3.116185485037430e+05
1.28750 -3.155401108799340e+05
1.30000 -3.194932428298447e+05
1.31250 -3.234786296184062e+05
1.32500 -3.274969741583135e+05
1.33750 -3.315489976612707e+05
1.35000 -3.356354403188371e+05
1.36250 -3.397570620145976e+05
1.37500 -3.439146430693682e+05
1.38750 -3.481089850213774e+05
1.40000 -3.523409114433993e+05
1.41250 -3.566112687990178e+05
1.42500 -3.609209273403165e+05
1.43750 -3.652707820494896e+05
1.45000 -3.696617536269290e+05
1.46250 -3.740947895287451e+05
1.47500 -3.785708650566199e+05
1.48750 -3.830909845033425e+05
1.50000 -3.876561823574630e+05
1.51250 -3.922675245708486e+05
1.52500 -3.969261098931588e+05
1.53750 -4.016330712775923e+05
1.55000 -4.063895773625654e+05
1.56250 -4.111968340344187e+05
1.57500 -4.160560860765157e+05
1.58750 -4.209686189106609e+05
1.60000 -4.259357604372058e+05
1.61250 -4.309588829806400e+05
1.62500 -4.360394053482012e+05
1.63750 -4.411787950095231e+05
1.65000 -4.463785704060542e+05
1.66250 -4.516403033998157e+05
1.67500 -4.569656218717882e+05
1.68750 -4.623562124812136e+05
1.70000 -4.678138235980429e+05
1.71250 -4.733402684219382e+05
1.72500 -4.789374283024312e+05
1.73750 -4.846072562762061e+05
1.75000 -4.903517808390062e+05
1.76250 -4.961731099713380e+05
1.77500 -5.020734354390332e+05
1.78750 -5.080550373917752e+05
1.80000 -5.141202892850883e+05
1.81250 -5.202716631537923e+05
1.82500 -5.265117352679626e+05
1.83750 -5.328431922055954e+05
1.85000 -5.392688373798557e+05
1.86250 -5.457915980630403e+05
1.87500 -5.524145329537988e+05
1.88750 -5.591408403396843e+05
1.90000 -5.659738669128406e+05
1.91250 -5.729171173035498e+05
1.92500 -5.799742644038624e+05
1.93750 -5.871491605624451e+05
1.95000 -5.944458497416590e+05
1.96250 -6.018685807393162e+05
1.97500 -6.094218215907117e+05
1.98750 -6.171102752815764e+05
2.00000 -6.249388969199683e+05
2.01250 -6.329129125352957e+05
2.02500 -6.410378396959363e+05
2.03750 -6.493195101641209e+05
2.05000 -6.577640948383315e+05
2.06250 -6.663781312707638e+05
2.07500 -6.751685540906743e+05
2.08750 -6.841427287161985e+05
2.10000 -6.933084887976879e+05
2.11250 -7.026741779081402e+05
2.12500 -7.122486960823998e+05
2.13750 -7.220415519101593e+05
2.15000 -7.320629210120472e+05
2.16250 -7.423237118786925e+05
2.17500 -7.528356402353365e+05
2.18750 -7.636113133180916e+05
2.20000 -7.746643257227702e+05
2.21250 -7.860093688268651e+05
2.22500 -7.976623562082405e+05
2.23750 -8.096405680142910e+05
2.25000 -8.219628179047240e+05
2.26250 -8.346496470435376e+05
2.27500 -8.477235507099561e+05
2.28750 -8.612092445171201e+05
2.30000 -8.751339790851801e+05
2.31250 -8.895279144771562e+05
2.32500 -9.044245690078570e+05
2.33750 -9.198613615281443e+05
2.35000 -9.358802724947968e+05
2.36250 -9.525286578710321e+05
2.37500 -9.698602624482661e+05
2.38750 -9.879364976354580e+05
2.40000 -1.006828076686444e+06
2.41250 -1.026617144027599e+06
2.42500 -1.047400106527157e+06
2.43750 -1.069291496362229e+06
2.45000 -1.092429416638856e+06
2.46250 -1.116983555157278e+06
2.47500 -1.143167686959462e+06
2.48750 -1.171260853421980e+06
2.50000 -1.201647785828218e+06
2.51250 -1.234910761806695e+06
2.52500 -1.272094039217716e+06
2.53750 -1.315391229814480e+06
2.55000 -1.342315035473549e+06
2.56250 -1.388973161612391e+06
2.57500 -1.436475115727424e+06
2.58750 -1.468679152558316e+06
2.60000 -1.489074828996234e+06
2.61250 -1.538941557052175e+06
2.62500 -1.623296969870228e+06
2.63750 -1.610257480964512e+06
2.65000 -1.499283827443064e+06
2.66250 -1.493683118821568e+06
2.67500 -1.448481946538154e+06
2.68750 -1.345252355251205e+06
2.70000 -1.242957188129957e+06
2.71250 -1.202154000052642e+06
2.72500 -1.195449264276159e+06
2.73750 -1.194844072997293e+06
2.75000 -1.197289554845662e+06
2.76250 -1.209031640409643e+06
2.77500 -1.227275588368072e+06
2.78750 -1.237980760652802e+06
2.80000 -1.234237907987874e+06
2.81250 -1.232340639502201e+06
2.82500 -1.223459017321259e+06
2.83750 -1.197824393163392e+06
2.85000 -1.171803009734591e+06
2.86250 -1.147631957900906e+06
2.87500 -1.136216104226051e+06
2.88750 -1.131565619947906e+06
2.90000 -1.122708367294258e+06
2.91250 -1.092787750956615e+06
2.92500 -1.075428153346483e+06
2.93750 -1.076524200210768e+06
2.95000 -1.080963087604811e+06
2.96250 -1.076164739010782e+06
2.97500 -1.081767216642806e+06
2.98750 -1.083792594630667e+06
3.00000 -1.073353899245364e+06
3.01250 -1.064091404147368e+06
3.02500 -1.070030551106090e+06
3.03750 -1.070296536485572e+06
3.05000 -1.053327736326884e+06
3.06250 -1.056823214020333e+06
3.07500 -1.065781083569965e+06
3.08750 -1.068078460153552e+06
3.10000 -1.066251041336846e+06
3.11250 -1.053433774956852e+06
3.12500 -1.065939227641226e+06
3.13750 -1.074853946796233e+06
3.15000 -1.072995892937348e+06
3.16250 -1.081114354283044e+06
3.17500 -1.091998478405871e+06
3.18750 -1.100426097945017e+06
3.20000 -1.100582320802687e+06
3.21250 -1.096584581078171e+06
3.22500 -1.096088917759523e+06
3.23750 -1.096743289692739e+06
3.25000 -1.096924823127202e+06
3.26250 -1.095298708800799e+06
3.27500 -1.089432327995432e+06
3.28750 -1.081116790418098e+06
3.30000 -1.078623595900487e+06
3.31250 -1.081520041556614e+06
3.32500 -1.086858728636608e+06
3.33750 -1.091634473453126e+06
3.35000 -1.091291725392428e+06
3.36250 -1.089221029189339e+06
3.37500 -1.097659584573527e+06
3.38750 -1.114984834920903e+06
3.40000 -1.136221666650565e+06
3.41250 -1.158917445368181e+06
3.42500 -1.182259406636892e+06
3.43750 -1.205687846745694e+06
3.45000 -1.230814073937004e+06
3.46250 -1.259767293396262e+06
3.47500 -1.293681230839402e+06
3.48750 -1.337000885291184e+06
3.50000 -1.388421081832075e+06
3.51250 -1.435995727315098e+06
3.52500 -1.474876993502721e+06
3.53750 -1.525696907277375e+06
3.55000 -1.595332494573497e+06
3.56250 -1.392569253236487e+06
3.57500 -1.354013986299597e+06
3.58750 -1.340499747992957e+06
3.60000 -1.266551868269406e+06
3.61250 -1.214875387299734e+06
3.62500 -1.153385155317136e+06
3.63750 -1.105440918066263e+06
3.65000 -1.039597554313653e+06
3.66250 -1.082673921384062e+06
3.67500 -9.570050266056303e+05
3.68750 -1.014480035919942e+06
3.70000 -9.543839348325230e+05
3.71250 -6.809009582755485e+05
3.72500 -6.111616488890862e+05
3.73750 5.802990209228150e+05
3.75000 8.094100750446744e+05
3.76250 7.529716341054408e+05
3.77500 7.275837980877587e+05
3.78750 7.843903633287663e+05
3.80000 8.680607647055398e+05
3.81250 1.109615746805212e+06
3.82500 1.061264623844537e+06
3.83750 1.066888929467817e+06
3.85000 1.103113140131471e+06
3.86250 1.145891831618402e+06
3.87500 1.180938842023317e+06
3.88750 1.200458745091218e+06
3.90000 1.202337094218510e+06
3.91250 1.188652059825981e+06
3.92500 1.163583570492299e+06
3.93750 1.131607412347874e+06
3.95000 1.096640660969220e+06
3.96250 1.061513162462262e+06
3.97500 1.027418951219615e+06
3.98750 9.942854803118972e+05
4.00000 9.619625978042348e+05
4.01250 9.308149130911758e+05
4.02500 9.016711196784810e+05
4.03750 8.756003260673486e+05
4.05000 8.536156074350680e+05
4.06250 8.363357824195505e+05
4.07500 8.237480314358261e+05
4.08750 8.153552946948118e+05
4.10000 8.106985989700528e+05
4.11250 8.096545978087166e+05
4.12500 8.120878866202721e+05
4.13750 8.173198011442638e+05
4.15000 8.240598493235424e+05
4.16250 8.306026432882571e+05
4.17500 8.352955789886260e+05
4.18750 8.373589545074967e+05
4.20000 8.370417554008137e+05
4.21250 8.350361603376418e+05
4.22500 8.318355740855362e+05
4.23750 8.275995762147580e+05
4.25000 8.227215687904945e+05
4.26250 8.176052750014408e+05
4.27500 8.121781229598238e+05
4.28750 8.063758419383795e+05
4.30000 7.985555050209867e+05
4.31250 7.861625881507513e+05
4.32500 7.695580825442392e+05
4.33750 7.512079985169735e+05
4.35000 7.332952565823203e+05
4.36250 7.140791588739114e+05
4.37500 6.922955411467793e+05
4.38750 6.753988517168961e+05
4.40000 6.632601129479819e+05
4.41250 6.486192411043589e+05
4.42500 6.333761230261686e+05
4.43750 6.135804987421115e+05
4.45000 6.014570301011323e+05
4.46250 5.911610111277231e+05
4.47500 5.794530491744791e+05
4.48750 5.558351346925746e+05
4.50000 5.165827841204208e+05
4.51250 5.120393362487460e+05
4.52500 5.008320225234728e+05
4.53750 9.353532586873495e+05
4.55000 9.333352317504217e+05
4.56250 9.349703215841972e+05
4.57500 9.329343030358432e+05
4.58750 9.254594267352031e+05
4.60000 9.174818495889188e+05
4.61250 9.130231753238912e+05
4.62500 9.092956332251970e+05
4.63750 9.031926995383614e+05
4.65000 8.969920461176301e+05
4.66250 8.925596398631482e+05
4.67500 8.902397912592670e+05
4.68750 8.898937956614726e+05
4.70000 8.911050202285292e+05
4.71250 8.933508272689566e+05
4.72500 8.962557253766673e+05
4.73750 8.995978999514250e+05
4.75000 9.031232727694266e+05
4.76250 9.064060643026661e+05
4.77500 9.088914297434844e+05
4.78750 9.100910863867989e+05
4.80000 9.097586242734847e+05
4.81250 9.079484368275105e+05
4.82500 9.049603324582179e+05
4.83750 9.011605348958792e+05
4.85000 8.967904535629051e+05
4.86250 8.919395763682235e+05
4.87500 8.866785032984738e+05
4.88750 8.811496458312956e+05
4.90000 8.755014622983048e+05
4.91250 8.698073187062894e+05
4.92500 8.641239833891845e+05
4.93750 8.585662644817278e+05
4.95000 8.532152128866131e+05
4.96250 8.479971144616531e+05
4.97500 8.427484520086986e+05
4.98750 8.373400197860064e+05
5.00000 8.316699224596020e+05
5.01250 8.256825809052059e+05
5.02500 8.195464819170079e+05
5.03750 8.136691102042345e+05
5.05000 8.081965046623292e+05
5.06250 8.027145871107177e+05
5.07500 7.969107678928130e+05
5.08750 7.908788441330165e+05
5.10000 7.849157037934861e+05
5.11250 7.801435218294905e+05
5.12500 7.841586949532296e+05
5.13750 7.983946136203920e+05
5.15000 8.043042814715891e+05
5.16250 8.067590289590553e+05
5.17500 8.063924943604670e+05
5.18750 8.048393876003223e+05
5.20000 8.029949187497906e+05
5.21250 8.009722208557004e+05
5.22500 7.988891206194931e+05
5.23750 7.970287624146771e+05
5.25000 7.958014871250226e+05
5.26250 7.958003788991940e+05
5.27500 7.977530788179324e+05
5.28750 8.023597909686471e+05
5.30000 8.089687040381049e+05
5.31250 8.147287150304851e+05
5.32500 8.179723486329172e+05
5.33750 8.194932396599420e+05
5.35000 8.206017413884869e+05
5.36250 8.208771281584750e+05
5.37500 8.194114223132528e+05
5.38750 8.176995141452493e+05
5.40000 8.173436367498367e+05
5.41250 8.172275177613617e+05
5.42500 8.154146547365035e+05
5.43750 8.123043845398704e+05
5.45000 8.088325406932381e+05
5.46250 8.054500460600374e+05
5.47500 8.022527017940768e+05
5.48750 7.991413996702922e+05
5.50000 7.959053574835972e+05
5.51250 7.922551731349060e+05
5.52500 7.879876415686780e+05
5.53750 7.831803113393995e+05
5.55000 7.783581031904324e+05
5.56250 7.757146051382981e+05
5.57500 7.769264223635350e+05
5.58750 7.770475561003084e+05
5.60000 7.767691762308889e+05
5.61250 7.757959853805170e+05
5.62500 7.738951036516051e+05
5.63750 7.716246190905864e+05
5.65000 7.696552924008931e+05
5.66250 7.684536656850378e+05
5.67500 7.678374886075524e+05
5.68750 7.669755742477070e+05
5.70000 7.650865916462139e+05
5.71250 7.619006604336132e+05
5.72500 7.575683552960457e+05
5.73750 7.524251409967800e+05
5.75000 7.468360008670334e+05
5.76250 7.411117993744888e+05
5.77500 7.354706311130940e+05
5.78750 7.300358237253864e+05
5.80000 7.248379025226422e+05
5.81250 7.198162091168084e+05
5.82500 7.148788771063895e+05
5.83750 7.099995545260290e+05
5.85000 7.052441984657338e+05
5.86250 7.007291320026054e+05
5.87500 6.965725986867349e+05
5.88750 6.928529895620894e+05
5.90000 6.895750300784879e+05
5.91250 6.866761263996065e+05
5.92500 6.840809380628949e+05
5.93750 6.817455045405959e+05
5.95000 6.796517360294654e+05
5.96250 6.777712704588393e+05
5.97500 6.760487008175598e+05
5.98750 6.744409047200488e+05
6.00000 6.729595860004877e+05
6.01250 6.716554121009674e+05
6.02500 6.705719784588141e+05
6.03750 6.697157457468158e+05
6.05000 6.690504240826534e+05
6.06250 6.685163300980672e+05
6.07500 6.680624601384136e+05
6.08750 6.676452033822816e+05
6.10000 6.672260363232788e+05
6.11250 6.667474768575799e+05
6.12500 6.661093152142443e+05
6.13750 6.654794632412079e+05
6.15000 6.645264309733594e+05
6.16250 6.634217545528518e+05
6.17500 6.621652055382876e+05
6.18750 6.607317188315163e+05
6.20000 6.590952776933470e+05
6.21250 6.572329238240443e+05
6.22500 6.551290434566574e+05
6.23750 6.527790453037553e+05
6.25000 6.501916589105374e+05
6.26250 6.473883550429803e+05
6.27500 6.444005250960881e+05
6.28750 6.412664807211468e+05
6.30000 6.380288264479674e+05
6.31250 6.347303882976455e+05
6.32500 6.314066503425894e+05
6.33750 6.280754303829521e+05
6.35000 6.247293944856506e+05
6.36250 6.213394626363587e+05
6.37500 6.178704778400260e+05
6.38750 6.142988956169368e+05
6.40000 6.106210674134260e+05
6.41250 6.068508246838521e+05
6.42500 6.030119477605351e+05
6.43750 5.991307017294850e+05
6.45000 5.952297842391784e+05
6.46250 5.913217700073842e+05
6.47500 5.874053329619535e+05
6.48750 5.834706215612905e+05
6.50000 5.795114881653637e+05
6.51250 5.755342569165074e+05
6.52500 5.715553310973152e+05
6.53750 5.675882621178674e+05
6.55000 5.636279006678755e+05
6.56250 5.596437446773195e+05
6.57500 5.555902186749250e+05
6.58750 5.514270059001434e+05
6.60000 5.471449223156336e+05
6.61250 5.428418210897653e+05
6.62500 5.390013874921007e+05
6.63750 5.371416663166443e+05
6.65000 5.387443007317106e+05
6.66250 5.396825512049955e+05
6.67500 5.373143114260181e+05
6.68750 5.337724354811414e+05
6.70000 5.303968305797676e+05
6.71250 5.276479818073452e+05
6.72500 5.258098454786671e+05
6.73750 5.250243060023811e+05
6.75000 5.250196563570135e+05
6.76250 5.251065836526316e+05
6.77500 5.247178994129106e+05
6.78750 5.238158041762770e+05
6.80000 5.226974967203431e+05
6.81250 5.216478852176756e+05
6.82500 5.207999528385635e+05
6.83750 5.201507621689048e+05
6.85000 5.196172451378485e+05
6.86250 5.191069018319655e+05
6.87500 5.186174657734818e+05
6.88750 5.182688643343419e+05
6.90000 5.181611552290557e+05
6.91250 5.181753390656709e+05
6.92500 5.180152586212155e+05
6.93750 5.174702077187632e+05
6.95000 5.165163676736500e+05
6.96250 5.152388494055500e+05
6.97500 5.137675396342522e+05
6.98750 5.122337241929610e+05
7.00000 5.107085089901662e+05
7.01250 5.091766724452544e+05
7.02500 5.076080131699248e+05
7.03750 5.060511879179961e+05
7.05000 5.046271985036675e+05
7.06250 5.034087900302886e+05
7.07500 5.022732683446826e+05
7.08750 5.009100753962699e+05
7.10000 4.990188183246977e+05
7.11250 4.964466521027202e+05
7.12500 4.931273803897986e+05
7.13750 4.888183862505080e+05
7.15000 4.836774816890887e+05
7.16250 4.927492662898563e+05
7.17500 4.904743028972996e+05
7.18750 4.868630614644911e+05
7.20000 4.849768477400226e+05
7.21250 4.836948902467221e+05
7.22500 4.823161784778886e+05
7.23750 4.807643651846739e+05
7.25000 4.788938127579782e+05
7.26250 4.767269980289947e+05
7.27500 4.744937619984862e+05
7.28750 4.723706666450194e+05
7.30000 4.704208593729112e+05
7.31250 4.683439544692664e+05
7.32500 4.661981073039768e+05
7.33750 4.640989978686989e+05
7.35000 4.621381222576688e+05
7.36250 4.604604164256838e+05
7.37500 4.587677589011597e+05
7.38750 4.567518427389472e+05
7.40000 4.547033307338591e+05
7.41250 4.528317896420644e+05
7.42500 4.512251559993129e+05
7.43750 4.496121144348644e+05
7.45000 4.477923757703006e+05
7.46250 4.458500803819814e+05
7.47500 4.439661947567292e+05
7.48750 4.423114856762054e+05
7.50000 4.410021563364941e+05
7.51250 4.401783542135771e+05
7.52500 4.396191785821230e+05
7.53750 4.385950046875084e+05
7.55000 4.371149315120140e+05
7.56250 4.353922928028997e+05
7.57500 4.334332079620502e+05
7.58750 4.313471841671804e+05
7.60000 4.293718630421297e+05
7.61250 4.282808096238869e+05
7.62500 4.277771452405439e+05
7.63750 4.254230782733609e+05
7.65000 4.247605440591546e+05
7.66250 4.274735579518348e+05
7.67500 4.264267705584569e+05
7.68750 4.256616527801142e+05
7.70000 4.266205460031441e+05
7.71250 4.248387895512048e+05
7.72500 4.240668481794022e+05
7.73750 4.218970129106086e+05
7.75000 4.200313525348724e+05
7.76250 4.182698954725713e+05
7.77500 4.165917273183317e+05
7.78750 4.150626135029997e+05
7.80000 4.137537129363228e+05
7.81250 4.126875103257692e+05
7.82500 4.117796258642176e+05
7.83750 4.108278182976758e+05
7.85000 4.097411868277548e+05
7.86250 4.085762065316566e+05
7.87500 4.073614888343521e+05
7.88750 4.060643512416690e+05
7.90000 4.046352048073522e+05
7.91250 4.030450610956305e+05
7.92500 4.012937527310321e+05
7.93750 3.993990117567635e+05
7.95000 3.973879782963666e+05
7.96250 3.952932152830045e+05
7.97500 3.931496029754889e+05
7.98750 3.909954301232692e+05
8.00000 3.888664760214128e+05
8.01250 3.867903586239155e+05
8.02500 3.847823983696395e+05
8.03750 3.828459048845374e+05
8.05000 3.809775976120107e+05
8.06250 3.791762602555152e+05
8.07500 3.774480766692589e+05
8.08750 3.757978378542513e+05
8.10000 3.742058606581796e+05
8.11250 3.726450704672919e+05
8.12500 3.711174425154607e+05
8.13750 3.696365957782784e+05
8.15000 3.682103311463112e+05
8.16250 3.668405738973962e+05
8.17500 3.655246483421787e+05
8.18750 3.642515043519281e+05
8.20000 3.629948536767802e+05
8.21250 3.617309670570349e+05
8.22500 3.604665787305568e+05
8.23750 3.592259806220285e+05
8.25000 3.580128450859358e+05
8.26250 3.568120601284756e+05
8.27500 3.556323866346450e+05
8.28750 3.545044273607589e+05
8.30000 3.534649686852474e+05
8.31250 3.524547178445904e+05
8.32500 3.513882397941132e+05
8.33750 3.504421774033862e+05
8.35000 3.497035913385649e+05
8.36250 3.487777819032424e+05
8.37500 3.478330319478246e+05
8.38750 3.467537221417213e+05
8.40000 3.457028964963948e+05
8.41250 3.446765964627564e+05
8.42500 3.435953853364972e+05
8.43750 3.426151673573864e+05
8.45000 3.422510102937965e+05
8.46250 3.422602548988117e+05
8.47500 3.415007278836907e+05
8.48750 3.405781696786900e+05
8.50000 3.395610818892985e+05
8.51250 3.385334385309601e+05
8.52500 3.374913501883188e+05
8.53750 3.364245285761430e+05
8.55000 3.353106931498793e+05
8.56250 3.341094947905876e+05
8.57500 3.328520545304611e+05
8.58750 3.315662441353475e+05
8.60000 3.302691795081173e+05
8.61250 3.289618472687356e+05
8.62500 3.276173878156024e+05
8.63750 3.262181592580397e+05
8.65000 3.247593281634411e+05
8.66250 3.231836781154867e+05
8.67500 3.214530178120637e+05
8.68750 3.199453697007222e+05
8.70000 3.193212521113902e+05
8.71250 3.175683945369020e+05
8.72500 3.157293683904835e+05
8.73750 3.139502841212975e+05
8.75000 3.122202126840581e+05
8.76250 3.105339150292691e+05
8.77500 3.088898462805603e+05
8.78750 3.072874584148305e+05
8.80000 3.057271695600408e+05
8.81250 3.042190536433917e+05
8.82500 3.028054344762393e+05
8.83750 3.014008836559799e+05
8.85000 3.000019032205053e+05
8.86250 2.986060291336259e+05
8.87500 2.972069049082536e+05
8.88750 2.958111877318757e+05
8.90000 2.944299553339661e+05
8.91250 2.930624624126947e+05
8.92500 2.916970746621098e+05
8.93750 2.903180172826975e+05
8.95000 2.889179532444449e+05
8.96250 2.875085870758391e+05
8.97500 2.861047528331931e+05
8.98750 2.846920119638823e+05
9.00000 2.832559018287567e+05
9.01250 2.818054141646687e+05
9.02500 2.803461873662320e+05
9.03750 2.788845173154027e+05
9.05000 2.774321712000345e+05
9.06250 2.760049000816877e+05
9.07500 2.746209479961168e+05
9.08750 2.732926880294948e+05
9.10000 2.720214474577052e+05
9.11250 2.707980130518370e+05
9.12500 2.696047761743413e+05
9.13750 2.684434366367993e+05
9.15000 2.673239608916964e+05
9.16250 2.662430125557374e+05
9.17500 2.651901723711470e+05
9.18750 2.641582179438893e+05
9.20000 2.631439867543366e+05
9.21250 2.621451254468822e+05
9.22500 2.611602451877105e+05
9.23750 2.601901466751564e+05
9.25000 2.592357774729338e+05
9.26250 2.582961129051227e+05
9.27500 2.573674148766752e+05
9.28750 2.564434097190365e+05
9.30000 2.555163234394837e+05
9.31250 2.545791881799923e+05
9.32500 2.536273949011542e+05
9.33750 2.526564617773011e+05
9.35000 2.516598328618037e+05
9.36250 2.506309868289039e+05
9.37500 2.495663517036387e+05
9.38750 2.484661546057357e+05
9.40000 2.473332148616173e+05
9.41250 2.461677663845439e+05
9.42500 2.449630871451013e+05
9.43750 2.437140720184678e+05
9.45000 2.424264308248003e+05
9.46250 2.411117179968720e+05
9.47500 2.397795872598099e+05
9.48750 2.384331774775420e+05
9.50000 2.370678583831679e+05
9.51250 2.356761032680250e+05
9.52500 2.342551812379848e+05
9.53750 2.328088794417644e+05
9.55000 2.313428722332904e+05
9.56250 2.298656362202970e+05
9.57500 2.284215954703093e+05
9.58750 2.271293431466743e+05
9.60000 2.258856471973281e+05
9.61250 2.245467579675521e+05
9.62500 2.232536190188448e+05
9.63750 2.218241534607263e+05
9.65000 2.204007132625797e+05
9.66250 2.190329168955971e+05
9.67500 2.177588050060148e+05
9.68750 2.164215153733539e+05
9.70000 2.150396251008243e+05
9.71250 2.136449825521404e+05
9.72500 2.122545587957951e+05
9.73750 2.108749678046223e+05
9.75000 2.095092611699906e+05
9.76250 2.081603895996370e+05
9.77500 2.068312364744959e+05
9.78750 2.055231863592210e+05
9.80000 2.042352403388958e+05
9.81250 2.029640544025200e+05
9.82500 2.017048915397508e+05
9.83750 2.004547305261230e+05
9.85000 1.992251262212803e+05
9.86250 1.980823233943995e+05
9.87500 1.969685979646104e+05
9.88750 1.958290463864232e+05
9.90000 1.946853728032118e+05
9.91250 1.935711784244062e+05
9.92500 1.924908832389881e+05
9.93750 1.914406645374340e+05
9.95000 1.904148413195060e+05
9.96250 1.894091353329806e+05
9.97500 1.884216747951102e+05
9.98750 1.874523625263798e+05
10.00000 1.865007449664213e+05
