0.00001 1.225022655376995e+06
0.01250 4.753858753081232e+07
0.02500 6.965225538860503e+07
0.03750 8.480713273727553e+07
0.05000 9.506641829597235e+07
0.06250 1.019967639758183e+08
0.07500 1.067384960837467e+08
0.08750 1.100477007798746e+08
0.10000 1.124067049036809e+08
0.11250 1.141218301026846e+08
0.12500 1.153900409589931e+08
0.13750 1.163404961579424e+08
0.15000 1.170597645608755e+08
0.16250 1.176071278539317e+08
0.17500 1.180239823615423e+08
0.18750 1.183397214756294e+08
0.20000 1.185754948237111e+08
0.21250 1.187466660318373e+08
0.22500 1.188644580378411e+08
0.23750 1.189370804810724e+08
0.25000 1.189705188434310e+08
0.26250 1.189690965111358e+08
0.27500 1.189358798634410e+08
0.28750 1.188729719072072e+08
0.30000 1.187817253847669e+08
0.31250 1.186628978962689e+08
0.32500 1.185167675268292e+08
0.33750 1.183432281341908e+08
0.35000 1.181418942451233e+08
0.36250 1.179122868057723e+08
0.37500 1.176543096621798e+08
0.38750 1.173696717058723e+08
0.40000 1.170662916632035e+08
0.41250 1.167717456856884e+08
0.42500 1.165707612181733e+08
0.43750 1.166762469776037e+08
0.45000 1.173735600483070e+08
0.46250 1.184674773355711e+08
0.47500 1.193580709589417e+08
0.48750 1.200593944844900e+08
0.50000 1.208112377133958e+08
0.51250 1.216294194843116e+08
0.52500 1.223818044897117e+08
0.53750 1.229497877340130e+08
0.55000 1.233030563925710e+08
0.56250 1.234774928351706e+08
0.57500 1.235274391635019e+08
0.58750 1.234987331938743e+08
0.60000 1.234225510734894e+08
0.61250 1.233179503950071e+08
0.62500 1.231959064617418e+08
0.63750 1.230625029438436e+08
0.65000 1.229210057900033e+08
0.66250 1.227730975945635e+08
0.67500 1.226195788312903e+08
0.68750 1.224607557428370e+08
0.70000 1.222966515169613e+08
0.71250 1.221271200433089e+08
0.72500 1.219519065068169e+08
0.73750 1.217706789059930e+08
0.75000 1.215830433518305e+08
0.76250 1.213885498504398e+08
0.77500 1.211866919069308e+08
0.78750 1.209769014037362e+08
0.80000 1.207585390672379e+08
0.81250 1.205308800118099e+08
0.82500 1.202930930536606e+08
0.83750 1.200442114663300e+08
0.85000 1.197830912889696e+08
0.86250 1.195083506755557e+08
0.87500 1.192182790835292e+08
0.88750 1.189106962061362e+08
0.90000 1.185827224227749e+08
0.91250 1.182303816729366e+08
0.92500 1.178478507925345e+08
0.93750 1.174258521105656e+08
0.95000 1.169520308949451e+08
0.96250 1.164341897025172e+08
0.97500 1.157604522449861e+08
0.98750 1.148598525098026e+08
1.00000 1.134312786057034e+08
1.01250 1.111490979421984e+08
1.02500 1.209883053582115e+08
1.03750 1.186416793669080e+08
1.05000 1.168017918997875e+08
1.06250 1.156480692145472e+08
1.07500 1.147345038529877e+08
1.08750 1.139133729952303e+08
1.10000 1.131232890148228e+08
1.11250 1.123333557778224e+08
1.12500 1.115254738343969e+08
1.13750 1.106876933694027e+08
1.15000 1.098114406641753e+08
1.16250 1.088903464575403e+08
1.17500 1.079198499547201e+08
1.18750 1.068972385387323e+08
1.20000 1.058219676763270e+08
1.21250 1.046962573204397e+08
1.22500 1.035264505605077e+08
1.23750 1.023274449743027e+08
1.25000 1.011379826954112e+08
1.26250 1.000643246582444e+08
1.27500 9.934527184067529e+07
1.28750 9.918546962738512e+07
1.30000 9.901789838216810e+07
1.31250 9.779233217757919e+07
1.32500 9.533552041045856e+07
1.33750 9.190810962004134e+07
1.35000 8.759810879904994e+07
1.36250 8.237210019845589e+07
1.37500 7.637605265895379e+07
1.38750 7.064041898471509e+07
1.40000 6.796392075936168e+07
1.41250 7.077868724123739e+07
1.42500 7.296675801757173e+07
1.43750 7.441301093677011e+07
1.45000 9.438388968151848e+07
1.46250 1.143135406120315e+08
1.47500 1.931712820740657e+08
1.48750 2.168758720816979e+08
1.50000 2.191744763255776e+08
1.51250 2.083700863462408e+08
1.52500 1.902293018726626e+08
1.53750 1.776940446506542e+08
1.55000 1.691321957302543e+08
1.56250 1.629168307772970e+08
1.57500 1.581857774555189e+08
1.58750 1.544590436147041e+08
1.60000 1.514489137646919e+08
1.61250 1.489728415773184e+08
1.62500 1.469122083709361e+08
1.63750 1.451956961400790e+08
1.65000 1.438039121259581e+08
1.66250 1.428021101471946e+08
1.67500 1.423739052108853e+08
1.68750 1.426228987450771e+08
1.70000 1.430825500087266e+08
1.71250 1.432082643690180e+08
1.72500 1.430888824371696e+08
1.73750 1.429700560927614e+08
1.75000 1.429552058116518e+08
1.76250 1.430441135886941e+08
1.77500 1.431958285483679e+08
1.78750 1.433667955325557e+08
1.80000 1.435291914336872e+08
1.81250 1.436729502864416e+08
1.82500 1.437990290265586e+08
1.83750 1.439119894627838e+08
1.85000 1.440155029101205e+08
1.86250 1.441105961113690e+08
1.87500 1.441952856890019e+08
1.88750 1.442644465264656e+08
1.90000 1.443090709119640e+08
1.91250 1.443138986899570e+08
1.92500 1.442510524950855e+08
1.93750 1.440622582980805e+08
1.95000 1.436028532501715e+08
1.96250 1.425187954199129e+08
1.97500 1.469345529322221e+08
1.98750 1.496676766312472e+08
2.00000 1.481076363399249e+08
2.01250 1.474979468511163e+08
2.02500 1.472084525292265e+08
2.03750 1.470499184270068e+08
2.05000 1.469535075827262e+08
2.06250 1.468888536274166e+08
2.07500 1.468406820549287e+08
2.08750 1.468005942604731e+08
2.10000 1.467636944707856e+08
2.11250 1.467270348700074e+08
2.12500 1.466888319307384e+08
2.13750 1.466480420062315e+08
2.15000 1.466041169503358e+08
2.16250 1.465568552605576e+08
2.17500 1.465063062577932e+08
2.18750 1.464527048376380e+08
2.20000 1.463964244601370e+08
2.21250 1.463379414336175e+08
2.22500 1.462778065267335e+08
2.23750 1.462166216302749e+08
2.25000 1.461550201528086e+08
2.26250 1.460936503741168e+08
2.27500 1.460331612692953e+08
2.28750 1.459741904585882e+08
2.30000 1.459173540008598e+08
2.31250 1.458632377763511e+08
2.32500 1.458123902246042e+08
2.33750 1.457653162303023e+08
2.35000 1.457224719868236e+08
2.36250 1.456842607108941e+08
2.37500 1.456510291248324e+08
2.38750 1.456230646585169e+08
2.40000 1.456005933468761e+08
2.41250 1.455837784093904e+08
2.42500 1.455727194980446e+08
2.43750 1.455674525937249e+08
2.45000 1.455679505232362e+08
2.46250 1.455741240641925e+08
2.47500 1.455858236056022e+08
2.48750 1.456028413384804e+08
2.50000 1.456249139617168e+08
2.51250 1.456517259006225e+08
2.52500 1.456829130452951e+08
2.53750 1.457180670195342e+08
2.55000 1.457567399858482e+08
2.56250 1.457984499770175e+08
2.57500 1.458426867206062e+08
2.58750 1.458889178926037e+08
2.60000 1.459365957045173e+08
2.61250 1.459851637001180e+08
2.62500 1.460340636187728e+08
2.63750 1.460827421754884e+08
2.65000 1.461306576143391e+08
2.66250 1.461772859094768e+08
2.67500 1.462221265111084e+08
2.68750 1.462647075558005e+08
2.70000 1.463045904751126e+08
2.71250 1.463413739408712e+08
2.72500 1.463746970811317e+08
2.73750 1.464042418944053e+08
2.75000 1.464297347900732e+08
2.76250 1.464509471983246e+08
2.77500 1.464676952276250e+08
2.78750 1.464798383998099e+08
2.80000 1.464872775548476e+08
2.81250 1.464899520781447e+08
2.82500 1.464878366518232e+08
2.83750 1.464809377591977e+08
2.85000 1.464692901745709e+08
2.86250 1.464529536488169e+08
2.87500 1.464320099590478e+08
2.88750 1.464065604344090e+08
2.90000 1.463767240072716e+08
2.91250 1.463426357774474e+08
2.92500 1.463044460234994e+08
2.93750 1.462623195552405e+08
2.95000 1.462164352786516e+08
2.96250 1.461669858397700e+08
2.97500 1.461141772262324e+08
2.98750 1.460582282304929e+08
3.00000 1.459993697121785e+08
3.01250 1.459378436328848e+08
3.02500 1.458739018695998e+08
3.03750 1.458078048387285e+08
3.05000 1.457398199788452e+08
3.06250 1.456702201461861e+08
3.07500 1.455992819734722e+08
3.08750 1.455272842321813e+08
3.10000 1.454545062237987e+08
3.11250 1.453812262099860e+08
3.12500 1.453077198777542e+08
3.13750 1.452342588256725e+08
3.15000 1.451611090520016e+08
3.16250 1.450885294256367e+08
3.17500 1.450167701252894e+08
3.18750 1.449460710403132e+08
3.20000 1.448766601365834e+08
3.21250 1.448087518014782e+08
3.22500 1.447425451920222e+08
3.23750 1.446782226186489e+08
3.25000 1.446159480030945e+08
3.26250 1.445558654521362e+08
3.27500 1.444980979889529e+08
3.28750 1.444427464807128e+08
3.30000 1.443898887947405e+08
3.31250 1.443395792067515e+08
3.32500 1.442918480739649e+08
3.33750 1.442467017745636e+08
3.35000 1.442041229042755e+08
3.36250 1.441640707121002e+08
3.37500 1.441264817514079e+08
3.38750 1.440912707202904e+08
3.40000 1.440583314660137e+08
3.41250 1.440275381320068e+08
3.42500 1.439987464309000e+08
3.43750 1.439717950324269e+08
3.45000 1.439465070593671e+08
3.46250 1.439226916872610e+08
3.47500 1.439001458439222e+08
3.48750 1.438786560027723e+08
3.50000 1.438580000600855e+08
3.51250 1.438379492809809e+08
3.52500 1.438182702932841e+08
3.53750 1.437987271030920e+08
3.55000 1.437790831018853e+08
3.56250 1.437591030330994e+08
3.57500 1.437385548866459e+08
3.58750 1.437172116931687e+08
3.60000 1.436948531955552e+08
3.61250 1.436712673827708e+08
3.62500 1.436462518794053e+08
3.63750 1.436196151921440e+08
3.65000 1.435911778203915e+08
3.66250 1.435607732414172e+08
3.67500 1.435282487801282e+08
3.68750 1.434934663701128e+08
3.70000 1.434563032069520e+08
3.71250 1.434166522885633e+08
3.72500 1.433744228323416e+08
3.73750 1.433295405566083e+08
3.75000 1.432819478151384e+08
3.76250 1.432316035781321e+08
3.77500 1.431784832598623e+08
3.78750 1.431225784007922e+08
3.80000 1.430638962186178e+08
3.81250 1.430024590472044e+08
3.82500 1.429383036842097e+08
3.83750 1.428714806674010e+08
3.85000 1.428020534969100e+08
3.86250 1.427300978168190e+08
3.87500 1.426557005654325e+08
3.88750 1.425789591001133e+08
3.90000 1.424999803000911e+08
3.91250 1.424188796493915e+08
3.92500 1.423357803018868e+08
3.93750 1.422508121312220e+08
3.95000 1.421641107696853e+08
3.96250 1.420758166416180e+08
3.97500 1.419860739983925e+08
3.98750 1.418950299630744e+08
4.00000 1.418028335934658e+08
4.01250 1.417096349722249e+08
4.02500 1.416155843321777e+08
4.03750 1.415208312238386e+08
4.05000 1.414255237306652e+08
4.06250 1.413298077358194e+08
4.07500 1.412338262423472e+08
4.08750 1.411377187468683e+08
4.10000 1.410416206651905e+08
4.11250 1.409456628068291e+08
4.12500 1.408499708942578e+08
4.13750 1.407546651218724e+08
4.15000 1.406598597490894e+08
4.16250 1.405656627217422e+08
4.17500 1.404721753159413e+08
4.18750 1.403794917988579e+08
4.20000 1.402876991014802e+08
4.21250 1.401968764993142e+08
4.22500 1.401070952982663e+08
4.23750 1.400184185245583e+08
4.25000 1.399309006194053e+08
4.26250 1.398445871412313e+08
4.27500 1.397595144802010e+08
4.28750 1.396757095915901e+08
4.30000 1.395931897557800e+08
4.31250 1.395119623732670e+08
4.32500 1.394320248029902e+08
4.33750 1.393533642515882e+08
4.35000 1.392759577201506e+08
4.36250 1.391997720139448e+08
4.37500 1.391247638198014e+08
4.38750 1.390508798555210e+08
4.40000 1.389780570958138e+08
4.41250 1.389062230796949e+08
4.42500 1.388352963045503e+08
4.43750 1.387651867118171e+08
4.45000 1.386957962680402e+08
4.46250 1.386270196427635e+08
4.47500 1.385587449813322e+08
4.48750 1.384908547664658e+08
4.50000 1.384232267578431e+08
4.51250 1.383557349944341e+08
4.52500 1.382882508404656e+08
4.53750 1.382206440532097e+08
4.55000 1.381527838496000e+08
4.56250 1.380845399492489e+08
4.57500 1.380157835737711e+08
4.58750 1.379463883862699e+08
4.60000 1.378762313599905e+08
4.61250 1.378051935709482e+08
4.62500 1.377331609150452e+08
4.63750 1.376600247550451e+08
4.65000 1.375856825060450e+08
4.66250 1.375100381692849e+08
4.67500 1.374330028230955e+08
4.68750 1.373544950767471e+08
4.70000 1.372744414886087e+08
4.71250 1.371927769452706e+08
4.72500 1.371094449941554e+08
4.73750 1.370243981194821e+08
4.75000 1.369375979507267e+08
4.76250 1.368490153939677e+08
4.77500 1.367586306793070e+08
4.78750 1.366664333212702e+08
4.80000 1.365724219929827e+08
4.81250 1.364766043184042e+08
4.82500 1.363789965896082e+08
4.83750 1.362796234179059e+08
4.85000 1.361785173286208e+08
4.86250 1.360757183097179e+08
4.87500 1.359712733245012e+08
4.88750 1.358652357983892e+08
4.90000 1.357576650894561e+08
4.91250 1.356486259519860e+08
4.92500 1.355381880016999e+08
4.93750 1.354264251904803e+08
4.95000 1.353134152972888e+08
4.96250 1.351992394405113e+08
4.97500 1.350839816152012e+08
4.98750 1.349677282567294e+08
5.00000 1.348505678303149e+08
5.01250 1.347325904439843e+08
5.02500 1.346138874808722e+08
5.03750 1.344945512455650e+08
5.05000 1.343746746185168e+08
5.06250 1.342543507124638e+08
5.07500 1.341336725251932e+08
5.08750 1.340127325838932e+08
5.10000 1.338916225774872e+08
5.11250 1.337704329746680e+08
5.12500 1.336492526266492e+08
5.13750 1.335281683548184e+08
5.15000 1.334072645244311e+08
5.16250 1.332866226062250e+08
5.17500 1.331663207284225e+08
5.18750 1.330464332221196e+08
5.20000 1.329270301636702e+08
5.21250 1.328081769184580e+08
5.22500 1.326899336914128e+08
5.23750 1.325723550906708e+08
5.25000 1.324554897116360e+08
5.26250 1.323393797490219e+08
5.27500 1.322240606438631e+08
5.28750 1.321095607707724e+08
5.30000 1.319959011679127e+08
5.31250 1.318830953087080e+08
5.32500 1.317711489109679e+08
5.33750 1.316600597767791e+08
5.35000 1.315498176559858e+08
5.36250 1.314404041277358e+08
5.37500 1.313317924982211e+08
5.38750 1.312239477176869e+08
5.40000 1.311168263250246e+08
5.41250 1.310103764327441e+08
5.42500 1.309045377680962e+08
5.43750 1.307992417871584e+08
5.45000 1.306944118778355e+08
5.46250 1.305899636652374e+08
5.47500 1.304858054292264e+08
5.48750 1.303818386395227e+08
5.50000 1.302779586090238e+08
5.51250 1.301740552612362e+08
5.52500 1.300700140031822e+08
5.53750 1.299657166910279e+08
5.55000 1.298610426721774e+08
5.56250 1.297558698848983e+08
5.57500 1.296500759948494e+08
5.58750 1.295435395473586e+08
5.60000 1.294361411149843e+08
5.61250 1.293277644217297e+08
5.62500 1.292182974280256e+08
5.63750 1.291076333638506e+08
5.65000 1.289956717005798e+08
5.66250 1.288823190548060e+08
5.67500 1.287674900190102e+08
5.68750 1.286511079143786e+08
5.70000 1.285331054603971e+08
5.71250 1.284134253545597e+08
5.72500 1.282920207542637e+08
5.73750 1.281688556524349e+08
5.75000 1.280439051391115e+08
5.76250 1.279171555432958e+08
5.77500 1.277886044525865e+08
5.78750 1.276582606119242e+08
5.80000 1.275261437064737e+08
5.81250 1.273922840366427e+08
5.82500 1.272567220950073e+08
5.83750 1.271195080553593e+08
5.85000 1.269807011832982e+08
5.86250 1.268403691760745e+08
5.87500 1.266985874371853e+08
5.88750 1.265554382889567e+08
5.90000 1.264110101244622e+08
5.91250 1.262653964989715e+08
5.92500 1.261186951610278e+08
5.93750 1.259710070244817e+08
5.95000 1.258224350855833e+08
5.96250 1.256730832937158e+08
5.97500 1.255230553905465e+08
5.98750 1.253724537400537e+08
6.00000 1.252213781804972e+08
6.01250 1.250699249378958e+08
6.02500 1.249181856474948e+08
6.03750 1.247662465332089e+08
6.05000 1.246141877932480e+08
6.06250 1.244620832316387e+08
6.07500 1.243100001596886e+08
6.08750 1.241579995695908e+08
6.10000 1.240061365569435e+08
6.11250 1.238544609438765e+08
6.12500 1.237030180341688e+08
6.13750 1.235518494200600e+08
6.15000 1.234009937595954e+08
6.16250 1.232504874531940e+08
6.17500 1.231003651663469e+08
6.18750 1.229506601681276e+08
6.20000 1.228014044783583e+08
6.21250 1.226526288364462e+08
6.22500 1.225043625200067e+08
6.23750 1.223566330507641e+08
6.25000 1.222094658290890e+08
6.26250 1.220628837375766e+08
6.27500 1.219169067490806e+08
6.28750 1.217715515664666e+08
6.30000 1.216268313111251e+08
6.31250 1.214827552662874e+08
6.32500 1.213393286708227e+08
6.33750 1.211965525506542e+08
6.35000 1.210544235689298e+08
6.36250 1.209129338726450e+08
6.37500 1.207720709119575e+08
6.38750 1.206318172079644e+08
6.40000 1.204921500442581e+08
6.41250 1.203530410565752e+08
6.42500 1.202144556935763e+08
6.43750 1.200763525215969e+08
6.45000 1.199386823495553e+08
6.46250 1.198013871604142e+08
6.47500 1.196643988562061e+08
6.48750 1.195276378572821e+08
6.50000 1.193910116434322e+08
6.51250 1.192544133811693e+08
6.52500 1.191177208388895e+08
6.53750 1.189807958356586e+08
6.55000 1.188434844825702e+08
6.56250 1.187056184416345e+08
6.57500 1.185670173370936e+08
6.58750 1.184274923126443e+08
6.60000 1.182868505566926e+08
6.61250 1.181449004516041e+08
6.62500 1.180014568814184e+08
6.63750 1.178563461864095e+08
6.65000 1.177094102930424e+08
6.66250 1.175605096614718e+08
6.67500 1.174095248489364e+08
6.68750 1.172563566499005e+08
6.70000 1.171009249141008e+08
6.71250 1.169431662491601e+08
6.72500 1.167830308877894e+08
6.73750 1.166204790498483e+08
6.75000 1.164554771584618e+08
6.76250 1.162879942598329e+08
6.77500 1.161179989101662e+08
6.78750 1.159454565852489e+08
6.80000 1.157703273147342e+08
6.81250 1.155925627663033e+08
6.82500 1.154121014709142e+08
6.83750 1.152288603616672e+08
6.85000 1.150427203430436e+08
6.86250 1.148535033652975e+08
6.87500 1.146609394895055e+08
6.88750 1.144646302445092e+08
6.90000 1.142640562209633e+08
6.91250 1.140588902617061e+08
6.92500 1.138510375232827e+08
6.93750 1.136553086686032e+08
6.95000 1.135241244695046e+08
6.96250 1.134628387461435e+08
6.97500 1.133125515134576e+08
6.98750 1.131000999666050e+08
7.00000 1.128788490945588e+08
7.01250 1.126597090899513e+08
7.02500 1.124431673468431e+08
7.03750 1.122282554426035e+08
7.05000 1.120140735647456e+08
7.06250 1.117999348721420e+08
7.07500 1.115852862523732e+08
7.08750 1.113695930264329e+08
7.10000 1.111521867077334e+08
7.11250 1.109320032017139e+08
7.12500 1.107070167325574e+08
7.13750 1.104729863892346e+08
7.15000 1.102276330477481e+08
7.16250 1.101095143653665e+08
7.17500 1.099569586809444e+08
7.18750 1.096972006635558e+08
7.20000 1.096716651619669e+08
7.21250 1.094722622807226e+08
7.22500 1.092320154693438e+08
7.23750 1.090051018545225e+08
7.25000 1.087838594633624e+08
7.26250 1.085679654619591e+08
7.27500 1.083562306899411e+08
7.28750 1.081476486815528e+08
7.30000 1.079415568679196e+08
7.31250 1.077375294819532e+08
7.32500 1.075352828924458e+08
7.33750 1.073346165808021e+08
7.35000 1.071353781123298e+08
7.36250 1.069374420584385e+08
7.37500 1.067406968940771e+08
7.38750 1.065450365399152e+08
7.40000 1.063503547017204e+08
7.41250 1.061565409728127e+08
7.42500 1.059634781171755e+08
7.43750 1.057710402070627e+08
7.45000 1.055790914370709e+08
7.46250 1.053874855224818e+08
7.47500 1.051960656372707e+08
7.48750 1.050046648689594e+08
7.50000 1.048131071699390e+08
7.51250 1.046212087720343e+08
7.52500 1.044287800069382e+08
7.53750 1.042356274452100e+08
7.55000 1.040415562380570e+08
7.56250 1.038463725270401e+08
7.57500 1.036498857836407e+08
7.58750 1.034519109560387e+08
7.60000 1.032522703323115e+08
7.61250 1.030507950710394e+08
7.62500 1.028473263932914e+08
7.63750 1.026417164661045e+08
7.65000 1.024338290315826e+08
7.66250 1.022235398460303e+08
7.67500 1.020107369916870e+08
7.68750 1.017953211131184e+08
7.70000 1.015772056151872e+08
7.71250 1.013563168432884e+08
7.72500 1.011325942517666e+08
7.73750 1.009059905546407e+08
7.75000 1.006764718446547e+08
7.76250 1.004440176624147e+08
7.77500 1.002086209968469e+08
7.78750 9.997028820119928e+07
7.80000 9.972903881498338e+07
7.81250 9.948490529116353e+07
7.82500 9.923793263878621e+07
7.83750 9.898817800292695e+07
7.85000 9.873571021458626e+07
7.86250 9.848060935082117e+07
7.87500 9.822296634758441e+07
7.88750 9.796288270245175e+07
7.90000 9.770047029062478e+07
7.91250 9.743585129580404e+07
7.92500 9.716915822988072e+07
7.93750 9.690053398508614e+07
7.95000 9.663013183226556e+07
7.96250 9.635811525045921e+07
7.97500 9.608465744409135e+07
7.98750 9.580994037022057e+07
8.00000 9.553415305567279e+07
8.01250 9.525748893769419e+07
8.02500 9.498014194025366e+07
8.03750 9.470230106800890e+07
8.05000 9.442414356638393e+07
8.06250 9.414582725210032e+07
8.07500 9.386748341234331e+07
8.08750 9.358921234404662e+07
8.10000 9.331108351346414e+07
8.11250 9.303314098184738e+07
8.12500 9.275541254575716e+07
8.13750 9.247791931614736e+07
8.15000 9.220068243404908e+07
8.16250 9.192372503903364e+07
8.17500 9.164706895099106e+07
8.18750 9.137081253191309e+07
8.20000 9.109499925089186e+07
8.21250 9.081943501177615e+07
8.22500 9.054431268895178e+07
8.23750 9.026964088389021e+07
8.25000 8.999544159371671e+07
8.26250 8.972174541222547e+07
8.27500 8.944859135408401e+07
8.28750 8.917602622801609e+07
8.30000 8.890410209259622e+07
8.31250 8.863287176167788e+07
8.32500 8.836238294242473e+07
8.33750 8.809267189521404e+07
8.35000 8.782375843568076e+07
8.36250 8.755565158420359e+07
8.37500 8.728837383874647e+07
8.38750 8.702177573421764e+07
8.40000 8.675572357074361e+07
8.41250 8.649016119484189e+07
8.42500 8.622496703911559e+07
8.43750 8.596002010079516e+07
8.45000 8.569526081131092e+07
8.46250 8.543080086639087e+07
8.47500 8.516714028894481e+07
8.48750 8.490515871435943e+07
8.50000 8.464690464103866e+07
8.51250 8.439470929598847e+07
8.52500 8.414816464459574e+07
8.53750 8.390098873048091e+07
8.55000 8.364620904821661e+07
8.56250 8.338331617294334e+07
8.57500 8.311586902218157e+07
8.58750 8.284610742911994e+07
8.60000 8.257299604525566e+07
8.61250 8.229485453740421e+07
8.62500 8.201212105703919e+07
8.63750 8.172710157668681e+07
8.65000 8.144554797701442e+07
8.66250 8.118420347472990e+07
8.67500 8.097683676485705e+07
8.68750 8.081040311580637e+07
8.70000 8.058486035616924e+07
8.71250 8.029397340083779e+07
8.72500 7.998203328995833e+07
8.73750 7.966561811685114e+07
8.75000 7.934880034757493e+07
8.76250 7.903152940797263e+07
8.77500 7.871284052225089e+07
8.78750 7.839186639394201e+07
8.80000 7.806795409831288e+07
8.81250 7.774063565492831e+07
8.82500 7.740958307834442e+07
8.83750 7.707457126918602e+07
8.85000 7.673545096723126e+07
8.86250 7.639212997542776e+07
8.87500 7.604456053184530e+07
8.88750 7.569273105772750e+07
8.90000 7.533666090033670e+07
8.91250 7.497639701819070e+07
8.92500 7.461201182951410e+07
8.93750 7.424360167518792e+07
8.95000 7.387128553944416e+07
8.96250 7.349520382425748e+07
8.97500 7.311551708647469e+07
8.98750 7.273240472307028e+07
9.00000 7.234606363561241e+07
9.01250 7.195670692762332e+07
9.02500 7.156456269504079e+07
9.03750 7.116987296541093e+07
9.05000 7.077289282847008e+07
9.06250 7.037388978034550e+07
9.07500 6.997314327622272e+07
9.08750 6.957094445326738e+07
9.10000 6.916759594984317e+07
9.11250 6.876341171353720e+07
9.12500 6.835871666536924e+07
9.13750 6.795384607704978e+07
9.15000 6.754914452699651e+07
9.16250 6.714496433088179e+07
9.17500 6.674166339194880e+07
9.18750 6.633960247965290e+07
9.20000 6.593914201383898e+07
9.21250 6.554063849535982e+07
9.22500 6.514444077238277e+07
9.23750 6.475088635557453e+07
9.25000 6.436029798867881e+07
9.26250 6.397298064116352e+07
9.27500 6.358921901800138e+07
9.28750 6.320927558277620e+07
9.30000 6.283338897037741e+07
9.31250 6.246177253107189e+07
9.32500 6.209461260695093e+07
9.33750 6.173206601195981e+07
9.35000 6.137425611090638e+07
9.36250 6.102126696307798e+07
9.37500 6.067313536529532e+07
9.38750 6.032984146625307e+07
9.40000 5.999129995022184e+07
9.41250 5.965735519951639e+07
9.42500 5.932778434277747e+07
9.43750 5.900231049130661e+07
9.45000 5.868062455899024e+07
9.46250 5.836240968605988e+07
9.47500 5.804736052627592e+07
9.48750 5.773519214158291e+07
9.50000 5.742563832673401e+07
9.51250 5.711844339226893e+07
9.52500 5.681335260479495e+07
9.53750 5.651010503995405e+07
9.55000 5.620843030396596e+07
9.56250 5.590804881473405e+07
9.57500 5.560867452264221e+07
9.58750 5.531001887136658e+07
9.60000 5.501179507422554e+07
9.61250 5.471372213920330e+07
9.62500 5.441552838591498e+07
9.63750 5.411695442496945e+07
9.65000 5.381775572122782e+07
9.66250 5.351770495589589e+07
9.67500 5.321659445723720e+07
9.68750 5.291423900544807e+07
9.70000 5.261047935963929e+07
9.71250 5.230518694528905e+07
9.72500 5.199827035024826e+07
9.73750 5.168968473171201e+07
9.75000 5.137944615821620e+07
9.76250 5.106765469391051e+07
9.77500 5.075453333884746e+07
9.78750 5.044049566122691e+07
9.80000 5.012626319018731e+07
9.81250 4.981305788055321e+07
9.82500 4.950285794993975e+07
9.83750 4.919848644612619e+07
9.85000 4.890260357794931e+07
9.86250 4.861394198277935e+07
9.87500 4.832276567202655e+07
9.88750 4.801623157872695e+07
9.90000 4.769178216103557e+07
9.91250 4.735681386262452e+07
9.92500 4.701892063543852e+07
9.93750 4.668217729701266e+07
9.95000 4.634820595554779e+07
9.96250 4.601764619786154e+07
9.97500 4.569113950901055e+07
9.98750 4.537067221464454e+07
10.00000 4.506457432672087e+07
