0.00001 1.225022795879281e+06
0.01250 4.753859305349273e+07
0.02500 6.965226358614346e+07
0.03750 8.480714286484776e+07
0.05000 9.506642983407642e+07
0.06250 1.019967765680550e+08
0.07500 1.067385094831220e+08
0.08750 1.100477148014402e+08
0.10000 1.124067193914970e+08
0.11250 1.141218449097252e+08
0.12500 1.153900559365305e+08
0.13750 1.163405111515751e+08
0.15000 1.170597794111888e+08
0.16250 1.176071424002456e+08
0.17500 1.180239964473746e+08
0.18750 1.183397349545606e+08
0.20000 1.185755075644549e+08
0.21250 1.187466779215675e+08
0.22500 1.188644689832112e+08
0.23750 1.189370904068184e+08
0.25000 1.189705276888768e+08
0.26250 1.189691042252603e+08
0.27500 1.189358863993991e+08
0.28750 1.188729772173539e+08
0.30000 1.187817294174094e+08
0.31250 1.186629005956569e+08
0.32500 1.185167688383850e+08
0.33750 1.183432280178227e+08
0.35000 1.181418927010912e+08
0.36250 1.179122839219125e+08
0.37500 1.176543057057464e+08
0.38750 1.173696673321350e+08
0.40000 1.170662884608793e+08
0.41250 1.167717476164041e+08
0.42500 1.165707775488612e+08
0.43750 1.166762924371210e+08
0.45000 1.173736323659454e+08
0.46250 1.184675327928879e+08
0.47500 1.193580936562072e+08
0.48750 1.200594167377141e+08
0.50000 1.208112817006286e+08
0.51250 1.216294826529578e+08
0.52500 1.223818709326525e+08
0.53750 1.229498439954431e+08
0.55000 1.233030978583876e+08
0.56250 1.234775207958172e+08
0.57500 1.235274566674379e+08
0.58750 1.234987430258303e+08
0.60000 1.234225552648912e+08
0.61250 1.233179503051470e+08
0.62500 1.231959029716435e+08
0.63750 1.230624966218008e+08
0.65000 1.229209970060101e+08
0.66250 1.227730865929799e+08
0.67500 1.226195657752569e+08
0.68750 1.224607407410946e+08
0.70000 1.222966346401625e+08
0.71250 1.221271013341400e+08
0.72500 1.219518859864056e+08
0.73750 1.217706565779317e+08
0.75000 1.215830192044764e+08
0.76250 1.213885238577615e+08
0.77500 1.211866640279430e+08
0.78750 1.209768715804062e+08
0.80000 1.207585072205993e+08
0.81250 1.205308460358316e+08
0.82500 1.202930568061364e+08
0.83750 1.200441727555956e+08
0.85000 1.197830498544947e+08
0.86250 1.195083061591638e+08
0.87500 1.192182309857478e+08
0.88750 1.189106438181768e+08
0.90000 1.185826647175549e+08
0.91250 1.182303171270823e+08
0.92500 1.178477771012055e+08
0.93750 1.174257657460599e+08
0.95000 1.169519146573357e+08
0.96250 1.164340556051372e+08
0.97500 1.157602525032136e+08
0.98750 1.148595138565751e+08
1.00000 1.134305831810400e+08
1.01250 1.111489477451886e+08
1.02500 1.209885720736297e+08
1.03750 1.186407917854364e+08
1.05000 1.168013839908733e+08
1.06250 1.156478301659583e+08
1.07500 1.147343386955237e+08
1.08750 1.139132462096877e+08
1.10000 1.131231849060146e+08
1.11250 1.123332667961447e+08
1.12500 1.115253965029563e+08
1.13750 1.106876267791620e+08
1.15000 1.098113860540147e+08
1.16250 1.088903074016588e+08
1.17500 1.079198330104941e+08
1.18750 1.068972542988530e+08
1.20000 1.058220320885882e+08
1.21250 1.046963927910231e+08
1.22500 1.035266854449693e+08
1.23750 1.023278077190716e+08
1.25000 1.011384802472092e+08
1.26250 1.000648780179417e+08
1.27500 9.934558906742887e+07
1.28750 9.918514754798882e+07
1.30000 9.901720395020269e+07
1.31250 9.779191831944333e+07
1.32500 9.533547656357780e+07
1.33750 9.190829542926604e+07
1.35000 8.759845614357878e+07
1.36250 8.237265195234725e+07
1.37500 7.637701256783500e+07
1.38750 7.064237989148909e+07
1.40000 6.796835549834590e+07
1.41250 7.078505821443069e+07
1.42500 7.296475808681478e+07
1.43750 7.440804258127670e+07
1.45000 9.438902675332929e+07
1.46250 1.143078883655738e+08
1.47500 1.931380418452256e+08
1.48750 2.168839821441895e+08
1.50000 2.191771207982168e+08
1.51250 2.083785685548847e+08
1.52500 1.902339552508599e+08
1.53750 1.776963468462943e+08
1.55000 1.691335668640183e+08
1.56250 1.629177382503706e+08
1.57500 1.581864099064622e+08
1.58750 1.544594895304201e+08
1.60000 1.514492153185204e+08
1.61250 1.489730110382374e+08
1.62500 1.469122268159796e+08
1.63750 1.451954952316872e+08
1.65000 1.438033350362677e+08
1.66250 1.428008910965790e+08
1.67500 1.423719514855492e+08
1.68750 1.426211722368611e+08
1.70000 1.430823272267576e+08
1.71250 1.432090940995521e+08
1.72500 1.430899479131685e+08
1.73750 1.429710761865337e+08
1.75000 1.429561452339420e+08
1.76250 1.430449677749397e+08
1.77500 1.431965766333241e+08
1.78750 1.433674142508140e+08
1.80000 1.435296724782897e+08
1.81250 1.436733030497254e+08
1.82500 1.437992734315099e+08
1.83750 1.439121478671638e+08
1.85000 1.440155951309493e+08
1.86250 1.441106374363012e+08
1.87500 1.441952864889462e+08
1.88750 1.442644122580679e+08
1.90000 1.443090015897059e+08
1.91250 1.443137866727692e+08
1.92500 1.442508757930854e+08
1.93750 1.440619601147510e+08
1.95000 1.436022738106890e+08
1.96250 1.425177104003821e+08
1.97500 1.469455770458527e+08
1.98750 1.496658322989643e+08
2.00000 1.481068844300181e+08
2.01250 1.474975614500721e+08
2.02500 1.472082113495609e+08
2.03750 1.470497466409986e+08
2.05000 1.469533737578179e+08
2.06250 1.468887422955707e+08
2.07500 1.468405846898242e+08
2.08750 1.468005057595054e+08
2.10000 1.467636115986037e+08
2.11250 1.467269554986689e+08
2.12500 1.466887546365374e+08
2.13750 1.466479658382459e+08
2.15000 1.466040412863212e+08
2.16250 1.465567797094193e+08
2.17500 1.465062305883186e+08
2.18750 1.464526289233810e+08
2.20000 1.463963482356232e+08
2.21250 1.463378648597756e+08
2.22500 1.462777295647520e+08
2.23750 1.462165442235477e+08
2.25000 1.461549422166035e+08
2.26250 1.460935717923099e+08
2.27500 1.460330818971310e+08
2.28750 1.459741101300803e+08
2.30000 1.459172725392221e+08
2.31250 1.458631550057941e+08
2.32500 1.458123059819586e+08
2.33750 1.457652303752063e+08
2.35000 1.457223844095817e+08
2.36250 1.456841713375229e+08
2.37500 1.456509379191875e+08
2.38750 1.456229716217068e+08
2.40000 1.456004985143864e+08
2.41250 1.455836818464647e+08
2.42500 1.455726212939002e+08
2.43750 1.455673528551613e+08
2.45000 1.455678493681188e+08
2.46250 1.455740216152068e+08
2.47500 1.455857199845774e+08
2.48750 1.456027366614873e+08
2.50000 1.456248083350643e+08
2.51250 1.456516194178022e+08
2.52500 1.456828057848649e+08
2.53750 1.457179590438853e+08
2.55000 1.457566313407557e+08
2.56250 1.457983406918531e+08
2.57500 1.458425768090724e+08
2.58750 1.458888073538441e+08
2.60000 1.459364845244647e+08
2.61250 1.459850518529598e+08
2.62500 1.460339510684422e+08
2.63750 1.460826288771265e+08
2.65000 1.461305435157096e+08
2.66250 1.461771709523559e+08
2.67500 1.462220106326987e+08
2.68750 1.462645906902316e+08
2.70000 1.463044725550870e+08
2.71250 1.463412548994871e+08
2.72500 1.463745768538751e+08
2.73750 1.464041204212549e+08
2.75000 1.464296120176163e+08
2.76250 1.464508230817492e+08
2.77500 1.464675697324480e+08
2.78750 1.464797115032105e+08
2.80000 1.464871492465110e+08
2.81250 1.464898223605649e+08
2.82500 1.464877055400654e+08
2.83750 1.464808052801587e+08
2.85000 1.464691563658153e+08
2.86250 1.464528185570785e+08
2.87500 1.464318736384975e+08
2.88750 1.464064229447847e+08
2.90000 1.463765854119519e+08
2.91250 1.463424961415427e+08
2.92500 1.463043054120110e+08
2.93750 1.462621780313290e+08
2.95000 1.462162929020443e+08
2.96250 1.461668426653251e+08
2.97500 1.461140333026772e+08
2.98750 1.460580835993469e+08
3.00000 1.459992244068721e+08
3.01250 1.459376976780843e+08
3.02500 1.458737552807491e+08
3.03750 1.458076576218138e+08
3.05000 1.457396721303914e+08
3.06250 1.456700716534826e+08
3.07500 1.455991328150271e+08
3.08750 1.455271343783910e+08
3.10000 1.454543556378151e+08
3.11250 1.453810748487543e+08
3.12500 1.453075676931883e+08
3.13750 1.452341057659279e+08
3.15000 1.451609550628001e+08
3.16250 1.450883744515973e+08
3.17500 1.450166141112167e+08
3.18750 1.449459139323969e+08
3.20000 1.448765018834683e+08
3.21250 1.448085923551683e+08
3.22500 1.447423845085904e+08
3.23750 1.446780606587334e+08
3.25000 1.446157847321718e+08
3.26250 1.445557008405698e+08
3.27500 1.444979320118278e+08
3.28750 1.444425791174742e+08
3.30000 1.443897200286639e+08
3.31250 1.443394090242792e+08
3.32500 1.442916764639466e+08
3.33750 1.442465287274469e+08
3.35000 1.442039484112878e+08
3.36250 1.441638947644659e+08
3.37500 1.441263043396385e+08
3.38750 1.440910918335808e+08
3.40000 1.440581510917696e+08
3.41250 1.440273562555210e+08
3.42500 1.439985630351855e+08
3.43750 1.439716100982092e+08
3.45000 1.439463205652277e+08
3.46250 1.439225036099204e+08
3.47500 1.438999561586424e+08
3.48750 1.438784646838592e+08
3.50000 1.438578070814635e+08
3.51250 1.438377546168145e+08
3.52500 1.438180739186208e+08
3.53750 1.437985289944961e+08
3.55000 1.437788832380418e+08
3.56250 1.437589013953582e+08
3.57500 1.437383514594864e+08
3.58750 1.437170064645622e+08
3.60000 1.436946461572068e+08
3.61250 1.436710585302242e+08
3.62500 1.436460412120012e+08
3.63750 1.436194027128265e+08
3.65000 1.435909635353653e+08
3.66250 1.435605571596694e+08
3.67500 1.435280309128337e+08
3.68750 1.434932467299548e+08
3.70000 1.434560818073924e+08
3.71250 1.434164291431020e+08
3.72500 1.433741979538017e+08
3.73750 1.433293139564798e+08
3.75000 1.432817195030052e+08
3.76250 1.432313735611982e+08
3.77500 1.431782515425830e+08
3.78750 1.431223449846107e+08
3.80000 1.430636611017998e+08
3.81250 1.430022222247615e+08
3.82500 1.429380651479012e+08
3.83750 1.428712404058029e+08
3.85000 1.428018114955431e+08
3.86250 1.427298540583255e+08
3.87500 1.426554550297948e+08
3.88750 1.425787117649067e+08
3.90000 1.424997311407642e+08
3.91250 1.424186286395648e+08
3.92500 1.423355274136623e+08
3.93750 1.422505573354975e+08
3.95000 1.421638540364628e+08
3.96250 1.420755579402998e+08
3.97500 1.419858132980586e+08
3.98750 1.418947672327335e+08
4.00000 1.418025688022755e+08
4.01250 1.417093680896769e+08
4.02500 1.416153153282452e+08
4.03750 1.415205600690839e+08
4.05000 1.414252503963075e+08
4.06250 1.413295321937639e+08
4.07500 1.412335484651780e+08
4.08750 1.411374387078077e+08
4.10000 1.410413383380296e+08
4.11250 1.409453781658350e+08
4.12500 1.408496839140637e+08
4.13750 1.407543757773558e+08
4.15000 1.406595680152459e+08
4.16250 1.405653685735616e+08
4.17500 1.404718787282914e+08
4.18750 1.403791927463835e+08
4.20000 1.402873975585212e+08
4.21250 1.401965724398479e+08
4.22500 1.401067886958769e+08
4.23750 1.400181093524353e+08
4.25000 1.399305888503709e+08
4.26250 1.398442727477961e+08
4.27500 1.397591974346423e+08
4.28750 1.396753898660528e+08
4.30000 1.395928673223914e+08
4.31250 1.395116372042620e+08
4.32500 1.394316968708441e+08
4.33750 1.393530335291529e+08
4.35000 1.392756241807950e+08
4.36250 1.391994356316994e+08
4.37500 1.391244245695118e+08
4.38750 1.390505377130123e+08
4.40000 1.389777120380678e+08
4.41250 1.389058750850436e+08
4.42500 1.388349453528813e+08
4.43750 1.387648327847879e+08
4.45000 1.386954393492926e+08
4.46250 1.386266597181281e+08
4.47500 1.385583820390096e+08
4.48750 1.384904887971713e+08
4.50000 1.384228577549014e+08
4.51250 1.383553629538100e+08
4.52500 1.382878757607218e+08
4.53750 1.382202659353834e+08
4.55000 1.381524026969954e+08
4.56250 1.380841557671457e+08
4.57500 1.380153963690574e+08
4.58750 1.379459981670085e+08
4.60000 1.378758381349379e+08
4.61250 1.378047973490436e+08
4.62500 1.377327617048947e+08
4.63750 1.376596225644230e+08
4.65000 1.375852773414331e+08
4.66250 1.375096300354679e+08
4.67500 1.374325917228224e+08
4.68750 1.373540810104654e+08
4.70000 1.372740244542687e+08
4.71250 1.371923569381937e+08
4.72500 1.371090220069586e+08
4.73750 1.370239721420479e+08
4.75000 1.369371689702122e+08
4.76250 1.368485833948455e+08
4.77500 1.367581956434383e+08
4.78750 1.366659952280085e+08
4.80000 1.365719808193118e+08
4.81250 1.364761600391101e+08
4.82500 1.363785491774880e+08
4.83750 1.362791728440107e+08
4.85000 1.361780635625307e+08
4.86250 1.360752613198424e+08
4.87500 1.359708130783994e+08
4.88750 1.358647722631013e+08
4.90000 1.357571982318370e+08
4.91250 1.356481557390347e+08
4.92500 1.355377144008757e+08
4.93750 1.354259481700002e+08
4.95000 1.353129348264004e+08
4.96250 1.351987554897358e+08
4.97500 1.350834941565446e+08
4.98750 1.349672372638590e+08
5.00000 1.348500732786983e+08
5.01250 1.347320923109911e+08
5.02500 1.346133857458382e+08
5.03750 1.344940458898165e+08
5.05000 1.343741656253591e+08
5.06250 1.342538380671311e+08
5.07500 1.341331562147627e+08
5.08750 1.340122125971655e+08
5.10000 1.338910989048341e+08
5.11250 1.337699056078506e+08
5.12500 1.336487215586121e+08
5.13750 1.335276335794626e+08
5.15000 1.334067260363728e+08
5.16250 1.332860804005471e+08
5.17500 1.331657748004277e+08
5.18750 1.330458835670904e+08
5.20000 1.329264767766484e+08
5.21250 1.328076197940466e+08
5.22500 1.326893728236096e+08
5.23750 1.325717904727347e+08
5.25000 1.324549213359870e+08
5.26250 1.323388076071716e+08
5.27500 1.322234847263693e+08
5.28750 1.321089810672091e+08
5.30000 1.319953176668461e+08
5.31250 1.318825079976685e+08
5.32500 1.317705577764124e+08
5.33750 1.316594648040378e+08
5.35000 1.315492188291958e+08
5.36250 1.314398014297643e+08
5.37500 1.313311859105863e+08
5.38750 1.312233372204891e+08
5.40000 1.311162118968936e+08
5.41250 1.310097580508183e+08
5.42500 1.309039154080386e+08
5.43750 1.307986154232176e+08
5.45000 1.306937814829530e+08
5.46250 1.305893292112022e+08
5.47500 1.304851668868736e+08
5.48750 1.303811959789701e+08
5.50000 1.302773117999381e+08
5.51250 1.301734042731202e+08
5.52500 1.300693588056716e+08
5.53750 1.299650572541856e+08
5.55000 1.298603789667771e+08
5.56250 1.297552018826840e+08
5.57500 1.296494036687655e+08
5.58750 1.295428628717437e+08
5.60000 1.294354600657256e+08
5.61250 1.293270789763776e+08
5.62500 1.292176075658730e+08
5.63750 1.291069390659810e+08
5.65000 1.289949729498924e+08
5.66250 1.288816158360258e+08
5.67500 1.287667823186936e+08
5.68750 1.286503957209201e+08
5.70000 1.285323887640467e+08
5.71250 1.284127041474543e+08
5.72500 1.282912950304777e+08
5.73750 1.281681254080521e+08
5.75000 1.280431703723220e+08
5.76250 1.279164162545189e+08
5.77500 1.277878606446264e+08
5.78750 1.276575122901590e+08
5.80000 1.275253908790859e+08
5.81250 1.273915267148916e+08
5.82500 1.272559602935483e+08
5.83750 1.271187417926073e+08
5.85000 1.269799304818312e+08
5.86250 1.268395940630690e+08
5.87500 1.266978079448673e+08
5.88750 1.265546544550514e+08
5.90000 1.264102219926151e+08
5.91250 1.262646041191131e+08
5.92500 1.261178985896488e+08
5.93750 1.259702063247812e+08
5.95000 1.258216303274540e+08
5.96250 1.256722745535299e+08
5.97500 1.255222427507099e+08
5.98750 1.253716372883053e+08
6.00000 1.252205580089401e+08
6.01250 1.250691011417655e+08
6.02500 1.249173583236874e+08
6.03750 1.247654157786151e+08
6.05000 1.246133537029601e+08
6.06250 1.244612458971168e+08
6.07500 1.243091596669845e+08
6.08750 1.241571559977299e+08
6.10000 1.240052899765599e+08
6.11250 1.238536114161750e+08
6.12500 1.237021656102632e+08
6.13750 1.235509941407030e+08
6.15000 1.234001356552874e+08
6.16250 1.232496265446274e+08
6.17500 1.230995014651288e+08
6.18750 1.229497936777111e+08
6.20000 1.228005351951157e+08
6.21250 1.226517567508192e+08
6.22500 1.225034876176823e+08
6.23750 1.223557553138312e+08
6.25000 1.222085852371440e+08
6.26250 1.220620002687579e+08
6.27500 1.219160203810202e+08
6.28750 1.217706622771591e+08
6.30000 1.216259390797217e+08
6.31250 1.214818600738309e+08
6.32500 1.213384305009390e+08
6.33750 1.211956513902179e+08
6.35000 1.210535194087158e+08
6.36250 1.209120267079707e+08
6.37500 1.207711607433085e+08
6.38750 1.206309040415865e+08
6.40000 1.204912338926820e+08
6.41250 1.203521219390264e+08
6.42500 1.202135336362047e+08
6.43750 1.200754275574455e+08
6.45000 1.199377545181727e+08
6.46250 1.198004565070074e+08
6.47500 1.196634654302290e+08
6.48750 1.195267017103754e+08
6.50000 1.193900728266623e+08
6.51250 1.192534719415771e+08
6.52500 1.191167768154427e+08
6.53750 1.189798492547995e+08
6.55000 1.188425353536564e+08
6.56250 1.187046667526551e+08
6.57500 1.185660630510857e+08
6.58750 1.184265353652234e+08
6.60000 1.182858908550211e+08
6.61250 1.181439378749741e+08
6.62500 1.180004912834329e+08
6.63750 1.178553773985556e+08
6.65000 1.177084381292852e+08
6.66250 1.175595339234048e+08
6.67500 1.174085453309994e+08
6.68750 1.172553731442269e+08
6.70000 1.170999372146548e+08
6.71250 1.169421741549440e+08
6.72500 1.167820342050249e+08
6.73750 1.166194775931359e+08
6.75000 1.164544707509969e+08
6.76250 1.162869827328087e+08
6.77500 1.161169821015267e+08
6.78750 1.159444343379843e+08
6.80000 1.157692994749427e+08
6.81250 1.155915291812754e+08
6.82500 1.154110619875098e+08
6.83750 1.152278148251996e+08
6.85000 1.150416685967015e+08
6.86250 1.148524452500407e+08
6.87500 1.146598748396497e+08
6.88750 1.144635588784843e+08
6.90000 1.142629779009388e+08
6.91250 1.140578045417189e+08
6.92500 1.138499430596967e+08
6.93750 1.136542005420010e+08
6.95000 1.135229996875023e+08
6.96250 1.134617287843798e+08
6.97500 1.133114398464274e+08
6.98750 1.130989746079282e+08
7.00000 1.128777125874900e+08
7.01250 1.126585628064739e+08
7.02500 1.124420116899287e+08
7.03750 1.122270904362186e+08
7.05000 1.120128990680602e+08
7.06250 1.117987506431406e+08
7.07500 1.115840919502881e+08
7.08750 1.113683881775067e+08
7.10000 1.111509706325844e+08
7.11250 1.109307748877846e+08
7.12500 1.107057746553936e+08
7.13750 1.104717287133911e+08
7.15000 1.102263636721930e+08
7.16250 1.101082917823737e+08
7.17500 1.099556403663510e+08
7.18750 1.096959362363137e+08
7.20000 1.096704294327362e+08
7.21250 1.094710486043118e+08
7.22500 1.092307867020735e+08
7.23750 1.090038625693372e+08
7.25000 1.087826052682078e+08
7.26250 1.085666970343417e+08
7.27500 1.083549495053238e+08
7.28750 1.081463559030890e+08
7.30000 1.079402533188498e+08
7.31250 1.077362157461139e+08
7.32500 1.075339593946765e+08
7.33750 1.073332836394948e+08
7.35000 1.071340359727624e+08
7.36250 1.069360909140839e+08
7.37500 1.067393369004329e+08
7.38750 1.065436678235886e+08
7.40000 1.063489773664236e+08
7.41250 1.061551551032984e+08
7.42500 1.059620837817758e+08
7.43750 1.057696374592850e+08
7.45000 1.055776803165720e+08
7.46250 1.053860660556681e+08
7.47500 1.051946378377139e+08
7.48750 1.050032287377776e+08
7.50000 1.048116626962520e+08
7.51250 1.046197559335625e+08
7.52500 1.044273187707748e+08
7.53750 1.042341577687589e+08
7.55000 1.040400780700976e+08
7.56250 1.038448858088621e+08
7.57500 1.036483904501835e+08
7.58750 1.034504069369765e+08
7.60000 1.032507575530362e+08
7.61250 1.030492734535114e+08
7.62500 1.028457958567459e+08
7.63750 1.026401769276131e+08
7.65000 1.024322804064800e+08
7.66250 1.022219820482202e+08
7.67500 1.020091699338429e+08
7.68750 1.017937447067931e+08
7.70000 1.015756197708427e+08
7.71250 1.013547214702574e+08
7.72500 1.011309892581527e+08
7.73750 1.009043758471648e+08
7.75000 1.006748473284551e+08
7.76250 1.004423832408066e+08
7.77500 1.002069765710513e+08
7.78750 9.996863367005007e+07
7.80000 9.972737407462393e+07
7.81250 9.948323023474696e+07
7.82500 9.923624715619440e+07
7.83750 9.898648198052631e+07
7.85000 9.873400353503962e+07
7.86250 9.847889189297771e+07
7.87500 9.822123798647089e+07
7.88750 9.796114330938812e+07
7.90000 9.769871973348968e+07
7.91250 9.743408943947473e+07
7.92500 9.716738493686683e+07
7.93750 9.689874911637326e+07
7.95000 9.662833524837008e+07
7.96250 9.635630681267321e+07
7.97500 9.608283701585734e+07
7.98750 9.580810781851597e+07
8.00000 9.553230825219867e+07
8.01250 9.525563175955310e+07
8.02500 9.497827226969717e+07
8.03750 9.470041879078016e+07
8.05000 9.442224856827566e+07
8.06250 9.414391941367573e+07
8.07500 9.386556260235371e+07
8.08750 9.358727841274865e+07
8.10000 9.330913628744484e+07
8.11250 9.303118026172432e+07
8.12500 9.275343810712773e+07
8.13750 9.247593091264647e+07
8.15000 9.219867979934712e+07
8.16250 9.192170788024883e+07
8.17500 9.164503691554707e+07
8.18750 9.136876590440507e+07
8.20000 9.109293846334943e+07
8.21250 9.081735850220808e+07
8.22500 9.054222045007032e+07
8.23750 9.026753278033639e+07
8.25000 8.999331745887229e+07
8.26250 8.971960507551582e+07
8.27500 8.944643465048869e+07
8.28750 8.917385300307560e+07
8.30000 8.890191220644087e+07
8.31250 8.863066509358700e+07
8.32500 8.836015939657851e+07
8.33750 8.809043140350224e+07
8.35000 8.782150091301586e+07
8.36250 8.755337646945664e+07
8.37500 8.728607851379701e+07
8.38750 8.701946082562433e+07
8.40000 8.675339133590719e+07
8.41250 8.648781158835630e+07
8.42500 8.622259970563975e+07
8.43750 8.595763481989346e+07
8.45000 8.569285737487678e+07
8.46250 8.542837924866803e+07
8.47500 8.516470147131976e+07
8.48750 8.490270066247542e+07
8.50000 8.464442627095993e+07
8.51250 8.439220701485489e+07
8.52500 8.414563569808167e+07
8.53750 8.389843242694542e+07
8.55000 8.364362763412714e+07
8.56250 8.338071340165213e+07
8.57500 8.311324753827032e+07
8.58750 8.284346841686668e+07
8.60000 8.257033928464554e+07
8.61250 8.229217877284865e+07
8.62500 8.200942504899998e+07
8.63750 8.172438470558599e+07
8.65000 8.144281090458184e+07
8.66250 8.118145086451162e+07
8.67500 8.097408189412889e+07
8.68750 8.080765402903786e+07
8.70000 8.058209979589169e+07
8.71250 8.029118790163039e+07
8.72500 7.997922157723461e+07
8.73750 7.966278095593654e+07
8.75000 7.934593865486728e+07
8.76250 7.902864391474846e+07
8.77500 7.870993166480450e+07
8.78750 7.838893441549288e+07
8.80000 7.806499911927958e+07
8.81250 7.773765771562050e+07
8.82500 7.740658216507910e+07
8.83750 7.707154733059742e+07
8.85000 7.673240392470248e+07
8.86250 7.638905972996067e+07
8.87500 7.604146696878093e+07
8.88750 7.568961405020845e+07
8.90000 7.533352031208885e+07
8.91250 7.497323270600271e+07
8.92500 7.460882364565861e+07
8.93750 7.424038946994010e+07
8.95000 7.386804916378760e+07
8.96250 7.349194313282633e+07
8.97500 7.311223194074787e+07
8.98750 7.272909499481145e+07
9.00000 7.234272921052095e+07
9.01250 7.195334770914429e+07
9.02500 7.156117860825926e+07
9.03750 7.116646396094206e+07
9.05000 7.076945888624595e+07
9.06250 7.037043091319987e+07
9.07500 6.996965953317879e+07
9.08750 6.956743592244303e+07
9.10000 6.916406276089858e+07
9.11250 6.875985403960323e+07
9.12500 6.835513472440663e+07
9.13750 6.795024013259852e+07
9.15000 6.754551488829215e+07
9.16250 6.714131135232607e+07
9.17500 6.673798747194241e+07
9.18750 6.633590405882414e+07
9.20000 6.593542157272310e+07
9.21250 6.553689655162057e+07
9.22500 6.514067787768807e+07
9.23750 6.474710309226166e+07
9.25000 6.435649496634789e+07
9.26250 6.396915849332842e+07
9.27500 6.358537839889901e+07
9.28750 6.320541716440225e+07
9.30000 6.282951343978614e+07
9.31250 6.245788058796906e+07
9.32500 6.209070496163716e+07
9.33750 6.172814338373558e+07
9.35000 6.137031922710571e+07
9.36250 6.101731655887969e+07
9.37500 6.066917218427449e+07
9.38750 6.032586626121567e+07
9.40000 5.998731348329295e+07
9.41250 5.965335824006029e+07
9.42500 5.932377766202571e+07
9.43750 5.899829485381033e+07
9.45000 5.867660071268515e+07
9.46250 5.835837835366157e+07
9.47500 5.804332240008917e+07
9.48750 5.773114788208149e+07
9.50000 5.742158856377400e+07
9.51250 5.711438872741459e+07
9.52500 5.680929361376284e+07
9.53750 5.650604227491339e+07
9.55000 5.620436429587205e+07
9.56250 5.590398007597256e+07
9.57500 5.560460355016337e+07
9.58750 5.530594615036052e+07
9.60000 5.500772108229642e+07
9.61250 5.470964735094880e+07
9.62500 5.441145327780173e+07
9.63750 5.411287948038837e+07
9.65000 5.381368143560363e+07
9.66250 5.351363184171726e+07
9.67500 5.321252304885509e+07
9.68750 5.291016986346472e+07
9.70000 5.260641307467912e+07
9.71250 5.230112414089629e+07
9.72500 5.199421168458648e+07
9.73750 5.168563089764925e+07
9.75000 5.137539788126148e+07
9.76250 5.106361272741152e+07
9.77500 5.075049845611611e+07
9.78750 5.043646864569519e+07
9.80000 5.012224482968961e+07
9.81250 4.980904898592039e+07
9.82500 4.949885944792099e+07
9.83750 4.919449961384912e+07
9.85000 4.889863026568638e+07
9.86250 4.860998378307259e+07
9.87500 4.831882128975188e+07
9.88750 4.801229734181838e+07
9.90000 4.768785782041080e+07
9.91250 4.735290353368894e+07
9.92500 4.701502914026293e+07
9.93750 4.667830833139942e+07
9.95000 4.634436216627961e+07
9.96250 4.601382964806076e+07
9.97500 4.568735196367368e+07
9.98750 4.536691493617061e+07
10.00000 4.506084537547255e+07
