0.00001 3.423383284987672e-09
0.01250 4.279984240911000e-06
0.02500 8.564554875866418e-06
0.03750 1.285857412853023e-05
0.05000 1.716744612639521e-05
0.06250 2.149736326730183e-05
0.07500 2.585552260712199e-05
0.08750 3.025030215678805e-05
0.10000 3.469138844001243e-05
0.11250 3.918985038511932e-05
0.12500 4.375816142871990e-05
0.13750 4.841018179629675e-05
0.15000 5.316112543930043e-05
0.16250 5.802754901821452e-05
0.17500 6.302741082955534e-05
0.18750 6.818025307917588e-05
0.20000 7.350756020855092e-05
0.21250 7.903334023201914e-05
0.22500 8.478496890097447e-05
0.23750 9.079433343581723e-05
0.25000 9.709931963175723e-05
0.26250 1.037457091325694e-04
0.27500 1.107895981937393e-04
0.28750 1.183005224672833e-04
0.30000 1.263655867483734e-04
0.31250 1.350950796275904e-04
0.32500 1.446303542444884e-04
0.33750 1.551552923833312e-04
0.35000 1.669136814251073e-04
0.36250 1.802367977213683e-04
0.37500 1.955891528862014e-04
0.38750 2.136458786596261e-04
0.40000 2.354157892804501e-04
0.41250 2.623706827962987e-04
0.42500 2.961858204482708e-04
0.43750 3.363428916381996e-04
0.45000 3.738019961097163e-04
0.46250 3.960046084497627e-04
0.47500 4.096190442316631e-04
0.48750 4.245842941404266e-04
0.50000 4.386613253773163e-04
0.51250 4.472704485459946e-04
0.52500 4.496285856429360e-04
0.53750 4.482974107241173e-04
0.55000 4.464373483267938e-04
0.56250 4.460805030297962e-04
0.57500 4.480123486994682e-04
0.58750 4.522806374802521e-04
0.60000 4.586372689998760e-04
0.61250 4.667745627344019e-04
0.62500 4.764200306135843e-04
0.63750 4.873616506692555e-04
0.65000 4.994455036725176e-04
0.66250 5.125651947162709e-04
0.67500 5.266507783323278e-04
0.68750 5.416596572897191e-04
0.70000 5.575698314354199e-04
0.71250 5.743751703331574e-04
0.72500 5.920822409163700e-04
0.73750 6.107082749887615e-04
0.75000 6.302799637930333e-04
0.76250 6.508328655972464e-04
0.77500 6.724112939205645e-04
0.78750 6.950686198580972e-04
0.80000 7.188679780929346e-04
0.81250 7.438834206457432e-04
0.82500 7.702016254595089e-04
0.83750 7.979243535608033e-04
0.85000 8.271719842099216e-04
0.86250 8.580886902484717e-04
0.87500 8.908502452405328e-04
0.88750 9.256763056668056e-04
0.90000 9.628508634777839e-04
0.91250 1.002759198866776e-03
0.92500 1.045964548919992e-03
0.93750 1.093424715162709e-03
0.95000 1.147645088725548e-03
0.96250 1.206251280339561e-03
0.97500 1.278937697353650e-03
0.98750 1.380476837202079e-03
1.00000 1.569418357249566e-03
1.01250 2.242639153826319e-03
1.02500 1.974171834048531e-03
1.03750 1.497089717012476e-03
1.05000 1.529621903862449e-03
1.06250 1.610033478554740e-03
1.07500 1.704147722758868e-03
1.08750 1.808307505929384e-03
1.10000 1.923211956061847e-03
1.11250 2.050698649666917e-03
1.12500 2.193217435428624e-03
1.13750 2.353796844884030e-03
1.15000 2.536135883960502e-03
1.16250 2.744739246723747e-03
1.17500 2.985068169160484e-03
1.18750 3.263688550692146e-03
1.20000 3.588403481479982e-03
1.21250 3.968377570153369e-03
1.22500 4.414278727639936e-03
1.23750 4.938228061153509e-03
1.25000 5.551544084781183e-03
1.26250 6.250528978395114e-03
1.27500 6.966204037821517e-03
1.28750 7.517351867350932e-03
1.30000 7.846344481637261e-03
1.31250 8.274459104425111e-03
1.32500 9.121923232949128e-03
1.33750 1.057410765760358e-02
1.35000 1.287646592324496e-02
1.36250 1.640037667448742e-02
1.37500 2.123399353904514e-02
1.38750 2.532174806423119e-02
1.40000 2.407379020428903e-02
1.41250 1.928064355668492e-02
1.42500 1.615835515531427e-02
1.43750 1.120497465069819e-02
1.45000 8.676119433282557e-03
1.46250 5.157154437379147e-03
1.47500 3.715330471470726e-03
1.48750 3.069128007260995e-03
1.50000 2.591753590270399e-03
1.51250 1.920804908393646e-03
1.52500 1.771572277758479e-03
1.53750 1.863879463598673e-03
1.55000 2.036414507544175e-03
1.56250 2.245189313127946e-03
1.57500 2.475166874278442e-03
1.58750 2.720240784629437e-03
1.60000 2.978035362765454e-03
1.61250 3.248314341189452e-03
1.62500 3.532550331256248e-03
1.63750 3.833732034223745e-03
1.65000 4.154876125143878e-03
1.66250 4.491105800688486e-03
1.67500 4.804943087179634e-03
1.68750 5.010328031124952e-03
1.70000 5.082644810018811e-03
1.71250 5.128743574629233e-03
1.72500 5.212811862534214e-03
1.73750 5.321749884665819e-03
1.75000 5.430059066691725e-03
1.76250 5.523137884823391e-03
1.77500 5.597765763823265e-03
1.78750 5.657726143865417e-03
1.80000 5.708925685237369e-03
1.81250 5.756143400215210e-03
1.82500 5.802045396070887e-03
1.83750 5.847631067089403e-03
1.85000 5.893057038122474e-03
1.86250 5.938302512220330e-03
1.87500 5.983594003103573e-03
1.88750 6.029705247064815e-03
1.90000 6.078322283410395e-03
1.91250 6.132797135197878e-03
1.92500 6.200128405692444e-03
1.93750 6.297212640355690e-03
1.95000 6.476514563032180e-03
1.96250 6.981785011058804e-03
1.97500 7.572459573775196e-03
1.98750 5.926343502669517e-03
2.00000 5.912586698491417e-03
2.01250 5.969911283598420e-03
2.02500 6.017642582655390e-03
2.03750 6.056482354736965e-03
2.05000 6.089678358509334e-03
2.06250 6.119460340325573e-03
2.07500 6.147275252162738e-03
2.08750 6.174100789067630e-03
2.10000 6.200634917537143e-03
2.11250 6.227402738750612e-03
2.12500 6.254817151210705e-03
2.13750 6.283213892788634e-03
2.15000 6.312872028015100e-03
2.16250 6.344025943055067e-03
2.17500 6.376872294186825e-03
2.18750 6.411573948460370e-03
2.20000 6.448262166494531e-03
2.21250 6.487037813155199e-03
2.22500 6.527972093973264e-03
2.23750 6.571107127668155e-03
2.25000 6.616456538702454e-03
2.26250 6.664006167904521e-03
2.27500 6.713714942911530e-03
2.28750 6.765515916917822e-03
2.30000 6.819317468822303e-03
2.31250 6.875004655239978e-03
2.32500 6.932440709600047e-03
2.33750 6.991468690519148e-03
2.35000 7.051913286646612e-03
2.36250 7.113582785736278e-03
2.37500 7.176271211249441e-03
2.38750 7.239760621445103e-03
2.40000 7.303823555794455e-03
2.41250 7.368225604024974e-03
2.42500 7.432728066044431e-03
2.43750 7.497090667408023e-03
2.45000 7.561074294835778e-03
2.46250 7.624443718653923e-03
2.47500 7.686970272490611e-03
2.48750 7.748434463562326e-03
2.50000 7.808628488204552e-03
2.51250 7.867358626281747e-03
2.52500 7.924447484847457e-03
2.53750 7.979736056726349e-03
2.55000 8.033085554924577e-03
2.56250 8.084378980592787e-03
2.57500 8.133522382255568e-03
2.58750 8.180445768335704e-03
2.60000 8.225103644035900e-03
2.61250 8.267475156804116e-03
2.62500 8.307563850303455e-03
2.63750 8.345397042667686e-03
2.65000 8.381024858221051e-03
2.66250 8.414518950608265e-03
2.67500 8.445970958442243e-03
2.68750 8.475490732844102e-03
2.70000 8.503204372015240e-03
2.71250 8.529252094657361e-03
2.72500 8.553785984913697e-03
2.73750 8.576967648332856e-03
2.75000 8.598965830548607e-03
2.76250 8.619954064843996e-03
2.77500 8.640108426865217e-03
2.78750 8.659605479767112e-03
2.80000 8.678620487807804e-03
2.81250 8.697325960144329e-03
2.82500 8.715890561144695e-03
2.83750 8.734478392619477e-03
2.85000 8.753248621506003e-03
2.86250 8.772355398015115e-03
2.87500 8.791947987514852e-03
2.88750 8.812171026699324e-03
2.90000 8.833164811831067e-03
2.91250 8.855065533798440e-03
2.92500 8.878005390054077e-03
2.93750 8.902112524934051e-03
2.95000 8.927510774480934e-03
2.96250 8.954319216501722e-03
2.97500 8.982651548138586e-03
2.98750 9.012615329303305e-03
3.00000 9.044311139465348e-03
3.01250 9.077831697189552e-03
3.02500 9.113260987274826e-03
3.03750 9.150673431003955e-03
3.05000 9.190133123031442e-03
3.06250 9.231693146073314e-03
3.07500 9.275394963834239e-03
3.08750 9.321267884989571e-03
3.10000 9.369328587342421e-03
3.11250 9.419580691581182e-03
3.12500 9.472014377830247e-03
3.13750 9.526606044401914e-03
3.15000 9.583318015561174e-03
3.16250 9.642098312421304e-03
3.17500 9.702880507180630e-03
3.18750 9.765583684971593e-03
3.20000 9.830112539155538e-03
3.21250 9.896357624829634e-03
3.22500 9.964195791754843e-03
3.23750 1.003349081220294e-02
3.25000 1.010409421181790e-02
3.26250 1.017584630305281e-02
3.27500 1.024857741171393e-02
3.28750 1.032210927833839e-02
3.30000 1.039625660832270e-02
3.31250 1.047082873866854e-02
3.32500 1.054563138556837e-02
3.33750 1.062046843620013e-02
3.35000 1.069514375005191e-02
3.36250 1.076946293942868e-02
3.37500 1.084323510468922e-02
3.38750 1.091627450616673e-02
3.40000 1.098840216056580e-02
3.41250 1.105944735402124e-02
3.42500 1.112924906644938e-02
3.43750 1.119765730224609e-02
3.45000 1.126453432112472e-02
3.46250 1.132975576056432e-02
3.47500 1.139321163872470e-02
3.48750 1.145480722455269e-02
3.50000 1.151446376080418e-02
3.51250 1.157211902630633e-02
3.52500 1.162772772618572e-02
3.53750 1.168126170294382e-02
3.55000 1.173270996684489e-02
3.56250 1.178207855053697e-02
3.57500 1.182939019940831e-02
3.58750 1.187468391504101e-02
3.60000 1.191801437342073e-02
3.61250 1.195945124159753e-02
3.62500 1.199907841586617e-02
3.63750 1.203699320125732e-02
3.65000 1.207330544673068e-02
3.66250 1.210813664394537e-02
3.67500 1.214161899119275e-02
3.68750 1.217389441943174e-02
3.70000 1.220511357546326e-02
3.71250 1.223543475860944e-02
3.72500 1.226502281147730e-02
3.73750 1.229404797137372e-02
3.75000 1.232268469511577e-02
3.76250 1.235111047473773e-02
3.77500 1.237950466376923e-02
3.78750 1.240804733291690e-02
3.80000 1.243691817047224e-02
3.81250 1.246629543754795e-02
3.82500 1.249635498252815e-02
3.83750 1.252726931404819e-02
3.85000 1.255920672821441e-02
3.86250 1.259233048400305e-02
3.87500 1.262679802079122e-02
3.88750 1.266276021340550e-02
3.90000 1.270036066238503e-02
3.91250 1.273973501977719e-02
3.92500 1.278101035321318e-02
3.93750 1.282430455287249e-02
3.95000 1.286972578702916e-02
3.96250 1.291737201210273e-02
3.97500 1.296733054256933e-02
3.98750 1.301967768486820e-02
4.00000 1.307447843776133e-02
4.01250 1.313178625969541e-02
4.02500 1.319164290179095e-02
4.03750 1.325407830334036e-02
4.05000 1.331911054528297e-02
4.06250 1.338674585614488e-02
4.07500 1.345697866443395e-02
4.08750 1.352979169145789e-02
4.10000 1.360515607895032e-02
4.11250 1.368303154666852e-02
4.12500 1.376336657618966e-02
4.13750 1.384609861840119e-02
4.15000 1.393115432359624e-02
4.16250 1.401844979459838e-02
4.17500 1.410789086492595e-02
4.18750 1.419937340563016e-02
4.20000 1.429278366605096e-02
4.21250 1.438799865524781e-02
4.22500 1.448488657214294e-02
4.23750 1.458330729329448e-02
4.25000 1.468311292750309e-02
4.26250 1.478414844598770e-02
4.27500 1.488625239553913e-02
4.28750 1.498925769991177e-02
4.30000 1.509299255190793e-02
4.31250 1.519728139547300e-02
4.32500 1.530194599405429e-02
4.33750 1.540680657888298e-02
4.35000 1.551168306897611e-02
4.36250 1.561639635357796e-02
4.37500 1.572076962722514e-02
4.38750 1.582462976720624e-02
4.40000 1.592780874236284e-02
4.41250 1.603014504053386e-02
4.42500 1.613148509929970e-02
4.43750 1.623168472121861e-02
4.45000 1.633061045093480e-02
4.46250 1.642814088809728e-02
4.47500 1.652416790769841e-02
4.48750 1.661859775889960e-02
4.50000 1.671135201506996e-02
4.51250 1.680236835177800e-02
4.52500 1.689160113565740e-02
4.53750 1.697902181496144e-02
4.55000 1.706461911152125e-02
4.56250 1.714839902286813e-02
4.57500 1.723038465151255e-02
4.58750 1.731061588485304e-02
4.60000 1.738914895310298e-02
4.61250 1.746605589341145e-02
4.62500 1.754142394582657e-02
4.63750 1.761535490120692e-02
4.65000 1.768796441342901e-02
4.66250 1.775938127952403e-02
4.67500 1.782974668323864e-02
4.68750 1.789921339146014e-02
4.70000 1.796794489013211e-02
4.71250 1.803611444722705e-02
4.72500 1.810390409474975e-02
4.73750 1.817150352860434e-02
4.75000 1.823910893299096e-02
4.76250 1.830692174325407e-02
4.77500 1.837514736654432e-02
4.78750 1.844399388260671e-02
4.80000 1.851367074742576e-02
4.81250 1.858438752080734e-02
4.82500 1.865635263598498e-02
4.83750 1.872977222577309e-02
4.85000 1.880484901623701e-02
4.86250 1.888178129564598e-02
4.87500 1.896076196370809e-02
4.88750 1.904197766364819e-02
4.90000 1.912560799740553e-02
4.91250 1.921182482192626e-02
4.92500 1.930079162212309e-02
4.93750 1.939266295361014e-02
4.95000 1.948758394594357e-02
4.96250 1.958568985505610e-02
4.97500 1.968710565213783e-02
4.98750 1.979194563564599e-02
5.00000 1.990031305359221e-02
5.01250 2.001229972482454e-02
5.02500 2.012798565060092e-02
5.03750 2.024743861113652e-02
5.05000 2.037071374568208e-02
5.06250 2.049785311868523e-02
5.07500 2.062888527833044e-02
5.08750 2.076382481693469e-02
5.10000 2.090267194507445e-02
5.11250 2.104541209285114e-02
5.12500 2.119201555240586e-02
5.13750 2.134243717583029e-02
5.15000 2.149661614222845e-02
5.16250 2.165447580711185e-02
5.17500 2.181592364675908e-02
5.18750 2.198085130971416e-02
5.20000 2.214913478712554e-02
5.21250 2.232063471283053e-02
5.22500 2.249519680253022e-02
5.23750 2.267265243861132e-02
5.25000 2.285281940289194e-02
5.26250 2.303550275394200e-02
5.27500 2.322049583937179e-02
5.28750 2.340758142786794e-02
5.30000 2.359653294238688e-02
5.31250 2.378711577619964e-02
5.32500 2.397908867812922e-02
5.33750 2.417220520184418e-02
5.35000 2.436621522475264e-02
5.36250 2.456086655228674e-02
5.37500 2.475590663046347e-02
5.38750 2.495108439150616e-02
5.40000 2.514615225322383e-02
5.41250 2.534086828333751e-02
5.42500 2.553499852665391e-02
5.43750 2.572831947804845e-02
5.45000 2.592062066968956e-02
5.46250 2.611170732840891e-02
5.47500 2.630140304956402e-02
5.48750 2.648955242757457e-02
5.50000 2.667602358056694e-02
5.51250 2.686071050706495e-02
5.52500 2.704353521617267e-02
5.53750 2.722444957894290e-02
5.55000 2.740343685729387e-02
5.56250 2.758051287748882e-02
5.57500 2.775572682721381e-02
5.58750 2.792916166779351e-02
5.60000 2.810093416502195e-02
5.61250 2.827119455225040e-02
5.62500 2.844012584669439e-02
5.63750 2.860794284364113e-02
5.65000 2.877489081320659e-02
5.66250 2.894124392113429e-02
5.67500 2.910730339019309e-02
5.68750 2.927339541389888e-02
5.70000 2.943986883147830e-02
5.71250 2.960709257362238e-02
5.72500 2.977545289310661e-02
5.73750 2.994535040205127e-02
5.75000 3.011719694673931e-02
5.76250 3.029141235926577e-02
5.77500 3.046842113081623e-02
5.78750 3.064864905273396e-02
5.80000 3.083251986855030e-02
5.81250 3.102045197362490e-02
5.82500 3.121285519059822e-02
5.83750 3.141012764036153e-02
5.85000 3.161265272146955e-02
5.86250 3.182079620717843e-02
5.87500 3.203490346932745e-02
5.88750 3.225529684232118e-02
5.90000 3.248227314824104e-02
5.91250 3.271610141503748e-02
5.92500 3.295702083291638e-02
5.93750 3.320523900824122e-02
5.95000 3.346093058790163e-02
5.96250 3.372423633803336e-02
5.97500 3.399526276648775e-02
5.98750 3.427408237535354e-02
6.00000 3.456073461476399e-02
6.01250 3.485522757939541e-02
6.02500 3.515754044321156e-02
6.03750 3.546762656757826e-02
6.05000 3.578541714796277e-02
6.06250 3.611082519406222e-02
6.07500 3.644374957951949e-02
6.08750 3.678407886345778e-02
6.10000 3.713169458769063e-02
6.11250 3.748647379571197e-02
6.12500 3.784829059932607e-02
6.13750 3.821701672440483e-02
6.15000 3.859252108094905e-02
6.16250 3.897466850481794e-02
6.17500 3.936331789299929e-02
6.18750 3.975831999216760e-02
6.20000 4.015951510109324e-02
6.21250 4.056673091768421e-02
6.22500 4.097978071109352e-02
6.23750 4.139846193849349e-02
6.25000 4.182255536305790e-02
6.26250 4.225182467039666e-02
6.27500 4.268601652986091e-02
6.28750 4.312486100870457e-02
6.30000 4.356807222424874e-02
6.31250 4.401534911349410e-02
6.32500 4.446637621021882e-02
6.33750 4.492082434306034e-02
6.35000 4.537835119923841e-02
6.36250 4.583860173201561e-02
6.37500 4.630120842185725e-02
6.38750 4.676579143048870e-02
6.40000 4.723195871610761e-02
6.41250 4.769930621217830e-02
6.42500 4.816741821830069e-02
6.43750 4.863586821523748e-02
6.45000 4.910422039876400e-02
6.46250 4.957203232236137e-02
6.47500 5.003885913012034e-02
6.48750 5.050425991982906e-02
6.50000 5.096780676311205e-02
6.51250 5.142909678200490e-02
6.52500 5.188776740525108e-02
6.53750 5.234351449401955e-02
6.55000 5.279611246956505e-02
6.56250 5.324543498150555e-02
6.57500 5.369147415873500e-02
6.58750 5.413435623778198e-02
6.60000 5.457435148862757e-02
6.61250 5.501187689763749e-02
6.62500 5.544749095092834e-02
6.63750 5.588188091490084e-02
6.65000 5.631584400810723e-02
6.66250 5.675026459887043e-02
6.67500 5.718608993531828e-02
6.68750 5.762430692371168e-02
6.70000 5.806592221311566e-02
6.71250 5.851194744644760e-02
6.72500 5.896339109173256e-02
6.73750 5.942125779173476e-02
6.75000 5.988655562444230e-02
6.76250 6.036031102765883e-02
6.77500 6.084359052461247e-02
6.78750 6.133752816723816e-02
6.80000 6.184335846008895e-02
6.81250 6.236245735027807e-02
6.82500 6.289639979989270e-02
6.83750 6.344705326167971e-02
6.85000 6.401674598255833e-02
6.86250 6.460858752336845e-02
6.87500 6.522710227519378e-02
6.88750 6.587953179616224e-02
6.90000 6.657863516541623e-02
6.91250 6.734888580563064e-02
6.92500 6.823871819924530e-02
6.93750 6.931440296428575e-02
6.95000 7.043294410647649e-02
6.96250 7.082147819095869e-02
6.97500 7.084690310569712e-02
6.98750 7.122054345707592e-02
7.00000 7.182478255606500e-02
7.01250 7.253825129603955e-02
7.02500 7.331129584731748e-02
7.03750 7.412480993215946e-02
7.05000 7.497143338602763e-02
7.06250 7.584870670096458e-02
7.07500 7.675659372460396e-02
7.08750 7.769675162881268e-02
7.10000 7.867288056805485e-02
7.11250 7.969265493104946e-02
7.12500 8.077426079557358e-02
7.13750 8.197282088631956e-02
7.15000 8.352575422829528e-02
7.16250 8.487354781367359e-02
7.17500 8.597450265157323e-02
7.18750 8.714004591399037e-02
7.20000 8.837721845368766e-02
7.21250 8.831108904528816e-02
7.22500 8.931254567413918e-02
7.23750 9.043759437606715e-02
7.25000 9.164320804429305e-02
7.26250 9.289589741941325e-02
7.27500 9.417805956855321e-02
7.28750 9.548257737459322e-02
7.30000 9.680624791202849e-02
7.31250 9.814726074484434e-02
7.32500 9.950431492920350e-02
7.33750 1.008762987104580e-01
7.35000 1.022621691094206e-01
7.36250 1.036609076146685e-01
7.37500 1.050715072283648e-01
7.38750 1.064929737136521e-01
7.40000 1.079243341377241e-01
7.41250 1.093646497942119e-01
7.42500 1.108130321701961e-01
7.43750 1.122686612201611e-01
7.45000 1.137308053796322e-01
7.46250 1.151988427266126e-01
7.47500 1.166722825840246e-01
7.48750 1.181507867093920e-01
7.50000 1.196341890848842e-01
7.51250 1.211225132478473e-01
7.52500 1.226159861347956e-01
7.53750 1.241150475844358e-01
7.55000 1.256203549645812e-01
7.56250 1.271327828212317e-01
7.57500 1.286534179247654e-01
7.58750 1.301835505149981e-01
7.60000 1.317246628374415e-01
7.61250 1.332784161650127e-01
7.62500 1.348466374098049e-01
7.63750 1.364313061906858e-01
7.65000 1.380345429037861e-01
7.66250 1.396585980166037e-01
7.67500 1.413058425290583e-01
7.68750 1.429787593483229e-01
7.70000 1.446799352167982e-01
7.71250 1.464120528054403e-01
7.72500 1.481778826199591e-01
7.73750 1.499802744454602e-01
7.75000 1.518221481577272e-01
7.76250 1.537064838417527e-01
7.77500 1.556363112680121e-01
7.78750 1.576146988734213e-01
7.80000 1.596447424656704e-01
7.81250 1.617295539045890e-01
7.82500 1.638722499997221e-01
7.83750 1.660759417883660e-01
7.85000 1.683437242174347e-01
7.86250 1.706786660501967e-01
7.87500 1.730837995738945e-01
7.88750 1.755621094308763e-01
7.90000 1.781165196804873e-01
7.91250 1.807498780709875e-01
7.92500 1.834649364998025e-01
7.93750 1.862643267853600e-01
7.95000 1.891505311603911e-01
7.96250 1.921258473116697e-01
7.97500 1.951923483452752e-01
7.98750 1.983518388309433e-01
8.00000 2.016058092684821e-01
8.01250 2.049553932237326e-01
8.02500 2.084013342636098e-01
8.03750 2.119439735031478e-01
8.05000 2.155832717486522e-01
8.06250 2.193188797908410e-01
8.07500 2.231502620703016e-01
8.08750 2.270768604736060e-01
8.10000 2.310982617043408e-01
8.11250 2.352143182929026e-01
8.12500 2.394251852247122e-01
8.13750 2.437312708663386e-01
8.15000 2.481331414511161e-01
8.16250 2.526314451618727e-01
8.17500 2.572269981781992e-01
8.18750 2.619211452343186e-01
8.20000 2.667085626997882e-01
8.21250 2.715972405845892e-01
8.22500 2.765850265739058e-01
8.23750 2.816722635476189e-01
8.25000 2.868594770259679e-01
8.26250 2.921471306891963e-01
8.27500 2.975355358869026e-01
8.28750 3.030247661901023e-01
8.30000 3.086145923784126e-01
8.31250 3.143044568727418e-01
8.32500 3.200934996565838e-01
8.33750 3.259806422798329e-01
8.35000 3.319647333843118e-01
8.36250 3.380446534194060e-01
8.37500 3.442183291203345e-01
8.38750 3.504847197340564e-01
8.40000 3.568465990002637e-01
8.41250 3.633047131692945e-01
8.42500 3.698613244139803e-01
8.43750 3.765205401587196e-01
8.45000 3.832881083067454e-01
8.46250 3.901704752359491e-01
8.47500 3.971696574478338e-01
8.48750 4.042812348185580e-01
8.50000 4.114734939143975e-01
8.51250 4.186643951465528e-01
8.52500 4.257545553855415e-01
8.53750 4.327585821927577e-01
8.55000 4.398445509994932e-01
8.56250 4.471488505692224e-01
8.57500 4.546774382886613e-01
8.58750 4.623812004463812e-01
8.60000 4.702605760225179e-01
8.61250 4.783847311984913e-01
8.62500 4.868219343889445e-01
8.63750 4.956194124506937e-01
8.65000 5.047951791594825e-01
8.66250 5.141515992770862e-01
8.67500 5.226644783104745e-01
8.68750 5.290418290981382e-01
8.70000 5.351424645489714e-01
8.71250 5.427838421664726e-01
8.72500 5.515337027838243e-01
8.73750 5.608821401797336e-01
8.75000 5.706038952073894e-01
8.76250 5.806103198679331e-01
8.77500 5.908818691914801e-01
8.78750 6.014231275625158e-01
8.80000 6.122474492392361e-01
8.81250 6.233714185114689e-01
8.82500 6.348127166414813e-01
8.83750 6.465892896421935e-01
8.85000 6.587190381316795e-01
8.86250 6.712197140027677e-01
8.87500 6.841088869983641e-01
8.88750 6.974039197599530e-01
8.90000 7.111219251284342e-01
8.91250 7.252796972277870e-01
8.92500 7.398936169517452e-01
8.93750 7.549795366491808e-01
8.95000 7.705526499849150e-01
8.96250 7.866273523681526e-01
8.97500 8.032170958778267e-01
8.98750 8.203342408941156e-01
9.00000 8.379899050453419e-01
9.01250 8.561938087736921e-01
9.02500 8.749541158568825e-01
9.03750 8.942772665994052e-01
9.05000 9.141678011522202e-01
9.06250 9.346281706185687e-01
9.07500 9.556585343835168e-01
9.08750 9.772565435900312e-01
9.10000 9.994171129242181e-01
9.11250 1.022132185775209e+00
9.12500 1.045390501131057e+00
9.13750 1.069177373819485e+00
9.15000 1.093474502346557e+00
9.16250 1.118259820060236e+00
9.17500 1.143507405207586e+00
9.18750 1.169187463421610e+00
9.20000 1.195266392319082e+00
9.21250 1.221706932596574e+00
9.22500 1.248468403958902e+00
9.23750 1.275507018304439e+00
9.25000 1.302776257816088e+00
9.26250 1.330227302889943e+00
9.27500 1.357809494881841e+00
9.28750 1.385470821853470e+00
9.30000 1.413158421898048e+00
9.31250 1.440819107951935e+00
9.32500 1.468399929599227e+00
9.33750 1.495848799777662e+00
9.35000 1.523115224080729e+00
9.36250 1.550151170369694e+00
9.37500 1.576912094487805e+00
9.38750 1.603358079404745e+00
9.40000 1.629454944701809e+00
9.41250 1.655175066533266e+00
9.42500 1.680497588505660e+00
9.43750 1.705407798319826e+00
9.45000 1.729895726740409e+00
9.46250 1.753954373928686e+00
9.47500 1.777578148753035e+00
9.48750 1.800761969049159e+00
9.50000 1.823501108337839e+00
9.51250 1.845791541268472e+00
9.52500 1.867630418054101e+00
9.53750 1.889016379520809e+00
9.55000 1.909949587075526e+00
9.56250 1.930431477601444e+00
9.57500 1.950464322095736e+00
9.58750 1.970050679526283e+00
9.60000 1.989192820060183e+00
9.61250 2.007892165371728e+00
9.62500 2.026148769156024e+00
9.63750 2.043960842079476e+00
9.65000 2.061324312477605e+00
9.66250 2.078232406199554e+00
9.67500 2.094675224794168e+00
9.68750 2.110639299167701e+00
9.70000 2.126107093776567e+00
9.71250 2.141056431185654e+00
9.72500 2.155459793750001e+00
9.73750 2.169283431614694e+00
9.75000 2.182486155453504e+00
9.76250 2.195017609661201e+00
9.77500 2.206815709839856e+00
9.78750 2.217802849036545e+00
9.80000 2.227880724230954e+00
9.81250 2.236925306346423e+00
9.82500 2.244790034640554e+00
9.83750 2.251344620114712e+00
9.85000 2.256609454450133e+00
9.86250 2.260999941264027e+00
9.87500 2.265326102089254e+00
9.88750 2.270027472783877e+00
9.90000 2.274572792681918e+00
9.91250 2.278109992023612e+00
9.92500 2.280142331214893e+00
9.93750 2.280512845828118e+00
9.95000 2.279197857599349e+00
9.96250 2.276183914565653e+00
9.97500 2.271403000708810e+00
9.98750 2.264644530673596e+00
10.00000 2.255351654549857e+00
