0.00001 3.423384031451311e-09
0.01250 4.279985166491822e-06
0.02500 8.564556680619271e-06
0.03750 1.285857671295804e-05
0.05000 1.716744932635803e-05
0.06250 2.149736684083887e-05
0.07500 2.585552622369579e-05
0.08750 3.025030539303788e-05
0.10000 3.469139078541458e-05
0.11250 3.918985125958596e-05
0.12500 4.375816021220874e-05
0.13750 4.841017786811822e-05
0.15000 5.316111822234852e-05
0.16250 5.802753802136539e-05
0.17500 6.302739568061636e-05
0.18750 6.818023354152283e-05
0.20000 7.350753617702922e-05
0.21250 7.903331170732964e-05
0.22500 8.478493594569065e-05
0.23750 9.079429611832367e-05
0.25000 9.709927796594545e-05
0.26250 1.037456630206904e-04
0.27500 1.107895473774534e-04
0.28750 1.183004664878936e-04
0.30000 1.263655249117427e-04
0.31250 1.350950109628797e-04
0.32500 1.446302774413374e-04
0.33750 1.551552057000002e-04
0.35000 1.669135826134983e-04
0.36250 1.802366842022947e-04
0.37500 1.955890229363563e-04
0.38750 2.136457356477361e-04
0.40000 2.354156535311148e-04
0.41250 2.623706181344381e-04
0.42500 2.961859663417042e-04
0.43750 3.363433625466542e-04
0.45000 3.738023534393749e-04
0.46250 3.960041174194479e-04
0.47500 4.096182596742518e-04
0.48750 4.245839430076696e-04
0.50000 4.386614612820281e-04
0.51250 4.472707767951324e-04
0.52500 4.496287499109371e-04
0.53750 4.482971714305492e-04
0.55000 4.464366427994410e-04
0.56250 4.460793902694942e-04
0.57500 4.480109281811040e-04
0.58750 4.522790014817975e-04
0.60000 4.586354877715934e-04
0.61250 4.667726852400317e-04
0.62500 4.764180895970241e-04
0.63750 4.873596676256693e-04
0.65000 4.994434926415093e-04
0.66250 5.125631649502884e-04
0.67500 5.266487361355139e-04
0.68750 5.416576072935143e-04
0.70000 5.575677775000291e-04
0.71250 5.743731161998902e-04
0.72500 5.920801906931697e-04
0.73750 6.107062335255555e-04
0.75000 6.302779369891813e-04
0.76250 6.508308606764228e-04
0.77500 6.724093197068030e-04
0.78750 6.950666870896430e-04
0.80000 7.188660998184923e-04
0.81250 7.438816127626946e-04
0.82500 7.701999074796326e-04
0.83750 7.979227497337021e-04
0.85000 8.271705252120490e-04
0.86250 8.580874157841605e-04
0.87500 8.908492081554933e-04
0.88750 9.256755786558127e-04
0.90000 9.628505503992775e-04
0.91250 1.002759454414217e-03
0.92500 1.045965612332826e-03
0.93750 1.093426943814214e-03
0.95000 1.147648785938370e-03
0.96250 1.206260070330693e-03
0.97500 1.278953474860713e-03
0.98750 1.380512911789855e-03
1.00000 1.569534290600158e-03
1.01250 2.243271212016591e-03
1.02500 1.973433072481296e-03
1.03750 1.497036736418660e-03
1.05000 1.529616001664319e-03
1.06250 1.610033636184290e-03
1.07500 1.704149139005903e-03
1.08750 1.808309469581654e-03
1.10000 1.923214493966056e-03
1.11250 2.050701971194762e-03
1.12500 2.193221808190504e-03
1.13750 2.353802541129213e-03
1.15000 2.536143105678392e-03
1.16250 2.744747968757726e-03
1.17500 2.985077814447990e-03
1.18750 3.263697356099169e-03
1.20000 3.588407336916657e-03
1.21250 3.968368057927964e-03
1.22500 4.414240191614938e-03
1.23750 4.938134238412099e-03
1.25000 5.551357827744343e-03
1.26250 6.250220279181265e-03
1.27500 6.965826063291009e-03
1.28750 7.517120985583789e-03
1.30000 7.846365604387865e-03
1.31250 8.274542625839636e-03
1.32500 9.121929613962167e-03
1.33750 1.057400255744080e-02
1.35000 1.287621771979868e-02
1.36250 1.639989299185783e-02
1.37500 2.123311001694200e-02
1.38750 2.532052411181973e-02
1.40000 2.407318494969608e-02
1.41250 1.928231515059530e-02
1.42500 1.616180395642272e-02
1.43750 1.120773495532273e-02
1.45000 8.672856823265915e-03
1.46250 5.157850299700124e-03
1.47500 3.716148550408431e-03
1.48750 3.068846987642169e-03
1.50000 2.591482207796566e-03
1.51250 1.920729113001334e-03
1.52500 1.771433002385977e-03
1.53750 1.863775414959988e-03
1.55000 2.036331612432083e-03
1.56250 2.245116787608308e-03
1.57500 2.475098061994738e-03
1.58750 2.720170725873171e-03
1.60000 2.977959560110249e-03
1.61250 3.248228446677694e-03
1.62500 3.532451434004404e-03
1.63750 3.833624811717650e-03
1.65000 4.154793925609419e-03
1.66250 4.491164967267221e-03
1.67500 4.805381784481057e-03
1.68750 5.011190654098555e-03
1.70000 5.083417767194893e-03
1.71250 5.129135306772811e-03
1.72500 5.212949118769198e-03
1.73750 5.321766634410705e-03
1.75000 5.430010499045239e-03
1.76250 5.523042058383784e-03
1.77500 5.597634573211854e-03
1.78750 5.657574513607620e-03
1.80000 5.708769167035476e-03
1.81250 5.755994041577414e-03
1.82500 5.801910221679181e-03
1.83750 5.847512866778579e-03
1.85000 5.892955913438992e-03
1.86250 5.938217230715843e-03
1.87500 5.983522917879458e-03
1.88750 6.029646882306341e-03
1.90000 6.078275801886815e-03
1.91250 6.132763022862347e-03
1.92500 6.200110198504477e-03
1.93750 6.297222903823633e-03
1.95000 6.476603410567711e-03
1.96250 6.982240997009230e-03
1.97500 7.570742422270019e-03
1.98750 5.926193384746455e-03
2.00000 5.912610612892256e-03
2.01250 5.969931877798209e-03
2.02500 6.017655556122125e-03
2.03750 6.056490168563919e-03
2.05000 6.089682865052412e-03
2.06250 6.119462703849940e-03
2.07500 6.147276218774149e-03
2.08750 6.174100861441319e-03
2.10000 6.200634450537470e-03
2.11250 6.227401989600285e-03
2.12500 6.254816304878559e-03
2.13750 6.283213074224914e-03
2.15000 6.312871307938180e-03
2.16250 6.344025341311755e-03
2.17500 6.376871783127481e-03
2.18750 6.411573457722018e-03
2.20000 6.448261589812578e-03
2.21250 6.487037017221460e-03
2.22500 6.527970928893926e-03
2.23750 6.571105438253759e-03
2.25000 6.616454175650231e-03
2.26250 6.664002997916260e-03
2.27500 6.713710856916094e-03
2.28750 6.765510835807640e-03
2.30000 6.819311346423303e-03
2.31250 6.874997478561734e-03
2.32500 6.932432496703499e-03
2.33750 6.991459486552127e-03
2.35000 7.051903158708516e-03
2.36250 7.113571817240423e-03
2.37500 7.176259496371252e-03
2.38750 7.239748260106296e-03
2.40000 7.303810649470382e-03
2.41250 7.368212252503502e-03
2.42500 7.432714365133389e-03
2.43750 7.497076707492876e-03
2.45000 7.561060160134259e-03
2.46250 7.624429486992582e-03
2.47500 7.686956015432298e-03
2.48750 7.748420246733913e-03
2.50000 7.808614371702439e-03
2.51250 7.867344665063348e-03
2.52500 7.924433729046410e-03
2.53750 7.979722551856859e-03
2.55000 8.033072341965111e-03
2.56250 8.084366095963184e-03
2.57500 8.133509857722730e-03
2.58750 8.180433630902614e-03
2.60000 8.225091915885071e-03
2.61250 8.267463855375788e-03
2.62500 8.307552988590969e-03
2.63750 8.345386629801867e-03
2.65000 8.381014900391223e-03
2.66250 8.414509452329405e-03
2.67500 8.445961924127282e-03
2.68750 8.475482168584824e-03
2.70000 8.503196287422691e-03
2.71250 8.529244504575333e-03
2.72500 8.553778910806926e-03
2.73750 8.576961119170416e-03
2.75000 8.598959883053703e-03
2.76250 8.619948743053513e-03
2.77500 8.640103781025019e-03
2.78750 8.659601564664143e-03
2.80000 8.678617360696346e-03
2.81250 8.697323678452927e-03
2.82500 8.715889180150633e-03
2.83750 8.734477963257509e-03
2.85000 8.753249188439942e-03
2.86250 8.772356998059817e-03
2.87500 8.791950648454460e-03
2.88750 8.812174766512776e-03
2.90000 8.833169638310066e-03
2.91250 8.855071444524937e-03
2.92500 8.878012372695138e-03
2.93750 8.902120557807392e-03
2.95000 8.927519827345590e-03
2.96250 8.954329251529343e-03
2.97500 8.982662521025827e-03
2.98750 9.012627190487987e-03
3.00000 9.044323835412961e-03
3.01250 9.077845171718635e-03
3.02500 9.113275182892006e-03
3.03750 9.150688290220364e-03
3.05000 9.190148589633521e-03
3.06250 9.231709166322512e-03
3.07500 9.275411487570296e-03
3.08750 9.321284866614512e-03
3.10000 9.369345986663244e-03
3.11250 9.419598474491505e-03
3.12500 9.472032516814236e-03
3.13750 9.526624518846489e-03
3.15000 9.583336811867222e-03
3.16250 9.642117423909042e-03
3.17500 9.702899933790756e-03
3.18750 9.765603432769858e-03
3.20000 9.830132619655863e-03
3.21250 9.896378054157953e-03
3.22500 9.964216589682884e-03
3.23750 1.003351200108757e-02
3.25000 1.010411581548724e-02
3.26250 1.017586834568369e-02
3.27500 1.024859991674812e-02
3.28750 1.032213226748393e-02
3.30000 1.039628010068560e-02
3.31250 1.047085275005444e-02
3.32500 1.054565592798767e-02
3.33750 1.062049351759991e-02
3.35000 1.069516937428775e-02
3.36250 1.076948910647738e-02
3.37500 1.084326181109052e-02
3.38750 1.091630174567093e-02
3.40000 1.098842992495260e-02
3.41250 1.105947563404726e-02
3.42500 1.112927785287506e-02
3.43750 1.119768658689043e-02
3.45000 1.126456409789534e-02
3.46250 1.132978602641410e-02
3.47500 1.139324239449138e-02
3.48750 1.145483847564535e-02
3.50000 1.151449551771015e-02
3.51250 1.157215130490115e-02
3.52500 1.162776054783928e-02
3.53750 1.168129509442419e-02
3.55000 1.173274396002993e-02
3.56250 1.178211318195010e-02
3.57500 1.182942550959986e-02
3.58750 1.187471994783900e-02
3.60000 1.191805117507789e-02
3.61250 1.195948885986265e-02
3.62500 1.199911689900738e-02
3.63750 1.203703259706672e-02
3.65000 1.207334580154006e-02
3.66250 1.210817800168214e-02
3.67500 1.214166139250686e-02
3.68750 1.217393790092178e-02
3.70000 1.220515816902743e-02
3.71250 1.223548049094341e-02
3.72500 1.226506970373397e-02
3.73750 1.229409603899360e-02
3.75000 1.232273394782803e-02
3.76250 1.235116091672494e-02
3.77500 1.237955629398246e-02
3.78750 1.240810014552188e-02
3.80000 1.243697215540405e-02
3.81250 1.246635058114948e-02
3.82500 1.249641126824645e-02
3.83750 1.252732672316292e-02
3.85000 1.255926524057365e-02
3.86250 1.259239007874284e-02
3.87500 1.262685867701837e-02
3.88750 1.266282191082426e-02
3.90000 1.270042338185219e-02
3.91250 1.273979874377328e-02
3.92500 1.278107506622068e-02
3.93750 1.282437024165567e-02
3.95000 1.286979244081374e-02
3.96250 1.291743962265697e-02
3.97500 1.296739910419169e-02
3.98750 1.301974719428916e-02
4.00000 1.307454889396967e-02
4.01250 1.313185766370081e-02
4.02500 1.319171525633654e-02
4.03750 1.325415161257920e-02
4.05000 1.331918481443221e-02
4.06250 1.338682109113165e-02
4.07500 1.345705487154460e-02
4.08750 1.352986887700164e-02
4.10000 1.360523424894610e-02
4.11250 1.368311070656142e-02
4.12500 1.376344673060198e-02
4.13750 1.384617977092089e-02
4.15000 1.393123647660439e-02
4.16250 1.401853294913592e-02
4.17500 1.410797502060041e-02
4.18750 1.419945856056129e-02
4.20000 1.429286981685558e-02
4.21250 1.438808579706397e-02
4.22500 1.448497469869385e-02
4.23750 1.458339639699117e-02
4.25000 1.468320299958769e-02
4.26250 1.478423947671507e-02
4.27500 1.488634437439733e-02
4.28750 1.498935061587902e-02
4.30000 1.509308639374411e-02
4.31250 1.519737615204203e-02
4.32500 1.530204165467371e-02
4.33750 1.540690313369402e-02
4.35000 1.551178050932732e-02
4.36250 1.561649467241159e-02
4.37500 1.572086881945426e-02
4.38750 1.582472983006734e-02
4.40000 1.592790967572632e-02
4.41250 1.603024684715397e-02
4.42500 1.613158778498549e-02
4.43750 1.623178829490796e-02
4.45000 1.633071492465793e-02
4.46250 1.642824627681869e-02
4.47500 1.652427422903403e-02
4.48750 1.661870503271051e-02
4.50000 1.671146026294342e-02
4.51250 1.680247759641281e-02
4.52500 1.689171140017902e-02
4.53750 1.697913312219834e-02
4.55000 1.706473148328011e-02
4.56250 1.714851247924858e-02
4.57500 1.723049921030273e-02
4.58750 1.731073156104482e-02
4.60000 1.738926575855973e-02
4.61250 1.746617383671065e-02
4.62500 1.754154303228716e-02
4.63750 1.761547513309684e-02
4.65000 1.768808579033302e-02
4.66250 1.775950379884000e-02
4.67500 1.782987034076242e-02
4.68750 1.789933818201588e-02
4.70000 1.796807080820943e-02
4.71250 1.803624148759495e-02
4.72500 1.810403225302933e-02
4.73750 1.817163280179519e-02
4.75000 1.823923931995772e-02
4.76250 1.830705324518549e-02
4.77500 1.837527998739960e-02
4.78750 1.844412762956227e-02
4.80000 1.851380563132799e-02
4.81250 1.858452355663116e-02
4.82500 1.865648984328864e-02
4.83750 1.872991062913511e-02
4.85000 1.880498864565558e-02
4.86250 1.888192218688004e-02
4.87500 1.896090415853949e-02
4.88750 1.904212121004563e-02
4.90000 1.912575294957674e-02
4.91250 1.921197124024645e-02
4.92500 1.930093957293546e-02
4.93750 1.939281250889791e-02
4.95000 1.948773518287862e-02
4.96250 1.958584285543472e-02
4.97500 1.968726050171803e-02
4.98750 1.979210242340499e-02
5.00000 1.990047187092649e-02
5.01250 2.001246066471628e-02
5.02500 2.012814880677670e-02
5.03750 2.024760407724365e-02
5.05000 2.037088161450864e-02
5.06250 2.049802348144655e-02
5.07500 2.062905822404287e-02
5.08750 2.076400043189443e-02
5.10000 2.090285031245397e-02
5.11250 2.104559329242266e-02
5.12500 2.119219966039429e-02
5.13750 2.134262426489567e-02
5.15000 2.149680628157025e-02
5.16250 2.165466906268363e-02
5.17500 2.181612008157756e-02
5.18750 2.198105098424213e-02
5.20000 2.214933775970351e-02
5.21250 2.232084104013117e-02
5.22500 2.249540654000633e-02
5.23750 2.267286564091002e-02
5.25000 2.285303612420876e-02
5.26250 2.303572304829371e-02
5.27500 2.322071976077180e-02
5.28750 2.340780903039916e-02
5.30000 2.359676428017249e-02
5.31250 2.378735090328352e-02
5.32500 2.397932764828548e-02
5.33750 2.417244806834007e-02
5.35000 2.436646204009333e-02
5.36250 2.456111736796987e-02
5.37500 2.475616149676787e-02
5.38750 2.495134335733578e-02
5.40000 2.514641536602089e-02
5.41250 2.534113558907227e-02
5.42500 2.553527006989345e-02
5.43750 2.572859530210110e-02
5.45000 2.592090081681914e-02
5.46250 2.611199184010903e-02
5.47500 2.630169196688430e-02
5.48750 2.648984579148771e-02
5.50000 2.667632143236984e-02
5.51250 2.686101288880615e-02
5.52500 2.704384217110216e-02
5.53750 2.722476115198245e-02
5.55000 2.740375309552748e-02
5.56250 2.758083383067715e-02
5.57500 2.775605254833595e-02
5.58750 2.792949221362322e-02
5.60000 2.810126959674324e-02
5.61250 2.827153493611963e-02
5.62500 2.844047125475176e-02
5.63750 2.860829335447164e-02
5.65000 2.877524651274653e-02
5.66250 2.894160490351258e-02
5.67500 2.910766975858884e-02
5.68750 2.927376728139363e-02
5.70000 2.944024632187302e-02
5.71250 2.960747582218874e-02
5.72500 2.977584204724197e-02
5.73750 2.994574562180944e-02
5.75000 3.011759840521478e-02
5.76250 3.029182024281707e-02
5.77500 3.046883563911773e-02
5.78750 3.064907039865460e-02
5.80000 3.083294827785881e-02
5.81250 3.102088768452562e-02
5.82500 3.121329845309967e-02
5.83750 3.141057871547968e-02
5.85000 3.161311188026865e-02
5.86250 3.182126372964791e-02
5.87500 3.203537964309624e-02
5.88750 3.225578196121023e-02
5.90000 3.248276751065941e-02
5.91250 3.271660532223058e-02
5.92500 3.295753458708569e-02
5.93750 3.320576291056292e-02
5.95000 3.346146493648895e-02
5.96250 3.372478142589937e-02
5.97500 3.399581887958864e-02
5.98750 3.427464979080536e-02
6.00000 3.456131359934341e-02
6.01250 3.485581838843854e-02
6.02500 3.515814332002342e-02
6.03750 3.546824174344528e-02
6.05000 3.578604484282789e-02
6.06250 3.611146561787231e-02
6.07500 3.644440293419991e-02
6.08750 3.678474534540671e-02
6.10000 3.713237439063456e-02
6.11250 3.748716711373110e-02
6.12500 3.784899762984414e-02
6.13750 3.821773767095892e-02
6.15000 3.859325615558593e-02
6.16250 3.897541793002141e-02
6.17500 3.936408190310201e-02
6.18750 3.975909883424757e-02
6.20000 4.016030903538434e-02
6.21250 4.056754021754706e-02
6.22500 4.098060566258576e-02
6.23750 4.139930283958351e-02
6.25000 4.182341252250885e-02
6.26250 4.225269840635074e-02
6.27500 4.268690716814750e-02
6.28750 4.312576888090008e-02
6.30000 4.356899766551110e-02
6.31250 4.401629246019235e-02
6.32500 4.446733779736785e-02
6.33750 4.492180450155794e-02
6.35000 4.537935025288450e-02
6.36250 4.583961999427826e-02
6.37500 4.630224619233119e-02
6.38750 4.676684899098777e-02
6.40000 4.723303632632422e-02
6.41250 4.770040410485998e-02
6.42500 4.816853659392219e-02
6.43750 4.863700723620275e-02
6.45000 4.910538018325756e-02
6.46250 4.957321293808151e-02
6.47500 5.004006058827238e-02
6.48750 5.050548216990981e-02
6.50000 5.096904968917117e-02
6.51250 5.143036020117860e-02
6.52500 5.188905106939626e-02
6.53750 5.234481809518936e-02
6.55000 5.279743564982488e-02
6.56250 5.324677734719802e-02
6.57500 5.369283529878297e-02
6.58750 5.413573574505302e-02
6.60000 5.457574898286940e-02
6.61250 5.501329204816045e-02
6.62500 5.544892349711779e-02
6.63750 5.588333068285941e-02
6.65000 5.631731092218737e-02
6.66250 5.675174868748188e-02
6.67500 5.718759133106354e-02
6.68750 5.762582585848326e-02
6.70000 5.806745900922335e-02
6.71250 5.851350250509356e-02
6.72500 5.896496488025536e-02
6.73750 5.942285083103990e-02
6.75000 5.988816847797634e-02
6.76250 6.036194429319602e-02
6.77500 6.084524482995082e-02
6.78750 6.133920417064666e-02
6.80000 6.184505685593439e-02
6.81250 6.236417887975652e-02
6.82500 6.289814526625144e-02
6.83750 6.344882354884102e-02
6.85000 6.401854207584123e-02
6.86250 6.461041052672102e-02
6.87500 6.522895342891798e-02
6.88750 6.588141247357905e-02
6.90000 6.658054683219221e-02
6.91250 6.735082997662531e-02
6.92500 6.824069749356734e-02
6.93750 6.931643781701731e-02
6.95000 7.043516698431558e-02
6.96250 7.082382093789161e-02
6.97500 7.084910107630078e-02
6.98750 7.122269094530652e-02
7.00000 7.182693895412207e-02
7.01250 7.254043678674024e-02
7.02500 7.331351837366126e-02
7.03750 7.412707360398067e-02
7.05000 7.497374103697514e-02
7.06250 7.585106079741506e-02
7.07500 7.675899679281803e-02
7.08750 7.769920658944325e-02
7.10000 7.867539120329796e-02
7.11250 7.969522681308490e-02
7.12500 8.077690346753244e-02
7.13750 8.197555293821585e-02
7.15000 8.352861350222261e-02
7.16250 8.487623046248187e-02
7.17500 8.597789492284062e-02
7.18750 8.714306784897789e-02
7.20000 8.838048052981978e-02
7.21250 8.831417908265479e-02
7.22500 8.931572340350651e-02
7.23750 9.044076172458140e-02
7.25000 9.164638227651214e-02
7.26250 9.289911141363102e-02
7.27500 9.418132944024947e-02
7.28750 9.548591069038362e-02
7.30000 9.680964871549831e-02
7.31250 9.815073157792240e-02
7.32500 9.950785764339068e-02
7.33750 1.008799148119481e-01
7.35000 1.022658599153593e-01
7.36250 1.036646743278530e-01
7.37500 1.050753509747286e-01
7.38750 1.064968955621705e-01
7.40000 1.079283351120763e-01
7.41250 1.093687308809543e-01
7.42500 1.108171943260341e-01
7.43750 1.122729053797958e-01
7.45000 1.137351324649924e-01
7.46250 1.152032536578289e-01
7.47500 1.166767782921401e-01
7.48750 1.181553681504890e-01
7.50000 1.196388572550485e-01
7.51250 1.211272691982394e-01
7.52500 1.226208309860152e-01
7.53750 1.241199825394525e-01
7.55000 1.256253813196586e-01
7.56250 1.271379019745470e-01
7.57500 1.286586313826803e-01
7.58750 1.301888598962095e-01
7.60000 1.317300698754080e-01
7.61250 1.332839227091548e-01
7.62500 1.348522454259789e-01
7.63750 1.364370177613872e-01
7.65000 1.380403602284443e-01
7.66250 1.396645234122388e-01
7.67500 1.413118784314761e-01
7.68750 1.429849083139481e-01
7.70000 1.446861999252073e-01
7.71250 1.464184360626027e-01
7.72500 1.481843873621911e-01
7.73750 1.499869037440721e-01
7.75000 1.518289052243555e-01
7.76250 1.537133720343660e-01
7.77500 1.556433340975824e-01
7.78750 1.576218600112680e-01
7.80000 1.596520457514727e-01
7.81250 1.617370033550865e-01
7.82500 1.638798498180875e-01
7.83750 1.660836963742254e-01
7.85000 1.683516381774726e-01
7.86250 1.706867442092142e-01
7.87500 1.730920469861181e-01
7.88750 1.755705313912223e-01
7.90000 1.781251217353833e-01
7.91250 1.807586660282648e-01
7.92500 1.834739164371067e-01
7.93750 1.862735050564993e-01
7.95000 1.891599143990646e-01
7.96250 1.921354424321313e-01
7.97500 1.952021625396479e-01
7.98750 1.983618795632035e-01
8.00000 2.016160842654754e-01
8.01250 2.049659104641002e-01
8.02500 2.084121019660423e-01
8.03750 2.119550001159672e-01
8.05000 2.155945659430982e-01
8.06250 2.193304504605226e-01
8.07500 2.231621183389477e-01
8.08750 2.270890117127092e-01
8.10000 2.311107175615068e-01
8.11250 2.352270887304685e-01
8.12500 2.394382805671911e-01
8.13750 2.437447018596023e-01
8.15000 2.481469193651393e-01
8.16250 2.526455821113771e-01
8.17500 2.572415087955530e-01
8.18750 2.619360517297292e-01
8.20000 2.667238352213240e-01
8.21250 2.716129169076726e-01
8.22500 2.766011206906245e-01
8.23750 2.816887880057637e-01
8.25000 2.868764446892552e-01
8.26250 2.921645548406360e-01
8.27500 2.975534302356954e-01
8.28750 3.030431448372251e-01
8.30000 3.086334697318629e-01
8.31250 3.143238474939553e-01
8.32500 3.201134179880029e-01
8.33750 3.260011021123361e-01
8.35000 3.319857467885289e-01
8.36250 3.380662308333856e-01
8.37500 3.442405041326544e-01
8.38750 3.505075381746654e-01
8.40000 3.568700551110091e-01
8.41250 3.633288135530887e-01
8.42500 3.698860831538310e-01
8.43750 3.765459731156109e-01
8.45000 3.833142328046953e-01
8.46250 3.901973101042823e-01
8.47500 3.971972057156959e-01
8.48750 4.043095209198356e-01
8.50000 4.115025141893029e-01
8.51250 4.186942224297397e-01
8.52500 4.257852714473650e-01
8.53750 4.327902571290682e-01
8.55000 4.398772203859998e-01
8.56250 4.471825197091397e-01
8.57500 4.547121029893431e-01
8.58750 4.624168606204364e-01
8.60000 4.702972441529924e-01
8.61250 4.784224474654901e-01
8.62500 4.868607642260269e-01
8.63750 4.956594360906446e-01
8.65000 5.048364832849400e-01
8.66250 5.141942066581271e-01
8.67500 5.227080558237829e-01
8.68750 5.290856992170588e-01
8.70000 5.351867645477250e-01
8.71250 5.428291315956113e-01
8.72500 5.515802325653173e-01
8.73750 5.609299961091088e-01
8.75000 5.706531277333174e-01
8.76250 5.806609656592838e-01
8.77500 5.909339652947961e-01
8.78750 6.014767141886375e-01
8.80000 6.123025700700687e-01
8.81250 6.234281205102598e-01
8.82500 6.348710497950593e-01
8.83750 6.466493067326772e-01
8.85000 6.587807945508787e-01
8.86250 6.712832676000750e-01
8.87500 6.841742979478199e-01
8.88750 6.974712504319599e-01
8.90000 7.111912399529849e-01
8.91250 7.253510625378085e-01
8.92500 7.399671007971252e-01
8.93750 7.550552085737658e-01
8.95000 7.706305807605554e-01
8.96250 7.867076136811615e-01
8.97500 8.032997599644148e-01
8.98750 8.204193801222611e-01
9.00000 8.380775914414557e-01
9.01250 8.562841134931223e-01
9.02500 8.750471085981731e-01
9.03750 8.943730149629666e-01
9.05000 9.142663699449175e-01
9.06250 9.347296211064439e-01
9.07500 9.557629234957551e-01
9.08750 9.773639230781681e-01
9.10000 9.995275284817950e-01
9.11250 1.022245676124651e+00
9.12500 1.045507097086604e+00
9.13750 1.069297097337647e+00
9.15000 1.093597365578463e+00
9.16250 1.118385824423369e+00
9.17500 1.143636540497201e+00
9.18750 1.169319706983953e+00
9.20000 1.195401708309587e+00
9.21250 1.221845271345167e+00
9.22500 1.248609701462680e+00
9.23750 1.275651195864642e+00
9.25000 1.302923221832766e+00
9.26250 1.330376944824089e+00
9.27500 1.357961691392497e+00
9.28750 1.385625435115559e+00
9.30000 1.413315300106120e+00
9.31250 1.440978086014035e+00
9.32500 1.468560830022539e+00
9.33750 1.496011433741818e+00
9.35000 1.523279392683320e+00
9.36250 1.550316666010191e+00
9.37500 1.577078702329503e+00
9.38750 1.603525578821237e+00
9.40000 1.629623110582158e+00
9.41250 1.655343670308097e+00
9.42500 1.680666398792559e+00
9.43750 1.705576581193399e+00
9.45000 1.730064245787030e+00
9.46250 1.754122390362907e+00
9.47500 1.777745421851278e+00
9.48750 1.800928256982393e+00
9.50000 1.823666169265973e+00
9.51250 1.845955134432427e+00
9.52500 1.867792304618329e+00
9.53750 1.889176323028230e+00
9.55000 1.910107353496395e+00
9.56250 1.930586835037062e+00
9.57500 1.950617040229979e+00
9.58750 1.970200528917158e+00
9.60000 1.989339571347802e+00
9.61250 2.008035588460313e+00
9.62500 2.026288632411189e+00
9.63750 2.044096911570017e+00
9.65000 2.061456351283359e+00
9.66250 2.078360173802505e+00
9.67500 2.094798476568544e+00
9.68750 2.110757785985180e+00
9.70000 2.126220561744164e+00
9.71250 2.141164621535886e+00
9.72500 2.155562442905116e+00
9.73750 2.169380271449532e+00
9.75000 2.182576913789673e+00
9.76250 2.195102011049791e+00
9.77500 2.206893476765767e+00
9.78750 2.217873703897331e+00
9.80000 2.227944393062896e+00
9.81250 2.236981526961522e+00
9.82500 2.244838576087954e+00
9.83750 2.251385328354140e+00
9.85000 2.256642338069951e+00
9.86250 2.261025231092749e+00
9.87500 2.265344032960333e+00
9.88750 2.270037814203569e+00
9.90000 2.274574879413632e+00
9.91250 2.278103212543872e+00
9.92500 2.280126333499922e+00
9.93750 2.280487469685026e+00
9.95000 2.279163045159800e+00
9.96250 2.276139666336892e+00
9.97500 2.271349371058483e+00
9.98750 2.264581688486076e+00
10.00000 2.255280233523533e+00
