0.00001 3.423382499715905e-09
0.01250 4.279983253717981e-06
0.02500 8.564552866764852e-06
0.03750 1.285857102279028e-05
0.05000 1.716744179947530e-05
0.06250 2.149735753206424e-05
0.07500 2.585551520018956e-05
0.08750 3.025029272665454e-05
0.10000 3.469137653981536e-05
0.11250 3.918983547299412e-05
0.12500 4.375814287823060e-05
0.13750 4.841015891844798e-05
0.15000 5.316109751606931e-05
0.16250 5.802751534562844e-05
0.17500 6.302737076655315e-05
0.18750 6.818020609746458e-05
0.20000 7.350750593894947e-05
0.21250 7.903327850461232e-05
0.22500 8.478489977960256e-05
0.23750 9.079425725149265e-05
0.25000 9.709923702395228e-05
0.26250 1.037456211116045e-04
0.27500 1.107895062417475e-04
0.28750 1.183004286998315e-04
0.30000 1.263654941643527e-04
0.31250 1.350949924820381e-04
0.32500 1.446302785883892e-04
0.33750 1.551552368288069e-04
0.35000 1.669136582227346e-04
0.36250 1.802368243006667e-04
0.37500 1.955892541280729e-04
0.38750 2.136460901467532e-04
0.40000 2.354161600395910e-04
0.41250 2.623712647857262e-04
0.42500 2.961865866379931e-04
0.43750 3.363434697105228e-04
0.45000 3.738016116213217e-04
0.46250 3.960034299087110e-04
0.47500 4.096182774958747e-04
0.48750 4.245841176744665e-04
0.50000 4.386610967229658e-04
0.51250 4.472696041974647e-04
0.52500 4.496270227702103e-04
0.53750 4.482953672267162e-04
0.55000 4.464351038816028e-04
0.56250 4.460782324113379e-04
0.57500 4.480101266352486e-04
0.58750 4.522784823731226e-04
0.60000 4.586351751915475e-04
0.61250 4.667725170967572e-04
0.62500 4.764180196279564e-04
0.63750 4.873596629088750e-04
0.65000 4.994435303319968e-04
0.66250 5.125632294298438e-04
0.67500 5.266488168160297e-04
0.68750 5.416576970124889e-04
0.70000 5.575678713781992e-04
0.71250 5.743732108365418e-04
0.72500 5.920802835989842e-04
0.73750 6.107063227177657e-04
0.75000 6.302780206942686e-04
0.76250 6.508309371009762e-04
0.77500 6.724093868476316e-04
0.78750 6.950667425607978e-04
0.80000 7.188661406756587e-04
0.81250 7.438816353047212e-04
0.82500 7.701999070021322e-04
0.83750 7.979227201993466e-04
0.85000 8.271704587829973e-04
0.86250 8.580873021271168e-04
0.87500 8.908490333639183e-04
0.88750 9.256753234982097e-04
0.90000 9.628501872836311e-04
0.91250 1.002758941504839e-03
0.92500 1.045964878987678e-03
0.93750 1.093425826510280e-03
0.95000 1.147646642754609e-03
0.96250 1.206258512996268e-03
0.97500 1.278949728603586e-03
0.98750 1.380505893140304e-03
1.00000 1.569518337902455e-03
1.01250 2.243205066829920e-03
1.02500 1.973581337184339e-03
1.03750 1.497051080848630e-03
1.05000 1.529620827540829e-03
1.06250 1.610037681665863e-03
1.07500 1.704153294029830e-03
1.08750 1.808313949749884e-03
1.10000 1.923219431720274e-03
1.11250 2.050707505958932e-03
1.12500 2.193228115936403e-03
1.13750 2.353809861598059e-03
1.15000 2.536151783628459e-03
1.16250 2.744758523340215e-03
1.17500 2.985091056765957e-03
1.18750 3.263714583207951e-03
1.20000 3.588430633072518e-03
1.21250 3.968400708382391e-03
1.22500 4.414287104464079e-03
1.23750 4.938201946736624e-03
1.25000 5.551452808198787e-03
1.26250 6.250342575000712e-03
1.27500 6.965956273739422e-03
1.28750 7.517225038129602e-03
1.30000 7.846447150286904e-03
1.31250 8.274633029792349e-03
1.32500 9.122044416510414e-03
1.33750 1.057415584995736e-02
1.35000 1.287643781510393e-02
1.36250 1.640021724994885e-02
1.37500 2.123348104261051e-02
1.38750 2.532039757505877e-02
1.40000 2.407182328764607e-02
1.41250 1.928076190394966e-02
1.42500 1.616101132469816e-02
1.43750 1.120652076865947e-02
1.45000 8.675288726538525e-03
1.46250 5.158281285666019e-03
1.47500 3.716289069704495e-03
1.48750 3.068872085465258e-03
1.50000 2.591766431432870e-03
1.51250 1.920874562908626e-03
1.52500 1.771435022382282e-03
1.53750 1.863760991428389e-03
1.55000 2.036316737103082e-03
1.56250 2.245104177717570e-03
1.57500 2.475088787979815e-03
1.58750 2.720165852451327e-03
1.60000 2.977960467045795e-03
1.61250 3.248236774640539e-03
1.62500 3.532468367200059e-03
1.63750 3.833648175652467e-03
1.65000 4.154808490745045e-03
1.66250 4.491117651950358e-03
1.67500 4.805164164110829e-03
1.68750 5.010782894804903e-03
1.70000 5.083052783898390e-03
1.71250 5.128943153359562e-03
1.72500 5.212870067268699e-03
1.73750 5.321738791534497e-03
1.75000 5.430008986135945e-03
1.76250 5.523060204731595e-03
1.77500 5.597669350833032e-03
1.78750 5.657621369095079e-03
1.80000 5.708822379454140e-03
1.81250 5.756048514506341e-03
1.82500 5.801962506307133e-03
1.83750 5.847561186807711e-03
1.85000 5.892999723008011e-03
1.86250 5.938256738685537e-03
1.87500 5.983558750763365e-03
1.88750 6.029679909327866e-03
1.90000 6.078307111243140e-03
1.91250 6.132794082738264e-03
1.92500 6.200143410277825e-03
1.93750 6.297263487164377e-03
1.95000 6.476668029767335e-03
1.96250 6.982416054650171e-03
1.97500 7.570361749331168e-03
1.98750 5.926194491568161e-03
2.00000 5.912611012773890e-03
2.01250 5.969932779942510e-03
2.02500 6.017656687246221e-03
2.03750 6.056491417581961e-03
2.05000 6.089684170731158e-03
2.06250 6.119464027272486e-03
2.07500 6.147277534086908e-03
2.08750 6.174102152150934e-03
2.10000 6.200635708718442e-03
2.11250 6.227403216935737e-03
2.12500 6.254817514753271e-03
2.13750 6.283214294180097e-03
2.15000 6.312872581865920e-03
2.16250 6.344026730861903e-03
2.17500 6.376873367932669e-03
2.18750 6.411575334216639e-03
2.20000 6.448263868611168e-03
2.21250 6.487039819212522e-03
2.22500 6.527974380371427e-03
2.23750 6.571109665529069e-03
2.25000 6.616459299645277e-03
2.26250 6.664009129227188e-03
2.27500 6.713718091758331e-03
2.28750 6.765519253122231e-03
2.30000 6.819321006263626e-03
2.31250 6.875008421716321e-03
2.32500 6.932444745371928e-03
2.33750 6.991473045797354e-03
2.35000 7.051918018369479e-03
2.36250 7.113587954003581e-03
2.37500 7.176276875756630e-03
2.38750 7.239766838205213e-03
2.40000 7.303830374359747e-03
2.41250 7.368233065339854e-03
2.42500 7.432736200987083e-03
2.43750 7.497099496015897e-03
2.45000 7.561083826163212e-03
2.46250 7.624453951179219e-03
2.47500 7.686981194970666e-03
2.48750 7.748446056225688e-03
2.50000 7.808640724173696e-03
2.51250 7.867371473121686e-03
2.52500 7.924460906147665e-03
2.53750 7.979750013637227e-03
2.55000 8.033100007585524e-03
2.56250 8.084393889406476e-03
2.57500 8.133537708981804e-03
2.58750 8.180461476996579e-03
2.60000 8.225119701640251e-03
2.61250 8.267491533913573e-03
2.62500 8.307580521471770e-03
2.63750 8.345413986788470e-03
2.65000 8.381042058816525e-03
2.66250 8.414536396082431e-03
2.67500 8.445988642306867e-03
2.68750 8.475508653908352e-03
2.70000 8.503222534512449e-03
2.71250 8.529270508269241e-03
2.72500 8.553804664647719e-03
2.73750 8.576986614213696e-03
2.75000 8.598985107098943e-03
2.76250 8.619973680353070e-03
2.77500 8.640128412467011e-03
2.78750 8.659625868373114e-03
2.80000 8.678641312953921e-03
2.81250 8.697347254819882e-03
2.82500 8.715912356666985e-03
2.83750 8.734500717610684e-03
2.85000 8.753271501013066e-03
2.86250 8.772378852799443e-03
2.87500 8.791972033523398e-03
2.88750 8.812195674716788e-03
2.90000 8.833190067304333e-03
2.91250 8.855091396818693e-03
2.92500 8.878031855479900e-03
2.93750 8.902139582638630e-03
2.95000 8.927538409708145e-03
2.96250 8.954347410316671e-03
2.97500 8.982680277961778e-03
2.98750 9.012644569517100e-03
3.00000 9.044340862083002e-03
3.01250 9.077861872575640e-03
3.02500 9.113291584904655e-03
3.03750 9.150704420247213e-03
3.05000 9.190164473942233e-03
3.06250 9.231724830167170e-03
3.07500 9.275426954829444e-03
3.08750 9.321300159489608e-03
3.10000 9.369361125435819e-03
3.11250 9.419613477336702e-03
3.12500 9.472047399667380e-03
3.13750 9.526639295320995e-03
3.15000 9.583351493222788e-03
3.16250 9.642132019070019e-03
3.17500 9.702914449415647e-03
3.18750 9.765617873372706e-03
3.20000 9.830146987780125e-03
3.21250 9.896392350601465e-03
3.22500 9.964230813770843e-03
3.23750 1.003352615098795e-02
3.25000 1.010412988855912e-02
3.26250 1.017588233884778e-02
3.27500 1.024861382686376e-02
3.28750 1.032214609171749e-02
3.30000 1.039629383685075e-02
3.31250 1.047086639690667e-02
3.32500 1.054566948545415e-02
3.33750 1.062050698692890e-02
3.35000 1.069518275810452e-02
3.36250 1.076950240873738e-02
3.37500 1.084327503692725e-02
3.38750 1.091631490114119e-02
3.40000 1.098844301668864e-02
3.41250 1.105948866883176e-02
3.42500 1.112929083715919e-02
3.43750 1.119769952627904e-02
3.45000 1.126457699662600e-02
3.46250 1.132979888685514e-02
3.47500 1.139325521668382e-02
3.48750 1.145485125690856e-02
3.50000 1.151450825232735e-02
3.51250 1.157216398389532e-02
3.52500 1.162777315884333e-02
3.53750 1.168130762164526e-02
3.55000 1.173275638430257e-02
3.56250 1.178212548086958e-02
3.57500 1.182943765772583e-02
3.58750 1.187473191696043e-02
3.60000 1.191806293452993e-02
3.61250 1.195950037689071e-02
3.62500 1.199912813917456e-02
3.63750 1.203704352470388e-02
3.65000 1.207335638023819e-02
3.66250 1.210818819482500e-02
3.67500 1.214167116383913e-02
3.68750 1.217394721514162e-02
3.70000 1.220516699238807e-02
3.71250 1.223548879184167e-02
3.72500 1.226507745326067e-02
3.73750 1.229410321141985e-02
3.75000 1.232274052100407e-02
3.76250 1.235116687237266e-02
3.77500 1.237956161787137e-02
3.78750 1.240810482752558e-02
3.80000 1.243697618944288e-02
3.81250 1.246635396503172e-02
3.82500 1.249641400342473e-02
3.83750 1.252732881442630e-02
3.85000 1.255926669569522e-02
3.86250 1.259239090810392e-02
3.87500 1.262685889322647e-02
3.88750 1.266282152834155e-02
3.90000 1.270042241664660e-02
3.91250 1.273979721300368e-02
3.92500 1.278107298796229e-02
3.93750 1.282436763467162e-02
3.95000 1.286978932437508e-02
3.96250 1.291743601641149e-02
3.97500 1.296739502808007e-02
3.98750 1.301974266850527e-02
4.00000 1.307454393896096e-02
4.01250 1.313185230020266e-02
4.02500 1.319170950543521e-02
4.03750 1.325414549579667e-02
4.05000 1.331917835382724e-02
4.06250 1.338681430941146e-02
4.07500 1.345704779218223e-02
4.08750 1.352986152435645e-02
4.10000 1.360522664838414e-02
4.11250 1.368310288457480e-02
4.12500 1.376343871492674e-02
4.13750 1.384617159065306e-02
4.15000 1.393122816231445e-02
4.16250 1.401852453298079e-02
4.17500 1.410796653643127e-02
4.18750 1.419945004402430e-02
4.20000 1.429286130548081e-02
4.21250 1.438807733033669e-02
4.22500 1.448496631810024e-02
4.23750 1.458338814603102e-02
4.25000 1.468319492374592e-02
4.26250 1.478423162338502e-02
4.27500 1.488633679275066e-02
4.28750 1.498934335667931e-02
4.30000 1.509307950910477e-02
4.31250 1.519736969513256e-02
4.32500 1.530203567938091e-02
4.33750 1.540689769424791e-02
4.35000 1.551177565990388e-02
4.36250 1.561649046672408e-02
4.37500 1.572086531034618e-02
4.38750 1.582472706911806e-02
4.40000 1.592790771288010e-02
4.41250 1.603024573038089e-02
4.42500 1.613158755998188e-02
4.43750 1.623178900484192e-02
4.45000 1.633071660996592e-02
4.46250 1.642824897505651e-02
4.47500 1.652427797478558e-02
4.48750 1.661870985755611e-02
4.50000 1.671146619548754e-02
4.51250 1.680248466237002e-02
4.52500 1.689171962251301e-02
4.53750 1.697914252130788e-02
4.55000 1.706474207722269e-02
4.56250 1.714852428399076e-02
4.57500 1.723051223998493e-02
4.58750 1.731074582824792e-02
4.60000 1.738928127456132e-02
4.61250 1.746619061172155e-02
4.62500 1.754156107566177e-02
4.63750 1.761549445351456e-02
4.65000 1.768810639595347e-02
4.66250 1.775952569743840e-02
4.67500 1.782989353985469e-02
4.68750 1.789936268898448e-02
4.70000 1.796809663044035e-02
4.71250 1.803626863263382e-02
4.72500 1.810406072875919e-02
4.73750 1.817166261663528e-02
4.75000 1.823927048307557e-02
4.76250 1.830708576671254e-02
4.77500 1.837531387863826e-02
4.78750 1.844416290317119e-02
4.80000 1.851384230147648e-02
4.81250 1.858456163911470e-02
4.82500 1.865652935560404e-02
4.83750 1.872995159051697e-02
4.85000 1.880503107707944e-02
4.86250 1.888196611104263e-02
4.87500 1.896094959982739e-02
4.88750 1.904216819450540e-02
4.90000 1.912580150489847e-02
4.91250 1.921202139577277e-02
4.92500 1.930099135970448e-02
4.93750 1.939286595972568e-02
4.95000 1.948779033248329e-02
4.96250 1.958589974059975e-02
4.97500 1.968731916148946e-02
4.98750 1.979216289931124e-02
5.00000 1.990053420720877e-02
5.01250 2.001252490855392e-02
5.02500 2.012821500848976e-02
5.03750 2.024767229045713e-02
5.05000 2.037095189626051e-02
5.06250 2.049809589222705e-02
5.07500 2.062913282775379e-02
5.08750 2.076407729572128e-02
5.10000 2.090292950665062e-02
5.11250 2.104567489000988e-02
5.12500 2.119228373678188e-02
5.13750 2.134271089743980e-02
5.15000 2.149689554908288e-02
5.16250 2.165476104491353e-02
5.17500 2.181621485868211e-02
5.18750 2.198114863627190e-02
5.20000 2.214943836611686e-02
5.21250 2.232094467935661e-02
5.22500 2.249551328906500e-02
5.23750 2.267297557510748e-02
5.25000 2.285314931690246e-02
5.26250 2.303583957073902e-02
5.27500 2.322083968204808e-02
5.28750 2.340793241741630e-02
5.30000 2.359689119775870e-02
5.31250 2.378748141435597e-02
5.32500 2.397946181410364e-02
5.33750 2.417258594884454e-02
5.35000 2.436660369432775e-02
5.36250 2.456126285458332e-02
5.37500 2.475631087459035e-02
5.38750 2.495149668601607e-02
5.40000 2.514657270671156e-02
5.41250 2.534129700514398e-02
5.42500 2.553543562765849e-02
5.43750 2.572876507152429e-02
5.45000 2.592107487219510e-02
5.46250 2.611217026068586e-02
5.47500 2.630187483741403e-02
5.48750 2.649003320268878e-02
5.50000 2.667651348128833e-02
5.51250 2.686120967906653e-02
5.52500 2.704404381304324e-02
5.53750 2.722496776267737e-02
5.55000 2.740396479869228e-02
5.56250 2.758105075647743e-02
5.57500 2.775627483310315e-02
5.58750 2.792971999949707e-02
5.60000 2.810150303125883e-02
5.61250 2.827177417175683e-02
5.62500 2.844071644846675e-02
5.63750 2.860854466722608e-02
5.65000 2.877550410905070e-02
5.66250 2.894186895099595e-02
5.67500 2.910794042761029e-02
5.68750 2.927404474470359e-02
5.70000 2.944053075433852e-02
5.71250 2.960776740059413e-02
5.72500 2.977614095017521e-02
5.73750 2.994605202964387e-02
5.75000 3.011791250018965e-02
5.76250 3.029214220921617e-02
5.77500 3.046916566353381e-02
5.78750 3.064940867032056e-02
5.80000 3.083329498901279e-02
5.81250 3.102124303076770e-02
5.82500 3.121366263368930e-02
5.83750 3.141095193351504e-02
5.85000 3.161349434268621e-02
5.86250 3.182165564697785e-02
5.87500 3.203578122891649e-02
5.88750 3.225619343124331e-02
5.90000 3.248318908147315e-02
5.91250 3.271703720951354e-02
5.92500 3.295797700348971e-02
5.93750 3.320621606312633e-02
5.95000 3.346192902367781e-02
5.96250 3.372525663433578e-02
5.97500 3.399630538056058e-02
5.98750 3.427514773668652e-02
6.00000 3.456182312007494e-02
6.01250 3.485633958825148e-02
6.02500 3.515867627458774e-02
6.03750 3.546878649763780e-02
6.05000 3.578660140928642e-02
6.06250 3.611203397647567e-02
6.07500 3.644498303255300e-02
6.08750 3.678533710034479e-02
6.10000 3.713297769068290e-02
6.11250 3.748778182238133e-02
6.12500 3.784962358944625e-02
6.13750 3.821837470698489e-02
6.15000 3.859390408100705e-02
6.16250 3.897607654955257e-02
6.17500 3.936475101710634e-02
6.18750 3.975977824214694e-02
6.20000 4.016099853848382e-02
6.21250 4.056823962124172e-02
6.22500 4.098131477797527e-02
6.23750 4.140002148455910e-02
6.25000 4.182414052240560e-02
6.26250 4.225343559427561e-02
6.27500 4.268765338508524e-02
6.28750 4.312652397568514e-02
6.30000 4.356976149472446e-02
6.31250 4.401706488800503e-02
6.32500 4.446811869531485e-02
6.33750 4.492259374819415e-02
6.35000 4.538014773324679e-02
6.36250 4.584042559906418e-02
6.37500 4.630305981670278e-02
6.38750 4.676767053291351e-02
6.40000 4.723386568439387e-02
6.41250 4.770124117552921e-02
6.42500 4.816938126818336e-02
6.43750 4.863785939572331e-02
6.45000 4.910623969608707e-02
6.46250 4.957407965410395e-02
6.47500 5.004093433466519e-02
6.48750 5.050636274696536e-02
6.50000 5.096993686692516e-02
6.51250 5.143125371735134e-02
6.52500 5.188995062916490e-02
6.53750 5.234572337325118e-02
6.55000 5.279834629505258e-02
6.56250 5.324769298994218e-02
6.57500 5.369375556056038e-02
6.58750 5.413666025001777e-02
6.60000 5.457667737018188e-02
6.61250 5.501422398418893e-02
6.62500 5.544985868640785e-02
6.63750 5.588426887696388e-02
6.65000 5.631825192575885e-02
6.66250 5.675269236140237e-02
6.67500 5.718853759276281e-02
6.68750 5.762677467989294e-02
6.70000 5.806841041299733e-02
6.71250 5.851445655977529e-02
6.72500 5.896592169499464e-02
6.73750 5.942381055029215e-02
6.75000 5.988913127639405e-02
6.76250 6.036291037069841e-02
6.77500 6.084621440680209e-02
6.78750 6.134017748230884e-02
6.80000 6.184603414747747e-02
6.81250 6.236516039957363e-02
6.82500 6.289913125857527e-02
6.83750 6.344981424390674e-02
6.85000 6.401953767567181e-02
6.86250 6.461141117993671e-02
6.87500 6.522995919740668e-02
6.88750 6.588242327515195e-02
6.90000 6.658156235436873e-02
6.91250 6.735184951382206e-02
6.92500 6.824171946265808e-02
6.93750 6.931746037880943e-02
6.95000 7.043615649960361e-02
6.96250 7.082475507587532e-02
6.97500 7.085008369972609e-02
6.98750 7.122374289116694e-02
7.00000 7.182803386578603e-02
7.01250 7.254155999549566e-02
7.02500 7.331466428910403e-02
7.03750 7.412824066353264e-02
7.05000 7.497492952102525e-02
7.06250 7.585227198409542e-02
7.07500 7.676023268977449e-02
7.08750 7.770047000120975e-02
7.10000 7.867668616487980e-02
7.11250 7.969655975523923e-02
7.12500 8.077828648060761e-02
7.13750 8.197701480411228e-02
7.15000 8.353023541055388e-02
7.16250 8.487795566287094e-02
7.17500 8.597946186753538e-02
7.18750 8.714500680715719e-02
7.20000 8.838248292459858e-02
7.21250 8.831568920198597e-02
7.22500 8.931718105469792e-02
7.23750 9.044222363810182e-02
7.25000 9.164788199888373e-02
7.26250 9.290065158131802e-02
7.27500 9.418290893581555e-02
7.28750 9.548752876655335e-02
7.30000 9.681130511355217e-02
7.31250 9.815242634388539e-02
7.32500 9.950959100010279e-02
7.33750 1.008816870837901e-01
7.35000 1.022676714834094e-01
7.36250 1.036665256020690e-01
7.37500 1.050772423760926e-01
7.38750 1.064988275110845e-01
7.40000 1.079303080209859e-01
7.41250 1.093707451500587e-01
7.42500 1.108192503414117e-01
7.43750 1.122750035135006e-01
7.45000 1.137372730768308e-01
7.46250 1.152054370985613e-01
7.47500 1.166790049078911e-01
7.48750 1.181576382881456e-01
7.50000 1.196411712684325e-01
7.51250 1.211296274548355e-01
7.52500 1.226232338740551e-01
7.53750 1.241224304751732e-01
7.55000 1.256278747545753e-01
7.56250 1.271404414026103e-01
7.57500 1.286612173472157e-01
7.58750 1.301914929965551e-01
7.60000 1.317327507731887e-01
7.61250 1.332866521341475e-01
7.62500 1.348550241815375e-01
7.63750 1.364398467294108e-01
7.65000 1.380432403738772e-01
7.66250 1.396674557871102e-01
7.67500 1.413148641784871e-01
7.68750 1.429879486696269e-01
7.70000 1.446892962226552e-01
7.71250 1.464215897338606e-01
7.72500 1.481875999402618e-01
7.73750 1.499901768646374e-01
7.75000 1.518322406272260e-01
7.76250 1.537167715647086e-01
7.77500 1.556467997069715e-01
7.78750 1.576253937585935e-01
7.80000 1.596556498037488e-01
7.81250 1.617406799881762e-01
7.82500 1.638836014173674e-01
7.83750 1.660875254351872e-01
7.85000 1.683555473062409e-01
7.86250 1.706907361229418e-01
7.87500 1.730961245131758e-01
7.88750 1.755746974710568e-01
7.90000 1.781293794178226e-01
7.91250 1.807630184719318e-01
7.92500 1.834783669064276e-01
7.93750 1.862780569165385e-01
7.95000 1.891645711071420e-01
7.96250 1.921402075248341e-01
7.97500 1.952070396136218e-01
7.98750 1.983668722480367e-01
8.00000 2.016211961874791e-01
8.01250 2.049711452011372e-01
8.02500 2.084174629962633e-01
8.03750 2.119604907675308e-01
8.05000 2.156001893570334e-01
8.06250 2.193362095826752e-01
8.07500 2.231680159558075e-01
8.08750 2.270950505366696e-01
8.10000 2.311169003547689e-01
8.11250 2.352334184409048e-01
8.12500 2.394447604445865e-01
8.13750 2.437513355310576e-01
8.15000 2.481537108677724e-01
8.16250 2.526525358983612e-01
8.17500 2.572486297567424e-01
8.18750 2.619433452680281e-01
8.20000 2.667313059033501e-01
8.21250 2.716205711331054e-01
8.22500 2.766089645328461e-01
8.23750 2.816968276674862e-01
8.25000 2.868846864526060e-01
8.26250 2.921730049781371e-01
8.27500 2.975620949272094e-01
8.28750 3.030520300999273e-01
8.30000 3.086425813580395e-01
8.31250 3.143331909737433e-01
8.32500 3.201229983617659e-01
8.33750 3.260109236234079e-01
8.35000 3.319958120959473e-01
8.36250 3.380765410485850e-01
8.37500 3.442510785689078e-01
8.38750 3.505184074422888e-01
8.40000 3.568812069211090e-01
8.41250 3.633402458588766e-01
8.42500 3.698978016203999e-01
8.43750 3.765579849054720e-01
8.45000 3.833265440257482e-01
8.46250 3.902099277656708e-01
8.47500 3.972101197285992e-01
8.48750 4.043227211627776e-01
8.50000 4.115160341439152e-01
8.51250 4.187080513124591e-01
8.52500 4.257994228986577e-01
8.53750 4.328047730018956e-01
8.55000 4.398921394228115e-01
8.56250 4.471978470587953e-01
8.57500 4.547278244588999e-01
8.58750 4.624329604215111e-01
8.60000 4.703137186344468e-01
8.61250 4.784393086224276e-01
8.62500 4.868780303396807e-01
8.63750 4.956771237888057e-01
8.65000 5.048546022996142e-01
8.66250 5.142127509964343e-01
8.67500 5.227270002227663e-01
8.68750 5.291050349245343e-01
8.70000 5.352064838434082e-01
8.71250 5.428492761954238e-01
8.72500 5.516008508597912e-01
8.73750 5.609511250275435e-01
8.75000 5.706747930443148e-01
8.76250 5.806831868471535e-01
8.77500 5.909567608384964e-01
8.78750 6.015001028339846e-01
8.80000 6.123265712617584e-01
8.81250 6.234527545456612e-01
8.82500 6.348963378743677e-01
8.83750 6.466752709724438e-01
8.85000 6.588074579872866e-01
8.86250 6.713106541916971e-01
8.87500 6.842024325803228e-01
8.88750 6.975001589239320e-01
8.90000 7.112209490605255e-01
8.91250 7.253815999548993e-01
8.92500 7.399984951486198e-01
8.93750 7.550874893977708e-01
8.95000 7.706637784769019e-01
8.96250 7.867417595425523e-01
8.97500 8.033348859865955e-01
8.98750 8.204555189892699e-01
9.00000 8.381147763820163e-01
9.01250 8.563223781242628e-01
9.02500 8.750864867325231e-01
9.03750 8.944135403768309e-01
9.05000 9.143080761050575e-01
9.06250 9.347725408546372e-01
9.07500 9.558070886914544e-01
9.08750 9.774093642011210e-01
9.10000 9.995742741983462e-01
9.11250 1.022293752823267e+00
9.12500 1.045556528390245e+00
9.13750 1.069347903602554e+00
9.15000 1.093649563390398e+00
9.16250 1.118439426103642e+00
9.17500 1.143691553631067e+00
9.18750 1.169376133983720e+00
9.20000 1.195459546023540e+00
9.21250 1.221904510721466e+00
9.22500 1.248670327274776e+00
9.23750 1.275713186501604e+00
9.25000 1.302986549154717e+00
9.26250 1.330441574080152e+00
9.27500 1.358027581196277e+00
9.28750 1.385692537472109e+00
9.30000 1.413383560484048e+00
9.31250 1.441047443457339e+00
9.32500 1.468631217298310e+00
9.33750 1.496082777522623e+00
9.35000 1.523351613768239e+00
9.36250 1.550389679598460e+00
9.37500 1.577152418379272e+00
9.38750 1.603599902553200e+00
9.40000 1.629697943214651e+00
9.41250 1.655418910108415e+00
9.42500 1.680741942460718e+00
9.43750 1.705652325443572e+00
9.45000 1.730140088818421e+00
9.46250 1.754198232846413e+00
9.47500 1.777821167198687e+00
9.48750 1.801003810952030e+00
9.50000 1.823741439204132e+00
9.51250 1.846030028507308e+00
9.52500 1.867866731285569e+00
9.53750 1.889250190793092e+00
9.55000 1.910180570911577e+00
9.56250 1.930659310827028e+00
9.57500 1.950688683442222e+00
9.58750 1.970271249033720e+00
9.60000 1.989409278324212e+00
9.61250 2.008104192684268e+00
9.62500 2.026356044588634e+00
9.63750 2.044163042554361e+00
9.65000 2.061521111867274e+00
9.66250 2.078423474493095e+00
9.67500 2.094860227367284e+00
9.68750 2.110817896194964e+00
9.70000 2.126278939827442e+00
9.71250 2.141221175050798e+00
9.72500 2.155617078551068e+00
9.73750 2.169432895259590e+00
9.75000 2.182627431512328e+00
9.76250 2.195150328759331e+00
9.77500 2.206939501703351e+00
9.78750 2.217917345398154e+00
9.80000 2.227985562963603e+00
9.81250 2.237020137629477e+00
9.82500 2.244874531532025e+00
9.83750 2.251418501687357e+00
9.85000 2.256672544340670e+00
9.86250 2.261052275690134e+00
9.87500 2.265367913039296e+00
9.88750 2.270058736398822e+00
9.90000 2.274592895968712e+00
9.91250 2.278118135522844e+00
9.92500 2.280137942702966e+00
9.93750 2.280495620831640e+00
9.95000 2.279167670310374e+00
9.96250 2.276140754691299e+00
9.97500 2.271346961096497e+00
9.98750 2.264575871806838e+00
10.00000 2.255271121688034e+00
