0.00001 2.921086126862439e+08
0.01250 2.199431248923964e+05
0.02500 9.347976939519367e+04
0.03750 4.986067939792686e+04
0.05000 2.922075749010135e+04
0.06250 1.825123671707065e+04
0.07500 1.199849606459953e+04
0.08750 8.234321506013326e+03
0.10000 5.861039863646053e+03
0.11250 4.303780925318757e+03
0.12500 3.245990887291695e+03
0.13750 2.505529423169813e+03
0.15000 1.973414922989850e+03
0.16250 1.582122631268993e+03
0.17500 1.288490277716416e+03
0.18750 1.064150309842822e+03
0.20000 8.899899287203954e+02
0.21250 7.528426388991558e+02
0.22500 6.434560459959400e+02
0.23750 5.552111611504262e+02
0.25000 4.832962477803079e+02
0.26250 4.241624817258362e+02
0.27500 3.751583899631840e+02
0.28750 3.342801624325988e+02
0.30000 2.999986112215840e+02
0.31250 2.711378650706492e+02
0.32500 2.467897725929937e+02
0.33750 2.262537149818477e+02
0.35000 2.089954967905275e+02
0.36250 1.946221804401864e+02
0.37500 1.828730071781302e+02
0.38750 1.736305581852138e+02
0.40000 1.669598206584151e+02
0.41250 1.631718675974986e+02
0.42500 1.628013621930794e+02
0.43750 1.658834591394955e+02
0.45000 1.693493001450413e+02
0.46250 1.671153138809846e+02
0.47500 1.600429525024581e+02
0.48750 1.530169770050630e+02
0.50000 1.464198078934495e+02
0.51250 1.387972477493443e+02
0.52500 1.296137180631159e+02
0.53750 1.195269632772506e+02
0.55000 1.095599654387430e+02
0.56250 1.004138309665865e+02
0.57500 9.234718283712398e+01
0.58750 8.534072210552013e+01
0.60000 7.926297312162596e+01
0.61250 7.396183145852879e+01
0.62500 6.930088872300341e+01
0.63750 6.516850825196106e+01
0.65000 6.147638627873027e+01
0.66250 5.815520619490577e+01
0.67500 5.515025839305149e+01
0.68750 5.241785982862845e+01
0.70000 4.992264849146187e+01
0.71250 4.763560100499093e+01
0.72500 4.553259106362778e+01
0.73750 4.359333585042668e+01
0.75000 4.180061677049463e+01
0.76250 4.013969427326001e+01
0.77500 3.859786139959070e+01
0.78750 3.716409812196976e+01
0.80000 3.582880047067620e+01
0.81250 3.458356656732609e+01
0.82500 3.342102732722832e+01
0.83750 3.233471371641296e+01
0.85000 3.131895583953620e+01
0.86250 3.036881258123895e+01
0.87500 2.948003517782691e+01
0.88750 2.864907634826005e+01
0.90000 2.787317495440906e+01
0.91250 2.715059752350896e+01
0.92500 2.648131774800517e+01
0.93750 2.586974764811760e+01
0.95000 2.534874295771198e+01
0.96250 2.485234073868590e+01
0.97500 2.446667916628011e+01
0.98750 2.435448636371136e+01
1.00000 2.511917261267668e+01
1.01250 3.203189483476796e+01
1.02500 3.772113677422372e+01
1.03750 2.471672950044009e+01
1.05000 2.258630014447416e+01
1.06250 2.179813099137098e+01
1.07500 2.134434262210619e+01
1.08750 2.103090974262507e+01
1.10000 2.080229402131990e+01
1.11250 2.063970159788835e+01
1.12500 2.053738420440609e+01
1.13750 2.049549381875790e+01
1.15000 2.051755950200197e+01
1.16250 2.060951257519578e+01
1.17500 2.077929309175012e+01
1.18750 2.103670304429012e+01
1.20000 2.139346726861663e+01
1.21250 2.186380116330120e+01
1.22500 2.246639973006142e+01
1.23750 2.322958542227248e+01
1.25000 2.420013787624542e+01
1.26250 2.543995776185567e+01
1.27500 2.692025256223145e+01
1.28750 2.815687234877209e+01
1.30000 2.825431261211579e+01
1.31250 2.736157705176167e+01
1.32500 2.647384723010614e+01
1.33750 2.608314951138133e+01
1.35000 2.632076147089853e+01
1.36250 2.734653643695955e+01
1.37500 2.953772510688870e+01
1.38750 3.367316302409291e+01
1.40000 4.102280477173513e+01
1.41250 5.169924131609650e+01
1.42500 6.021373615961471e+01
1.43750 7.695931188015712e+01
1.45000 1.075666256588644e+02
1.46250 1.706570299384452e+02
1.47500 2.447446274397988e+02
1.48750 1.999248811297188e+02
1.50000 1.379769074468718e+02
1.51250 7.041721826655112e+01
1.52500 4.224026464516696e+01
1.53750 3.250307839632329e+01
1.55000 2.817033076289816e+01
1.56250 2.590392165260086e+01
1.57500 2.462147398617037e+01
1.58750 2.388278838856253e+01
1.60000 2.348161841074510e+01
1.61250 2.331486539652675e+01
1.62500 2.333431607723407e+01
1.63750 2.352891547177419e+01
1.65000 2.391871079538896e+01
1.66250 2.453755556174832e+01
1.67500 2.533383624486012e+01
1.68750 2.594321187139845e+01
1.70000 2.590903356121105e+01
1.71250 2.546212760592865e+01
1.72500 2.505280437711655e+01
1.73750 2.478293158749104e+01
1.75000 2.458380916507106e+01
1.76250 2.437928367240649e+01
1.77500 2.412729508759275e+01
1.78750 2.382010301788970e+01
1.80000 2.347074009803763e+01
1.81250 2.309767424642206e+01
1.82500 2.271548064486831e+01
1.83750 2.233244535733077e+01
1.85000 2.195193625695609e+01
1.86250 2.157461731604802e+01
1.87500 2.120021611126011e+01
1.88750 2.082867895581350e+01
1.90000 2.046102346682065e+01
1.91250 2.010049145651223e+01
1.92500 1.975546856533932e+01
1.93750 1.944981048348402e+01
1.95000 1.927314978169473e+01
1.96250 1.979528185049848e+01
1.97500 2.427035632823325e+01
1.98750 1.916215506261693e+01
2.00000 1.779904267334318e+01
2.01250 1.721975352386927e+01
2.02500 1.678392138009987e+01
2.03750 1.639556234662053e+01
2.05000 1.603031272255420e+01
2.06250 1.567998433267708e+01
2.07500 1.534136053481749e+01
2.08750 1.501307672434652e+01
2.10000 1.469455064831114e+01
2.11250 1.438555710941241e+01
2.12500 1.408603853379478e+01
2.13750 1.379601225368437e+01
2.15000 1.351552118044813e+01
2.16250 1.324460553911147e+01
2.17500 1.298328567330895e+01
2.18750 1.273155121961860e+01
2.20000 1.248935434028980e+01
2.21250 1.225660581480850e+01
2.22500 1.203317330847196e+01
2.23750 1.181888137027667e+01
2.25000 1.161351281241535e+01
2.26250 1.141681116546931e+01
2.27500 1.122848392662033e+01
2.28750 1.104820634278512e+01
2.30000 1.087562550436862e+01
2.31250 1.071036456844176e+01
2.32500 1.055202697801710e+01
2.33750 1.040020059028092e+01
2.35000 1.025446166523808e+01
2.36250 1.011437869357018e+01
2.37500 9.979516057857717e+00
2.38750 9.849437526562749e+00
2.40000 9.723709578829252e+00
2.41250 9.601904554161587e+00
2.42500 9.483603617657780e+00
2.43750 9.368399530666338e+00
2.45000 9.255899218987130e+00
2.46250 9.145726135271365e+00
2.47500 9.037522417522016e+00
2.48750 8.930950849756814e+00
2.50000 8.825696632448285e+00
2.51250 8.721468968439853e+00
2.52500 8.618002464629983e+00
2.53750 8.515058341642032e+00
2.55000 8.412425434462111e+00
2.56250 8.309920958544218e+00
2.57500 8.207391010113035e+00
2.58750 8.104710767969872e+00
2.60000 8.001784367955119e+00
2.61250 7.898544430286415e+00
2.62500 7.794951233137264e+00
2.63750 7.690991540940941e+00
2.65000 7.586677110361658e+00
2.66250 7.482042908142391e+00
2.67500 7.377145081463920e+00
2.68750 7.272058722855541e+00
2.70000 7.166875469577845e+00
2.71250 7.061700974508337e+00
2.72500 6.956652284961090e+00
2.73750 6.851855169691790e+00
2.75000 6.747441442783343e+00
2.76250 6.643546344137147e+00
2.77500 6.540306046220421e+00
2.78750 6.437855361448054e+00
2.80000 6.336325721043394e+00
2.81250 6.235843483384906e+00
2.82500 6.136528608930985e+00
2.83750 6.038493712823975e+00
2.85000 5.941843479066800e+00
2.86250 5.846674395522832e+00
2.87500 5.753074749921458e+00
2.88750 5.661124815460174e+00
2.90000 5.570897151204240e+00
2.91250 5.482456946951554e+00
2.92500 5.395862353318446e+00
2.93750 5.311164753593466e+00
2.95000 5.228408952073306e+00
2.96250 5.147633271691956e+00
2.97500 5.068869569559300e+00
2.98750 4.992143190841335e+00
3.00000 4.917472888284329e+00
3.01250 4.844870736475434e+00
3.02500 4.774342067262008e+00
3.03750 4.705885446795978e+00
3.05000 4.639492706902940e+00
3.06250 4.575149035387760e+00
3.07500 4.512833122758934e+00
3.08750 4.452517357588243e+00
3.10000 4.394168059778164e+00
3.11250 4.337745740409605e+00
3.12500 4.283205378243587e+00
3.13750 4.230496705763339e+00
3.15000 4.179564501171092e+00
3.16250 4.130348886314696e+00
3.17500 4.082785633555499e+00
3.18750 4.036806486718528e+00
3.20000 3.992339502308049e+00
3.21250 3.949309417114744e+00
3.22500 3.907638047307739e+00
3.23750 3.867244722294210e+00
3.25000 3.828046754277926e+00
3.26250 3.789959941800070e+00
3.27500 3.752899102846503e+00
3.28750 3.716778630595555e+00
3.30000 3.681513062799402e+00
3.31250 3.647017654357638e+00
3.32500 3.613208942030244e+00
3.33750 3.580005290538122e+00
3.35000 3.547327410486370e+00
3.36250 3.515098840456726e+00
3.37500 3.483246387969305e+00
3.38750 3.451700526458250e+00
3.40000 3.420395747585186e+00
3.41250 3.389270869842270e+00
3.42500 3.358269305310409e+00
3.43750 3.327339286615324e+00
3.45000 3.296434055676014e+00
3.46250 3.265512014970553e+00
3.47500 3.234536841002628e+00
3.48750 3.203477558689805e+00
3.50000 3.172308574723810e+00
3.51250 3.141009667727494e+00
3.52500 3.109565933329734e+00
3.53750 3.077967683099096e+00
3.55000 3.046210297542695e+00
3.56250 3.014294034945336e+00
3.57500 2.982223799500752e+00
3.58750 2.950008873746157e+00
3.60000 2.917662621528216e+00
3.61250 2.885202168408750e+00
3.62500 2.852648066440300e+00
3.63750 2.820023949585219e+00
3.65000 2.787356184821973e+00
3.66250 2.754673522407089e+00
3.67500 2.722006747157402e+00
3.68750 2.689388331329140e+00
3.70000 2.656852088980630e+00
3.71250 2.624432831759412e+00
3.72500 2.592166026802262e+00
3.73750 2.560087458646587e+00
3.75000 2.528232898366307e+00
3.76250 2.496637784190658e+00
3.77500 2.465336918353537e+00
3.78750 2.434364184730325e+00
3.80000 2.403752291004851e+00
3.81250 2.373532537869580e+00
3.82500 2.343734616365401e+00
3.83750 2.314386433172701e+00
3.85000 2.285513962663803e+00
3.86250 2.257141123913070e+00
3.87500 2.229289680635377e+00
3.88750 2.201979162115475e+00
3.90000 2.175226803491013e+00
3.91250 2.149047504142047e+00
3.92500 2.123453803317536e+00
3.93750 2.098455872418907e+00
3.95000 2.074061523520819e+00
3.96250 2.050276233728301e+00
3.97500 2.027103184860083e+00
3.98750 2.004543317741343e+00
4.00000 1.982595400123073e+00
4.01250 1.961256106962210e+00
4.02500 1.940520111533647e+00
4.03750 1.920380185634099e+00
4.05000 1.900827306999484e+00
4.06250 1.881850772004315e+00
4.07500 1.863438311744498e+00
4.08750 1.845576209717394e+00
4.10000 1.828249419491736e+00
4.11250 1.811441680987781e+00
4.12500 1.795135634247575e+00
4.13750 1.779312929850237e+00
4.15000 1.763954335405423e+00
4.16250 1.749039837830940e+00
4.17500 1.734548741383062e+00
4.18750 1.720459761656732e+00
4.20000 1.706751116003500e+00
4.21250 1.693400611020885e+00
4.22500 1.680385727936125e+00
4.23750 1.667683706825217e+00
4.25000 1.655271630657820e+00
4.26250 1.643126510124218e+00
4.27500 1.631225370076073e+00
4.28750 1.619545338201332e+00
4.30000 1.608063736276391e+00
4.31250 1.596758174029292e+00
4.32500 1.585606645350188e+00
4.33750 1.574587626341604e+00
4.35000 1.563680174541134e+00
4.36250 1.552864028579290e+00
4.37500 1.542119707534175e+00
4.38750 1.531428609269498e+00
4.40000 1.520773107039300e+00
4.41250 1.510136643567233e+00
4.42500 1.499503821636860e+00
4.43750 1.488860489973444e+00
4.45000 1.478193822896706e+00
4.46250 1.467492391940461e+00
4.47500 1.456746227436755e+00
4.48750 1.445946868008481e+00
4.50000 1.435087396044749e+00
4.51250 1.424162457560230e+00
4.52500 1.413168265348415e+00
4.53750 1.402102584989852e+00
4.55000 1.390964704010687e+00
4.56250 1.379755385232251e+00
4.57500 1.368476806031121e+00
4.58750 1.357132485765571e+00
4.60000 1.345727203954247e+00
4.61250 1.334266911872711e+00
4.62500 1.322758640048757e+00
4.63750 1.311210403711622e+00
4.65000 1.299631107644234e+00
4.66250 1.288030451198098e+00
4.67500 1.276418833573238e+00
4.68750 1.264807258956347e+00
4.70000 1.253207240838193e+00
4.71250 1.241630704837848e+00
4.72500 1.230089889628434e+00
4.73750 1.218597246014337e+00
4.75000 1.207165334744298e+00
4.76250 1.195806724143806e+00
4.77500 1.184533889019595e+00
4.78750 1.173359112476535e+00
4.80000 1.162294392286181e+00
4.81250 1.151351353288890e+00
4.82500 1.140541167050550e+00
4.83750 1.129874479687983e+00
4.85000 1.119361348469958e+00
4.86250 1.109011187522068e+00
4.87500 1.098832722724428e+00
4.88750 1.088833955687794e+00
4.90000 1.079022136517030e+00
4.91250 1.069403744909643e+00
4.92500 1.059984478985953e+00
4.93750 1.050769251105422e+00
4.95000 1.041762189798069e+00
4.96250 1.032966646841086e+00
4.97500 1.024385208451876e+00
4.98750 1.016019709560507e+00
5.00000 1.007871250173524e+00
5.01250 9.999402129472762e-01
5.02500 9.922262812451302e-01
5.03750 9.847284571455278e-01
5.05000 9.774450790789165e-01
5.06250 9.703738389808452e-01
5.07500 9.635117990373461e-01
5.08750 9.568554082518403e-01
5.10000 9.504005191706962e-01
5.11250 9.441424051647638e-01
5.12500 9.380757786803213e-01
5.13750 9.321948108548906e-01
5.15000 9.264931528538202e-01
5.16250 9.209639592365957e-01
5.17500 9.155999136184605e-01
5.18750 9.103932568589721e-01
5.20000 9.053358179827503e-01
5.21250 9.004190480082288e-01
5.22500 8.956340568111764e-01
5.23750 8.909716530627981e-01
5.25000 8.864223871450613e-01
5.26250 8.819765967609826e-01
5.27500 8.776244547479204e-01
5.28750 8.733560184114554e-01
5.30000 8.691612795828061e-01
5.31250 8.650302146163540e-01
5.32500 8.609528337131489e-01
5.33750 8.569192292680888e-01
5.35000 8.529196233349021e-01
5.36250 8.489444146943885e-01
5.37500 8.449842263016800e-01
5.38750 8.410299540041671e-01
5.40000 8.370728173326100e-01
5.41250 8.331044128916038e-01
5.42500 8.291167704673263e-01
5.43750 8.251024115037757e-01
5.45000 8.210544091447312e-01
5.46250 8.169664486520297e-01
5.47500 8.128328867242154e-01
5.48750 8.086488080654106e-01
5.50000 8.044100774911594e-01
5.51250 8.001133858966047e-01
5.52500 7.957562885417312e-01
5.53750 7.913372343169364e-01
5.55000 7.868555849282188e-01
5.56250 7.823116232711060e-01
5.57500 7.777065506278632e-01
5.58750 7.730424726998971e-01
5.60000 7.683223748469259e-01
5.61250 7.635500872147185e-01
5.62500 7.587302406632161e-01
5.63750 7.538682145360012e-01
5.65000 7.489700773337090e-01
5.66250 7.440425212828427e-01
5.67500 7.390927916611431e-01
5.68750 7.341286115998963e-01
5.70000 7.291581029827651e-01
5.71250 7.241897040391871e-01
5.72500 7.192320843029801e-01
5.73750 7.142940577583089e-01
5.75000 7.093844951845997e-01
5.76250 7.045122368837753e-01
5.77500 6.996860070752947e-01
5.78750 6.949143312423963e-01
5.80000 6.902054575993486e-01
5.81250 6.855672836429294e-01
5.82500 6.810072884902333e-01
5.83750 6.765324714343336e-01
5.85000 6.721492969121939e-01
5.86250 6.678636459068028e-01
5.87500 6.636807737157236e-01
5.88750 6.596052740149527e-01
5.90000 6.556410492238189e-01
5.91250 6.517912873195765e-01
5.92500 6.480584454403793e-01
5.93750 6.444442408291816e-01
5.95000 6.409496498805686e-01
5.96250 6.375749162222221e-01
5.97500 6.343195688497152e-01
5.98750 6.311824512871045e-01
6.00000 6.281617625144222e-01
6.01250 6.252551099428428e-01
6.02500 6.224595740100254e-01
6.03750 6.197717830342834e-01
6.05000 6.171879958877996e-01
6.06250 6.147041889678815e-01
6.07500 6.123161430531098e-01
6.08750 6.100195251343576e-01
6.10000 6.078099603794250e-01
6.11250 6.056830901041044e-01
6.12500 6.036346129314296e-01
6.13750 6.016603080391311e-01
6.15000 5.997560412377760e-01
6.16250 5.979177562759612e-01
6.17500 5.961414549735772e-01
6.18750 5.944231703956312e-01
6.20000 5.927589372904551e-01
6.21250 5.911447635343082e-01
6.22500 5.895766055158239e-01
6.23750 5.880503494279568e-01
6.25000 5.865617994481312e-01
6.26250 5.851066728750771e-01
6.27500 5.836806015195001e-01
6.28750 5.822791380653747e-01
6.30000 5.808977657659554e-01
6.31250 5.795319097293906e-01
6.32500 5.781769481675576e-01
6.33750 5.768282222794433e-01
6.35000 5.754810438439664e-01
6.36250 5.741307000282144e-01
6.37500 5.727724553152166e-01
6.38750 5.714015507949055e-01
6.40000 5.700132013615954e-01
6.41250 5.686025916793590e-01
6.42500 5.671648721955104e-01
6.43750 5.656951570816900e-01
6.45000 5.641885268043781e-01
6.46250 5.626400390401267e-01
6.47500 5.610447527142092e-01
6.48750 5.593977707842983e-01
6.50000 5.576943076214762e-01
6.51250 5.559297860021405e-01
6.52500 5.540999664072001e-01
6.53750 5.522011073381579e-01
6.55000 5.502301499176513e-01
6.56250 5.481849138987441e-01
6.57500 5.460642866390254e-01
6.58750 5.438683831604145e-01
6.60000 5.415986554951717e-01
6.61250 5.392579337805820e-01
6.62500 5.368503895753038e-01
6.63750 5.343814220866187e-01
6.65000 5.318574782098695e-01
6.66250 5.292858253514751e-01
6.67500 5.266743005764623e-01
6.68750 5.240310604669226e-01
6.70000 5.213643539732562e-01
6.71250 5.186823367271740e-01
6.72500 5.159929408196017e-01
6.73750 5.133038093322106e-01
6.75000 5.106222996764689e-01
6.76250 5.079555536265906e-01
6.77500 5.053106252826967e-01
6.78750 5.026946534431177e-01
6.80000 5.001150667891232e-01
6.81250 4.975798256620930e-01
6.82500 4.950977413016684e-01
6.83750 4.926789843056400e-01
6.85000 4.903360254790982e-01
6.86250 4.880855159653313e-01
6.87500 4.859522083956723e-01
6.88750 4.839775008621787e-01
6.90000 4.822391448010497e-01
6.91250 4.808995189742902e-01
6.92500 4.803237958859159e-01
6.93750 4.812086763382179e-01
6.95000 4.834007564447071e-01
6.96250 4.815602862136908e-01
6.97500 4.756603058757063e-01
6.98750 4.711710713587748e-01
7.00000 4.681181449592487e-01
7.01250 4.658114382839126e-01
7.02500 4.639027417046170e-01
7.03750 4.622367256939883e-01
7.05000 4.607417761558485e-01
7.06250 4.593836905299267e-01
7.07500 4.581466564856385e-01
7.08750 4.570257312935166e-01
7.10000 4.560256376968983e-01
7.11250 4.551669516049975e-01
7.12500 4.545131279476163e-01
7.13750 4.542971034287561e-01
7.15000 4.558000982900943e-01
7.16250 4.581533557226080e-01
7.17500 4.584488428052028e-01
7.18750 4.571942725105174e-01
7.20000 4.602432859493851e-01
7.21250 4.532546952151336e-01
7.22500 4.513130280003594e-01
7.23750 4.501835687584191e-01
7.25000 4.494908535183125e-01
7.26250 4.490454278653915e-01
7.27500 4.487322042274596e-01
7.28750 4.484957504840368e-01
7.30000 4.483074125419350e-01
7.31250 4.481500836294426e-01
7.32500 4.480119612435300e-01
7.33750 4.478838816866624e-01
7.35000 4.477581037095843e-01
7.36250 4.476277187552093e-01
7.37500 4.474863527531157e-01
7.38750 4.473280140414468e-01
7.40000 4.471470203751194e-01
7.41250 4.469379723226071e-01
7.42500 4.466957561389130e-01
7.43750 4.464155666869433e-01
7.45000 4.460929445375240e-01
7.46250 4.457238229760909e-01
7.47500 4.453045812167714e-01
7.48750 4.448321001597008e-01
7.50000 4.443038168292629e-01
7.51250 4.437177734400477e-01
7.52500 4.430726570697339e-01
7.53750 4.423678263516149e-01
7.55000 4.416033225266760e-01
7.56250 4.407798635762268e-01
7.57500 4.398988218030072e-01
7.58750 4.389621868456440e-01
7.60000 4.379725173825135e-01
7.61250 4.369328854736908e-01
7.62500 4.358468175240017e-01
7.63750 4.347182353099591e-01
7.65000 4.335513995986126e-01
7.66250 4.323508578369650e-01
7.67500 4.311213964164832e-01
7.68750 4.298679972568542e-01
7.70000 4.285957979649071e-01
7.71250 4.273100546028607e-01
7.72500 4.260161060995264e-01
7.73750 4.247193394982227e-01
7.75000 4.234251554959576e-01
7.76250 4.221389340389695e-01
7.77500 4.208660000589998e-01
7.78750 4.196115897293984e-01
7.80000 4.183808178602796e-01
7.81250 4.171786472079781e-01
7.82500 4.160098605156278e-01
7.83750 4.148790360015643e-01
7.85000 4.137905267521655e-01
7.86250 4.127484440575903e-01
7.87500 4.117566441834700e-01
7.88750 4.108187174647134e-01
7.90000 4.099379780342364e-01
7.91250 4.091174520666049e-01
7.92500 4.083598622142386e-01
7.93750 4.076676059854142e-01
7.95000 4.070427261401818e-01
7.96250 4.064868716969477e-01
7.97500 4.060012487939593e-01
7.98750 4.055865614920997e-01
8.00000 4.052429439276699e-01
8.01250 4.049698876387828e-01
8.02500 4.047661722464274e-01
8.03750 4.046298145451258e-01
8.05000 4.045580595226409e-01
8.06250 4.045474427196297e-01
8.07500 4.045939486005290e-01
8.08750 4.046932659664011e-01
8.10000 4.048411001264508e-01
8.11250 4.050334623011322e-01
8.12500 4.052668508692793e-01
8.13750 4.055382820631841e-01
8.15000 4.058451980064636e-01
8.16250 4.061853424809996e-01
8.17500 4.065568402189099e-01
8.18750 4.069602933163551e-01
8.20000 4.073837436246625e-01
8.21250 4.078341272591032e-01
8.22500 4.083080612977728e-01
8.23750 4.088031582373683e-01
8.25000 4.093177072835467e-01
8.26250 4.098501681888087e-01
8.27500 4.103990340374256e-01
8.28750 4.109627049535267e-01
8.30000 4.115393648310231e-01
8.31250 4.121268836772535e-01
8.32500 4.127227672083141e-01
8.33750 4.133241724838436e-01
8.35000 4.139280228181651e-01
8.36250 4.145312591092433e-01
8.37500 4.151299498107698e-01
8.38750 4.157183222706038e-01
8.40000 4.162961626170708e-01
8.41250 4.168619809750573e-01
8.42500 4.174149452162442e-01
8.43750 4.179565324574520e-01
8.45000 4.184914234720474e-01
8.46250 4.190285813861866e-01
8.47500 4.195794879880669e-01
8.48750 4.201560802818642e-01
8.50000 4.207629512781929e-01
8.51250 4.213520051424487e-01
8.52500 4.217987637607142e-01
8.53750 4.219890479167769e-01
8.55000 4.219717913353769e-01
8.56250 4.218926419632629e-01
8.57500 4.218305066141407e-01
8.58750 4.217722704220407e-01
8.60000 4.216893692108120e-01
8.61250 4.216147557404035e-01
8.62500 4.216253067546800e-01
8.63750 4.218156400772543e-01
8.65000 4.223301809505879e-01
8.66250 4.233508217793753e-01
8.67500 4.246181009288583e-01
8.68750 4.245059908693070e-01
8.70000 4.225914582352563e-01
8.71250 4.205970223471499e-01
8.72500 4.190924262216801e-01
8.73750 4.179254358562091e-01
8.75000 4.169522501008851e-01
8.76250 4.160744689988101e-01
8.77500 4.152420575334332e-01
8.78750 4.144308988767932e-01
8.80000 4.136299008963477e-01
8.81250 4.128347524015381e-01
8.82500 4.120447866580251e-01
8.83750 4.112613387413133e-01
8.85000 4.104868571421344e-01
8.86250 4.097244125523462e-01
8.87500 4.089774213188233e-01
8.88750 4.082494854587260e-01
8.90000 4.075442947865246e-01
8.91250 4.068655608555144e-01
8.92500 4.062169664798071e-01
8.93750 4.056021229404183e-01
8.95000 4.050245317845407e-01
8.96250 4.044875506567284e-01
8.97500 4.039943636829920e-01
8.98750 4.035479571528071e-01
9.00000 4.031511010232738e-01
9.01250 4.028063363682883e-01
9.02500 4.025159684579359e-01
9.03750 4.022820647408396e-01
9.05000 4.021064566347931e-01
9.06250 4.019907437201391e-01
9.07500 4.019362987007535e-01
9.08750 4.019442713908177e-01
9.10000 4.020155900517765e-01
9.11250 4.021509586827341e-01
9.12500 4.023508493694536e-01
9.13750 4.026154894895436e-01
9.15000 4.029448443763716e-01
9.16250 4.033385968480601e-01
9.17500 4.037961256811960e-01
9.18750 4.043164855306885e-01
9.20000 4.048983908781121e-01
9.21250 4.055402062887803e-01
9.22500 4.062399445863157e-01
9.23750 4.069952735797213e-01
9.25000 4.078035308140637e-01
9.26250 4.086617446024190e-01
9.27500 4.095666584819877e-01
9.28750 4.105147553570319e-01
9.30000 4.115022770618422e-01
9.31250 4.125252350171090e-01
9.32500 4.135794082536098e-01
9.33750 4.146603267089227e-01
9.35000 4.157632410053791e-01
9.36250 4.168830856929829e-01
9.37500 4.180144515522337e-01
9.38750 4.191515925448124e-01
9.40000 4.202884992960725e-01
9.41250 4.214190645854726e-01
9.42500 4.225373389318862e-01
9.43750 4.236378291388312e-01
9.45000 4.247157526851191e-01
9.46250 4.257671594683750e-01
9.47500 4.267888831363495e-01
9.48750 4.277783593392852e-01
9.50000 4.287333981299819e-01
9.51250 4.296519952698153e-01
9.52500 4.305322267341991e-01
9.53750 4.313722261076613e-01
9.55000 4.321702186336131e-01
9.56250 4.329245808886631e-01
9.57500 4.336339025414790e-01
9.58750 4.342970372245054e-01
9.60000 4.349131381756103e-01
9.61250 4.354816796963872e-01
9.62500 4.360024681508360e-01
9.63750 4.364756471539770e-01
9.65000 4.369017015728588e-01
9.66250 4.372814645109783e-01
9.67500 4.376161309155696e-01
9.68750 4.379072811168839e-01
9.70000 4.381569177965016e-01
9.71250 4.383675210163968e-01
9.72500 4.385421286195523e-01
9.73750 4.386844543423922e-01
9.75000 4.387990643113020e-01
9.76250 4.388916447913386e-01
9.77500 4.389694078884188e-01
9.78750 4.390416833280484e-01
9.80000 4.391206764271437e-01
9.81250 4.392220373197528e-01
9.82500 4.393636978147829e-01
9.83750 4.395581766699050e-01
9.85000 4.397887709806944e-01
9.86250 4.399706226762570e-01
9.87500 4.399618497937466e-01
9.88750 4.397022294062022e-01
9.90000 4.392986502693594e-01
9.91250 4.388955439083387e-01
9.92500 4.385658047336981e-01
9.93750 4.383245981455188e-01
9.95000 4.381679372122783e-01
9.96250 4.380931773544390e-01
9.97500 4.381095075004456e-01
9.98750 4.382548583875669e-01
10.00000 4.386458733463592e-01
