0.00001 -5.833442890522125e+04
0.01250 -5.489793399907932e+04
0.02500 -4.665038356374131e+04
0.03750 -3.730327431951382e+04
0.05000 -2.912474071031607e+04
0.06250 -2.271324546636549e+04
0.07500 -1.789121628492160e+04
0.08750 -1.429693516929367e+04
0.10000 -1.160156429868349e+04
0.11250 -9.554910327882022e+03
0.12500 -7.977708991809380e+03
0.13750 -6.743783502094677e+03
0.15000 -5.764291742027664e+03
0.16250 -4.976137195581116e+03
0.17500 -4.333952764062322e+03
0.18750 -3.804667899115293e+03
0.20000 -3.363836086722232e+03
0.21250 -2.993137648047082e+03
0.22500 -2.678664573487392e+03
0.23750 -2.409728221102290e+03
0.25000 -2.178019756856826e+03
0.26250 -1.977011222738043e+03
0.27500 -1.801522754233373e+03
0.28750 -1.647405967519755e+03
0.30000 -1.511309598567113e+03
0.31250 -1.390504104380490e+03
0.32500 -1.282749046942494e+03
0.33750 -1.186191913440538e+03
0.35000 -1.099290438389801e+03
0.36250 -1.020753231118799e+03
0.37500 -9.494966531773611e+02
0.38750 -8.846218983491090e+02
0.40000 -8.254318247182185e+02
0.41250 -7.715497925755117e+02
0.42500 -7.232950597625653e+02
0.43750 -6.824078843999392e+02
0.45000 -6.514344900890450e+02
0.46250 -6.277555228298517e+02
0.47500 -6.042342484392645e+02
0.48750 -5.804989831161478e+02
0.50000 -5.588825371926689e+02
0.51250 -5.394965335398985e+02
0.52500 -5.210270854909018e+02
0.53750 -5.023326668076855e+02
0.55000 -4.831218446224958e+02
0.56250 -4.637027251822124e+02
0.57500 -4.445212347767429e+02
0.58750 -4.259195156339986e+02
0.60000 -4.080942027812064e+02
0.61250 -3.911308307511403e+02
0.62500 -3.750463531764034e+02
0.63750 -3.598202273467430e+02
0.65000 -3.454134868054773e+02
0.66250 -3.317794631314989e+02
0.67500 -3.188694805381141e+02
0.68750 -3.066357288397085e+02
0.70000 -2.950326155588923e+02
0.71250 -2.840173207508856e+02
0.72500 -2.735499439501429e+02
0.73750 -2.635934485200222e+02
0.75000 -2.541135099907785e+02
0.76250 -2.450783228569875e+02
0.77500 -2.364583929571322e+02
0.78750 -2.282263281557882e+02
0.80000 -2.203566322902869e+02
0.81250 -2.128255028536301e+02
0.82500 -2.056106297783748e+02
0.83750 -1.986909897590041e+02
0.85000 -1.920466267663456e+02
0.86250 -1.856584034248027e+02
0.87500 -1.795076973766319e+02
0.88750 -1.735759966888719e+02
0.90000 -1.678443069549917e+02
0.91250 -1.622921873909936e+02
0.92500 -1.568959742182993e+02
0.93750 -1.516249132447653e+02
0.95000 -1.464411635043033e+02
0.96250 -1.413690387203341e+02
0.97500 -1.361310498720634e+02
0.98750 -1.305700692237038e+02
1.00000 -1.239892867385716e+02
1.01250 -1.151230572888302e+02
1.02500 -1.330064976471229e+02
1.03750 -1.260932391755020e+02
1.05000 -1.193977560505056e+02
1.06250 -1.142967215199974e+02
1.07500 -1.098604429126320e+02
1.08750 -1.057725071382229e+02
1.10000 -1.019002326303720e+02
1.11250 -9.817676744315867e+01
1.12500 -9.456328745374661e+01
1.13750 -9.103464181018471e+01
1.15000 -8.757320838302263e+01
1.16250 -8.416607789062392e+01
1.17500 -8.080375704021270e+01
1.18750 -7.747961818850615e+01
1.20000 -7.418970739105677e+01
1.21250 -7.093275119381710e+01
1.22500 -6.771075598660306e+01
1.23750 -6.453264244673797e+01
1.25000 -6.142982845485459e+01
1.26250 -5.850652205974605e+01
1.27500 -5.603466214712379e+01
1.28750 -5.434032924833432e+01
1.30000 -5.293981937335926e+01
1.31250 -5.057713644819377e+01
1.32500 -4.691841025021752e+01
1.33750 -4.226549887935220e+01
1.35000 -3.676043915443909e+01
1.36250 -3.032523133191681e+01
1.37500 -2.277292529510804e+01
1.38750 -1.399876145109809e+01
1.40000 -4.605053244391327e+00
1.41250 2.890997142558456e+00
1.42500 9.998246798881135e+00
1.43750 3.071580999642026e+01
1.45000 2.883710318085173e+01
1.46250 6.294874502366526e+01
1.47500 -7.717722271076474e+01
1.48750 -1.586800418364336e+02
1.50000 -1.849327948602266e+02
1.51250 -1.780574155106056e+02
1.52500 -1.485329002379611e+02
1.53750 -1.279975745417132e+02
1.55000 -1.141951783276306e+02
1.56250 -1.042450618952626e+02
1.57500 -9.665175903937542e+01
1.58750 -9.060670308827711e+01
1.60000 -8.563767424723441e+01
1.61250 -8.145052258656690e+01
1.62500 -7.785411868712191e+01
1.63750 -7.472594488707092e+01
1.65000 -7.200616338200234e+01
1.66250 -6.972509420790114e+01
1.67500 -6.804718037755357e+01
1.68750 -6.711372634768999e+01
1.70000 -6.652510633934689e+01
1.71250 -6.569524208565923e+01
1.72500 -6.463878404105637e+01
1.73750 -6.358176958250138e+01
1.75000 -6.263363594556167e+01
1.76250 -6.180370080513163e+01
1.77500 -6.105805094381306e+01
1.78750 -6.035607966761354e+01
1.80000 -5.966933965260581e+01
1.81250 -5.898529768362518e+01
1.82500 -5.830223376089413e+01
1.83750 -5.762268683645528e+01
1.85000 -5.694917038924238e+01
1.86250 -5.628233336042143e+01
1.87500 -5.562047207539172e+01
1.88750 -5.495937078015591e+01
1.90000 -5.429171588592075e+01
1.91250 -5.360521121796076e+01
1.92500 -5.287740267775024e+01
1.93750 -5.206077903500623e+01
1.95000 -5.103271611803950e+01
1.96250 -4.942878633060548e+01
1.97500 -5.115534799569716e+01
1.98750 -5.353765329722675e+01
2.00000 -5.189941079009768e+01
2.01250 -5.087136358268396e+01
2.02500 -5.007408910492419e+01
2.03750 -4.937907308944312e+01
2.05000 -4.873809831628451e+01
2.06250 -4.812953965748852e+01
2.07500 -4.754238674677750e+01
2.08750 -4.697051565383818e+01
2.10000 -4.641030713010637e+01
2.11250 -4.585953825918718e+01
2.12500 -4.531681933291839e+01
2.13750 -4.478128659122738e+01
2.15000 -4.425242402205902e+01
2.16250 -4.372995412032886e+01
2.17500 -4.321376727104132e+01
2.18750 -4.270387366736668e+01
2.20000 -4.220036890250390e+01
2.21250 -4.170340822078398e+01
2.22500 -4.121318653641168e+01
2.23750 -4.072992252739056e+01
2.25000 -4.025384579440235e+01
2.26250 -3.978518645786388e+01
2.27500 -3.932416677472396e+01
2.28750 -3.887099446406833e+01
2.30000 -3.842585748398872e+01
2.31250 -3.798892003115076e+01
2.32500 -3.756031955686704e+01
2.33750 -3.714016461808529e+01
2.35000 -3.672853341076011e+01
2.36250 -3.632547286460852e+01
2.37500 -3.593099820843727e+01
2.38750 -3.554509294042931e+01
2.40000 -3.516770915579644e+01
2.41250 -3.479876819476511e+01
2.42500 -3.443816157836320e+01
2.43750 -3.408575220032073e+01
2.45000 -3.374137574320545e+01
2.46250 -3.340484228783666e+01
2.47500 -3.307593808828245e+01
2.48750 -3.275442749050541e+01
2.50000 -3.244005498018313e+01
2.51250 -3.213254735291564e+01
2.52500 -3.183161600621816e+01
2.53750 -3.153695935578885e+01
2.55000 -3.124826537744379e+01
2.56250 -3.096521427048478e+01
2.57500 -3.068748122862986e+01
2.58750 -3.041473929237467e+01
2.60000 -3.014666224379467e+01
2.61250 -2.988292749369371e+01
2.62500 -2.962321890383019e+01
2.63750 -2.936722948517585e+01
2.65000 -2.911466391709270e+01
2.66250 -2.886524084087903e+01
2.67500 -2.861869489206225e+01
2.68750 -2.837477844623595e+01
2.70000 -2.813326306061840e+01
2.71250 -2.789394059662204e+01
2.72500 -2.765662400824828e+01
2.73750 -2.742114777956680e+01
2.75000 -2.718736799540094e+01
2.76250 -2.695516203575306e+01
2.77500 -2.672442789795072e+01
2.78750 -2.649508317008537e+01
2.80000 -2.626706370200856e+01
2.81250 -2.604032204166949e+01
2.82500 -2.581482572074718e+01
2.83750 -2.559055548133621e+01
2.85000 -2.536750353364996e+01
2.86250 -2.514567192382394e+01
2.87500 -2.492507107282615e+01
2.88750 -2.470571852489944e+01
2.90000 -2.448763791985898e+01
2.91250 -2.427085818080301e+01
2.92500 -2.405541288980110e+01
2.93750 -2.384133981068902e+01
2.95000 -2.362868051119752e+01
2.96250 -2.341748003634919e+01
2.97500 -2.320778659058819e+01
2.98750 -2.299965119596020e+01
3.00000 -2.279312730590499e+01
3.01250 -2.258827036682929e+01
3.02500 -2.238513733079170e+01
3.03750 -2.218378613103644e+01
3.05000 -2.198427513705928e+01
3.06250 -2.178666260731001e+01
3.07500 -2.159100615600486e+01
3.08750 -2.139736224668749e+01
3.10000 -2.120578572016325e+01
3.11250 -2.101632935926504e+01
3.12500 -2.082904348844421e+01
3.13750 -2.064397560301412e+01
3.15000 -2.046117002129379e+01
3.16250 -2.028066755289703e+01
3.17500 -2.010250517774755e+01
3.18750 -1.992671573268307e+01
3.20000 -1.975332760529500e+01
3.21250 -1.958236443750871e+01
3.22500 -1.941384484398845e+01
3.23750 -1.924778215248960e+01
3.25000 -1.908418417461114e+01
3.26250 -1.892305301592515e+01
3.27500 -1.876438493415101e+01
3.28750 -1.860817025291488e+01
3.30000 -1.845439333677976e+01
3.31250 -1.830303263079468e+01
3.32500 -1.815406076502992e+01
3.33750 -1.800744472173449e+01
3.35000 -1.786314606020384e+01
3.36250 -1.772112119248989e+01
3.37500 -1.758132170194429e+01
3.38750 -1.744369469634909e+01
3.40000 -1.730818318798674e+01
3.41250 -1.717472649422703e+01
3.42500 -1.704326065376192e+01
3.43750 -1.691371885517725e+01
3.45000 -1.678603187582777e+01
3.46250 -1.666012852977871e+01
3.47500 -1.653593612379742e+01
3.48750 -1.641338092003634e+01
3.50000 -1.629238860324151e+01
3.51250 -1.617288474921546e+01
3.52500 -1.605479529006404e+01
3.53750 -1.593804697066984e+01
3.55000 -1.582256779006613e+01
3.56250 -1.570828742108422e+01
3.57500 -1.559513760191841e+01
3.58750 -1.548305249411234e+01
3.60000 -1.537196900285345e+01
3.61250 -1.526182705720910e+01
3.62500 -1.515256984982024e+01
3.63750 -1.504414403730109e+01
3.65000 -1.493649990390542e+01
3.66250 -1.482959149168914e+01
3.67500 -1.472337670032886e+01
3.68750 -1.461781735900988e+01
3.70000 -1.451287927159784e+01
3.71250 -1.440853223500676e+01
3.72500 -1.430475002964672e+01
3.73750 -1.420151038038948e+01
3.75000 -1.409879488677089e+01
3.76250 -1.399658892210514e+01
3.77500 -1.389488150258084e+01
3.78750 -1.379366512891658e+01
3.80000 -1.369293560444028e+01
3.81250 -1.359269183428464e+01
3.82500 -1.349293561065388e+01
3.83750 -1.339367138885044e+01
3.85000 -1.329490605809130e+01
3.86250 -1.319664871027768e+01
3.87500 -1.309891040899462e+01
3.88750 -1.300170396025251e+01
3.90000 -1.290504368592822e+01
3.91250 -1.280894520054872e+01
3.92500 -1.271342519196442e+01
3.93750 -1.261850120653365e+01
3.95000 -1.252419143961396e+01
3.96250 -1.243051453236849e+01
3.97500 -1.233748937608089e+01
3.98750 -1.224513492529353e+01
4.00000 -1.215347002110999e+01
4.01250 -1.206251322592703e+01
4.02500 -1.197228267068743e+01
4.03750 -1.188279591549051e+01
4.05000 -1.179406982408504e+01
4.06250 -1.170612045242718e+01
4.07500 -1.161896295114266e+01
4.08750 -1.153261148140966e+01
4.10000 -1.144707914350008e+01
4.11250 -1.136237791698943e+01
4.12500 -1.127851861147944e+01
4.13750 -1.119551082657088e+01
4.15000 -1.111336291977221e+01
4.16250 -1.103208198102981e+01
4.17500 -1.095167381260980e+01
4.18750 -1.087214291315132e+01
4.20000 -1.079349246484305e+01
4.21250 -1.071572432285394e+01
4.22500 -1.063883900637369e+01
4.23750 -1.056283569088684e+01
4.25000 -1.048771220160434e+01
4.26250 -1.041346500828992e+01
4.27500 -1.034008922201607e+01
4.28750 -1.026757859463496e+01
4.30000 -1.019592552191896e+01
4.31250 -1.012512105139564e+01
4.32500 -1.005515489586581e+01
4.33750 -9.986015453469408e+00
4.35000 -9.917689834990918e+00
4.36250 -9.850163898921508e+00
4.37500 -9.783422294664641e+00
4.38750 -9.717448514214889e+00
4.40000 -9.652224952653077e+00
4.41250 -9.587732977855099e+00
4.42500 -9.523953009852221e+00
4.43750 -9.460864610248297e+00
4.45000 -9.398446581944492e+00
4.46250 -9.336677079121936e+00
4.47500 -9.275533726992874e+00
4.48750 -9.214993750290464e+00
4.50000 -9.155034108884488e+00
4.51250 -9.095631638356394e+00
4.52500 -9.036763192913162e+00
4.53750 -8.978405787726736e+00
4.55000 -8.920536737699782e+00
4.56250 -8.863133789800997e+00
4.57500 -8.806175246483184e+00
4.58750 -8.749640078264713e+00
4.60000 -8.693508024265519e+00
4.61250 -8.637759680263999e+00
4.62500 -8.582376574588263e+00
4.63750 -8.527341232775910e+00
4.65000 -8.472637232344733e+00
4.66250 -8.418249249155515e+00
4.67500 -8.364163096702697e+00
4.68750 -8.310365759278282e+00
4.70000 -8.256845419406046e+00
4.71250 -8.203591479356612e+00
4.72500 -8.150594576054692e+00
4.73750 -8.097846588379145e+00
4.75000 -8.045340635788497e+00
4.76250 -7.993071067375610e+00
4.77500 -7.941033440811307e+00
4.78750 -7.889224491094625e+00
4.80000 -7.837642089496482e+00
4.81250 -7.786285193492349e+00
4.82500 -7.735153788784835e+00
4.83750 -7.684248824706323e+00
4.85000 -7.633572144378913e+00
4.86250 -7.583126411018556e+00
4.87500 -7.532915031731090e+00
4.88750 -7.482942080082582e+00
4.90000 -7.433212218646338e+00
4.91250 -7.383730622638508e+00
4.92500 -7.334502905647945e+00
4.93750 -7.285535048337852e+00
4.95000 -7.236833330839787e+00
4.96250 -7.188404269373841e+00
4.97500 -7.140254557416393e+00
4.98750 -7.092391011509596e+00
5.00000 -7.044820521580275e+00
5.01250 -6.997550005428870e+00
5.02500 -6.950586366878949e+00
5.03750 -6.903936456959134e+00
5.05000 -6.857607037430860e+00
5.06250 -6.811604745978242e+00
5.07500 -6.765936062435485e+00
5.08750 -6.720607275530242e+00
5.10000 -6.675624449752272e+00
5.11250 -6.630993392098645e+00
5.12500 -6.586719618582861e+00
5.13750 -6.542808320512558e+00
5.15000 -6.499264330633812e+00
5.16250 -6.456092089306687e+00
5.17500 -6.413295610925652e+00
5.18750 -6.370878450838460e+00
5.20000 -6.328843673062805e+00
5.21250 -6.287193819159137e+00
5.22500 -6.245930878694565e+00
5.23750 -6.205056261814467e+00
5.25000 -6.164570774503770e+00
5.26250 -6.124474597135625e+00
5.27500 -6.084767266839041e+00
5.28750 -6.045447664049301e+00
5.30000 -6.006514003342352e+00
5.31250 -5.967963828337095e+00
5.32500 -5.929794010147077e+00
5.33750 -5.892000748656946e+00
5.35000 -5.854579575858357e+00
5.36250 -5.817525360634945e+00
5.37500 -5.780832314717439e+00
5.38750 -5.744493999971687e+00
5.40000 -5.708503337642155e+00
5.41250 -5.672852620560166e+00
5.42500 -5.637533529571653e+00
5.43750 -5.602537155513049e+00
5.45000 -5.567854027968993e+00
5.46250 -5.533474151812869e+00
5.47500 -5.499387052200850e+00
5.48750 -5.465581828305597e+00
5.50000 -5.432047215671862e+00
5.51250 -5.398771656680902e+00
5.52500 -5.365743378243325e+00
5.53750 -5.332950475517539e+00
5.55000 -5.300381000187136e+00
5.56250 -5.268023051640414e+00
5.57500 -5.235864869291501e+00
5.58750 -5.203894924275754e+00
5.60000 -5.172102008844757e+00
5.61250 -5.140475321970940e+00
5.62500 -5.109004549927177e+00
5.63750 -5.077679940899073e+00
5.65000 -5.046492372974192e+00
5.66250 -5.015433415089070e+00
5.67500 -4.984495380668246e+00
5.68750 -4.953671373743626e+00
5.70000 -4.922955327310504e+00
5.71250 -4.892342033593262e+00
5.72500 -4.861827165812746e+00
5.73750 -4.831407291021372e+00
5.75000 -4.801079873638919e+00
5.76250 -4.770843269492139e+00
5.77500 -4.740696710415044e+00
5.78750 -4.710640279760320e+00
5.80000 -4.680674879452758e+00
5.81250 -4.650802189434067e+00
5.82500 -4.621024620473047e+00
5.83750 -4.591345261335429e+00
5.85000 -4.561767821233913e+00
5.86250 -4.532296568336085e+00
5.87500 -4.502936264928255e+00
5.88750 -4.473692099650973e+00
5.90000 -4.444569617066687e+00
5.91250 -4.415574644718221e+00
5.92500 -4.386713217807825e+00
5.93750 -4.357991501688388e+00
5.95000 -4.329415712522636e+00
5.96250 -4.300992036740903e+00
5.97500 -4.272726550311329e+00
5.98750 -4.244625139310934e+00
6.00000 -4.216693423812579e+00
6.01250 -4.188936687613247e+00
6.02500 -4.161359816726933e+00
6.03750 -4.133967249734581e+00
6.05000 -4.106762942906958e+00
6.06250 -4.079750352408023e+00
6.07500 -4.052932434826356e+00
6.08750 -4.026311665843261e+00
6.10000 -3.999890075205039e+00
6.11250 -3.973669294579468e+00
6.12500 -3.947650613627614e+00
6.13750 -3.921835038951596e+00
6.15000 -3.896223350616046e+00
6.16250 -3.870816151664125e+00
6.17500 -3.845613907294697e+00
6.18750 -3.820616971880648e+00
6.20000 -3.795825603518250e+00
6.21250 -3.771239967087511e+00
6.22500 -3.746860127746658e+00
6.23750 -3.722686037345189e+00
6.25000 -3.698717516443875e+00
6.26250 -3.674954234528478e+00
6.27500 -3.651395690655779e+00
6.28750 -3.628041196236052e+00
6.30000 -3.604889861006704e+00
6.31250 -3.581940582568298e+00
6.32500 -3.559192039221838e+00
6.33750 -3.536642685335790e+00
6.35000 -3.514290748123244e+00
6.36250 -3.492134224523289e+00
6.37500 -3.470170876818618e+00
6.38750 -3.448398225622394e+00
6.40000 -3.426813538870712e+00
6.41250 -3.405413815426249e+00
6.42500 -3.384195761843609e+00
6.43750 -3.363155760839082e+00
6.45000 -3.342289830178848e+00
6.46250 -3.321593571230168e+00
6.47500 -3.301062107500558e+00
6.48750 -3.280690015263464e+00
6.50000 -3.260471250852005e+00
6.51250 -3.240399082200291e+00
6.52500 -3.220466035251206e+00
6.53750 -3.200663868177942e+00
6.55000 -3.180983587057655e+00
6.56250 -3.161415514822697e+00
6.57500 -3.141949420530435e+00
6.58750 -3.122574708493030e+00
6.60000 -3.103280657734559e+00
6.61250 -3.084056693465638e+00
6.62500 -3.064892665880211e+00
6.63750 -3.045779109215704e+00
6.65000 -3.026707456244018e+00
6.66250 -3.007670189484117e+00
6.67500 -2.988660918793777e+00
6.68750 -2.969674383659136e+00
6.70000 -2.950706385918145e+00
6.71250 -2.931753664134579e+00
6.72500 -2.912813724512440e+00
6.73750 -2.893884645604733e+00
6.75000 -2.874964875298062e+00
6.76250 -2.856053037879399e+00
6.77500 -2.837147764580182e+00
6.78750 -2.818247550611789e+00
6.80000 -2.799350624060669e+00
6.81250 -2.780454787945698e+00
6.82500 -2.761557169024714e+00
6.83750 -2.742653778082505e+00
6.85000 -2.723738756200992e+00
6.86250 -2.704803150344445e+00
6.87500 -2.685833059810737e+00
6.88750 -2.666807232063699e+00
6.90000 -2.647695766697686e+00
6.91250 -2.628470470943766e+00
6.92500 -2.609188626565595e+00
6.93750 -2.590472202351876e+00
6.95000 -2.574741026947098e+00
6.96250 -2.562697284098763e+00
6.97500 -2.547029790090973e+00
6.98750 -2.528510222365586e+00
7.00000 -2.509596641898953e+00
7.01250 -2.490848878597268e+00
7.02500 -2.472317896938805e+00
7.03750 -2.453971735201199e+00
7.05000 -2.435774768432559e+00
7.06250 -2.417698198373748e+00
7.07500 -2.399718051079802e+00
7.08750 -2.381810667021357e+00
7.10000 -2.363946167374905e+00
7.11250 -2.346076702034754e+00
7.12500 -2.328109982450611e+00
7.13750 -2.309844512747211e+00
7.15000 -2.291062231603138e+00
7.16250 -2.277697061362475e+00
7.17500 -2.263163385178912e+00
7.18750 -2.244406451039064e+00
7.20000 -2.235088700717762e+00
7.21250 -2.219635508986370e+00
7.22500 -2.202100476278954e+00
7.23750 -2.185158603679673e+00
7.25000 -2.168524909631324e+00
7.26250 -2.152200638641917e+00
7.27500 -2.136145018133993e+00
7.28750 -2.120319683718095e+00
7.30000 -2.104698203536842e+00
7.31250 -2.089262983985862e+00
7.32500 -2.074001904973901e+00
7.33750 -2.058906117769907e+00
7.35000 -2.043968709905917e+00
7.36250 -2.029183893450530e+00
7.37500 -2.014546498537825e+00
7.38750 -2.000051646870046e+00
7.40000 -1.985694534390985e+00
7.41250 -1.971470282938576e+00
7.42500 -1.957373837938675e+00
7.43750 -1.943399899088467e+00
7.45000 -1.929542876735997e+00
7.46250 -1.915796870027060e+00
7.47500 -1.902155664786020e+00
7.48750 -1.888612750010147e+00
7.50000 -1.875161352042920e+00
7.51250 -1.861794485108010e+00
7.52500 -1.848505016080192e+00
7.53750 -1.835285740339215e+00
7.55000 -1.822129464555720e+00
7.56250 -1.809029091578790e+00
7.57500 -1.795977702467975e+00
7.58750 -1.782968631244116e+00
7.60000 -1.769995529053531e+00
7.61250 -1.757052415923545e+00
7.62500 -1.744133719826484e+00
7.63750 -1.731234304075929e+00
7.65000 -1.718349484961410e+00
7.66250 -1.705475041923822e+00
7.67500 -1.692607222536322e+00
7.68750 -1.679742744205208e+00
7.70000 -1.666878793985644e+00
7.71250 -1.654013027343547e+00
7.72500 -1.641143566179684e+00
7.73750 -1.628268996019489e+00
7.75000 -1.615388361986896e+00
7.76250 -1.602501163027704e+00
7.77500 -1.589607343821887e+00
7.78750 -1.576707283914973e+00
7.80000 -1.563801783793269e+00
7.81250 -1.550892047909866e+00
7.82500 -1.537979665013023e+00
7.83750 -1.525066586498767e+00
7.85000 -1.512155103852439e+00
7.86250 -1.499247826493654e+00
7.87500 -1.486347661424346e+00
7.88750 -1.473457795939960e+00
7.90000 -1.460581684269302e+00
7.91250 -1.447723038375251e+00
7.92500 -1.434885822343485e+00
7.93750 -1.422074248909409e+00
7.95000 -1.409292775819541e+00
7.96250 -1.396546098932830e+00
7.97500 -1.383839138184064e+00
7.98750 -1.371177011607839e+00
8.00000 -1.358564991404346e+00
8.01250 -1.346008434586331e+00
8.02500 -1.333512679768841e+00
8.03750 -1.321082902936713e+00
8.05000 -1.308723931547797e+00
8.06250 -1.296440031067259e+00
8.07500 -1.284234700311442e+00
8.08750 -1.272110532660194e+00
8.10000 -1.260069201337706e+00
8.11250 -1.248111593498573e+00
8.12500 -1.236238057426857e+00
8.13750 -1.224448675332233e+00
8.15000 -1.212743466866514e+00
8.16250 -1.201122461112179e+00
8.17500 -1.189585588455327e+00
8.18750 -1.178134471501188e+00
8.20000 -1.166771298249142e+00
8.21250 -1.155488610440286e+00
8.22500 -1.144291287449916e+00
8.23750 -1.133178983175262e+00
8.25000 -1.122151605917845e+00
8.26250 -1.111209264868894e+00
8.27500 -1.100352282617154e+00
8.28750 -1.089581196050579e+00
8.30000 -1.078896709118550e+00
8.31250 -1.068299594219949e+00
8.32500 -1.057790554634560e+00
8.33750 -1.047370067631661e+00
8.35000 -1.037038246609154e+00
8.36250 -1.026794939604774e+00
8.37500 -1.016640491264254e+00
8.38750 -1.006571462612914e+00
8.40000 -9.965838036312267e-01
8.41250 -9.866756174170488e-01
8.42500 -9.768433569818400e-01
8.43750 -9.670830993324657e-01
8.45000 -9.573918029929509e-01
8.46250 -9.477696746856961e-01
8.47500 -9.382256482918083e-01
8.48750 -9.287772352960033e-01
8.50000 -9.194710282332739e-01
8.51250 -9.103708566442728e-01
8.52500 -9.014921997264622e-01
8.53750 -8.927112807777742e-01
8.55000 -8.838551123144067e-01
8.56250 -8.748820771847821e-01
8.57500 -8.658592515393504e-01
8.58750 -8.568423194270747e-01
8.60000 -8.478144974171886e-01
8.61250 -8.387304473644424e-01
8.62500 -8.295829193828534e-01
8.63750 -8.204015843285082e-01
8.65000 -8.112792105492499e-01
8.66250 -8.025406836540547e-01
8.67500 -7.949913771005594e-01
8.68750 -7.887348748625711e-01
8.70000 -7.816654654792021e-01
8.71250 -7.732347586099151e-01
8.72500 -7.642872397920071e-01
8.73750 -7.552264742577772e-01
8.75000 -7.461767401620620e-01
8.76250 -7.371611220392433e-01
8.77500 -7.281712817194235e-01
8.78750 -7.191949360090075e-01
8.80000 -7.102214415351835e-01
8.81250 -7.012425940915161e-01
8.82500 -6.922523596499774e-01
8.83750 -6.832464305134343e-01
8.85000 -6.742218277957552e-01
8.86250 -6.651765932160654e-01
8.87500 -6.561095653138889e-01
8.88750 -6.470202236272515e-01
8.90000 -6.379085832049112e-01
8.91250 -6.287751237518493e-01
8.92500 -6.196207406178311e-01
8.93750 -6.104467079969866e-01
8.95000 -6.012546477254685e-01
8.96250 -5.920464996821324e-01
8.97500 -5.828244918585479e-01
8.98750 -5.735911096303816e-01
9.00000 -5.643490646888307e-01
9.01250 -5.551012645911648e-01
9.02500 -5.458507840851641e-01
9.03750 -5.366008393504482e-01
9.05000 -5.273547661390863e-01
9.06250 -5.181160025123766e-01
9.07500 -5.088880764686738e-01
9.08750 -4.996745982520374e-01
9.10000 -4.904792565594094e-01
9.11250 -4.813058172914779e-01
9.12500 -4.721581230090954e-01
9.13750 -4.630400909607366e-01
9.15000 -4.539557075192380e-01
9.16250 -4.449090171522221e-01
9.17500 -4.359041046442000e-01
9.18750 -4.269450701270268e-01
9.20000 -4.180359974514212e-01
9.21250 -4.091809174073353e-01
9.22500 -4.003837681278195e-01
9.23750 -3.916483555556436e-01
9.25000 -3.829783170107031e-01
9.26250 -3.743770906110457e-01
9.27500 -3.658478925611484e-01
9.28750 -3.573937031565098e-01
9.30000 -3.490172608062991e-01
9.31250 -3.407210614697174e-01
9.32500 -3.325073586335525e-01
9.33750 -3.243781563641872e-01
9.35000 -3.163351853420484e-01
9.36250 -3.083798501024198e-01
9.37500 -3.005131370997214e-01
9.38750 -2.927354809882465e-01
9.40000 -2.850466035583212e-01
9.41250 -2.774453644611576e-01
9.42500 -2.699296841455430e-01
9.43750 -2.624965976286924e-01
9.45000 -2.551424582274884e-01
9.46250 -2.478632444147093e-01
9.47500 -2.406548707868963e-01
9.48750 -2.335134045028882e-01
9.50000 -2.264351411214904e-01
9.51250 -2.194165592380568e-01
9.52500 -2.124542114854380e-01
9.53750 -2.055446097889870e-01
9.55000 -1.986841406498137e-01
9.56250 -1.918690216646215e-01
9.57500 -1.850952942993671e-01
9.58750 -1.783588413246775e-01
9.60000 -1.716554170719591e-01
9.61250 -1.649806812819872e-01
9.62500 -1.583302305602476e-01
9.63750 -1.516996243160251e-01
9.65000 -1.450844042594652e-01
9.66250 -1.384801080837748e-01
9.67500 -1.318822789752101e-01
9.68750 -1.252864731986203e-01
9.70000 -1.186882683799209e-01
9.71250 -1.120832755825527e-01
9.72500 -1.054671595378069e-01
9.73750 -9.883567486085965e-02
9.75000 -9.218473474483102e-02
9.76250 -8.551054882417675e-02
9.77500 -7.880991229491596e-02
9.78750 -7.208082775964164e-02
9.80000 -6.532384960119808e-02
9.81250 -5.854492842248571e-02
9.82500 -5.176099254802513e-02
9.83750 -4.500868881331521e-02
9.85000 -3.834885399068599e-02
9.86250 -3.183645680328739e-02
9.87500 -2.543008334972274e-02
9.88750 -1.895740834841075e-02
9.90000 -1.227195479371934e-02
9.91250 -5.367329489497141e-03
9.92500 1.693558244565407e-03
9.93750 8.856586623598561e-03
9.95000 1.609340887119903e-02
9.96250 2.339484947187043e-02
9.97500 3.076395397342169e-02
9.98750 3.820940797645600e-02
10.00000 4.570465961496906e-02
