0.00001 1.210191641822457e+05
0.01250 7.857629380354827e+04
0.02500 4.538011954386933e+04
0.03750 2.932523882496839e+04
0.05000 2.052093142241085e+04
0.06250 1.517946943615084e+04
0.07500 1.169422774071526e+04
0.08750 9.293037040804627e+03
0.10000 7.567614494007590e+03
0.11250 6.285540255049344e+03
0.12500 5.306530173693565e+03
0.13750 4.541795180232167e+03
0.15000 3.932889546958537e+03
0.16250 3.440051316283158e+03
0.17500 3.035458522604294e+03
0.18750 2.699166133242985e+03
0.20000 2.416570683714161e+03
0.21250 2.176779236176456e+03
0.22500 1.971531679752324e+03
0.23750 1.794471618300629e+03
0.25000 1.640642599844569e+03
0.26250 1.506133412182441e+03
0.27500 1.387824049971982e+03
0.28750 1.283200953241850e+03
0.30000 1.190220727201486e+03
0.31250 1.107208322292079e+03
0.32500 1.032780058178175e+03
0.33750 9.657847938664004e+02
0.35000 9.052585121886103e+02
0.36250 8.503889317173753e+02
0.37500 8.004876921684275e+02
0.38750 7.549683151470225e+02
0.40000 7.133286087132350e+02
0.41250 6.751365200436230e+02
0.42500 6.400186847070422e+02
0.43750 6.076511004924143e+02
0.45000 5.777514867654907e+02
0.46250 5.500729898500414e+02
0.47500 5.243989699911272e+02
0.48750 5.005386625183123e+02
0.50000 4.783235495238872e+02
0.51250 4.576043120698420e+02
0.52500 4.382482590983240e+02
0.53750 4.201371496580063e+02
0.55000 4.031653411213217e+02
0.56250 3.872382087636755e+02
0.57500 3.722707921658477e+02
0.58750 3.581866319614895e+02
0.60000 3.449167669231008e+02
0.61250 3.323988666001902e+02
0.62500 3.205764789535225e+02
0.63750 3.093983758722056e+02
0.65000 2.988179822741283e+02
0.66250 2.887928767991104e+02
0.67500 2.792843540060064e+02
0.68750 2.702570395574235e+02
0.70000 2.616785511804322e+02
0.71250 2.535191992779207e+02
0.72500 2.457517219726806e+02
0.73750 2.383510501267495e+02
0.75000 2.312940985177669e+02
0.76250 2.245595798930477e+02
0.77500 2.181278390777696e+02
0.78750 2.119807047000532e+02
0.80000 2.061013564242070e+02
0.81250 2.004742058634094e+02
0.82500 1.950847895823776e+02
0.83750 1.899196728055424e+02
0.85000 1.849663626222511e+02
0.86250 1.802132296319954e+02
0.87500 1.756494371033165e+02
0.88750 1.712648768329855e+02
0.90000 1.670501109898950e+02
0.91250 1.629963193130245e+02
0.92500 1.590952511067069e+02
0.93750 1.553391815407932e+02
0.95000 1.517208718195126e+02
0.96250 1.482335328319785e+02
0.97500 1.448707919403667e+02
0.98750 1.416266625995977e+02
1.00000 1.384955165355973e+02
1.01250 1.354720582384866e+02
1.02500 1.325513015528756e+02
1.03750 1.297285481702541e+02
1.05000 1.269993678486582e+02
1.06250 1.243595802026850e+02
1.07500 1.218052379228051e+02
1.08750 1.193326112970308e+02
1.10000 1.169381739205585e+02
1.11250 1.146185894901938e+02
1.12500 1.123706995903554e+02
1.13750 1.101915123863742e+02
1.15000 1.080781921487916e+02
1.16250 1.060280495395070e+02
1.17500 1.040385325970395e+02
1.18750 1.021072183639300e+02
1.20000 1.002318051044791e+02
1.21250 9.841010506568301e+01
1.22500 9.664003773842046e+01
1.23750 9.491962357973296e+01
1.25000 9.324697816045730e+01
1.26250 9.162030670555883e+01
1.27500 9.003789899731005e+01
1.28750 8.849812461398939e+01
1.30000 8.699942847907177e+01
1.31250 8.554032669796378e+01
1.32500 8.411940266122932e+01
1.33750 8.273530339497047e+01
1.35000 8.138673614059381e+01
1.36250 8.007246514761832e+01
1.37500 7.879130866447960e+01
1.38750 7.754213611347095e+01
1.40000 7.632386543704516e+01
1.41250 7.513546060368861e+01
1.42500 7.397592926248633e+01
1.43750 7.284432053632278e+01
1.45000 7.173972294442376e+01
1.46250 7.066126244563924e+01
1.47500 6.960810059450576e+01
1.48750 6.857943280271310e+01
1.50000 6.757448669913819e+01
1.51250 6.659252058210431e+01
1.52500 6.563282195797936e+01
1.53750 6.469470616064649e+01
1.55000 6.377751504676644e+01
1.56250 6.288061576210816e+01
1.57500 6.200339957455230e+01
1.58750 6.114528076967596e+01
1.60000 6.030569560510758e+01
1.61250 5.948410132010042e+01
1.62500 5.867997519701177e+01
1.63750 5.789281367159867e+01
1.65000 5.712213148924445e+01
1.66250 5.636746090442261e+01
1.67500 5.562835092088005e+01
1.68750 5.490436657018567e+01
1.70000 5.419508822644297e+01
1.71250 5.350011095510549e+01
1.72500 5.281904389396602e+01
1.73750 5.215150966451219e+01
1.75000 5.149714381195437e+01
1.76250 5.085559427233766e+01
1.77500 5.022652086524814e+01
1.78750 4.960959481071482e+01
1.80000 4.900449826899455e+01
1.81250 4.841092390200686e+01
1.82500 4.782857445525919e+01
1.83750 4.725716235917378e+01
1.85000 4.669640934879062e+01
1.86250 4.614604610088305e+01
1.87500 4.560581188757767e+01
1.88750 4.507545424562436e+01
1.90000 4.455472866051112e+01
1.91250 4.404339826466457e+01
1.92500 4.354123354902111e+01
1.93750 4.304801208729381e+01
1.95000 4.256351827229821e+01
1.96250 4.208754306373638e+01
1.97500 4.161988374687161e+01
1.98750 4.116034370155788e+01
2.00000 4.070873218111769e+01
2.01250 4.026486410058943e+01
2.02500 3.982855983389195e+01
2.03750 3.939964501947762e+01
2.05000 3.897795037406951e+01
2.06250 3.856331151409844e+01
2.07500 3.815556878447741e+01
2.08750 3.775456709436903e+01
2.10000 3.736015575962049e+01
2.11250 3.697218835155687e+01
2.12500 3.659052255184032e+01
2.13750 3.621502001311697e+01
2.15000 3.584554622518865e+01
2.16250 3.548197038645891e+01
2.17500 3.512416528041638e+01
2.18750 3.477200715692982e+01
2.20000 3.442537561814103e+01
2.21250 3.408415350875224e+01
2.22500 3.374822681051432e+01
2.23750 3.341748454073273e+01
2.25000 3.309181865461573e+01
2.26250 3.277112395129924e+01
2.27500 3.245529798338987e+01
2.28750 3.214424096987557e+01
2.30000 3.183785571226098e+01
2.31250 3.153604751379053e+01
2.32500 3.123872410162970e+01
2.33750 3.094579555188040e+01
2.35000 3.065717421731268e+01
2.36250 3.037277465769995e+01
2.37500 3.009251357265067e+01
2.38750 2.981630973683430e+01
2.40000 2.954408393750358e+01
2.41250 2.927575891422037e+01
2.42500 2.901125930069583e+01
2.43750 2.875051156866044e+01
2.45000 2.849344397368249e+01
2.46250 2.823998650285786e+01
2.47500 2.799007082429702e+01
2.48750 2.774363023833869e+01
2.50000 2.750059963042247e+01
2.51250 2.726091542555611e+01
2.52500 2.702451554431542e+01
2.53750 2.679133936031779e+01
2.55000 2.656132765911311e+01
2.56250 2.633442259843760e+01
2.57500 2.611056766977909e+01
2.58750 2.588970766120412e+01
2.60000 2.567178862139945e+01
2.61250 2.545675782488245e+01
2.62500 2.524456373833701e+01
2.63750 2.503515598803314e+01
2.65000 2.482848532829043e+01
2.66250 2.462450361094689e+01
2.67500 2.442316375579655e+01
2.68750 2.422441972196076e+01
2.70000 2.402822648015906e+01
2.71250 2.383453998584752e+01
2.72500 2.364331715319343e+01
2.73750 2.345451582985628e+01
2.75000 2.326809477254677e+01
2.76250 2.308401362333592e+01
2.77500 2.290223288668839e+01
2.78750 2.272271390719407e+01
2.80000 2.254541884797416e+01
2.81250 2.237031066973799e+01
2.82500 2.219735311046812e+01
2.83750 2.202651066571232e+01
2.85000 2.185774856946141e+01
2.86250 2.169103277559313e+01
2.87500 2.152632993986289e+01
2.88750 2.136360740242267e+01
2.90000 2.120283317085062e+01
2.91250 2.104397590367416e+01
2.92500 2.088700489436985e+01
2.93750 2.073189005582472e+01
2.95000 2.057860190524338e+01
2.96250 2.042711154948638e+01
2.97500 2.027739067082585e+01
2.98750 2.012941151310444e+01
3.00000 1.998314686828489e+01
3.01250 1.983857006337728e+01
3.02500 1.969565494773188e+01
3.03750 1.955437588068601e+01
3.05000 1.941470771955332e+01
3.06250 1.927662580794494e+01
3.07500 1.914010596441168e+01
3.08750 1.900512447139742e+01
3.10000 1.887165806449362e+01
3.11250 1.873968392198586e+01
3.12500 1.860917965468309e+01
3.13750 1.848012329602079e+01
3.15000 1.835249329242984e+01
3.16250 1.822626849396262e+01
3.17500 1.810142814516856e+01
3.18750 1.797795187621170e+01
3.20000 1.785581969422260e+01
3.21250 1.773501197487770e+01
3.22500 1.761550945419930e+01
3.23750 1.749729322056931e+01
3.25000 1.738034470695071e+01
3.26250 1.726464568331007e+01
3.27500 1.715017824923579e+01
3.28750 1.703692482674552e+01
3.30000 1.692486815327790e+01
3.31250 1.681399127486269e+01
3.32500 1.670427753946439e+01
3.33750 1.659571059049404e+01
3.35000 1.648827436048472e+01
3.36250 1.638195306492540e+01
3.37500 1.627673119624934e+01
3.38750 1.617259351797186e+01
3.40000 1.606952505897384e+01
3.41250 1.596751110792635e+01
3.42500 1.586653720785264e+01
3.43750 1.576658915082363e+01
3.45000 1.566765297278290e+01
3.46250 1.556971494849790e+01
3.47500 1.547276158663355e+01
3.48750 1.537677962494499e+01
3.50000 1.528175602558607e+01
3.51250 1.518767797053057e+01
3.52500 1.509453285710276e+01
3.53750 1.500230829361459e+01
3.55000 1.491099209510634e+01
3.56250 1.482057227918817e+01
3.57500 1.473103706197957e+01
3.58750 1.464237485414426e+01
3.60000 1.455457425701792e+01
3.61250 1.446762405882616e+01
3.62500 1.438151323099044e+01
3.63750 1.429623092451953e+01
3.65000 1.421176646648430e+01
3.66250 1.412810935657352e+01
3.67500 1.404524926372862e+01
3.68750 1.396317602285535e+01
3.70000 1.388187963161026e+01
3.71250 1.380135024726010e+01
3.72500 1.372157818361215e+01
3.73750 1.364255390801384e+01
3.75000 1.356426803841963e+01
3.76250 1.348671134052352e+01
3.77500 1.340987472495564e+01
3.78750 1.333374924454100e+01
3.80000 1.325832609161910e+01
3.81250 1.318359659542259e+01
3.82500 1.310955221951378e+01
3.83750 1.303618455927720e+01
3.85000 1.296348533946714e+01
3.86250 1.289144641180851e+01
3.87500 1.282005975264989e+01
3.88750 1.274931746066730e+01
3.90000 1.267921175461763e+01
3.91250 1.260973497114028e+01
3.92500 1.254087956260601e+01
3.93750 1.247263809501169e+01
3.95000 1.240500324591998e+01
3.96250 1.233796780244267e+01
3.97500 1.227152465926674e+01
3.98750 1.220566681672212e+01
4.00000 1.214038737888997e+01
4.01250 1.207567955175074e+01
4.02500 1.201153664137087e+01
4.03750 1.194795205212726e+01
4.05000 1.188491928496869e+01
4.06250 1.182243193571312e+01
4.07500 1.176048369338026e+01
4.08750 1.169906833855838e+01
4.10000 1.163817974180460e+01
4.11250 1.157781186207797e+01
4.12500 1.151795874520441e+01
4.13750 1.145861452237296e+01
4.15000 1.139977340866239e+01
4.16250 1.134142970159764e+01
4.17500 1.128357777973532e+01
4.18750 1.122621210127761e+01
4.20000 1.116932720271395e+01
4.21250 1.111291769748975e+01
4.22500 1.105697827470173e+01
4.23750 1.100150369781900e+01
4.25000 1.094648880342955e+01
4.26250 1.089192850001145e+01
4.27500 1.083781776672816e+01
4.28750 1.078415165224751e+01
4.30000 1.073092527358378e+01
4.31250 1.067813381496231e+01
4.32500 1.062577252670622e+01
4.33750 1.057383672414469e+01
4.35000 1.052232178654237e+01
4.36250 1.047122315604932e+01
4.37500 1.042053633667128e+01
4.38750 1.037025689325956e+01
4.40000 1.032038045052023e+01
4.41250 1.027090269204226e+01
4.42500 1.022181935934405e+01
4.43750 1.017312625093806e+01
4.45000 1.012481922141308e+01
4.46250 1.007689418053383e+01
4.47500 1.002934709235745e+01
4.48750 9.982173974366495e+00
4.50000 9.935370896618219e+00
4.51250 9.888933980909631e+00
4.52500 9.842859399958085e+00
4.53750 9.797143376597059e+00
4.55000 9.751782182986769e+00
4.56250 9.706772139839339e+00
4.57500 9.662109615658222e+00
4.58750 9.617791025991520e+00
4.60000 9.573812832698982e+00
4.61250 9.530171543232338e+00
4.62500 9.486863709928720e+00
4.63750 9.443885929316890e+00
4.65000 9.401234841436022e+00
4.66250 9.358907129166719e+00
4.67500 9.316899517574130e+00
4.68750 9.275208773262770e+00
4.70000 9.233831703742926e+00
4.71250 9.192765156808367e+00
4.72500 9.152006019925077e+00
4.73750 9.111551219630908e+00
4.75000 9.071397720945756e+00
4.76250 9.031542526792267e+00
4.77500 8.991982677426627e+00
4.78750 8.952715249879432e+00
4.80000 8.913737357406287e+00
4.81250 8.875046148948055e+00
4.82500 8.836638808600451e+00
4.83750 8.798512555092909e+00
4.85000 8.760664641276438e+00
4.86250 8.723092353620370e+00
4.87500 8.685793011717738e+00
4.88750 8.648763967799201e+00
4.90000 8.612002606255302e+00
4.91250 8.575506343166875e+00
4.92500 8.539272625843502e+00
4.93750 8.503298932369795e+00
4.95000 8.467582771159410e+00
4.96250 8.432121680516605e+00
4.97500 8.396913228205207e+00
4.98750 8.361955011024840e+00
5.00000 8.327244654394281e+00
5.01250 8.292779811941807e+00
5.02500 8.258558165102411e+00
5.03750 8.224577422721680e+00
5.05000 8.190835320666357e+00
5.06250 8.157329621441303e+00
5.07500 8.124058113812813e+00
5.08750 8.091018612438193e+00
5.10000 8.058208957501400e+00
5.11250 8.025627014354711e+00
5.12500 7.993270673166239e+00
5.13750 7.961137848573236e+00
5.15000 7.929226479341057e+00
5.16250 7.897534528027671e+00
5.17500 7.866059980653626e+00
5.18750 7.834800846377362e+00
5.20000 7.803755157175774e+00
5.21250 7.772920967529946e+00
5.22500 7.742296354115899e+00
5.23750 7.711879415500358e+00
5.25000 7.681668271841357e+00
5.26250 7.651661064593624e+00
5.27500 7.621855956218702e+00
5.28750 7.592251129899632e+00
5.30000 7.562844789260203e+00
5.31250 7.533635158088621e+00
5.32500 7.504620480065544e+00
5.33750 7.475799018496430e+00
5.35000 7.447169056048049e+00
5.36250 7.418728894489170e+00
5.37500 7.390476854435275e+00
5.38750 7.362411275097270e+00
5.40000 7.334530514034117e+00
5.41250 7.306832946909302e+00
5.42500 7.279316967251075e+00
5.43750 7.251980986216414e+00
5.45000 7.224823432358608e+00
5.46250 7.197842751398454e+00
5.47500 7.171037405998934e+00
5.48750 7.144405875543371e+00
5.50000 7.117946655916967e+00
5.51250 7.091658259291671e+00
5.52500 7.065539213914342e+00
5.53750 7.039588063898107e+00
5.55000 7.013803369016899e+00
5.56250 6.988183704503100e+00
5.57500 6.962727660848216e+00
5.58750 6.937433843606603e+00
5.60000 6.912300873202082e+00
5.61250 6.887327384737505e+00
5.62500 6.862512027807137e+00
5.63750 6.837853466311843e+00
5.65000 6.813350378277058e+00
5.66250 6.789001455673408e+00
5.67500 6.764805404240049e+00
5.68750 6.740760943310569e+00
5.70000 6.716866805641502e+00
5.71250 6.693121737243342e+00
5.72500 6.669524497214052e+00
5.73750 6.646073857575019e+00
5.75000 6.622768603109393e+00
5.76250 6.599607531202809e+00
5.77500 6.576589451686416e+00
5.78750 6.553713186682200e+00
5.80000 6.530977570450538e+00
5.81250 6.508381449239976e+00
5.82500 6.485923681139165e+00
5.83750 6.463603135930933e+00
5.85000 6.441418694948476e+00
5.86250 6.419369250933579e+00
5.87500 6.397453707896916e+00
5.88750 6.375670980980290e+00
5.90000 6.354019996320901e+00
5.91250 6.332499690917488e+00
5.92500 6.311109012498427e+00
5.93750 6.289846919391665e+00
5.95000 6.268712380396488e+00
5.96250 6.247704374657143e+00
5.97500 6.226821891538201e+00
5.98750 6.206063930501683e+00
6.00000 6.185429500985925e+00
6.01250 6.164917622286115e+00
6.02500 6.144527323436533e+00
6.03750 6.124257643094397e+00
6.05000 6.104107629425354e+00
6.06250 6.084076339990554e+00
6.07500 6.064162841635275e+00
6.08750 6.044366210379116e+00
6.10000 6.024685531307691e+00
6.11250 6.005119898465808e+00
6.12500 5.985668414752137e+00
6.13750 5.966330191815302e+00
6.15000 5.947104349951420e+00
6.16250 5.927990018003023e+00
6.17500 5.908986333259361e+00
6.18750 5.890092441358078e+00
6.20000 5.871307496188194e+00
6.21250 5.852630659794443e+00
6.22500 5.834061102282870e+00
6.23750 5.815598001727722e+00
6.25000 5.797240544079596e+00
6.26250 5.778987923074805e+00
6.27500 5.760839340145987e+00
6.28750 5.742794004333890e+00
6.30000 5.724851132200354e+00
6.31250 5.707009947742440e+00
6.32500 5.689269682307711e+00
6.33750 5.671629574510647e+00
6.35000 5.654088870150151e+00
6.36250 5.636646822128167e+00
6.37500 5.619302690369363e+00
6.38750 5.602055741741874e+00
6.40000 5.584905249979098e+00
6.41250 5.567850495602511e+00
6.42500 5.550890765845495e+00
6.43750 5.534025354578175e+00
6.45000 5.517253562233218e+00
6.46250 5.500574695732621e+00
6.47500 5.483988068415450e+00
6.48750 5.467492999966492e+00
6.50000 5.451088816345874e+00
6.51250 5.434774849719554e+00
6.52500 5.418550438390747e+00
6.53750 5.402414926732198e+00
6.55000 5.386367665119359e+00
6.56250 5.370408009864412e+00
6.57500 5.354535323151124e+00
6.58750 5.338748972970570e+00
6.60000 5.323048333057644e+00
6.61250 5.307432782828398e+00
6.62500 5.291901707318178e+00
6.63750 5.276454497120537e+00
6.65000 5.261090548326931e+00
6.66250 5.245809262467179e+00
6.67500 5.230610046450670e+00
6.68750 5.215492312508316e+00
6.70000 5.200455478135235e+00
6.71250 5.185498966034150e+00
6.72500 5.170622204059512e+00
6.73750 5.155824625162304e+00
6.75000 5.141105667335546e+00
6.76250 5.126464773560482e+00
6.77500 5.111901391753428e+00
6.78750 5.097414974713294e+00
6.80000 5.083004980069741e+00
6.81250 5.068670870231998e+00
6.82500 5.054412112338295e+00
6.83750 5.040228178205933e+00
6.85000 5.026118544281959e+00
6.86250 5.012082691594465e+00
6.87500 4.998120105704458e+00
6.88750 4.984230276658346e+00
6.90000 4.970412698940990e+00
6.91250 4.956666871429334e+00
6.92500 4.942992297346603e+00
6.93750 4.929388484217048e+00
6.95000 4.915854943821257e+00
6.96250 4.902391192151995e+00
6.97500 4.888996749370584e+00
6.98750 4.875671139763803e+00
7.00000 4.862413891701328e+00
7.01250 4.849224537593651e+00
7.02500 4.836102613850542e+00
7.03750 4.823047660839981e+00
7.05000 4.810059222847595e+00
7.06250 4.797136848036584e+00
7.07500 4.784280088408105e+00
7.08750 4.771488499762155e+00
7.10000 4.758761641658903e+00
7.11250 4.746099077380485e+00
7.12500 4.733500373893250e+00
7.13750 4.720965101810454e+00
7.15000 4.708492835355398e+00
7.16250 4.696083152324997e+00
7.17500 4.683735634053779e+00
7.18750 4.671449865378310e+00
7.20000 4.659225434602028e+00
7.21250 4.647061933460499e+00
7.22500 4.634958957087076e+00
7.23750 4.622916103978952e+00
7.25000 4.610932975963622e+00
7.26250 4.599009178165724e+00
7.27500 4.587144318974270e+00
7.28750 4.575338010010253e+00
7.30000 4.563589866094639e+00
7.31250 4.551899505216715e+00
7.32500 4.540266548502814e+00
7.33750 4.528690620185392e+00
7.35000 4.517171347572467e+00
7.36250 4.505708361017404e+00
7.37500 4.494301293889048e+00
7.38750 4.482949782542205e+00
7.40000 4.471653466288442e+00
7.41250 4.460411987367244e+00
7.42500 4.449224990917486e+00
7.43750 4.438092124949225e+00
7.45000 4.427013040315822e+00
7.46250 4.415987390686377e+00
7.47500 4.405014832518469e+00
7.48750 4.394095025031222e+00
7.50000 4.383227630178649e+00
7.51250 4.372412312623315e+00
7.52500 4.361648739710293e+00
7.53750 4.350936581441402e+00
7.55000 4.340275510449751e+00
7.56250 4.329665201974553e+00
7.57500 4.319105333836216e+00
7.58750 4.308595586411740e+00
7.60000 4.298135642610351e+00
7.61250 4.287725187849434e+00
7.62500 4.277363910030717e+00
7.63750 4.267051499516723e+00
7.65000 4.256787649107490e+00
7.66250 4.246572054017534e+00
7.67500 4.236404411853076e+00
7.68750 4.226284422589524e+00
7.70000 4.216211788549178e+00
7.71250 4.206186214379217e+00
7.72500 4.196207407029894e+00
7.73750 4.186275075732986e+00
7.75000 4.176388931980479e+00
7.76250 4.166548689503479e+00
7.77500 4.156754064251352e+00
7.78750 4.147004774371104e+00
7.80000 4.137300540186969e+00
7.81250 4.127641084180222e+00
7.82500 4.118026130969218e+00
7.83750 4.108455407289638e+00
7.85000 4.098928641974952e+00
7.86250 4.089445565937093e+00
7.87500 4.080005912147332e+00
7.88750 4.070609415617369e+00
7.90000 4.061255813380620e+00
7.91250 4.051944844473702e+00
7.92500 4.042676249918124e+00
7.93750 4.033449772702164e+00
7.95000 4.024265157762946e+00
7.96250 4.015122151968701e+00
7.97500 4.006020504101225e+00
7.98750 3.996959964838520e+00
8.00000 3.987940286737607e+00
8.01250 3.978961224217540e+00
8.02500 3.970022533542586e+00
8.03750 3.961123972805586e+00
8.05000 3.952265301911492e+00
8.06250 3.943446282561076e+00
8.07500 3.934666678234806e+00
8.08750 3.925926254176905e+00
8.10000 3.917224777379553e+00
8.11250 3.908562016567273e+00
8.12500 3.899937742181480e+00
8.13750 3.891351726365174e+00
8.15000 3.882803742947816e+00
8.16250 3.874293567430331e+00
8.17500 3.865820976970299e+00
8.18750 3.857385750367276e+00
8.20000 3.848987668048275e+00
8.21250 3.840626512053398e+00
8.22500 3.832302066021612e+00
8.23750 3.824014115176671e+00
8.25000 3.815762446313194e+00
8.26250 3.807546847782865e+00
8.27500 3.799367109480796e+00
8.28750 3.791223022832010e+00
8.30000 3.783114380778078e+00
8.31250 3.775040977763886e+00
8.32500 3.767002609724535e+00
8.33750 3.758999074072370e+00
8.35000 3.751030169684156e+00
8.36250 3.743095696888364e+00
8.37500 3.735195457452606e+00
8.38750 3.727329254571178e+00
8.40000 3.719496892852742e+00
8.41250 3.711698178308130e+00
8.42500 3.703932918338258e+00
8.43750 3.696200921722188e+00
8.45000 3.688501998605274e+00
8.46250 3.680835960487465e+00
8.47500 3.673202620211692e+00
8.48750 3.665601791952392e+00
8.50000 3.658033291204144e+00
8.51250 3.650496934770399e+00
8.52500 3.642992540752354e+00
8.53750 3.635519928537912e+00
8.55000 3.628078918790752e+00
8.56250 3.620669333439529e+00
8.57500 3.613290995667152e+00
8.58750 3.605943729900194e+00
8.60000 3.598627361798383e+00
8.61250 3.591341718244215e+00
8.62500 3.584086627332663e+00
8.63750 3.576861918360978e+00
8.65000 3.569667421818608e+00
8.66250 3.562502969377196e+00
8.67500 3.555368393880694e+00
8.68750 3.548263529335561e+00
8.70000 3.541188210901057e+00
8.71250 3.534142274879645e+00
8.72500 3.527125558707465e+00
8.73750 3.520137900944919e+00
8.75000 3.513179141267341e+00
8.76250 3.506249120455748e+00
8.77500 3.499347680387701e+00
8.78750 3.492474664028232e+00
8.80000 3.485629915420874e+00
8.81250 3.478813279678772e+00
8.82500 3.472024602975874e+00
8.83750 3.465263732538221e+00
8.85000 3.458530516635303e+00
8.86250 3.451824804571510e+00
8.87500 3.445146446677665e+00
8.88750 3.438495294302626e+00
8.90000 3.431871199804981e+00
8.91250 3.425274016544817e+00
8.92500 3.418703598875565e+00
8.93750 3.412159802135929e+00
8.95000 3.405642482641880e+00
8.96250 3.399151497678742e+00
8.97500 3.392686705493337e+00
8.98750 3.386247965286215e+00
9.00000 3.379835137203953e+00
9.01250 3.373448082331523e+00
9.02500 3.367086662684744e+00
9.03750 3.360750741202790e+00
9.05000 3.354440181740773e+00
9.06250 3.348154849062409e+00
9.07500 3.341894608832725e+00
9.08750 3.335659327610866e+00
9.10000 3.329448872842939e+00
9.11250 3.323263112854951e+00
9.12500 3.317101916845789e+00
9.13750 3.310965154880284e+00
9.15000 3.304852697882325e+00
9.16250 3.298764417628049e+00
9.17500 3.292700186739081e+00
9.18750 3.286659878675853e+00
9.20000 3.280643367730967e+00
9.21250 3.274650529022629e+00
9.22500 3.268681238488148e+00
9.23750 3.262735372877481e+00
9.25000 3.256812809746851e+00
9.26250 3.250913427452411e+00
9.27500 3.245037105143981e+00
9.28750 3.239183722758826e+00
9.30000 3.233353161015503e+00
9.31250 3.227545301407758e+00
9.32500 3.221760026198483e+00
9.33750 3.215997218413723e+00
9.35000 3.210256761836738e+00
9.36250 3.204538541002124e+00
9.37500 3.198842441189985e+00
9.38750 3.193168348420150e+00
9.40000 3.187516149446460e+00
9.41250 3.181885731751086e+00
9.42500 3.176276983538908e+00
9.43750 3.170689793731952e+00
9.45000 3.165124051963862e+00
9.46250 3.159579648574435e+00
9.47500 3.154056474604193e+00
9.48750 3.148554421789009e+00
9.50000 3.143073382554796e+00
9.51250 3.137613250012210e+00
9.52500 3.132173917951429e+00
9.53750 3.126755280836971e+00
9.55000 3.121357233802549e+00
9.56250 3.115979672645990e+00
9.57500 3.110622493824172e+00
9.58750 3.105285594448038e+00
9.60000 3.099968872277627e+00
9.61250 3.094672225717164e+00
9.62500 3.089395553810191e+00
9.63750 3.084138756234734e+00
9.65000 3.078901733298526e+00
9.66250 3.073684385934251e+00
9.67500 3.068486615694858e+00
9.68750 3.063308324748889e+00
9.70000 3.058149415875866e+00
9.71250 3.053009792461709e+00
9.72500 3.047889358494198e+00
9.73750 3.042788018558474e+00
9.75000 3.037705677832578e+00
9.76250 3.032642242083033e+00
9.77500 3.027597617660457e+00
9.78750 3.022571711495220e+00
9.80000 3.017564431093139e+00
9.81250 3.012575684531208e+00
9.82500 3.007605380453360e+00
9.83750 3.002653428066278e+00
9.85000 2.997719737135235e+00
9.86250 2.992804217979959e+00
9.87500 2.987906781470564e+00
9.88750 2.983027339023476e+00
9.90000 2.978165802597431e+00
9.91250 2.973322084689479e+00
9.92500 2.968496098331045e+00
9.93750 2.963687757084002e+00
9.95000 2.958896975036798e+00
9.96250 2.954123666800600e+00
9.97500 2.949367747505481e+00
9.98750 2.944629132796637e+00
10.00000 2.939907738830629e+00
