0.00001 1.208408631440181e+04
0.01250 2.930810282106776e+02
0.02500 1.700341021739516e+02
0.03750 1.117302199120233e+02
0.05000 7.788394038145111e+01
0.06250 5.667603947391576e+01
0.07500 4.272485214685422e+01
0.08750 3.317939554872628e+01
0.10000 2.642384590669310e+01
0.11250 2.150044858641862e+01
0.12500 1.781978878315343e+01
0.13750 1.500668840126800e+01
0.15000 1.281491097228355e+01
0.16250 1.107830808652635e+01
0.17500 9.681942668838500e+00
0.18750 8.544512391621890e+00
0.20000 7.607355702627600e+00
0.21250 6.827399267453901e+00
0.22500 6.172526671937582e+00
0.23750 5.618470640578048e+00
0.25000 5.146685917346447e+00
0.26250 4.742867436692309e+00
0.27500 4.395902577534683e+00
0.28750 4.097122274538609e+00
0.30000 3.839763377842814e+00
0.31250 3.618585482170203e+00
0.32500 3.429606659842196e+00
0.33750 3.269939198092645e+00
0.35000 3.137723253795092e+00
0.36250 3.032179287791006e+00
0.37500 2.953837712480336e+00
0.38750 2.905063168546900e+00
0.40000 2.891037409275523e+00
0.41250 2.921091037084269e+00
0.42500 3.007952504261754e+00
0.43750 3.152189447061675e+00
0.45000 3.290327796478614e+00
0.46250 3.306300425291916e+00
0.47500 3.227690779582327e+00
0.48750 3.148703103646420e+00
0.50000 3.070973950690872e+00
0.51250 2.963805341496076e+00
0.52500 2.817779127393435e+00
0.53750 2.648073623083325e+00
0.55000 2.476590491462526e+00
0.56250 2.318151058211557e+00
0.57500 2.178419658266472e+00
0.58750 2.057383220986926e+00
0.60000 1.952722926076286e+00
0.61250 1.861662746279183e+00
0.62500 1.781706315703157e+00
0.63750 1.710825903618952e+00
0.65000 1.647438417195385e+00
0.66250 1.590321349533091e+00
0.67500 1.538527049071183e+00
0.68750 1.491312625749883e+00
0.70000 1.448087295243608e+00
0.71250 1.408374207440727e+00
0.72500 1.371783096419455e+00
0.73750 1.337990650670022e+00
0.75000 1.306726292210830e+00
0.76250 1.277761738848585e+00
0.77500 1.250903238623101e+00
0.78750 1.225985729098606e+00
0.80000 1.202868425158010e+00
0.81250 1.181431513214108e+00
0.82500 1.161573756223679e+00
0.83750 1.143210916415369e+00
0.85000 1.126275004380534e+00
0.86250 1.110714494296572e+00
0.87500 1.096495858879244e+00
0.88750 1.083607193034462e+00
0.90000 1.072065633206496e+00
0.91250 1.061932831881793e+00
0.92500 1.053352133989546e+00
0.93750 1.046679539483772e+00
0.95000 1.043485384181362e+00
0.96250 1.041122312647024e+00
0.97500 1.044320919079851e+00
0.98750 1.061116382504491e+00
1.00000 1.122249286814702e+00
1.01250 1.478726259666953e+00
1.02500 1.619470404975245e+00
1.03750 1.095364204207552e+00
1.05000 1.028962924500231e+00
1.06250 1.014901735475966e+00
1.07500 1.013470494021000e+00
1.08750 1.017481140869055e+00
1.10000 1.025098393676497e+00
1.11250 1.035877240691018e+00
1.12500 1.049873805279042e+00
1.13750 1.067391928318947e+00
1.15000 1.088903342513821e+00
1.16250 1.115024920609819e+00
1.17500 1.146516807356025e+00
1.18750 1.184289068876115e+00
1.20000 1.229416964668547e+00
1.21250 1.283182558650193e+00
1.22500 1.347193147588116e+00
1.23750 1.423657284451390e+00
1.25000 1.515736800627911e+00
1.26250 1.626591657033898e+00
1.27500 1.750868516179030e+00
1.28750 1.852244542758882e+00
1.30000 1.879883273720909e+00
1.31250 1.861018714873349e+00
1.32500 1.864624906969691e+00
1.33750 1.923587580155220e+00
1.35000 2.055645582741326e+00
1.36250 2.292280166204035e+00
1.37500 2.694811913387698e+00
1.38750 3.351691438752590e+00
1.40000 4.282198013762145e+00
1.41250 5.228376270378595e+00
1.42500 5.959771073836005e+00
1.43750 7.536175442742544e+00
1.45000 8.372973654965861e+00
1.46250 1.106459487725811e+01
1.47500 9.471844493160766e+00
1.48750 6.948627747134707e+00
1.50000 4.785278810816706e+00
1.51250 2.590247394172237e+00
1.52500 1.716039095965217e+00
1.53750 1.425206211752426e+00
1.55000 1.308306243714907e+00
1.56250 1.259018817254097e+00
1.57500 1.242339179705179e+00
1.58750 1.243937995087314e+00
1.60000 1.257174179364396e+00
1.61250 1.278908598700270e+00
1.62500 1.307992011545231e+00
1.63750 1.344760748266385e+00
1.65000 1.390812250752250e+00
1.66250 1.447702463983370e+00
1.67500 1.510464091650048e+00
1.68750 1.555614357156054e+00
1.70000 1.560014839754710e+00
1.71250 1.543002549986214e+00
1.72500 1.530550758415393e+00
1.73750 1.526303304406118e+00
1.75000 1.525092185314023e+00
1.76250 1.522261603169964e+00
1.77500 1.515605894371731e+00
1.78750 1.505051370648816e+00
1.80000 1.491660145661857e+00
1.81250 1.476667413490804e+00
1.82500 1.460968323209737e+00
1.83750 1.445037192073758e+00
1.85000 1.429051946627714e+00
1.86250 1.413046373921363e+00
1.87500 1.397023248609072e+00
1.88750 1.381028545146949e+00
1.90000 1.365213997724594e+00
1.91250 1.349936981012218e+00
1.92500 1.336019428958025e+00
1.93750 1.325625474301660e+00
1.95000 1.326291087450047e+00
1.96250 1.381385929622022e+00
1.97500 1.653118110418001e+00
1.98750 1.289562474542701e+00
2.00000 1.218049724706449e+00
2.01250 1.190670496412518e+00
2.02500 1.170038158562547e+00
2.03750 1.151259528329340e+00
2.05000 1.133260801019726e+00
2.06250 1.115744184099923e+00
2.07500 1.098624869889779e+00
2.08750 1.081887697677027e+00
2.10000 1.065542442403907e+00
2.11250 1.049607749304864e+00
2.12500 1.034104694173199e+00
2.13750 1.019053931573121e+00
2.15000 1.004474288846944e+00
2.16250 9.903819858174567e-01
2.17500 9.767901524824494e-01
2.18750 9.637085126698584e-01
2.20000 9.511431817700274e-01
2.21250 9.390965587026535e-01
2.22500 9.275673033839544e-01
2.23750 9.165503929482448e-01
2.25000 9.060372483804915e-01
2.26250 8.960159208042721e-01
2.27500 8.864713248691540e-01
2.28750 8.773855061477108e-01
2.30000 8.687379303139331e-01
2.31250 8.605057838774338e-01
2.32500 8.526642788945791e-01
2.33750 8.451869567896886e-01
2.35000 8.380459886935339e-01
2.36250 8.312124712316524e-01
2.37500 8.246567173982536e-01
2.38750 8.183485421697958e-01
2.40000 8.122575421124441e-01
2.41250 8.063533677186128e-01
2.42500 8.006059868165777e-01
2.43750 7.949859372750316e-01
2.45000 7.894645673951464e-01
2.46250 7.840142627679951e-01
2.47500 7.786086588348636e-01
2.48750 7.732228387652401e-01
2.50000 7.678335164317965e-01
2.51250 7.624192041405282e-01
2.52500 7.569603643675971e-01
2.53750 7.514395441349745e-01
2.55000 7.458414899556666e-01
2.56250 7.401532406608928e-01
2.57500 7.343641950524692e-01
2.58750 7.284661513388730e-01
2.60000 7.224533157842298e-01
2.61250 7.163222789091702e-01
2.62500 7.100719588198597e-01
2.63750 7.037035126129703e-01
2.65000 6.972202180750671e-01
2.66250 6.906273288471959e-01
2.67500 6.839319067266787e-01
2.68750 6.771426348320259e-01
2.70000 6.702696151162071e-01
2.71250 6.633241534391474e-01
2.72500 6.563185353804482e-01
2.73750 6.492657963714905e-01
2.75000 6.421794905543531e-01
2.76250 6.350734638298282e-01
2.77500 6.279616374891051e-01
2.78750 6.208578092555060e-01
2.80000 6.137754782174958e-01
2.81250 6.067276989260909e-01
2.82500 5.997269679797524e-01
2.83750 5.927851440103499e-01
2.85000 5.859133994713158e-01
2.86250 5.791222003616295e-01
2.87500 5.724213082724648e-01
2.88750 5.658197980926029e-01
2.90000 5.593260844220160e-01
2.91250 5.529479501909365e-01
2.92500 5.466925720513003e-01
2.93750 5.405665386210295e-01
2.95000 5.345758594003942e-01
2.96250 5.287259639115331e-01
2.97500 5.230216921238937e-01
2.98750 5.174672783554256e-01
3.00000 5.120663314880454e-01
3.01250 5.068218144909463e-01
3.02500 5.017360259660880e-01
3.03750 4.968105858298046e-01
3.05000 4.920464264673944e-01
3.06250 4.874437898903791e-01
3.07500 4.830022307159152e-01
3.08750 4.787206242656843e-01
3.10000 4.745971787937588e-01
3.11250 4.706294508028614e-01
3.12500 4.668143625616881e-01
3.13750 4.631482212328582e-01
3.15000 4.596267393901499e-01
3.16250 4.562450570742365e-01
3.17500 4.529977658497422e-01
3.18750 4.498789355422275e-01
3.20000 4.468821444317182e-01
3.21250 4.440005136572943e-01
3.22500 4.412267464569521e-01
3.23750 4.385531726488939e-01
3.25000 4.359717984794595e-01
3.26250 4.334743616459907e-01
3.27500 4.310523909772229e-01
3.28750 4.286972699478452e-01
3.30000 4.264003029457106e-01
3.31250 4.241527830266968e-01
3.32500 4.219460598049997e-01
3.33750 4.197716061472275e-01
3.35000 4.176210824650196e-01
3.36250 4.154863976141885e-01
3.37500 4.133597656762296e-01
3.38750 4.112337581789283e-01
3.40000 4.091013515647348e-01
3.41250 4.069559699051464e-01
3.42500 4.047915229668595e-01
3.43750 4.026024397582650e-01
3.45000 4.003836976360571e-01
3.46250 3.981308469550157e-01
3.47500 3.958400311289320e-01
3.48750 3.935080018665549e-01
3.50000 3.911321292785800e-01
3.51250 3.887104065378951e-01
3.52500 3.862414488244887e-01
3.53750 3.837244863982908e-01
3.55000 3.811593518079543e-01
3.56250 3.785464614433816e-01
3.57500 3.758867918505556e-01
3.58750 3.731818514209780e-01
3.60000 3.704336482170822e-01
3.61250 3.676446547755782e-01
3.62500 3.648177707281764e-01
3.63750 3.619562839919021e-01
3.65000 3.590638311231075e-01
3.66250 3.561443572299250e-01
3.67500 3.532020756375923e-01
3.68750 3.502414273435240e-01
3.70000 3.472670402194064e-01
3.71250 3.442836879336258e-01
3.72500 3.412962486715820e-01
3.73750 3.383096638932298e-01
3.75000 3.353288975405512e-01
3.76250 3.323588962444452e-01
3.77500 3.294045511446528e-01
3.78750 3.264706619125007e-01
3.80000 3.235619034625792e-01
3.81250 3.206827956819771e-01
3.82500 3.178376763291584e-01
3.83750 3.150306770924307e-01
3.85000 3.122657026745687e-01
3.86250 3.095464126972863e-01
3.87500 3.068762061968519e-01
3.88750 3.042582085001887e-01
3.90000 3.016952603154957e-01
3.91250 2.991899089264822e-01
3.92500 2.967444014318531e-01
3.93750 2.943606800112736e-01
3.95000 2.920403792204386e-01
3.96250 2.897848253194353e-01
3.97500 2.875950376219553e-01
3.98750 2.854717318223259e-01
4.00000 2.834153252177566e-01
4.01250 2.814259437005914e-01
4.02500 2.795034303547682e-01
4.03750 2.776473554565583e-01
4.05000 2.758570276552935e-01
4.06250 2.741315060968412e-01
4.07500 2.724696132516436e-01
4.08750 2.708699482193827e-01
4.10000 2.693309003022292e-01
4.11250 2.678506626659286e-01
4.12500 2.664272459402856e-01
4.13750 2.650584916459807e-01
4.15000 2.637420853712206e-01
4.16250 2.624755696584027e-01
4.17500 2.612563565970503e-01
4.18750 2.600817401542000e-01
4.20000 2.589489083064138e-01
4.21250 2.578549550675095e-01
4.22500 2.567968925310355e-01
4.23750 2.557716630638611e-01
4.25000 2.547761517944481e-01
4.26250 2.538071995336216e-01
4.27500 2.528616162460121e-01
4.28750 2.519361951571609e-01
4.30000 2.510277275378710e-01
4.31250 2.501330181587559e-01
4.32500 2.492489013611924e-01
4.33750 2.483722576523492e-01
4.35000 2.475000307062523e-01
4.36250 2.466292446410794e-01
4.37500 2.457570214412923e-01
4.38750 2.448805983953233e-01
4.40000 2.439973454166664e-01
4.41250 2.431047821015718e-01
4.42500 2.422005943465322e-01
4.43750 2.412826503054741e-01
4.45000 2.403490154165537e-01
4.46250 2.393979661818752e-01
4.47500 2.384280023512687e-01
4.48750 2.374378571533139e-01
4.50000 2.364265052390327e-01
4.51250 2.353931680585959e-01
4.52500 2.343373164761774e-01
4.53750 2.332586705364742e-01
4.55000 2.321571964185411e-01
4.56250 2.310331007366002e-01
4.57500 2.298868224603434e-01
4.58750 2.287190228165589e-01
4.60000 2.275305735885408e-01
4.61250 2.263225442428197e-01
4.62500 2.250961882813822e-01
4.63750 2.238529291459969e-01
4.65000 2.225943458997214e-01
4.66250 2.213221587953506e-01
4.67500 2.200382147314144e-01
4.68750 2.187444725123763e-01
4.70000 2.174429877866008e-01
4.71250 2.161358975397029e-01
4.72500 2.148254040694348e-01
4.73750 2.135137584483212e-01
4.75000 2.122032435736582e-01
4.76250 2.108961569913810e-01
4.77500 2.095947937448299e-01
4.78750 2.083014295329198e-01
4.80000 2.070183044633693e-01
4.81250 2.057476076613994e-01
4.82500 2.044914629513440e-01
4.83750 2.032519157780729e-01
4.85000 2.020309214843701e-01
4.86250 2.008303350144941e-01
4.87500 1.996519020744877e-01
4.88750 1.984972517458583e-01
4.90000 1.973678905192051e-01
4.91250 1.962651976861867e-01
4.92500 1.951904220011628e-01
4.93750 1.941446794977266e-01
4.95000 1.931289523216220e-01
4.96250 1.921440884223198e-01
4.97500 1.911908019333078e-01
4.98750 1.902696740679958e-01
5.00000 1.893811543655363e-01
5.01250 1.885255621388397e-01
5.02500 1.877030880044871e-01
5.03750 1.869137954087126e-01
5.05000 1.861576221018254e-01
5.06250 1.854343815516873e-01
5.07500 1.847437643216731e-01
5.08750 1.840853394669341e-01
5.10000 1.834585560230562e-01
5.11250 1.828627446726157e-01
5.12500 1.822971196785060e-01
5.13750 1.817607811697738e-01
5.15000 1.812527178586863e-01
5.16250 1.807718102591551e-01
5.17500 1.803168344687265e-01
5.18750 1.798864665700196e-01
5.20000 1.794792877022418e-01
5.21250 1.790937898471762e-01
5.22500 1.787283823633053e-01
5.23750 1.783813992830292e-01
5.25000 1.780511073587991e-01
5.26250 1.777357148050779e-01
5.27500 1.774333806392830e-01
5.28750 1.771422244852262e-01
5.30000 1.768603366787348e-01
5.31250 1.765857885177070e-01
5.32500 1.763166425333432e-01
5.33750 1.760509627227493e-01
5.35000 1.757868247635954e-01
5.36250 1.755223263104079e-01
5.37500 1.752555975298643e-01
5.38750 1.749848120539795e-01
5.40000 1.747081985093230e-01
5.41250 1.744240527210494e-01
5.42500 1.741307506041294e-01
5.43750 1.738267616557190e-01
5.45000 1.735106628670453e-01
5.46250 1.731811527914685e-01
5.47500 1.728370654445149e-01
5.48750 1.724773836742459e-01
5.50000 1.721012516260571e-01
5.51250 1.717079859332993e-01
5.52500 1.712970852917057e-01
5.53750 1.708682381192579e-01
5.55000 1.704213280614952e-01
5.56250 1.699564371724337e-01
5.57500 1.694738466793384e-01
5.58750 1.689740353203431e-01
5.60000 1.684576753210539e-01
5.61250 1.679256261425502e-01
5.62500 1.673789261822159e-01
5.63750 1.668187826359064e-01
5.65000 1.662465597338309e-01
5.66250 1.656637655465082e-01
5.67500 1.650720375288252e-01
5.68750 1.644731269402887e-01
5.70000 1.638688822592188e-01
5.71250 1.632612317064053e-01
5.72500 1.626521650127346e-01
5.73750 1.620437146020048e-01
5.75000 1.614379364050984e-01
5.76250 1.608368905626755e-01
5.77500 1.602426222986601e-01
5.78750 1.596571432487053e-01
5.80000 1.590824135047375e-01
5.81250 1.585203245929976e-01
5.82500 1.579726835473209e-01
5.83750 1.574411981819456e-01
5.85000 1.569274636185023e-01
5.86250 1.564329500870366e-01
5.87500 1.559589920051724e-01
5.88750 1.555067783434731e-01
5.90000 1.550773443075333e-01
5.91250 1.546715644050299e-01
5.92500 1.542901470144453e-01
5.93750 1.539336306260331e-01
5.95000 1.536023819779557e-01
5.96250 1.532965963524815e-01
5.97500 1.530163003182832e-01
5.98750 1.527613571922368e-01
6.00000 1.525314754348219e-01
6.01250 1.523262200762517e-01
6.02500 1.521450270908619e-01
6.03750 1.519872204010131e-01
6.05000 1.518520309187083e-01
6.06250 1.517386167594030e-01
6.07500 1.516460835357519e-01
6.08750 1.515735035114386e-01
6.10000 1.515199324092641e-01
6.11250 1.514844228434606e-01
6.12500 1.514660336711517e-01
6.13750 1.514638349855026e-01
6.15000 1.514769089322204e-01
6.16250 1.515043469432922e-01
6.17500 1.515452442822445e-01
6.18750 1.515986929477771e-01
6.20000 1.516637739855774e-01
6.21250 1.517395501381508e-01
6.22500 1.518250595606705e-01
6.23750 1.519193110892237e-01
6.25000 1.520212813000110e-01
6.26250 1.521299133680486e-01
6.27500 1.522441175388025e-01
6.28750 1.523627728790533e-01
6.30000 1.524847298843622e-01
6.31250 1.526088134940751e-01
6.32500 1.527338260972566e-01
6.33750 1.528585501916038e-01
6.35000 1.529817504634587e-01
6.36250 1.531021751703393e-01
6.37500 1.532185568127397e-01
6.38750 1.533296121732737e-01
6.40000 1.534340418843191e-01
6.41250 1.535305297762828e-01
6.42500 1.536177423794672e-01
6.43750 1.536943291241010e-01
6.45000 1.537589240152823e-01
6.46250 1.538101498411681e-01
6.47500 1.538466262620835e-01
6.48750 1.538669833478314e-01
6.50000 1.538698821703247e-01
6.51250 1.538540437918923e-01
6.52500 1.538182873059619e-01
6.53750 1.537615764394334e-01
6.55000 1.536830726842002e-01
6.56250 1.535821912093221e-01
6.57500 1.534586542791597e-01
6.58750 1.533125360027274e-01
6.60000 1.531442923440182e-01
6.61250 1.529547716027787e-01
6.62500 1.527452028889469e-01
6.63750 1.525171630128812e-01
6.65000 1.522725250718803e-01
6.66250 1.520133942378227e-01
6.67500 1.517420374760874e-01
6.68750 1.514608141087904e-01
6.70000 1.511721135072654e-01
6.71250 1.508783051120902e-01
6.72500 1.505817047222210e-01
6.73750 1.502845596667553e-01
6.75000 1.499890539863431e-01
6.76250 1.496973329987665e-01
6.77500 1.494115447743963e-01
6.78750 1.491338948562194e-01
6.80000 1.488667114974846e-01
6.81250 1.486125238170793e-01
6.82500 1.483741671183078e-01
6.83750 1.481549519593945e-01
6.85000 1.479589747805227e-01
6.86250 1.477917302185533e-01
6.87500 1.476613692605101e-01
6.88750 1.475813986773746e-01
6.90000 1.475767987687327e-01
6.91250 1.476986556837949e-01
6.92500 1.480584223256656e-01
6.93750 1.488548543904511e-01
6.95000 1.499755013849950e-01
6.96250 1.497540175848064e-01
6.97500 1.483813463695481e-01
6.98750 1.475209449862888e-01
7.00000 1.471150884916329e-01
7.01250 1.469368440516938e-01
7.02500 1.468779289209047e-01
7.03750 1.468916189702172e-01
7.05000 1.469570823521770e-01
7.06250 1.470648604278048e-01
7.07500 1.472110788462537e-01
7.08750 1.473952821225454e-01
7.10000 1.476203118133378e-01
7.11250 1.478947296874421e-01
7.12500 1.482425023129998e-01
7.13750 1.487464504150526e-01
7.15000 1.498327009368753e-01
7.16250 1.510313693443673e-01
7.17500 1.516027226252652e-01
7.18750 1.518097649499464e-01
7.20000 1.531236787047305e-01
7.21250 1.513354762891046e-01
7.22500 1.512803400205402e-01
7.23750 1.514774908475343e-01
7.25000 1.518137614996301e-01
7.26250 1.522269333571994e-01
7.27500 1.526803531925637e-01
7.28750 1.531569329365159e-01
7.30000 1.536480229152963e-01
7.31250 1.541484823980334e-01
7.32500 1.546547244692837e-01
7.33750 1.551639059273079e-01
7.35000 1.556735686985341e-01
7.36250 1.561814719174004e-01
7.37500 1.566855108858321e-01
7.38750 1.571836788578941e-01
7.40000 1.576740517790447e-01
7.41250 1.581547864897968e-01
7.42500 1.586241275676566e-01
7.43750 1.590804201292554e-01
7.45000 1.595221268898534e-01
7.46250 1.599478481748875e-01
7.47500 1.603563436781957e-01
7.48750 1.607465547110132e-01
7.50000 1.611176255799666e-01
7.51250 1.614689226504599e-01
7.52500 1.618000496671401e-01
7.53750 1.621108580749215e-01
7.55000 1.624014514398218e-01
7.56250 1.626721835870052e-01
7.57500 1.629236506793796e-01
7.58750 1.631566780422344e-01
7.60000 1.633723029830048e-01
7.61250 1.635717550790706e-01
7.62500 1.637564353876438e-01
7.63750 1.639278958067386e-01
7.65000 1.640878194623685e-01
7.66250 1.642380026036553e-01
7.67500 1.643803381305217e-01
7.68750 1.645168006063690e-01
7.70000 1.646494324394500e-01
7.71250 1.647803308469851e-01
7.72500 1.649116352273867e-01
7.73750 1.650455146351186e-01
7.75000 1.651841551574657e-01
7.76250 1.653297471140825e-01
7.77500 1.654844721235086e-01
7.78750 1.656504901934059e-01
7.80000 1.658299270813981e-01
7.81250 1.660248622293750e-01
7.82500 1.662373175836890e-01
7.83750 1.664692475659534e-01
7.85000 1.667225303471405e-01
7.86250 1.669989604028856e-01
7.87500 1.673002421039461e-01
7.88750 1.676279838505474e-01
7.90000 1.679836920324768e-01
7.91250 1.683687639322398e-01
7.92500 1.687844786227653e-01
7.93750 1.692319849613065e-01
7.95000 1.697122859399831e-01
7.96250 1.702262188969601e-01
7.97500 1.707744314052247e-01
7.98750 1.713573530739474e-01
8.00000 1.719751641555871e-01
8.01250 1.726277630134223e-01
8.02500 1.733147365042373e-01
8.03750 1.740353403296682e-01
8.05000 1.747884998506710e-01
8.06250 1.755728437665414e-01
8.07500 1.763867799221565e-01
8.08750 1.772286111288997e-01
8.10000 1.780966706642027e-01
8.11250 1.789894414448585e-01
8.12500 1.799056231380315e-01
8.13750 1.808441327828516e-01
8.15000 1.818040557150104e-01
8.16250 1.827845897441354e-01
8.17500 1.837850903132179e-01
8.18750 1.848058673291725e-01
8.20000 1.858416144106900e-01
8.21250 1.868960766610010e-01
8.22500 1.879675119372106e-01
8.23750 1.890549874312051e-01
8.25000 1.901578372064389e-01
8.26250 1.912754420001294e-01
8.27500 1.924071660757060e-01
8.28750 1.935522984223242e-01
8.30000 1.947099979953469e-01
8.31250 1.958792541055948e-01
8.32500 1.970588716455420e-01
8.33750 1.982474890899409e-01
8.35000 1.994436423019872e-01
8.36250 2.006458725738255e-01
8.37500 2.018522401697587e-01
8.38750 2.030602637119708e-01
8.40000 2.042701152744901e-01
8.41250 2.054811676112664e-01
8.42500 2.066932644007115e-01
8.43750 2.079073987651481e-01
8.45000 2.091260383566453e-01
8.46250 2.103534264921140e-01
8.47500 2.115941837029136e-01
8.48750 2.128522771239441e-01
8.50000 2.141250002387229e-01
8.51250 2.153818647127832e-01
8.52500 2.165595487011683e-01
8.53750 2.176142062707669e-01
8.55000 2.185877495725395e-01
8.56250 2.195563648337769e-01
8.57500 2.205519630543960e-01
8.58750 2.215621308355139e-01
8.60000 2.225748211240741e-01
8.61250 2.236121703811600e-01
8.62500 2.247144126897537e-01
8.63750 2.259269086763451e-01
8.65000 2.273130198791791e-01
8.66250 2.289262773917372e-01
8.67500 2.305317318212109e-01
8.68750 2.312782849365188e-01
8.70000 2.312118385621796e-01
8.71250 2.312862104668685e-01
8.72500 2.316896679415776e-01
8.73750 2.322945769088864e-01
8.75000 2.330119327252596e-01
8.76250 2.337884252658611e-01
8.77500 2.345996218537747e-01
8.78750 2.354350047096911e-01
8.80000 2.362906374450479e-01
8.81250 2.371658463100720e-01
8.82500 2.380616331839734e-01
8.83750 2.389798800995879e-01
8.85000 2.399229373959251e-01
8.86250 2.408934061570363e-01
8.87500 2.418940211964279e-01
8.88750 2.429275856779893e-01
8.90000 2.439969311278553e-01
8.91250 2.451048888923675e-01
8.92500 2.462542661097095e-01
8.93750 2.474478232926810e-01
8.95000 2.486882528218233e-01
8.96250 2.499781586899221e-01
8.97500 2.513200381663071e-01
8.98750 2.527162659771864e-01
9.00000 2.541690813416725e-01
9.01250 2.556805778924461e-01
9.02500 2.572526962102288e-01
9.03750 2.588872184358863e-01
9.05000 2.605857641998239e-01
9.06250 2.623497869338429e-01
9.07500 2.641805695258528e-01
9.08750 2.660792182731405e-01
9.10000 2.680466542172408e-01
9.11250 2.700836012225986e-01
9.12500 2.721905705873134e-01
9.13750 2.743678425105046e-01
9.15000 2.766154453194383e-01
9.16250 2.789331338916691e-01
9.17500 2.813203690989144e-01
9.18750 2.837763002692616e-01
9.20000 2.862997525608715e-01
9.21250 2.888892207517077e-01
9.22500 2.915428703084717e-01
9.23750 2.942585457770968e-01
9.25000 2.970337856425859e-01
9.26250 2.998658419610785e-01
9.27500 3.027517023964580e-01
9.28750 3.056881119089974e-01
9.30000 3.086715913409481e-01
9.31250 3.116984506240913e-01
9.32500 3.147647954463479e-01
9.33750 3.178665282029867e-01
9.35000 3.209993472456617e-01
9.36250 3.241587530148556e-01
9.37500 3.273400750698273e-01
9.38750 3.305385381387121e-01
9.40000 3.337493836098243e-01
9.41250 3.369680498108316e-01
9.42500 3.401903882481356e-01
9.43750 3.434128628082094e-01
9.45000 3.466326656232936e-01
9.46250 3.498477056149941e-01
9.47500 3.530564786390290e-01
9.48750 3.562578791285738e-01
9.50000 3.594510285854199e-01
9.51250 3.626351715813395e-01
9.52500 3.658096490370144e-01
9.53750 3.689739281686368e-01
9.55000 3.721276587176382e-01
9.56250 3.752707305314202e-01
9.57500 3.784033184112651e-01
9.58750 3.815259096944549e-01
9.60000 3.846393160051962e-01
9.61250 3.877446733357479e-01
9.62500 3.908434352469612e-01
9.63750 3.939373635168786e-01
9.65000 3.970285196648423e-01
9.66250 4.001192597941671e-01
9.67500 4.032122343281070e-01
9.68750 4.063103936012097e-01
9.70000 4.094170000340085e-01
9.71250 4.125356478618000e-01
9.72500 4.156702921112271e-01
9.73750 4.188252894441963e-01
9.75000 4.220054535828094e-01
9.76250 4.252161242251362e-01
9.77500 4.284632321032790e-01
9.78750 4.317532908004090e-01
9.80000 4.350930965674915e-01
9.81250 4.384885215129984e-01
9.82500 4.419408698288683e-01
9.83750 4.454378654709319e-01
9.85000 4.489378273755062e-01
9.86250 4.523636845228232e-01
9.87500 4.556572823974427e-01
9.88750 4.588758406112335e-01
9.90000 4.621572025018235e-01
9.91250 4.655862923930523e-01
9.92500 4.691707845821222e-01
9.93750 4.728901185434873e-01
9.95000 4.767263024723966e-01
9.96250 4.806719551323752e-01
9.97500 4.847322683119867e-01
9.98750 4.889299185320419e-01
10.00000 4.933067080927093e-01
