0.00001 1.208408901781988e+04
0.01250 2.930810940289439e+02
0.02500 1.700341405880276e+02
0.03750 1.117302454011344e+02
0.05000 7.788395842036991e+01
0.06250 5.667605288967285e+01
0.07500 4.272486255431905e+01
0.08750 3.317940391532470e+01
0.10000 2.642385282926998e+01
0.11250 2.150045444033932e+01
0.12500 1.781979380749588e+01
0.13750 1.500669275007657e+01
0.15000 1.281491474691925e+01
0.16250 1.107831135690473e+01
0.17500 9.681945487684462e+00
0.18750 8.544514803997318e+00
0.20000 7.607357752051156e+00
0.21250 6.827400999494686e+00
0.22500 6.172528135979901e+00
0.23750 5.618471890380643e+00
0.25000 5.146687010975130e+00
0.26250 4.742868436355709e+00
0.27500 4.395903549795226e+00
0.28750 4.097123291319551e+00
0.30000 3.839764518623207e+00
0.31250 3.618586837762100e+00
0.32500 3.429608338156280e+00
0.33750 3.269941332250745e+00
0.35000 3.137726012656113e+00
0.36250 3.032182887989004e+00
0.37500 2.953842428235348e+00
0.38750 2.905069326695061e+00
0.40000 2.891045326338075e+00
0.41250 2.921100747747515e+00
0.42500 3.007962856010307e+00
0.43750 3.152196419864193e+00
0.45000 3.290327034615226e+00
0.46250 3.306297647731822e+00
0.47500 3.227693295649106e+00
0.48750 3.148708448834284e+00
0.50000 3.070976939402752e+00
0.51250 2.963803079625208e+00
0.52500 2.817772369065515e+00
0.53750 2.648065263128506e+00
0.55000 2.476582983241836e+00
0.56250 2.318145426028319e+00
0.57500 2.178415922800259e+00
0.58750 2.057381011495940e+00
0.60000 1.952721821592021e+00
0.61250 1.861662397391235e+00
0.62500 1.781706464821371e+00
0.63750 1.710826371349447e+00
0.65000 1.647439082409610e+00
0.66250 1.590322131961234e+00
0.67500 1.538527896190054e+00
0.68750 1.491313503520513e+00
0.70000 1.448088181779501e+00
0.71250 1.408375088757821e+00
0.72500 1.371783963612375e+00
0.73750 1.337991498045894e+00
0.75000 1.306727116057785e+00
0.76250 1.277762536621625e+00
0.77500 1.250904008402900e+00
0.78750 1.225986469227096e+00
0.80000 1.202869133986107e+00
0.81250 1.181432188915790e+00
0.82500 1.161574396641300e+00
0.83750 1.143211518904424e+00
0.85000 1.126275565618931e+00
0.86250 1.110715010011044e+00
0.87500 1.096496323412985e+00
0.88750 1.083607598612963e+00
0.90000 1.072065968581907e+00
0.91250 1.061933079422823e+00
0.92500 1.053352261068596e+00
0.93750 1.046679449305504e+00
0.95000 1.043484435172595e+00
0.96250 1.041122480967722e+00
0.97500 1.044319753831242e+00
0.98750 1.061113683610852e+00
1.00000 1.122242529236798e+00
1.01250 1.478700173037843e+00
1.02500 1.619545422886480e+00
1.03750 1.095374648715534e+00
1.05000 1.028964770138876e+00
1.06250 1.014902636548428e+00
1.07500 1.013471253006389e+00
1.08750 1.017481897517603e+00
1.10000 1.025099181813996e+00
1.11250 1.035878073478390e+00
1.12500 1.049874694155750e+00
1.13750 1.067392890606705e+00
1.15000 1.088904409219119e+00
1.16250 1.115026149388104e+00
1.17500 1.146518305731895e+00
1.18750 1.184291034840666e+00
1.20000 1.229419753931810e+00
1.21250 1.283186786956931e+00
1.22500 1.347199824938330e+00
1.23750 1.423667937617254e+00
1.25000 1.515753418307818e+00
1.26250 1.626615919984659e+00
1.27500 1.750899124384519e+00
1.28750 1.852274360361926e+00
1.30000 1.879907489433581e+00
1.31250 1.861041431806608e+00
1.32500 1.864649502509606e+00
1.33750 1.923615791319553e+00
1.35000 2.055680731433722e+00
1.36250 2.292329645297469e+00
1.37500 2.694891066143609e+00
1.38750 3.351827157028021e+00
1.40000 4.282407472458678e+00
1.41250 5.228540880461274e+00
1.42500 5.959860887550580e+00
1.43750 7.536416686864318e+00
1.45000 8.371781412195787e+00
1.46250 1.106414989191268e+01
1.47500 9.472377535097465e+00
1.48750 6.947265003486517e+00
1.50000 4.785733858812852e+00
1.51250 2.590604837694618e+00
1.52500 1.716106396514350e+00
1.53750 1.425225865375038e+00
1.55000 1.308315363406850e+00
1.56250 1.259025071817270e+00
1.57500 1.242345101516196e+00
1.58750 1.243944913289666e+00
1.60000 1.257183185488587e+00
1.61250 1.278920897142987e+00
1.62500 1.308009039224797e+00
1.63750 1.344783848786901e+00
1.65000 1.390840663819926e+00
1.66250 1.447725975219519e+00
1.67500 1.510449230736998e+00
1.68750 1.555526099486334e+00
1.70000 1.559897777547643e+00
1.71250 1.542917363888797e+00
1.72500 1.530499242893798e+00
1.73750 1.526270859208379e+00
1.75000 1.525070354873239e+00
1.76250 1.522247387153746e+00
1.77500 1.515598252982243e+00
1.78750 1.505049272092895e+00
1.80000 1.491662151985887e+00
1.81250 1.476671998986080e+00
1.82500 1.460974222905920e+00
1.83750 1.445043531318895e+00
1.85000 1.429058203664630e+00
1.86250 1.413052283690929e+00
1.87500 1.397028712246306e+00
1.88750 1.381033566924826e+00
1.90000 1.365218652261085e+00
1.91250 1.349941413904197e+00
1.92500 1.336023917911692e+00
1.93750 1.325630694303304e+00
1.95000 1.326299537112392e+00
1.96250 1.381415538261522e+00
1.97500 1.653063033224980e+00
1.98750 1.289563084652477e+00
2.00000 1.218050676292634e+00
2.01250 1.190671433878938e+00
2.02500 1.170038993110470e+00
2.03750 1.151260254865030e+00
2.05000 1.133261428223772e+00
2.06250 1.115744721441347e+00
2.07500 1.098625325262621e+00
2.08750 1.081888077267419e+00
2.10000 1.065542751141654e+00
2.11250 1.049607991516648e+00
2.12500 1.034104874307600e+00
2.13750 1.019054054914563e+00
2.15000 1.004474362143179e+00
2.16250 9.903820177516527e-01
2.17500 9.767901539354814e-01
2.18750 9.637084967409886e-01
2.20000 9.511431635517367e-01
2.21250 9.390965548340250e-01
2.22500 9.275673314322652e-01
2.23750 9.165504706867970e-01
2.25000 9.060373930394905e-01
2.26250 8.960161483700356e-01
2.27500 8.864716494954041e-01
2.28750 8.773859397237483e-01
2.30000 8.687384822112102e-01
2.31250 8.605064608723725e-01
2.32500 8.526650852453492e-01
2.33750 8.451878944305298e-01
2.35000 8.380470575036216e-01
2.36250 8.312136693362888e-01
2.37500 8.246580414667561e-01
2.38750 8.183499876846599e-01
2.40000 8.122591035956378e-01
2.41250 8.063550389113746e-01
2.42500 8.006077608170002e-01
2.43750 7.949878066428970e-01
2.45000 7.894665242355012e-01
2.46250 7.840162988047886e-01
2.47500 7.786107654839506e-01
2.48750 7.732250072133904e-01
2.50000 7.678357377253601e-01
2.51250 7.624214692847537e-01
2.52500 7.569626644354439e-01
2.53750 7.514418703826276e-01
2.55000 7.458438339409617e-01
2.56250 7.401555943600264e-01
2.57500 7.343665509700181e-01
2.58750 7.284685026058837e-01
2.60000 7.224556562389540e-01
2.61250 7.163246031552686e-01
2.62500 7.100742622572620e-01
2.63750 7.037057914375421e-01
2.65000 6.972224692447641e-01
2.66250 6.906295500146069e-01
2.67500 6.839340961407225e-01
2.68750 6.771447912147120e-01
2.70000 6.702717375235620e-01
2.71250 6.633262411177964e-01
2.72500 6.563205876324838e-01
2.73750 6.492678124397931e-01
2.75000 6.421814695380723e-01
2.76250 6.350754046360894e-01
2.77500 6.279635388223896e-01
2.78750 6.208596696416909e-01
2.80000 6.137772960560001e-01
2.81250 6.067294725612938e-01
2.82500 5.997286957821818e-01
2.83750 5.927868244587066e-01
2.85000 5.859150312280403e-01
2.86250 5.791237823366511e-01
2.87500 5.724228396719879e-01
2.88750 5.658212784515484e-01
2.90000 5.593275136203039e-01
2.91250 5.529493284548125e-01
2.92500 5.466938999416214e-01
2.93750 5.405678170107067e-01
2.95000 5.345770894434304e-01
2.96250 5.287271470059314e-01
2.97500 5.230228298706453e-01
2.98750 5.174683725155819e-01
3.00000 5.120673839395995e-01
3.01250 5.068228271870207e-01
3.02500 5.017370008956171e-01
3.03750 4.968115249816118e-01
3.05000 4.920473317983059e-01
3.06250 4.874446632976717e-01
3.07500 4.830030740142760e-01
3.08750 4.787214391685336e-01
3.10000 4.745979668987275e-01
3.11250 4.706302135811511e-01
3.12500 4.668151013509253e-01
3.13750 4.631489372331792e-01
3.15000 4.596274336632309e-01
3.16250 4.562457305450857e-01
3.17500 4.529984193111063e-01
3.18750 4.498795696614837e-01
3.20000 4.468827597601636e-01
3.21250 4.440011106416484e-01
3.22500 4.412273254528916e-01
3.23750 4.385537339362906e-01
3.25000 4.359723422789283e-01
3.26250 4.334748881362429e-01
3.27500 4.310529003126455e-01
3.28750 4.286977622756386e-01
3.30000 4.264007784218972e-01
3.31250 4.241532418302786e-01
3.32500 4.219465021495872e-01
3.33750 4.197720322895609e-01
3.35000 4.176214927098704e-01
3.36250 4.154867923153473e-01
3.37500 4.133601452334630e-01
3.38750 4.112341230310082e-01
3.40000 4.091017021788829e-01
3.41250 4.069563067634853e-01
3.42500 4.047918465505829e-01
3.43750 4.026027505304005e-01
3.45000 4.003839960237869e-01
3.46250 3.981311333324780e-01
3.47500 3.958403058013571e-01
3.48750 3.935082650565180e-01
3.50000 3.911323811149108e-01
3.51250 3.887106470476618e-01
3.52500 3.862416779282075e-01
3.53750 3.837247039083497e-01
3.55000 3.811595574301022e-01
3.56250 3.785466547809343e-01
3.57500 3.758869724109899e-01
3.58750 3.731820186245252e-01
3.60000 3.704338014069747e-01
3.61250 3.676447932296848e-01
3.62500 3.648178936718642e-01
3.63750 3.619563906120093e-01
3.65000 3.590639205829831e-01
3.66250 3.561444286854415e-01
3.67500 3.532021282540022e-01
3.68750 3.502414603128365e-01
3.70000 3.472670527778565e-01
3.71250 3.442836793786253e-01
3.72500 3.412962183774387e-01
3.73750 3.383096113248960e-01
3.75000 3.353288222647388e-01
3.76250 3.323587979375646e-01
3.77500 3.294044295972743e-01
3.78750 3.264705170302689e-01
3.80000 3.235617352637499e-01
3.81250 3.206826042919366e-01
3.82500 3.178374619724380e-01
3.83750 3.150304400828245e-01
3.85000 3.122654434039314e-01
3.86250 3.095461316236687e-01
3.87500 3.068759038324473e-01
3.88750 3.042578853996133e-01
3.90000 3.016949170647334e-01
3.91250 2.991895461328249e-01
3.92500 2.967440197150090e-01
3.93750 2.943602799958017e-01
3.95000 2.920399615295574e-01
3.96250 2.897843905701995e-01
3.97500 2.875945864217700e-01
3.98750 2.854712647666721e-01
4.00000 2.834148428890339e-01
4.01250 2.814254466678969e-01
4.02500 2.795029191744661e-01
4.03750 2.776468306734662e-01
4.05000 2.758564898043297e-01
4.06250 2.741309557049922e-01
4.07500 2.724690508401194e-01
4.08750 2.708693743058841e-01
4.10000 2.693303154032540e-01
4.11250 2.678500672990687e-01
4.12500 2.664266406265134e-01
4.13750 2.650578769119142e-01
4.15000 2.637414617513647e-01
4.16250 2.624749376973605e-01
4.17500 2.612557168516919e-01
4.18750 2.600810931957380e-01
4.20000 2.589482547223241e-01
4.21250 2.578542954632062e-01
4.22500 2.567962275311733e-01
4.23750 2.557709933131442e-01
4.25000 2.547754779578411e-01
4.26250 2.538065222958110e-01
4.27500 2.528609363100626e-01
4.28750 2.519355132423114e-01
4.30000 2.510270443764869e-01
4.31250 2.501323344924723e-01
4.32500 2.492482179363939e-01
4.33750 2.483715752150963e-01
4.35000 2.474993499968758e-01
4.36250 2.466285663885925e-01
4.37500 2.457563463578422e-01
4.38750 2.448799271708298e-01
4.40000 2.439966787138100e-01
4.41250 2.431041205512437e-01
4.42500 2.421999385438340e-01
4.43750 2.412820008063640e-01
4.45000 2.403483727351743e-01
4.46250 2.393973307886084e-01
4.47500 2.384273746715692e-01
4.48750 2.374372375672942e-01
4.50000 2.364258940818335e-01
4.51250 2.353925656214914e-01
4.52500 2.343367230083561e-01
4.53750 2.332580862474164e-01
4.55000 2.321566214808542e-01
4.56250 2.310325352891794e-01
4.57500 2.298862666117113e-01
4.58750 2.287184766481636e-01
4.60000 2.275300371579210e-01
4.61250 2.263220175864589e-01
4.62500 2.250956714171583e-01
4.63750 2.238524220752322e-01
4.65000 2.225938486087880e-01
4.66250 2.213216712569806e-01
4.67500 2.200377369057783e-01
4.68750 2.187440043481029e-01
4.70000 2.174425292218624e-01
4.71250 2.161354485035106e-01
4.72500 2.148249644831508e-01
4.73750 2.135133282274420e-01
4.75000 2.122028226297773e-01
4.76250 2.108957452342216e-01
4.77500 2.095943910842360e-01
4.78750 2.083010358806318e-01
4.80000 2.070179197345023e-01
4.81250 2.057472317754989e-01
4.82500 2.044910958330210e-01
4.83750 2.032515573572103e-01
4.85000 2.020305716959818e-01
4.86250 2.008299937983127e-01
4.87500 1.996515693744257e-01
4.88750 1.984969275094771e-01
4.90000 1.973675746973132e-01
4.91250 1.962648902326903e-01
4.92500 1.951901228732733e-01
4.93750 1.941443886565740e-01
4.95000 1.931286697332896e-01
4.96250 1.921438140592946e-01
4.97500 1.911905357762778e-01
4.98750 1.902694161079059e-01
5.00000 1.893809046057748e-01
5.01250 1.885253205974219e-01
5.02500 1.877028547160625e-01
5.03750 1.869135704262722e-01
5.05000 1.861574054979379e-01
5.06250 1.854341734191755e-01
5.07500 1.847435647736149e-01
5.08750 1.840851486359695e-01
5.10000 1.834583740599643e-01
5.11250 1.828625717442242e-01
5.12500 1.822969559649896e-01
5.13750 1.817606268614763e-01
5.15000 1.812525731525910e-01
5.16250 1.807716753551857e-01
5.17500 1.803167095660333e-01
5.18750 1.798863518634146e-01
5.20000 1.794791833789412e-01
5.21250 1.790936960839618e-01
5.22500 1.787282993242043e-01
5.23750 1.783813271175592e-01
5.25000 1.780510462008155e-01
5.26250 1.777356647722131e-01
5.27500 1.774333418329660e-01
5.28750 1.771421969912728e-01
5.30000 1.768603205684645e-01
5.31250 1.765857838495828e-01
5.32500 1.763166493551235e-01
5.33750 1.760509810741307e-01
5.35000 1.757868546793392e-01
5.36250 1.755223678238963e-01
5.37500 1.752556506770442e-01
5.38750 1.749848768775996e-01
5.40000 1.747082750633582e-01
5.41250 1.744241410751830e-01
5.42500 1.741308508481454e-01
5.43750 1.738268739036656e-01
5.45000 1.735107872610179e-01
5.46250 1.731812895048755e-01
5.47500 1.728372146847229e-01
5.48750 1.724775456844842e-01
5.50000 1.721014266865284e-01
5.51250 1.717081743614492e-01
5.52500 1.712972874416190e-01
5.53750 1.708684543802171e-01
5.55000 1.704215588557333e-01
5.56250 1.699566829521694e-01
5.57500 1.694741079231800e-01
5.58750 1.689743125292094e-01
5.60000 1.684579690137199e-01
5.61250 1.679259368509780e-01
5.62500 1.673792544468016e-01
5.63750 1.668191290007644e-01
5.65000 1.662469247422324e-01
5.66250 1.656641497365793e-01
5.67500 1.650724414295802e-01
5.68750 1.644735510680965e-01
5.70000 1.638693271147700e-01
5.71250 1.632616977722638e-01
5.72500 1.626526527515408e-01
5.73750 1.620442244553869e-01
5.75000 1.614384687933391e-01
5.76250 1.608374458851276e-01
5.77500 1.602432009348609e-01
5.78750 1.596577455601155e-01
5.80000 1.590830398369309e-01
5.81250 1.585209752780987e-01
5.82500 1.579733589064569e-01
5.83750 1.574418985274230e-01
5.85000 1.569281892553899e-01
5.86250 1.564337013138989e-01
5.87500 1.559597691136373e-01
5.88750 1.555075816164090e-01
5.90000 1.550781740156498e-01
5.91250 1.546724208017716e-01
5.92500 1.542910303291473e-01
5.93750 1.539345410553925e-01
5.95000 1.536033196759694e-01
5.96250 1.532975614191454e-01
5.97500 1.530172927874136e-01
5.98750 1.527623770189384e-01
6.00000 1.525325224832055e-01
6.01250 1.523272941080857e-01
6.02500 1.521461277559068e-01
6.03750 1.519883472297466e-01
6.05000 1.518531833181415e-01
6.06250 1.517397940124726e-01
6.07500 1.516472848046355e-01
6.08750 1.515747278448243e-01
6.10000 1.515211787533347e-01
6.11250 1.514856900560516e-01
6.12500 1.514673205382992e-01
6.13750 1.514651402394273e-01
6.15000 1.514782312697291e-01
6.16250 1.515056850436228e-01
6.17500 1.515465968235364e-01
6.18750 1.516000586215307e-01
6.20000 1.516651515087355e-01
6.21250 1.517409382626472e-01
6.22500 1.518264570805305e-01
6.23750 1.519207168454466e-01
6.25000 1.520226941835889e-01
6.26250 1.521313323215523e-01
6.27500 1.522455415569366e-01
6.28750 1.523642010085620e-01
6.30000 1.524861612235472e-01
6.31250 1.526102471920847e-01
6.32500 1.527352613531570e-01
6.33750 1.528599862531381e-01
6.35000 1.529831866252868e-01
6.36250 1.531036107715067e-01
6.37500 1.532199912330952e-01
6.38750 1.533310448285637e-01
6.40000 1.534354722197382e-01
6.41250 1.535319572583175e-01
6.42500 1.536191664859655e-01
6.43750 1.536957493326355e-01
6.45000 1.537603397900075e-01
6.46250 1.538115606185899e-01
6.47500 1.538480314363726e-01
6.48750 1.538683822566043e-01
6.50000 1.538712740820335e-01
6.51250 1.538554278962157e-01
6.52500 1.538196627086510e-01
6.53750 1.537629421629764e-01
6.55000 1.536844276753313e-01
6.56250 1.535835343537709e-01
6.57500 1.534599844232354e-01
6.58750 1.533138519804007e-01
6.60000 1.531455930073188e-01
6.61250 1.529560558527933e-01
6.62500 1.527464697045324e-01
6.63750 1.525184114745453e-01
6.65000 1.522737543790058e-01
6.66250 1.520146037183565e-01
6.67500 1.517432265888460e-01
6.68750 1.514619824393139e-01
6.70000 1.511732607587576e-01
6.71250 1.508794310931601e-01
6.72500 1.505828093329988e-01
6.73750 1.502856428845860e-01
6.75000 1.499901158516820e-01
6.76250 1.496983736013382e-01
6.77500 1.494125642392682e-01
6.78750 1.491348933292470e-01
6.80000 1.488676891296723e-01
6.81250 1.486134807473888e-01
6.82500 1.483751034539117e-01
6.83750 1.481558677507512e-01
6.85000 1.479598699862418e-01
6.86250 1.477926046438376e-01
6.87500 1.476622224666607e-01
6.88750 1.475822298257221e-01
6.90000 1.475776063595927e-01
6.91250 1.476994370656567e-01
6.92500 1.480591723491879e-01
6.93750 1.488555681050132e-01
6.95000 1.499761143742369e-01
6.96250 1.497544503087181e-01
6.97500 1.483818119606732e-01
6.98750 1.475215154087041e-01
7.00000 1.471157169134091e-01
7.01250 1.469374973652667e-01
7.02500 1.468785918480498e-01
7.03750 1.468922850122699e-01
7.05000 1.469577491768182e-01
7.06250 1.470655278646649e-01
7.07500 1.472117480705164e-01
7.08750 1.473959554838341e-01
7.10000 1.476209932572054e-01
7.11250 1.478954262669449e-01
7.12500 1.482432289403124e-01
7.13750 1.487472478970776e-01
7.15000 1.498337105292089e-01
7.16250 1.510325803152611e-01
7.17500 1.516036597466013e-01
7.18750 1.518112128809512e-01
7.20000 1.531255671242113e-01
7.21250 1.513364088821442e-01
7.22500 1.512810889740145e-01
7.23750 1.514781544147176e-01
7.25000 1.518144128648244e-01
7.26250 1.522275872434484e-01
7.27500 1.526810121360084e-01
7.28750 1.531575976133794e-01
7.30000 1.536486936980357e-01
7.31250 1.541491595870259e-01
7.32500 1.546554083254159e-01
7.33750 1.551645966742775e-01
7.35000 1.556742665212108e-01
7.36250 1.561821769602116e-01
7.37500 1.566862232516595e-01
7.38750 1.571843986075384e-01
7.40000 1.576747789312867e-01
7.41250 1.581555210221350e-01
7.42500 1.586248694177628e-01
7.43750 1.590811691971819e-01
7.45000 1.595228830409809e-01
7.46250 1.599486112435554e-01
7.47500 1.603571134719198e-01
7.48750 1.607473310151540e-01
7.50000 1.611184081626974e-01
7.51250 1.614697112678713e-01
7.52500 1.618008440683282e-01
7.53750 1.621116580069485e-01
7.55000 1.624022566524478e-01
7.56250 1.626729938371419e-01
7.57500 1.629244657352233e-01
7.58750 1.631574976870621e-01
7.60000 1.633731270186025e-01
7.61250 1.635725833287841e-01
7.62500 1.637572676990124e-01
7.63750 1.639287320536937e-01
7.65000 1.640886595469666e-01
7.66250 1.642388464573314e-01
7.67500 1.643811857148570e-01
7.68750 1.645176519133817e-01
7.70000 1.646502874914353e-01
7.71250 1.647811896959393e-01
7.72500 1.649124979540712e-01
7.73750 1.650463813478258e-01
7.75000 1.651850259905556e-01
7.76250 1.653306222263697e-01
7.77500 1.654853516965753e-01
7.78750 1.656513744299156e-01
7.80000 1.658308162034801e-01
7.81250 1.660257564771266e-01
7.82500 1.662382172138538e-01
7.83750 1.664701528507964e-01
7.85000 1.667234415735387e-01
7.86250 1.669998778716427e-01
7.87500 1.673011661293240e-01
7.88750 1.676289147599832e-01
7.90000 1.679846301664220e-01
7.91250 1.683697096439864e-01
7.92500 1.687854322780217e-01
7.93750 1.692329469370951e-01
7.95000 1.697132566222056e-01
7.96250 1.702271986756493e-01
7.97500 1.707754206661831e-01
7.98750 1.713583521851751e-01
8.00000 1.719761734469006e-01
8.01250 1.726287827481595e-01
8.02500 1.733157668434447e-01
8.03750 1.740363812919309e-01
8.05000 1.747895512747130e-01
8.06250 1.755739052877480e-01
8.07500 1.763878509756700e-01
8.08750 1.772296909879590e-01
8.10000 1.780977585120940e-01
8.11250 1.789905364661319e-01
8.12500 1.799067246072084e-01
8.13750 1.808452401319835e-01
8.15000 1.818051685731256e-01
8.16250 1.827857079549253e-01
8.17500 1.837862139566734e-01
8.18750 1.848069968841508e-01
8.20000 1.858427497280035e-01
8.21250 1.868972185898773e-01
8.22500 1.879686612889954e-01
8.23750 1.890561450845437e-01
8.25000 1.901590040981537e-01
8.26250 1.912766190744208e-01
8.27500 1.924083542306502e-01
8.28750 1.935534984620277e-01
8.30000 1.947112105878898e-01
8.31250 1.958804797352742e-01
8.32500 1.970601105242786e-01
8.33750 1.982487409264729e-01
8.35000 1.994449056191277e-01
8.36250 2.006471432189198e-01
8.37500 2.018535193543947e-01
8.38750 2.030615709299042e-01
8.40000 2.042714465573695e-01
8.41250 2.054825179720291e-01
8.42500 2.066946326867167e-01
8.43750 2.079087857672322e-01
8.45000 2.091274443487063e-01
8.46250 2.103548532789936e-01
8.47500 2.115956269668516e-01
8.48750 2.128537234836100e-01
8.50000 2.141264537447559e-01
8.51250 2.153833259722452e-01
8.52500 2.165610126189663e-01
8.53750 2.176156878371204e-01
8.55000 2.185892690108163e-01
8.56250 2.195579308680211e-01
8.57500 2.205535713205974e-01
8.58750 2.215637713854158e-01
8.60000 2.225764848896304e-01
8.61250 2.236138535432965e-01
8.62500 2.247161153420345e-01
8.63750 2.259286317766158e-01
8.65000 2.273147630157986e-01
8.66250 2.289280366028672e-01
8.67500 2.305335037354273e-01
8.68750 2.312800891667486e-01
8.70000 2.312136750673200e-01
8.71250 2.312880629500744e-01
8.72500 2.316915344870529e-01
8.73750 2.322964603455420e-01
8.75000 2.330138371704453e-01
8.76250 2.337903531389082e-01
8.77500 2.346015748770570e-01
8.78750 2.354369842490619e-01
8.80000 2.362926446645108e-01
8.81250 2.371678822535273e-01
8.82500 2.380636988203627e-01
8.83750 2.389819763492294e-01
8.85000 2.399250651473892e-01
8.86250 2.408955662795991e-01
8.87500 2.418962145508687e-01
8.88750 2.429298131272249e-01
8.90000 2.439991935481772e-01
8.91250 2.451071871855999e-01
8.92500 2.462566012163395e-01
8.93750 2.474501962058483e-01
8.95000 2.486906646019339e-01
8.96250 2.499806104795525e-01
8.97500 2.513225312049654e-01
8.98750 2.527188016153787e-01
9.00000 2.541716610536697e-01
9.01250 2.556832032870808e-01
9.02500 2.572553690390577e-01
9.03750 2.588899405981391e-01
9.05000 2.605885377436321e-01
9.06250 2.623526140534184e-01
9.07500 2.641834525544310e-01
9.08750 2.660821596716829e-01
9.10000 2.680496565591097e-01
9.11250 2.700866671745981e-01
9.12500 2.721937028877146e-01
9.13750 2.743710439448732e-01
9.15000 2.766187186952221e-01
9.16250 2.789364820126366e-01
9.17500 2.813237947405309e-01
9.18750 2.837798061560824e-01
9.20000 2.863033413468715e-01
9.21250 2.888928950043086e-01
9.22500 2.915466324967630e-01
9.23750 2.942623982644464e-01
9.25000 2.970377306835150e-01
9.26250 2.998698817019302e-01
9.27500 3.027558388790447e-01
9.28750 3.056923470761377e-01
9.30000 3.086759270425259e-01
9.31250 3.117028886220244e-01
9.32500 3.147693374164883e-01
9.33750 3.178711757313580e-01
9.35000 3.210041018155031e-01
9.36250 3.241636159798225e-01
9.37500 3.273450476082386e-01
9.38750 3.305436211856679e-01
9.40000 3.337545777708087e-01
9.41250 3.369733552730694e-01
9.42500 3.401958047208150e-01
9.43750 3.434183895287871e-01
9.45000 3.466383014522876e-01
9.46250 3.498534492058377e-01
9.47500 3.530623286327787e-01
9.48750 3.562638343120255e-01
9.50000 3.594570879732094e-01
9.51250 3.626413344197623e-01
9.52500 3.658159147549779e-01
9.53750 3.689802963086104e-01
9.55000 3.721341288717888e-01
9.56250 3.752773022956383e-01
9.57500 3.784099913596700e-01
9.58750 3.815326833712807e-01
9.60000 3.846461899289365e-01
9.61250 3.877516470105011e-01
9.62500 3.908505081768233e-01
9.63750 3.939445352203009e-01
9.65000 3.970357896868354e-01
9.66250 4.001266277149470e-01
9.67500 4.032196997673625e-01
9.68750 4.063179562176035e-01
9.70000 4.094246595199215e-01
9.71250 4.125434039338166e-01
9.72500 4.156781444976844e-01
9.73750 4.188332378728373e-01
9.75000 4.220134977754166e-01
9.76250 4.252242639145317e-01
9.77500 4.284714671069204e-01
9.78750 4.317616212252621e-01
9.80000 4.351015233013215e-01
9.81250 4.384970472856569e-01
9.82500 4.419495011700713e-01
9.83750 4.454466150305096e-01
9.85000 4.489467119215144e-01
9.86250 4.523727080113211e-01
9.87500 4.556664145981262e-01
9.88750 4.588850449629119e-01
9.90000 4.621664807504132e-01
9.91250 4.655956662041961e-01
9.92500 4.691802668124812e-01
9.93750 4.728997102184545e-01
9.95000 4.767359980898563e-01
9.96250 4.806817459978703e-01
9.97500 4.847421436105731e-01
9.98750 4.889398668131500e-01
10.00000 4.933167295458664e-01
