  300.00 -11.00000  3.51017e+10  3.51036e+10  3.51030e+10 -3.19244e+07 -3.17963e+07  3.16394e+07
  300.00 -10.97888  3.36677e+10  3.36683e+10  3.36677e+10 -6.29798e+07 -6.25723e+07  6.19865e+07
  300.00 -10.95776  3.22618e+10  3.22612e+10  3.22607e+10 -8.30761e+07 -8.26062e+07  8.17935e+07
  300.00 -10.93664  3.09152e+10  3.09138e+10  3.09136e+10 -8.63676e+07 -8.60377e+07  8.52825e+07
  300.00 -10.91552  2.97116e+10  2.97101e+10  2.97105e+10 -7.02154e+07 -7.01406e+07  6.97014e+07
  300.00 -10.89439  2.86965e+10  2.86953e+10  2.86963e+10 -3.68348e+07 -3.70298e+07  3.70575e+07
  300.00 -10.87327  2.78322e+10  2.78315e+10  2.78331e+10  6.61972e+06  6.22085e+06 -5.71813e+06
  300.00 -10.85215  2.70353e+10  2.70352e+10  2.70371e+10  4.95791e+07  4.90913e+07 -4.82369e+07
  300.00 -10.83103  2.62459e+10  2.62463e+10  2.62483e+10  8.11107e+07  8.06635e+07 -7.96637e+07
  300.00 -10.80991  2.54660e+10  2.54666e+10  2.54681e+10  9.35355e+07  9.32390e+07 -9.23191e+07
  300.00 -10.78879  2.47427e+10  2.47432e+10  2.47441e+10  8.49046e+07  8.48251e+07 -8.41724e+07
  300.00 -10.76767  2.41228e+10  2.41230e+10  2.41231e+10  5.92440e+07  5.93936e+07 -5.91245e+07
  300.00 -10.74655  2.36143e+10  2.36141e+10  2.36134e+10  2.47984e+07  2.51392e+07 -2.52886e+07
  300.00 -10.72543  2.31796e+10  2.31789e+10  2.31777e+10 -8.79682e+06 -8.33874e+06  7.81257e+06
  300.00 -10.70430  2.27570e+10  2.27559e+10  2.27543e+10 -3.34887e+07 -3.30051e+07  3.22057e+07
  300.00 -10.68318  2.22948e+10  2.22935e+10  2.22919e+10 -4.50608e+07 -4.46414e+07  4.37119e+07
  300.00 -10.66206  2.17771e+10  2.17758e+10  2.17743e+10 -4.38906e+07 -4.36057e+07  4.27012e+07
  300.00 -10.64094  2.12280e+10  2.12268e+10  2.12256e+10 -3.39880e+07 -3.38778e+07  3.31365e+07
  300.00 -10.61982  2.06960e+10  2.06951e+10  2.06943e+10 -2.09474e+07 -2.10187e+07  2.05392e+07
  300.00 -10.59870  2.02291e+10  2.02287e+10  2.02283e+10 -9.87733e+06 -1.01059e+07  9.93509e+06
  300.00 -10.57758  1.98536e+10  1.98539e+10  1.98539e+10 -4.07322e+06 -4.41200e+06  4.54331e+06
  300.00 -10.55646  1.95658e+10  1.95667e+10  1.95671e+10 -4.58964e+06 -4.97844e+06  5.36024e+06
  300.00 -10.53534  1.93355e+10  1.93371e+10  1.93378e+10 -1.04655e+07 -1.08425e+07  1.13923e+07
  300.00 -10.51421  1.91206e+10  1.91227e+10  1.91236e+10 -1.93104e+07 -1.96233e+07  2.02456e+07
  300.00 -10.49309  1.88835e+10  1.88859e+10  1.88869e+10 -2.80561e+07 -2.82708e+07  2.88744e+07
  300.00 -10.47197  1.86042e+10  1.86065e+10  1.86075e+10 -3.37262e+07 -3.38313e+07  3.43438e+07
  300.00 -10.45085  1.82851e+10  1.82872e+10  1.82881e+10 -3.40785e+07 -3.40841e+07  3.44598e+07
  300.00 -10.42973  1.79479e+10  1.79494e+10  1.79501e+10 -2.79964e+07 -2.79277e+07  2.81488e+07
  300.00 -10.40861  1.76226e+10  1.76234e+10  1.76239e+10 -1.55910e+07 -1.54799e+07  1.55520e+07
  300.00 -10.38749  1.73368e+10  1.73370e+10  1.73373e+10  1.92750e+06  2.05112e+06 -2.10605e+06
  300.00 -10.36637  1.71067e+10  1.71062e+10  1.71063e+10  2.25058e+07  2.26202e+07 -2.27710e+07
  300.00 -10.34525  1.69323e+10  1.69313e+10  1.69313e+10  4.35504e+07  4.36448e+07 -4.38577e+07
  300.00 -10.32412  1.67994e+10  1.67980e+10  1.67979e+10  6.22526e+07  6.23268e+07 -6.25694e+07
  300.00 -10.30300  1.66845e+10  1.66829e+10  1.66827e+10  7.59426e+07  7.60041e+07 -7.62486e+07
  300.00 -10.28188  1.65623e+10  1.65606e+10  1.65605e+10  8.24653e+07  8.25250e+07 -8.27499e+07
  300.00 -10.26076  1.64130e+10  1.64114e+10  1.64113e+10  8.05247e+07  8.05931e+07 -8.07838e+07
  300.00 -10.23964  1.62277e+10  1.62262e+10  1.62261e+10  6.99114e+07  6.99952e+07 -7.01440e+07
  300.00 -10.21852  1.60096e+10  1.60082e+10  1.60081e+10  5.15415e+07  5.16424e+07 -5.17484e+07
  300.00 -10.19740  1.57720e+10  1.57709e+10  1.57708e+10  2.72955e+07  2.74109e+07 -2.74780e+07
  300.00 -10.17628  1.55342e+10  1.55333e+10  1.55331e+10 -2.91598e+05 -1.67567e+05  1.31814e+05
  300.00 -10.15516  1.53150e+10  1.53144e+10  1.53141e+10 -2.84001e+07 -2.82741e+07  2.82606e+07
  300.00 -10.13403  1.51283e+10  1.51279e+10  1.51275e+10 -5.42736e+07 -5.41516e+07  5.41514e+07
  300.00 -10.11291  1.49796e+10  1.49795e+10  1.49790e+10 -7.55017e+07 -7.53881e+07  7.53938e+07
  300.00 -10.09179  1.48654e+10  1.48654e+10  1.48650e+10 -9.02331e+07 -9.01300e+07  9.01366e+07
  300.00 -10.07067  1.47742e+10  1.47744e+10  1.47739e+10 -9.73269e+07 -9.72351e+07  9.72403e+07
  300.00 -10.04955  1.46900e+10  1.46903e+10  1.46898e+10 -9.64469e+07 -9.63664e+07  9.63707e+07
  300.00 -10.02843  1.45959e+10  1.45964e+10  1.45959e+10 -8.80797e+07 -8.80102e+07  8.80164e+07
  300.00 -10.00731  1.44784e+10  1.44790e+10  1.44785e+10 -7.34549e+07 -7.33973e+07  7.34096e+07
  300.00 -9.98619  1.43304e+10  1.43311e+10  1.43306e+10 -5.43612e+07 -5.43176e+07  5.43406e+07
  300.00 -9.96507  1.41524e+10  1.41530e+10  1.41527e+10 -3.28808e+07 -3.28550e+07  3.28929e+07
  300.00 -9.94394  1.39520e+10  1.39527e+10  1.39524e+10 -1.10964e+07 -1.10929e+07  1.11491e+07
  300.00 -9.92282  1.37425e+10  1.37431e+10  1.37430e+10  9.16981e+06  9.14573e+06 -9.06971e+06
  300.00 -9.90170  1.35393e+10  1.35399e+10  1.35399e+10  2.65340e+07  2.64772e+07 -2.63814e+07
  300.00 -9.88058  1.33570e+10  1.33575e+10  1.33576e+10  4.01275e+07  4.00337e+07 -3.99199e+07
  300.00 -9.85946  1.32068e+10  1.32072e+10  1.32074e+10  4.95816e+07  4.94481e+07 -4.93196e+07
  300.00 -9.83834  1.30945e+10  1.30949e+10  1.30952e+10  5.49502e+07  5.47764e+07 -5.46377e+07
  300.00 -9.81722  1.30201e+10  1.30205e+10  1.30210e+10  5.66034e+07  5.63912e+07 -5.62476e+07
  300.00 -9.79610  1.29780e+10  1.29784e+10  1.29789e+10  5.51183e+07  5.48721e+07 -5.47296e+07
  300.00 -9.77497  1.29582e+10  1.29586e+10  1.29592e+10  5.11808e+07  5.09077e+07 -5.07728e+07
  300.00 -9.75385  1.29484e+10  1.29488e+10  1.29494e+10  4.55042e+07  4.52135e+07 -4.50924e+07
  300.00 -9.73273  1.29360e+10  1.29364e+10  1.29370e+10  3.87632e+07  3.84660e+07 -3.83646e+07
  300.00 -9.71161  1.29102e+10  1.29105e+10  1.29111e+10  3.15446e+07  3.12531e+07 -3.11763e+07
  300.00 -9.69049  1.28637e+10  1.28640e+10  1.28646e+10  2.43143e+07  2.40410e+07 -2.39928e+07
  300.00 -9.66937  1.27939e+10  1.27942e+10  1.27947e+10  1.74026e+07  1.71597e+07 -1.71423e+07
  300.00 -9.64825  1.27025e+10  1.27027e+10  1.27032e+10  1.10071e+07  1.08053e+07 -1.08194e+07
  300.00 -9.62713  1.25951e+10  1.25952e+10  1.25956e+10  5.20890e+06  5.05738e+06 -5.10223e+06
  300.00 -9.60601  1.24797e+10  1.24797e+10  1.24800e+10 -1.70689e+01 -9.43632e+04  2.10443e+04
  300.00 -9.58488  1.23652e+10  1.23651e+10  1.23653e+10 -4.68727e+06 -4.71981e+06  4.62135e+06
  300.00 -9.56376  1.22597e+10  1.22595e+10  1.22596e+10 -8.95092e+06 -8.91940e+06  8.79987e+06
  300.00 -9.54264  1.21693e+10  1.21689e+10  1.21689e+10 -1.28950e+07 -1.27995e+07  1.26633e+07
  300.00 -9.52152  1.20968e+10  1.20964e+10  1.20962e+10 -1.66106e+07 -1.64534e+07  1.63053e+07
  300.00 -9.50040  1.20418e+10  1.20414e+10  1.20411e+10 -2.01631e+07 -1.99487e+07  1.97930e+07
  300.00 -9.47928  1.20009e+10  1.20003e+10  1.20000e+10 -2.35832e+07 -2.33183e+07  2.31595e+07
  300.00 -9.45816  1.19677e+10  1.19672e+10  1.19668e+10 -2.68642e+07 -2.65572e+07  2.63995e+07
  300.00 -9.43704  1.19348e+10  1.19342e+10  1.19338e+10 -2.99607e+07 -2.96221e+07  2.94693e+07
  300.00 -9.41592  1.18943e+10  1.18937e+10  1.18932e+10 -3.27930e+07 -3.24344e+07  3.22904e+07
  300.00 -9.39479  1.18391e+10  1.18386e+10  1.18381e+10 -3.52534e+07 -3.48877e+07  3.47560e+07
  300.00 -9.37367  1.17646e+10  1.17641e+10  1.17636e+10 -3.72165e+07 -3.68568e+07  3.67410e+07
  300.00 -9.35255  1.16687e+10  1.16682e+10  1.16678e+10 -3.85512e+07 -3.82102e+07  3.81133e+07
  300.00 -9.33143  1.15524e+10  1.15520e+10  1.15516e+10 -3.91329e+07 -3.88224e+07  3.87471e+07
  300.00 -9.31031  1.14197e+10  1.14194e+10  1.14190e+10 -3.88553e+07 -3.85853e+07  3.85336e+07
  300.00 -9.28919  1.12769e+10  1.12766e+10  1.12763e+10 -3.76395e+07 -3.74180e+07  3.73911e+07
  300.00 -9.26807  1.11317e+10  1.11315e+10  1.11313e+10 -3.54398e+07 -3.52722e+07  3.52704e+07
  300.00 -9.24695  1.09922e+10  1.09921e+10  1.09919e+10 -3.22457e+07 -3.21349e+07  3.21573e+07
  300.00 -9.22583  1.08658e+10  1.08658e+10  1.08657e+10 -2.80820e+07 -2.80285e+07  2.80733e+07
  300.00 -9.20470  1.07584e+10  1.07584e+10  1.07584e+10 -2.30070e+07 -2.30090e+07  2.30733e+07
  300.00 -9.18358  1.06737e+10  1.06738e+10  1.06738e+10 -1.71099e+07 -1.71638e+07  1.72439e+07
  300.00 -9.16246  1.06128e+10  1.06130e+10  1.06131e+10 -1.05102e+07 -1.06109e+07  1.07026e+07
  300.00 -9.14134  1.05747e+10  1.05749e+10  1.05750e+10 -3.35651e+06 -3.49782e+06  3.59654e+06
  300.00 -9.12022  1.05555e+10  1.05558e+10  1.05560e+10  4.17393e+06  3.99858e+06 -3.89739e+06
  300.00 -9.09910  1.05501e+10  1.05504e+10  1.05506e+10  1.18766e+07  1.16741e+07 -1.15746e+07
  300.00 -9.07798  1.05519e+10  1.05522e+10  1.05524e+10  1.95237e+07  1.93007e+07 -1.92067e+07
  300.00 -9.05686  1.05542e+10  1.05545e+10  1.05547e+10  2.68714e+07  2.66342e+07 -2.65484e+07
  300.00 -9.03574  1.05506e+10  1.05509e+10  1.05511e+10  3.36696e+07  3.34241e+07 -3.33485e+07
  300.00 -9.01461  1.05359e+10  1.05363e+10  1.05365e+10  3.96754e+07  3.94267e+07 -3.93622e+07
  300.00 -8.99349  1.05069e+10  1.05073e+10  1.05074e+10  4.46666e+07  4.44193e+07 -4.43659e+07
  300.00 -8.97237  1.04623e+10  1.04625e+10  1.04627e+10  4.84545e+07  4.82125e+07 -4.81696e+07
  300.00 -8.95125  1.04027e+10  1.04029e+10  1.04031e+10  5.08942e+07  5.06612e+07 -5.06275e+07
  300.00 -8.93013  1.03310e+10  1.03312e+10  1.03313e+10  5.18905e+07  5.16697e+07 -5.16437e+07
  300.00 -8.90901  1.02513e+10  1.02515e+10  1.02516e+10  5.13988e+07  5.11934e+07 -5.11735e+07
  300.00 -8.88789  1.01688e+10  1.01690e+10  1.01690e+10  4.94223e+07  4.92355e+07 -4.92201e+07
  300.00 -8.86677  1.00888e+10  1.00889e+10  1.00890e+10  4.60059e+07  4.58406e+07 -4.58284e+07
  300.00 -8.84565  1.00162e+10  1.00163e+10  1.00163e+10  4.12278e+07  4.10871e+07 -4.10772e+07
  300.00 -8.82452  9.95507e+09  9.95511e+09  9.95516e+09  3.51930e+07  3.50796e+07 -3.50713e+07
  300.00 -8.80340  9.90803e+09  9.90806e+09  9.90810e+09  2.80267e+07  2.79433e+07 -2.79361e+07
  300.00 -8.78228  9.87618e+09  9.87621e+09  9.87624e+09  1.98723e+07  1.98210e+07 -1.98145e+07
  300.00 -8.76116  9.85896e+09  9.85898e+09  9.85902e+09  1.08902e+07  1.08724e+07 -1.08664e+07
  300.00 -8.74004  9.85425e+09  9.85426e+09  9.85430e+09  1.26019e+06  1.27659e+06 -1.27101e+06
  300.00 -8.71892  9.85861e+09  9.85862e+09  9.85866e+09 -8.81564e+06 -8.76532e+06  8.77078e+06
  300.00 -8.69780  9.86769e+09  9.86770e+09  9.86774e+09 -1.91107e+07 -1.90278e+07  1.90334e+07
  300.00 -8.67668  9.87667e+09  9.87667e+09  9.87671e+09 -2.93732e+07 -2.92602e+07  2.92663e+07
  300.00 -8.65556  9.88074e+09  9.88073e+09  9.88076e+09 -3.93290e+07 -3.91892e+07  3.91963e+07
  300.00 -8.63443  9.87563e+09  9.87560e+09  9.87563e+09 -4.86876e+07 -4.85254e+07  4.85336e+07
  300.00 -8.61331  9.85801e+09  9.85797e+09  9.85799e+09 -5.71523e+07 -5.69728e+07  5.69823e+07
  300.00 -8.59219  9.82585e+09  9.82579e+09  9.82580e+09 -6.44334e+07 -6.42420e+07  6.42527e+07
  300.00 -8.57107  9.77856e+09  9.77846e+09  9.77846e+09 -7.02629e+07 -7.00652e+07  7.00768e+07
  300.00 -8.54995  9.71701e+09  9.71689e+09  9.71687e+09 -7.44097e+07 -7.42114e+07  7.42231e+07
  300.00 -8.52883  9.64342e+09  9.64327e+09  9.64324e+09 -7.66932e+07 -7.64995e+07  7.65105e+07
  300.00 -8.50771  9.56110e+09  9.56092e+09  9.56087e+09 -7.69942e+07 -7.68097e+07  7.68187e+07
  300.00 -8.48659  9.47402e+09  9.47382e+09  9.47374e+09 -7.52615e+07 -7.50901e+07  7.50959e+07
  300.00 -8.46547  9.38647e+09  9.38625e+09  9.38615e+09 -7.15149e+07 -7.13598e+07  7.13610e+07
  300.00 -8.44434  9.30260e+09  9.30236e+09  9.30225e+09 -6.58443e+07 -6.57080e+07  6.57031e+07
  300.00 -8.42322  9.22606e+09  9.22582e+09  9.22570e+09 -5.84054e+07 -5.82895e+07  5.82776e+07
  300.00 -8.40210  9.15971e+09  9.15946e+09  9.15933e+09 -4.94138e+07 -4.93193e+07  4.92994e+07
  300.00 -8.38098  9.10537e+09  9.10512e+09  9.10499e+09 -3.91372e+07 -3.90644e+07  3.90361e+07
  300.00 -8.35986  9.06373e+09  9.06349e+09  9.06336e+09 -2.78871e+07 -2.78360e+07  2.77990e+07
  300.00 -8.33874  9.03433e+09  9.03412e+09  9.03399e+09 -1.60096e+07 -1.59797e+07  1.59346e+07
  300.00 -8.31762  9.01568e+09  9.01549e+09  9.01536e+09 -3.87569e+06 -3.86605e+06  3.81351e+06
  300.00 -8.29650  9.00536e+09  9.00520e+09  9.00508e+09  8.13126e+06  8.12178e+06 -8.18052e+06
  300.00 -8.27538  9.00031e+09  9.00019e+09  9.00009e+09  1.96284e+07  1.96012e+07 -1.96646e+07
  300.00 -8.25425  8.99714e+09  8.99706e+09  8.99698e+09  3.02487e+07  3.02055e+07 -3.02717e+07
  300.00 -8.23313  8.99238e+09  8.99234e+09  8.99227e+09  3.96578e+07  3.96002e+07 -3.96673e+07
  300.00 -8.21201  8.98284e+09  8.98284e+09  8.98280e+09  4.75693e+07  4.74995e+07 -4.75655e+07
  300.00 -8.19089  8.96590e+09  8.96593e+09  8.96592e+09  5.37605e+07  5.36804e+07 -5.37434e+07
  300.00 -8.16977  8.93970e+09  8.93977e+09  8.93978e+09  5.80827e+07  5.79946e+07 -5.80528e+07
  300.00 -8.14865  8.90336e+09  8.90346e+09  8.90349e+09  6.04685e+07  6.03746e+07 -6.04267e+07
  300.00 -8.12753  8.85696e+09  8.85709e+09  8.85714e+09  6.09330e+07  6.08355e+07 -6.08803e+07
  300.00 -8.10641  8.80157e+09  8.80173e+09  8.80180e+09  5.95686e+07  5.94697e+07 -5.95066e+07
  300.00 -8.08529  8.73913e+09  8.73931e+09  8.73939e+09  5.65366e+07  5.64382e+07 -5.64669e+07
  300.00 -8.06416  8.67222e+09  8.67240e+09  8.67249e+09  5.20529e+07  5.19569e+07 -5.19775e+07
  300.00 -8.04304  8.60382e+09  8.60402e+09  8.60411e+09  4.63732e+07  4.62812e+07 -4.62941e+07
  300.00 -8.02192  8.53711e+09  8.53731e+09  8.53740e+09  3.97770e+07  3.96905e+07 -3.96962e+07
  300.00 -8.00080  8.47512e+09  8.47531e+09  8.47541e+09  3.25527e+07  3.24728e+07 -3.24721e+07
  300.00 -7.97968  8.42054e+09  8.42072e+09  8.42082e+09  2.49846e+07  2.49121e+07 -2.49060e+07
  300.00 -7.95856  8.37550e+09  8.37567e+09  8.37576e+09  1.73431e+07  1.72785e+07 -1.72679e+07
  300.00 -7.93744  8.34142e+09  8.34157e+09  8.34165e+09  9.87709e+06  9.82087e+06 -9.80658e+06
  300.00 -7.91632  8.31892e+09  8.31905e+09  8.31912e+09  2.80908e+06  2.76133e+06 -2.74417e+06
  300.00 -7.89520  8.30779e+09  8.30790e+09  8.30796e+09 -3.66804e+06 -3.70735e+06  3.72673e+06
  300.00 -7.87407  8.30701e+09  8.30709e+09  8.30715e+09 -9.39307e+06 -9.42413e+06  9.44518e+06
  300.00 -7.85295  8.31482e+09  8.31489e+09  8.31493e+09 -1.42380e+07 -1.42611e+07  1.42834e+07
  300.00 -7.83183  8.32891e+09  8.32895e+09  8.32899e+09 -1.81093e+07 -1.81248e+07  1.81481e+07
  300.00 -7.81071  8.34650e+09  8.34653e+09  8.34655e+09 -2.09490e+07 -2.09574e+07  2.09816e+07
  300.00 -7.78959  8.36463e+09  8.36464e+09  8.36465e+09 -2.27359e+07 -2.27374e+07  2.27625e+07
  300.00 -7.76847  8.38032e+09  8.38032e+09  8.38032e+09 -2.34852e+07 -2.34804e+07  2.35063e+07
  300.00 -7.74735  8.39084e+09  8.39081e+09  8.39082e+09 -2.32484e+07 -2.32376e+07  2.32644e+07
  300.00 -7.72623  8.39384e+09  8.39381e+09  8.39380e+09 -2.21108e+07 -2.20944e+07  2.21220e+07
  300.00 -7.70511  8.38761e+09  8.38757e+09  8.38756e+09 -2.01877e+07 -2.01660e+07  2.01945e+07
  300.00 -7.68398  8.37112e+09  8.37107e+09  8.37106e+09 -1.76196e+07 -1.75929e+07  1.76221e+07
  300.00 -7.66286  8.34414e+09  8.34408e+09  8.34407e+09 -1.45653e+07 -1.45338e+07  1.45637e+07
  300.00 -7.64174  8.30719e+09  8.30713e+09  8.30712e+09 -1.11945e+07 -1.11587e+07  1.11888e+07
  300.00 -7.62062  8.26153e+09  8.26147e+09  8.26146e+09 -7.68042e+06 -7.64056e+06  7.67068e+06
  300.00 -7.59950  8.20901e+09  8.20895e+09  8.20893e+09 -4.19215e+06 -4.14866e+06  4.17832e+06
  300.00 -7.57838  8.15191e+09  8.15186e+09  8.15185e+09 -8.88224e+05 -8.41599e+05  8.70294e+05
  300.00 -7.55726  8.09281e+09  8.09276e+09  8.09274e+09  2.08863e+06  2.13783e+06 -2.11062e+06
  300.00 -7.53614  8.03431e+09  8.03427e+09  8.03425e+09  4.61534e+06  4.66648e+06 -4.64129e+06
  300.00 -7.51502  7.97891e+09  7.97888e+09  7.97886e+09  6.59085e+06  6.64320e+06 -6.62053e+06
  300.00 -7.49389  7.92882e+09  7.92879e+09  7.92877e+09  7.93714e+06  7.98990e+06 -7.97022e+06
  300.00 -7.47277  7.88581e+09  7.88579e+09  7.88576e+09  8.59933e+06  8.65162e+06 -8.63533e+06
  300.00 -7.45165  7.85110e+09  7.85108e+09  7.85105e+09  8.54504e+06  8.59597e+06 -8.58335e+06
  300.00 -7.43053  7.82531e+09  7.82530e+09  7.82527e+09  7.76354e+06  7.81216e+06 -7.80340e+06
  300.00 -7.40941  7.80844e+09  7.80844e+09  7.80840e+09  6.26477e+06  6.31016e+06 -6.30531e+06
  300.00 -7.38829  7.79986e+09  7.79987e+09  7.79982e+09  4.07861e+06  4.11987e+06 -4.11885e+06
  300.00 -7.36717  7.79838e+09  7.79839e+09  7.79834e+09  1.25417e+06  1.29046e+06 -1.29309e+06
  300.00 -7.34605  7.80234e+09  7.80235e+09  7.80229e+09 -2.14069e+06 -2.11012e+06  2.10419e+06
  300.00 -7.32492  7.80971e+09  7.80971e+09  7.80966e+09 -6.02014e+06 -5.99592e+06  5.98712e+06
  300.00 -7.30380  7.81824e+09  7.81825e+09  7.81819e+09 -1.02813e+07 -1.02640e+07  1.02528e+07
  300.00 -7.28268  7.82564e+09  7.82565e+09  7.82559e+09 -1.48061e+07 -1.47958e+07  1.47830e+07
  300.00 -7.26156  7.82968e+09  7.82969e+09  7.82962e+09 -1.94630e+07 -1.94601e+07  1.94461e+07
  300.00 -7.24044  7.82839e+09  7.82838e+09  7.82832e+09 -2.41109e+07 -2.41153e+07  2.41009e+07
  300.00 -7.21932  7.82015e+09  7.82014e+09  7.82008e+09 -2.86026e+07 -2.86139e+07  2.85997e+07
  300.00 -7.19820  7.80384e+09  7.80382e+09  7.80377e+09 -3.27891e+07 -3.28070e+07  3.27937e+07
  300.00 -7.17708  7.77888e+09  7.77886e+09  7.77882e+09 -3.65252e+07 -3.65491e+07  3.65370e+07
  300.00 -7.15596  7.74528e+09  7.74525e+09  7.74522e+09 -3.96738e+07 -3.97029e+07  3.96925e+07
  300.00 -7.13483  7.70360e+09  7.70357e+09  7.70354e+09 -4.21108e+07 -4.21442e+07  4.21359e+07
  300.00 -7.11371  7.65493e+09  7.65490e+09  7.65488e+09 -4.37294e+07 -4.37662e+07  4.37599e+07
  300.00 -7.09259  7.60079e+09  7.60075e+09  7.60075e+09 -4.44431e+07 -4.44822e+07  4.44782e+07
  300.00 -7.07147  7.54302e+09  7.54297e+09  7.54299e+09 -4.41885e+07 -4.42289e+07  4.42269e+07
  300.00 -7.05035  7.48363e+09  7.48359e+09  7.48362e+09 -4.29262e+07 -4.29668e+07  4.29666e+07
  300.00 -7.02923  7.42472e+09  7.42467e+09  7.42471e+09 -4.06416e+07 -4.06815e+07  4.06828e+07
  300.00 -7.00811  7.36829e+09  7.36824e+09  7.36829e+09 -3.73447e+07 -3.73829e+07  3.73853e+07
  300.00 -6.98699  7.31614e+09  7.31609e+09  7.31616e+09 -3.30692e+07 -3.31047e+07  3.31077e+07
  300.00 -6.96587  7.26980e+09  7.26976e+09  7.26983e+09 -2.78712e+07 -2.79034e+07  2.79066e+07
  300.00 -6.94474  7.23042e+09  7.23037e+09  7.23045e+09 -2.18286e+07 -2.18569e+07  2.18596e+07
  300.00 -6.92362  7.19870e+09  7.19866e+09  7.19874e+09 -1.50393e+07 -1.50631e+07  1.50649e+07
  300.00 -6.90250  7.17492e+09  7.17488e+09  7.17497e+09 -7.62032e+06 -7.63928e+06  7.63983e+06
  300.00 -6.88138  7.15889e+09  7.15885e+09  7.15894e+09  2.93498e+05  2.79634e+05 -2.80776e+05
  300.00 -6.86026  7.15000e+09  7.14997e+09  7.15005e+09  8.55115e+06  8.54250e+06 -8.54563e+06
  300.00 -6.83914  7.14726e+09  7.14723e+09  7.14731e+09  1.69874e+07  1.69839e+07 -1.69892e+07
  300.00 -6.81802  7.14936e+09  7.14934e+09  7.14942e+09  2.54252e+07  2.54268e+07 -2.54345e+07
  300.00 -6.79690  7.15478e+09  7.15476e+09  7.15483e+09  3.36798e+07  3.36862e+07 -3.36961e+07
  300.00 -6.77578  7.16185e+09  7.16184e+09  7.16190e+09  4.15624e+07  4.15732e+07 -4.15853e+07
  300.00 -6.75465  7.16887e+09  7.16886e+09  7.16891e+09  4.88858e+07  4.89007e+07 -4.89147e+07
  300.00 -6.73353  7.17423e+09  7.17422e+09  7.17426e+09  5.54705e+07  5.54888e+07 -5.55044e+07
  300.00 -6.71241  7.17645e+09  7.17645e+09  7.17647e+09  6.11503e+07  6.11716e+07 -6.11884e+07
  300.00 -6.69129  7.17434e+09  7.17434e+09  7.17435e+09  6.57792e+07  6.58029e+07 -6.58205e+07
  300.00 -6.67017  7.16701e+09  7.16702e+09  7.16702e+09  6.92364e+07  6.92618e+07 -6.92797e+07
  300.00 -6.64905  7.15397e+09  7.15398e+09  7.15396e+09  7.14311e+07  7.14577e+07 -7.14753e+07
  300.00 -6.62793  7.13507e+09  7.13509e+09  7.13506e+09  7.23059e+07  7.23331e+07 -7.23500e+07
  300.00 -6.60681  7.11061e+09  7.11062e+09  7.11058e+09  7.18382e+07  7.18654e+07 -7.18811e+07
  300.00 -6.58569  7.08120e+09  7.08122e+09  7.08117e+09  7.00402e+07  7.00669e+07 -7.00809e+07
  300.00 -6.56456  7.04780e+09  7.04782e+09  7.04776e+09  6.69572e+07  6.69830e+07 -6.69951e+07
  300.00 -6.54344  7.01159e+09  7.01162e+09  7.01155e+09  6.26649e+07  6.26894e+07 -6.26992e+07
  300.00 -6.52232  6.97392e+09  6.97395e+09  6.97388e+09  5.72646e+07  5.72875e+07 -5.72949e+07
  300.00 -6.50120  6.93623e+09  6.93626e+09  6.93618e+09  5.08790e+07  5.09002e+07 -5.09049e+07
  300.00 -6.48008  6.89992e+09  6.89996e+09  6.89988e+09  4.36471e+07  4.36662e+07 -4.36683e+07
  300.00 -6.45896  6.86631e+09  6.86635e+09  6.86627e+09  3.57189e+07  3.57358e+07 -3.57353e+07
  300.00 -6.43784  6.83656e+09  6.83660e+09  6.83652e+09  2.72514e+07  2.72660e+07 -2.72630e+07
  300.00 -6.41672  6.81157e+09  6.81161e+09  6.81154e+09  1.84044e+07  1.84166e+07 -1.84112e+07
  300.00 -6.39560  6.79197e+09  6.79202e+09  6.79194e+09  9.33766e+06  9.34740e+06 -9.33983e+06
  300.00 -6.37447  6.77807e+09  6.77812e+09  6.77805e+09  2.08250e+05  2.15472e+05 -2.05949e+05
  300.00 -6.35335  6.76985e+09  6.76991e+09  6.76985e+09 -8.83120e+06 -8.82654e+06  8.83778e+06
  300.00 -6.33223  6.76698e+09  6.76704e+09  6.76699e+09 -1.76340e+07 -1.76320e+07  1.76447e+07
  300.00 -6.31111  6.76881e+09  6.76887e+09  6.76883e+09 -2.60608e+07 -2.60613e+07  2.60752e+07
  300.00 -6.28999  6.77440e+09  6.77446e+09  6.77443e+09 -3.39803e+07 -3.39835e+07  3.39984e+07
  300.00 -6.26887  6.78260e+09  6.78267e+09  6.78265e+09 -4.12714e+07 -4.12772e+07  4.12928e+07
  300.00 -6.24775  6.79211e+09  6.79218e+09  6.79217e+09 -4.78236e+07 -4.78321e+07  4.78482e+07
  300.00 -6.22663  6.80152e+09  6.80158e+09  6.80158e+09 -5.35396e+07 -5.35507e+07  5.35672e+07
  300.00 -6.20551  6.80939e+09  6.80945e+09  6.80946e+09 -5.83363e+07 -5.83501e+07  5.83666e+07
  300.00 -6.18438  6.81435e+09  6.81441e+09  6.81443e+09 -6.21471e+07 -6.21634e+07  6.21799e+07
  300.00 -6.16326  6.81515e+09  6.81521e+09  6.81524e+09 -6.49229e+07 -6.49416e+07  6.49579e+07
  300.00 -6.14214  6.81074e+09  6.81080e+09  6.81084e+09 -6.66338e+07 -6.66547e+07  6.66707e+07
  300.00 -6.12102  6.80032e+09  6.80037e+09  6.80042e+09 -6.72696e+07 -6.72925e+07  6.73081e+07
  300.00 -6.09990  6.78338e+09  6.78342e+09  6.78348e+09 -6.68401e+07 -6.68648e+07  6.68799e+07
  300.00 -6.07878  6.75971e+09  6.75975e+09  6.75981e+09 -6.53748e+07 -6.54010e+07  6.54155e+07
  300.00 -6.05766  6.72944e+09  6.72947e+09  6.72954e+09 -6.29217e+07 -6.29491e+07  6.29628e+07
  300.00 -6.03654  6.69301e+09  6.69303e+09  6.69310e+09 -5.95457e+07 -5.95739e+07  5.95867e+07
  300.00 -6.01542  6.65111e+09  6.65113e+09  6.65120e+09 -5.53265e+07 -5.53551e+07  5.53668e+07
  300.00 -5.99429  6.60470e+09  6.60470e+09  6.60477e+09 -5.03557e+07 -5.03843e+07  5.03949e+07
  300.00 -5.97317  6.55487e+09  6.55487e+09  6.55493e+09 -4.47349e+07 -4.47631e+07  4.47723e+07
  300.00 -5.95205  6.50286e+09  6.50285e+09  6.50291e+09 -3.85721e+07 -3.85994e+07  3.86072e+07
  300.00 -5.93093  6.44994e+09  6.44992e+09  6.44998e+09 -3.19795e+07 -3.20055e+07  3.20117e+07
  300.00 -5.90981  6.39735e+09  6.39732e+09  6.39737e+09 -2.50710e+07 -2.50953e+07  2.50997e+07
  300.00 -5.88869  6.34624e+09  6.34621e+09  6.34626e+09 -1.79602e+07 -1.79824e+07  1.79849e+07
  300.00 -5.86757  6.29764e+09  6.29760e+09  6.29764e+09 -1.07586e+07 -1.07785e+07  1.07789e+07
  300.00 -5.84645  6.25236e+09  6.25231e+09  6.25235e+09 -3.57465e+06 -3.59185e+06  3.59008e+06
  300.00 -5.82533  6.21099e+09  6.21094e+09  6.21096e+09  3.48772e+06  3.47346e+06 -3.47753e+06
  300.00 -5.80420  6.17388e+09  6.17382e+09  6.17384e+09  1.03294e+07  1.03183e+07 -1.03247e+07
  300.00 -5.78308  6.14108e+09  6.14102e+09  6.14103e+09  1.68567e+07  1.68489e+07 -1.68578e+07
  300.00 -5.76196  6.11242e+09  6.11236e+09  6.11236e+09  2.29820e+07  2.29776e+07 -2.29889e+07
  300.00 -5.74084  6.08745e+09  6.08738e+09  6.08737e+09  2.86243e+07  2.86233e+07 -2.86371e+07
  300.00 -5.71972  6.06547e+09  6.06540e+09  6.06538e+09  3.37097e+07  3.37122e+07 -3.37283e+07
  300.00 -5.69860  6.04560e+09  6.04553e+09  6.04551e+09  3.81728e+07  3.81786e+07 -3.81969e+07
  300.00 -5.67748  6.02680e+09  6.02673e+09  6.02671e+09  4.19572e+07  4.19663e+07 -4.19866e+07
  300.00 -5.65636  6.00791e+09  6.00784e+09  6.00781e+09  4.50174e+07  4.50296e+07 -4.50518e+07
  300.00 -5.63524  5.98770e+09  5.98763e+09  5.98759e+09  4.73198e+07  4.73349e+07 -4.73586e+07
  300.00 -5.61411  5.96492e+09  5.96486e+09  5.96481e+09  4.88441e+07  4.88617e+07 -4.88867e+07
  300.00 -5.59299  5.93839e+09  5.93833e+09  5.93829e+09  4.95841e+07  4.96042e+07 -4.96300e+07
  300.00 -5.57187  5.90701e+09  5.90696e+09  5.90691e+09  4.95492e+07  4.95713e+07 -4.95977e+07
  300.00 -5.55075  5.86983e+09  5.86977e+09  5.86972e+09  4.87640e+07  4.87878e+07 -4.88142e+07
  300.00 -5.52963  5.82605e+09  5.82600e+09  5.82595e+09  4.72684e+07  4.72936e+07 -4.73196e+07
  300.00 -5.50851  5.77512e+09  5.77508e+09  5.77502e+09  4.51168e+07  4.51431e+07 -4.51682e+07
  300.00 -5.48739  5.71669e+09  5.71665e+09  5.71660e+09  4.23767e+07  4.24036e+07 -4.24275e+07
  300.00 -5.46627  5.65065e+09  5.65061e+09  5.65056e+09  3.91266e+07  3.91539e+07 -3.91760e+07
  300.00 -5.44515  5.57709e+09  5.57707e+09  5.57701e+09  3.54538e+07  3.54810e+07 -3.55010e+07
  300.00 -5.42402  5.49635e+09  5.49633e+09  5.49628e+09  3.14513e+07  3.14781e+07 -3.14956e+07
  300.00 -5.40290  5.40890e+09  5.40888e+09  5.40883e+09  2.72154e+07  2.72416e+07 -2.72563e+07
  300.00 -5.38178  5.31536e+09  5.31536e+09  5.31531e+09  2.28424e+07  2.28677e+07 -2.28793e+07
  300.00 -5.36066  5.21648e+09  5.21647e+09  5.21643e+09  1.84262e+07  1.84502e+07 -1.84586e+07
  300.00 -5.33954  5.11301e+09  5.11301e+09  5.11297e+09  1.40554e+07  1.40779e+07 -1.40829e+07
  300.00 -5.31842  5.00574e+09  5.00574e+09  5.00571e+09  9.81148e+06  9.83233e+06 -9.83382e+06
  300.00 -5.29730  4.89541e+09  4.89542e+09  4.89540e+09  5.76726e+06  5.78624e+06 -5.78427e+06
  300.00 -5.27618  4.78270e+09  4.78272e+09  4.78270e+09  1.98547e+06  2.00244e+06 -1.99705e+06
  300.00 -5.25506  4.66818e+09  4.66819e+09  4.66818e+09 -1.48182e+06 -1.46700e+06  1.47566e+06
  300.00 -5.23393  4.55227e+09  4.55230e+09  4.55228e+09 -4.59355e+06 -4.58096e+06  4.59273e+06
  300.00 -5.21281  4.43529e+09  4.43532e+09  4.43531e+09 -7.31955e+06 -7.30927e+06  7.32391e+06
  300.00 -5.19169  4.31739e+09  4.31742e+09  4.31742e+09 -9.64028e+06 -9.63233e+06  9.64956e+06
  300.00 -5.17057  4.19859e+09  4.19862e+09  4.19863e+09 -1.15462e+07 -1.15406e+07  1.15601e+07
  300.00 -5.14945  4.07877e+09  4.07880e+09  4.07881e+09 -1.30370e+07 -1.30337e+07  1.30552e+07
  300.00 -5.12833  3.95771e+09  3.95775e+09  3.95777e+09 -1.41211e+07 -1.41201e+07  1.41431e+07
  300.00 -5.10721  3.83514e+09  3.83518e+09  3.83520e+09 -1.48144e+07 -1.48156e+07  1.48398e+07
  300.00 -5.08609  3.71072e+09  3.71076e+09  3.71078e+09 -1.51397e+07 -1.51430e+07  1.51679e+07
  300.00 -5.06496  3.58411e+09  3.58415e+09  3.58418e+09 -1.51256e+07 -1.51308e+07  1.51562e+07
  300.00 -5.04384  3.45501e+09  3.45505e+09  3.45508e+09 -1.48057e+07 -1.48127e+07  1.48381e+07
  300.00 -5.02272  3.32320e+09  3.32324e+09  3.32327e+09 -1.42176e+07 -1.42262e+07  1.42512e+07
  300.00 -5.00160  3.18855e+09  3.18859e+09  3.18863e+09 -1.34019e+07 -1.34120e+07  1.34362e+07
  300.00 -4.98048  3.05109e+09  3.05113e+09  3.05117e+09 -1.24012e+07 -1.24125e+07  1.24357e+07
  300.00 -4.95936  2.91101e+09  2.91105e+09  2.91109e+09 -1.12589e+07 -1.12711e+07  1.12931e+07
  300.00 -4.93824  2.76868e+09  2.76872e+09  2.76875e+09 -1.00182e+07 -1.00312e+07  1.00516e+07
  300.00 -4.91712  2.62464e+09  2.62468e+09  2.62471e+09 -8.72103e+06 -8.73457e+06  8.75317e+06
  300.00 -4.89600  2.47963e+09  2.47966e+09  2.47970e+09 -7.40664e+06 -7.42050e+06  7.43718e+06
  300.00 -4.87487  2.33454e+09  2.33457e+09  2.33460e+09 -6.11081e+06 -6.12478e+06  6.13944e+06
  300.00 -4.85375  2.19040e+09  2.19043e+09  2.19046e+09 -4.86455e+06 -4.87842e+06  4.89100e+06
  300.00 -4.83263  2.04836e+09  2.04839e+09  2.04842e+09 -3.69289e+06 -3.70648e+06  3.71697e+06
  300.00 -4.81151  1.90965e+09  1.90968e+09  1.90970e+09 -2.61345e+06 -2.62658e+06  2.63500e+06
  300.00 -4.79039  1.77555e+09  1.77557e+09  1.77560e+09 -1.63441e+06 -1.64694e+06  1.65336e+06
  300.00 -4.76927  1.64740e+09  1.64742e+09  1.64744e+09 -7.51745e+05 -7.63525e+05  7.68029e+05
  300.00 -4.74815  1.52661e+09  1.52663e+09  1.52664e+09  5.47277e+04  4.38215e+04 -4.11273e+04
  300.00 -4.72703  1.41472e+09  1.41473e+09  1.41475e+09  8.25313e+05  8.15400e+05 -8.14404e+05
  300.00 -4.70591  1.31346e+09  1.31347e+09  1.31347e+09  1.62054e+06  1.61173e+06 -1.61232e+06
  300.00 -4.68478  1.22471e+09  1.22472e+09  1.22472e+09  2.50713e+06  2.49945e+06 -2.50149e+06
  300.00 -4.66366  1.15024e+09  1.15024e+09  1.15023e+09  3.51326e+06  3.50656e+06 -3.50989e+06
  300.00 -4.64254  1.09082e+09  1.09081e+09  1.09079e+09  4.54342e+06  4.53721e+06 -4.54150e+06
  300.00 -4.62142  1.04491e+09  1.04490e+09  1.04486e+09  5.28303e+06  5.27641e+06 -5.28119e+06
  300.00 -4.60030  1.00790e+09  1.00790e+09  1.00786e+09  5.19524e+06  5.18717e+06 -5.19190e+06
  300.00 -4.57918  9.73725e+08  9.73715e+08  9.73685e+08  3.73875e+06  3.72887e+06 -3.73326e+06
  300.00 -4.55806  9.39315e+08  9.39306e+08  9.39299e+08  7.76711e+05  7.65930e+05 -7.70221e+05
  300.00 -4.53694  9.08559e+08  9.08554e+08  9.08579e+08 -3.14724e+06 -3.15708e+06  3.15233e+06
  300.00 -4.51582  8.90423e+08  8.90421e+08  8.90476e+08 -6.97298e+06 -6.98036e+06  6.97485e+06
  300.00 -4.49469  8.91746e+08  8.91750e+08  8.91824e+08 -9.56483e+06 -9.56939e+06  9.56338e+06
  300.00 -4.47357  9.11456e+08  9.11464e+08  9.11545e+08 -1.00644e+07 -1.00667e+07  1.00608e+07
  300.00 -4.45245  9.41398e+08  9.41411e+08  9.41487e+08 -8.12582e+06 -8.12664e+06  8.12145e+06
  300.00 -4.43133  9.72533e+08  9.72549e+08  9.72612e+08 -4.13103e+06 -4.13083e+06  4.12660e+06
  300.00 -4.41021  1.00081e+09  1.00083e+09  1.00087e+09  7.52201e+05  7.52931e+05 -7.56100e+05
  300.00 -4.38909  1.02813e+09  1.02815e+09  1.02817e+09  4.84410e+06  4.84450e+06 -4.84641e+06
  300.00 -4.36797  1.05915e+09  1.05917e+09  1.05917e+09  6.52031e+06  6.51915e+06 -6.51942e+06
  300.00 -4.34685  1.09853e+09  1.09854e+09  1.09850e+09  4.83910e+06  4.83529e+06 -4.83361e+06
  300.00 -4.32573  1.15156e+09  1.15156e+09  1.15149e+09 -1.06068e+05 -1.12900e+05  1.16481e+05
  300.00 -4.30460  1.22627e+09  1.22625e+09  1.22614e+09 -7.35291e+06 -7.36218e+06  7.36707e+06
  300.00 -4.28348  1.33135e+09  1.33132e+09  1.33117e+09 -1.55444e+07 -1.55547e+07  1.55598e+07
  300.00 -4.26236  1.46859e+09  1.46855e+09  1.46836e+09 -2.31837e+07 -2.31930e+07  2.31971e+07
  300.00 -4.24124  1.62530e+09  1.62524e+09  1.62504e+09 -2.86334e+07 -2.86394e+07  2.86409e+07
  300.00 -4.22012  1.77503e+09  1.77498e+09  1.77477e+09 -3.03952e+07 -3.03954e+07  3.03931e+07
  300.00 -4.19900  1.88897e+09  1.88892e+09  1.88872e+09 -2.78077e+07 -2.77999e+07  2.77931e+07
  300.00 -4.17788  1.95051e+09  1.95046e+09  1.95030e+09 -2.15344e+07 -2.15174e+07  2.15060e+07
  300.00 -4.15676  1.96292e+09  1.96287e+09  1.96274e+09 -1.32876e+07 -1.32610e+07  1.32456e+07
  300.00 -4.13564  1.94619e+09  1.94614e+09  1.94606e+09 -4.97752e+06 -4.94177e+06  4.92352e+06
  300.00 -4.11451  1.92766e+09  1.92761e+09  1.92758e+09  2.08240e+06  2.12637e+06 -2.14639e+06
  300.00 -4.09339  1.93267e+09  1.93262e+09  1.93264e+09  7.46558e+06  7.51670e+06 -7.53761e+06
  300.00 -4.07227  1.97886e+09  1.97881e+09  1.97887e+09  1.14135e+07  1.14707e+07 -1.14918e+07
  300.00 -4.05115  2.07399e+09  2.07395e+09  2.07404e+09  1.43947e+07  1.44569e+07 -1.44778e+07
  300.00 -4.03003  2.21589e+09  2.21586e+09  2.21597e+09  1.67270e+07  1.67928e+07 -1.68128e+07
  300.00 -4.00891  2.39325e+09  2.39323e+09  2.39334e+09  1.84010e+07  1.84684e+07 -1.84869e+07
  300.00 -3.98779  2.58754e+09  2.58753e+09  2.58764e+09  1.91277e+07  1.91943e+07 -1.92102e+07
  300.00 -3.96667  2.77641e+09  2.77641e+09  2.77651e+09  1.85462e+07  1.86089e+07 -1.86212e+07
  300.00 -3.94555  2.93836e+09  2.93837e+09  2.93845e+09  1.64689e+07  1.65248e+07 -1.65321e+07
  300.00 -3.92442  3.05738e+09  3.05742e+09  3.05747e+09  1.30307e+07  1.30767e+07 -1.30782e+07
  300.00 -3.90330  3.12617e+09  3.12623e+09  3.12625e+09  8.67597e+06  8.71002e+06 -8.70518e+06
  300.00 -3.88218  3.14669e+09  3.14676e+09  3.14676e+09  4.02065e+06  4.04144e+06 -4.03054e+06
  300.00 -3.86106  3.12838e+09  3.12846e+09  3.12845e+09 -3.22105e+05 -3.14774e+05  3.30882e+05
  300.00 -3.83994  3.08498e+09  3.08507e+09  3.08506e+09 -3.87213e+06 -3.87747e+06  3.89739e+06
  300.00 -3.81882  3.03123e+09  3.03133e+09  3.03131e+09 -6.33877e+06 -6.35521e+06  6.37727e+06
  300.00 -3.79770  2.98029e+09  2.98039e+09  2.98036e+09 -7.61604e+06 -7.64149e+06  7.66392e+06
  300.00 -3.77658  2.94237e+09  2.94245e+09  2.94243e+09 -7.74523e+06 -7.77731e+06  7.79846e+06
  300.00 -3.75546  2.92420e+09  2.92428e+09  2.92426e+09 -6.86955e+06 -6.90589e+06  6.92431e+06
  300.00 -3.73433  2.92922e+09  2.92928e+09  2.92926e+09 -5.19407e+06 -5.23237e+06  5.24694e+06
  300.00 -3.71321  2.95779e+09  2.95784e+09  2.95782e+09 -2.95388e+06 -2.99210e+06  3.00204e+06
  300.00 -3.69209  3.00758e+09  3.00761e+09  3.00759e+09 -3.89367e+05 -4.25742e+05  4.30600e+05
  300.00 -3.67097  3.07382e+09  3.07383e+09  3.07381e+09  2.27441e+06  2.24132e+06 -2.24162e+06
  300.00 -3.64985  3.14967e+09  3.14966e+09  3.14964e+09  4.84521e+06  4.81649e+06 -4.82169e+06
  300.00 -3.62873  3.22684e+09  3.22682e+09  3.22680e+09  7.17747e+06  7.15387e+06 -7.16341e+06
  300.00 -3.60761  3.29647e+09  3.29643e+09  3.29642e+09  9.18023e+06  9.16211e+06 -9.17518e+06
  300.00 -3.58649  3.35025e+09  3.35021e+09  3.35020e+09  1.08164e+07  1.08038e+07 -1.08194e+07
  300.00 -3.56537  3.38162e+09  3.38158e+09  3.38158e+09  1.20928e+07  1.20854e+07 -1.21026e+07
  300.00 -3.54424  3.38675e+09  3.38670e+09  3.38671e+09  1.30432e+07  1.30404e+07 -1.30581e+07
  300.00 -3.52312  3.36496e+09  3.36491e+09  3.36493e+09  1.37092e+07  1.37101e+07 -1.37276e+07
  300.00 -3.50200  3.31860e+09  3.31855e+09  3.31859e+09  1.41248e+07  1.41285e+07 -1.41449e+07
  300.00 -3.48088  3.25231e+09  3.25227e+09  3.25232e+09  1.43087e+07  1.43143e+07 -1.43292e+07
  300.00 -3.45976  3.17202e+09  3.17199e+09  3.17205e+09  1.42651e+07  1.42715e+07 -1.42847e+07
  300.00 -3.43864  3.08378e+09  3.08375e+09  3.08381e+09  1.39903e+07  1.39967e+07 -1.40080e+07
  300.00 -3.41752  2.99286e+09  2.99284e+09  2.99290e+09  1.34815e+07  1.34873e+07 -1.34968e+07
  300.00 -3.39640  2.90319e+09  2.90317e+09  2.90324e+09  1.27448e+07  1.27495e+07 -1.27574e+07
  300.00 -3.37528  2.81714e+09  2.81713e+09  2.81719e+09  1.17995e+07  1.18029e+07 -1.18094e+07
  300.00 -3.35415  2.73561e+09  2.73560e+09  2.73566e+09  1.06782e+07  1.06804e+07 -1.06857e+07
  300.00 -3.33303  2.65833e+09  2.65833e+09  2.65838e+09  9.42450e+06  9.42562e+06 -9.42999e+06
  300.00 -3.31191  2.58425e+09  2.58425e+09  2.58429e+09  8.08779e+06  8.08827e+06 -8.09191e+06
  300.00 -3.29079  2.51190e+09  2.51191e+09  2.51194e+09  6.71827e+06  6.71859e+06 -6.72164e+06
  300.00 -3.26967  2.43969e+09  2.43970e+09  2.43972e+09  5.36233e+06  5.36293e+06 -5.36552e+06
  300.00 -3.24855  2.36608e+09  2.36610e+09  2.36610e+09  4.05977e+06  4.06101e+06 -4.06320e+06
  300.00 -3.22743  2.28972e+09  2.28973e+09  2.28973e+09  2.84315e+06  2.84524e+06 -2.84704e+06
  300.00 -3.20631  2.20941e+09  2.20943e+09  2.20942e+09  1.73862e+06  1.74156e+06 -1.74296e+06
  300.00 -3.18519  2.12418e+09  2.12420e+09  2.12419e+09  7.67593e+05  7.71200e+05 -7.72131e+05
  300.00 -3.16406  2.03323e+09  2.03325e+09  2.03323e+09 -5.19504e+04 -4.80545e+04  4.76657e+04
  300.00 -3.14294  1.93602e+09  1.93604e+09  1.93602e+09 -7.05302e+05 -7.01620e+05  7.01847e+05
  300.00 -3.12182  1.83235e+09  1.83236e+09  1.83236e+09 -1.18221e+06 -1.17930e+06  1.18020e+06
  300.00 -3.10070  1.72250e+09  1.72251e+09  1.72250e+09 -1.47899e+06 -1.47742e+06  1.47903e+06
  300.00 -3.07958  1.60736e+09  1.60737e+09  1.60737e+09 -1.60066e+06 -1.60089e+06  1.60321e+06
  300.00 -3.05846  1.48863e+09  1.48863e+09  1.48864e+09 -1.56186e+06 -1.56426e+06  1.56725e+06
  300.00 -3.03734  1.36879e+09  1.36879e+09  1.36880e+09 -1.38691e+06 -1.39171e+06  1.39532e+06
  300.00 -3.01622  1.25106e+09  1.25106e+09  1.25107e+09 -1.11266e+06 -1.11996e+06  1.12413e+06
  300.00 -2.99510  1.13875e+09  1.13875e+09  1.13876e+09 -8.04377e+05 -8.14159e+05  8.18801e+05
  300.00 -2.97397  1.03409e+09  1.03409e+09  1.03410e+09 -5.92260e+05 -6.04333e+05  6.09317e+05
  300.00 -2.95285  9.36886e+08  9.36877e+08  9.36887e+08 -6.95664e+05 -7.09530e+05  7.14615e+05
  300.00 -2.93173  8.44376e+08  8.44366e+08  8.44375e+08 -1.33150e+06 -1.34626e+06  1.35108e+06
  300.00 -2.91061  7.53734e+08  7.53723e+08  7.53731e+08 -2.45860e+06 -2.47306e+06  2.47729e+06
  300.00 -2.88949  6.65110e+08  6.65099e+08  6.65107e+08 -3.60703e+06 -3.62016e+06  3.62373e+06
  300.00 -2.86837  5.81417e+08  5.81408e+08  5.81415e+08 -4.14137e+06 -4.15267e+06  4.15588e+06
  300.00 -2.84725  5.04955e+08  5.04947e+08  5.04954e+08 -3.77294e+06 -3.78252e+06  3.78579e+06
  300.00 -2.82613  4.35487e+08  4.35480e+08  4.35487e+08 -2.75622e+06 -2.76447e+06  2.76800e+06
  300.00 -2.80501  3.71709e+08  3.71703e+08  3.71708e+08 -1.63686e+06 -1.64416e+06  1.64780e+06
  300.00 -2.78388  3.13474e+08  3.13468e+08  3.13472e+08 -8.80442e+05 -8.87066e+05  8.90372e+05
  300.00 -2.76276  2.62124e+08  2.62118e+08  2.62122e+08 -6.65196e+05 -6.71302e+05  6.73829e+05
  300.00 -2.74164  2.18993e+08  2.18986e+08  2.18990e+08 -8.93210e+05 -8.98947e+05  9.00392e+05
  300.00 -2.72052  1.83879e+08  1.83871e+08  1.83875e+08 -1.32482e+06 -1.33032e+06  1.33059e+06
  300.00 -2.69940  1.54859e+08  1.54850e+08  1.54853e+08 -1.71313e+06 -1.71847e+06  1.71766e+06
  300.00 -2.67828  1.29372e+08  1.29363e+08  1.29365e+08 -1.88521e+06 -1.89033e+06  1.88870e+06
  300.00 -2.65716  1.05620e+08  1.05611e+08  1.05613e+08 -1.77937e+06 -1.78411e+06  1.78199e+06
  300.00 -2.63604  8.33337e+07  8.33250e+07  8.33263e+07 -1.44509e+06 -1.44925e+06  1.44698e+06
  300.00 -2.61491  6.34810e+07  6.34736e+07  6.34747e+07 -1.00058e+06 -1.00403e+06  1.00190e+06
  300.00 -2.59379  4.72819e+07  4.72760e+07  4.72771e+07 -5.67013e+05 -5.69751e+05  5.67932e+05
  300.00 -2.57267  3.53374e+07  3.53330e+07  3.53342e+07 -2.19008e+05 -2.21129e+05  2.19664e+05
  300.00 -2.55155  2.74081e+07  2.74050e+07  2.74065e+07  2.52283e+04  2.35656e+04 -2.47226e+04
  300.00 -2.53043  2.27220e+07  2.27199e+07  2.27216e+07  1.83209e+05  1.81842e+05 -1.82778e+05
  300.00 -2.50931  2.03819e+07  2.03806e+07  2.03824e+07  2.81620e+05  2.80405e+05 -2.81218e+05
  300.00 -2.48819  1.95986e+07  1.95980e+07  1.96001e+07  3.40871e+05  3.39697e+05 -3.40480e+05
  300.00 -2.46707  1.97530e+07  1.97531e+07  1.97554e+07  3.72655e+05  3.71439e+05 -3.72276e+05
  300.00 -2.44595  2.04025e+07  2.04032e+07  2.04058e+07  3.83837e+05  3.82523e+05 -3.83484e+05
  300.00 -2.42482  2.12982e+07  2.12996e+07  2.13024e+07  3.80419e+05  3.78976e+05 -3.80107e+05
  300.00 -2.40370  2.24068e+07  2.24087e+07  2.24117e+07  3.69360e+05  3.67773e+05 -3.69095e+05
  300.00 -2.38258  2.39085e+07  2.39110e+07  2.39140e+07  3.58822e+05  3.57082e+05 -3.58593e+05
  300.00 -2.36146  2.61699e+07  2.61729e+07  2.61759e+07  3.57972e+05  3.56061e+05 -3.57744e+05
  300.00 -2.34034  2.97067e+07  2.97102e+07  2.97131e+07  3.76969e+05  3.74858e+05 -3.76692e+05
  300.00 -2.31922  3.51487e+07  3.51528e+07  3.51555e+07  4.27183e+05  4.24832e+05 -4.26788e+05
  300.00 -2.29810  4.31891e+07  4.31936e+07  4.31960e+07  5.20945e+05  5.18312e+05 -5.20359e+05
  300.00 -2.27698  5.44829e+07  5.44879e+07  5.44900e+07  6.69756e+05  6.66815e+05 -6.68909e+05
  300.00 -2.25586  6.94770e+07  6.94824e+07  6.94840e+07  8.80339e+05  8.77099e+05 -8.79190e+05
  300.00 -2.23473  8.82015e+07  8.82072e+07  8.82083e+07  1.14957e+06  1.14609e+06 -1.14813e+06
  300.00 -2.21361  1.10114e+08  1.10120e+08  1.10120e+08  1.46092e+06  1.45732e+06 -1.45929e+06
  300.00 -2.19249  1.34096e+08  1.34102e+08  1.34102e+08  1.78512e+06  1.78158e+06 -1.78348e+06
  300.00 -2.17137  1.58653e+08  1.58658e+08  1.58658e+08  2.08593e+06  2.08264e+06 -2.08452e+06
  300.00 -2.15025  1.82275e+08  1.82280e+08  1.82281e+08  2.32893e+06  2.32611e+06 -2.32805e+06
  300.00 -2.12913  2.03837e+08  2.03842e+08  2.03842e+08  2.48996e+06  2.48780e+06 -2.48989e+06
  300.00 -2.10801  2.22889e+08  2.22893e+08  2.22894e+08  2.55975e+06  2.55839e+06 -2.56069e+06
  300.00 -2.08689  2.39765e+08  2.39768e+08  2.39770e+08  2.54366e+06  2.54321e+06 -2.54576e+06
  300.00 -2.06577  2.55478e+08  2.55480e+08  2.55483e+08  2.45762e+06  2.45811e+06 -2.46092e+06
  300.00 -2.04464  2.71498e+08  2.71499e+08  2.71502e+08  2.32243e+06  2.32388e+06 -2.32689e+06
  300.00 -2.02352  2.89469e+08  2.89470e+08  2.89473e+08  2.15901e+06  2.16140e+06 -2.16453e+06
  300.00 -2.00240  3.10969e+08  3.10968e+08  3.10972e+08  1.98575e+06  1.98905e+06 -1.99218e+06
  300.00 -1.98128  3.37318e+08  3.37317e+08  3.37321e+08  1.81838e+06  1.82251e+06 -1.82549e+06
  300.00 -1.96016  3.69456e+08  3.69455e+08  3.69459e+08  1.67150e+06  1.67639e+06 -1.67906e+06
  300.00 -1.93904  4.07871e+08  4.07869e+08  4.07873e+08  1.56090e+06  1.56645e+06 -1.56862e+06
  300.00 -1.91792  4.52577e+08  4.52575e+08  4.52579e+08  1.50525e+06  1.51135e+06 -1.51282e+06
  300.00 -1.89680  5.03166e+08  5.03164e+08  5.03168e+08  1.52639e+06  1.53290e+06 -1.53348e+06
  300.00 -1.87568  5.58914e+08  5.58912e+08  5.58915e+08  1.64760e+06  1.65436e+06 -1.65390e+06
  300.00 -1.85455  6.18960e+08  6.18958e+08  6.18960e+08  1.88998e+06  1.89686e+06 -1.89523e+06
  300.00 -1.83343  6.82516e+08  6.82514e+08  6.82515e+08  2.26761e+06  2.27449e+06 -2.27162e+06
  300.00 -1.81231  7.49078e+08  7.49076e+08  7.49076e+08  2.78254e+06  2.78932e+06 -2.78520e+06
  300.00 -1.79119  8.18606e+08  8.18602e+08  8.18602e+08  3.42059e+06  3.42720e+06 -3.42191e+06
  300.00 -1.77007  8.91644e+08  8.91640e+08  8.91639e+08  4.14864e+06  4.15505e+06 -4.14873e+06
  300.00 -1.74895  9.69405e+08  9.69400e+08  9.69398e+08  4.91269e+06  4.91888e+06 -4.91172e+06
  300.00 -1.72783  1.05382e+09  1.05382e+09  1.05381e+09  5.63468e+06  5.64064e+06 -5.63289e+06
  300.00 -1.70671  1.14762e+09  1.14761e+09  1.14761e+09  6.20407e+06  6.20978e+06 -6.20173e+06
  300.00 -1.68559  1.25436e+09  1.25435e+09  1.25434e+09  6.46147e+06  6.46685e+06 -6.45881e+06
  300.00 -1.66446  1.37831e+09  1.37829e+09  1.37829e+09  6.18738e+06  6.19231e+06 -6.18461e+06
  300.00 -1.64334  1.52368e+09  1.52367e+09  1.52366e+09  5.15891e+06  5.16323e+06 -5.15624e+06
  300.00 -1.62222  1.69267e+09  1.69265e+09  1.69265e+09  3.38191e+06  3.38557e+06 -3.37972e+06
  300.00 -1.60110  1.88273e+09  1.88271e+09  1.88271e+09  1.43278e+06  1.43609e+06 -1.43189e+06
  300.00 -1.57998  2.08596e+09  2.08593e+09  2.08593e+09  3.26766e+05  3.30468e+05 -3.28340e+05
  300.00 -1.55886  2.29338e+09  2.29335e+09  2.29335e+09  3.94666e+05  3.99506e+05 -3.99477e+05
  300.00 -1.53774  2.50061e+09  2.50058e+09  2.50058e+09  3.34969e+05  3.40954e+05 -3.42366e+05
  300.00 -1.51662  2.70684e+09  2.70681e+09  2.70681e+09 -1.69421e+06 -1.68784e+06  1.68629e+06
  300.00 -1.49550  2.90833e+09  2.90830e+09  2.90830e+09 -5.99006e+06 -5.98409e+06  5.98395e+06
  300.00 -1.47437  3.09600e+09  3.09598e+09  3.09597e+09 -1.10222e+07 -1.10168e+07  1.10196e+07
  300.00 -1.45325  3.26018e+09  3.26015e+09  3.26014e+09 -1.50490e+07 -1.50439e+07  1.50506e+07
  300.00 -1.43213  3.39646e+09  3.39643e+09  3.39641e+09 -1.74899e+07 -1.74849e+07  1.74963e+07
  300.00 -1.41101  3.50650e+09  3.50647e+09  3.50645e+09 -1.89274e+07 -1.89225e+07  1.89384e+07
  300.00 -1.38989  3.59348e+09  3.59345e+09  3.59343e+09 -2.02479e+07 -2.02428e+07  2.02627e+07
  300.00 -1.36877  3.65657e+09  3.65656e+09  3.65653e+09 -2.18465e+07 -2.18408e+07  2.18635e+07
  300.00 -1.34765  3.68939e+09  3.68937e+09  3.68934e+09 -2.34008e+07 -2.33937e+07  2.34178e+07
  300.00 -1.32653  3.68341e+09  3.68341e+09  3.68338e+09 -2.41896e+07 -2.41803e+07  2.42044e+07
  300.00 -1.30541  3.63398e+09  3.63398e+09  3.63395e+09 -2.36191e+07 -2.36073e+07  2.36306e+07
  300.00 -1.28428  3.54435e+09  3.54436e+09  3.54433e+09 -2.15814e+07 -2.15671e+07  2.15891e+07
  300.00 -1.26316  3.42561e+09  3.42562e+09  3.42560e+09 -1.84673e+07 -1.84511e+07  1.84721e+07
  300.00 -1.24204  3.29283e+09  3.29284e+09  3.29282e+09 -1.49280e+07 -1.49108e+07  1.49313e+07
  300.00 -1.22092  3.16015e+09  3.16016e+09  3.16013e+09 -1.16013e+07 -1.15840e+07  1.16051e+07
  300.00 -1.19980  3.03715e+09  3.03717e+09  3.03714e+09 -8.95411e+06 -8.93749e+06  8.96004e+06
  300.00 -1.17868  2.92765e+09  2.92767e+09  2.92763e+09 -7.25293e+06 -7.23738e+06  7.26225e+06
  300.00 -1.15756  2.83038e+09  2.83039e+09  2.83036e+09 -6.59446e+06 -6.58010e+06  6.60768e+06
  300.00 -1.13644  2.74085e+09  2.74087e+09  2.74084e+09 -6.93518e+06 -6.92191e+06  6.95196e+06
  300.00 -1.11532  2.65351e+09  2.65353e+09  2.65350e+09 -8.10333e+06 -8.09093e+06  8.12258e+06
  300.00 -1.09419  2.56354e+09  2.56357e+09  2.56354e+09 -9.81312e+06 -9.80139e+06  9.83319e+06
  300.00 -1.07307  2.46826e+09  2.46829e+09  2.46827e+09 -1.17045e+07 -1.16933e+07  1.17235e+07
  300.00 -1.05195  2.36769e+09  2.36772e+09  2.36770e+09 -1.34085e+07 -1.33978e+07  1.34246e+07
  300.00 -1.03083  2.26428e+09  2.26432e+09  2.26430e+09 -1.46136e+07 -1.46036e+07  1.46256e+07
  300.00 -1.00971  2.16163e+09  2.16167e+09  2.16166e+09 -1.51093e+07 -1.51002e+07  1.51165e+07
  300.00 -0.98859  2.06241e+09  2.06245e+09  2.06244e+09 -1.48094e+07 -1.48017e+07  1.48119e+07
  300.00 -0.96747  1.96637e+09  1.96640e+09  1.96640e+09 -1.37822e+07 -1.37758e+07  1.37802e+07
  300.00 -0.94635  1.86983e+09  1.86986e+09  1.86986e+09 -1.22773e+07 -1.22719e+07  1.22709e+07
  300.00 -0.92523  1.76791e+09  1.76794e+09  1.76794e+09 -1.06844e+07 -1.06796e+07  1.06737e+07
  300.00 -0.90410  1.65840e+09  1.65842e+09  1.65842e+09 -9.37017e+06 -9.36507e+06  9.35482e+06
  300.00 -0.88298  1.54427e+09  1.54429e+09  1.54429e+09 -8.47926e+06 -8.47349e+06  8.45977e+06
  300.00 -0.86186  1.43201e+09  1.43202e+09  1.43202e+09 -7.89121e+06 -7.88484e+06  7.86898e+06
  300.00 -0.84074  1.32663e+09  1.32664e+09  1.32663e+09 -7.38203e+06 -7.37546e+06  7.35909e+06
  300.00 -0.81962  1.22800e+09  1.22801e+09  1.22800e+09 -6.81714e+06 -6.81081e+06  6.79541e+06
  300.00 -0.79850  1.13168e+09  1.13168e+09  1.13167e+09 -6.19950e+06 -6.19359e+06  6.18019e+06
  300.00 -0.77738  1.03344e+09  1.03344e+09  1.03344e+09 -5.58602e+06 -5.58044e+06  5.56953e+06
  300.00 -0.75626  9.33678e+08  9.33681e+08  9.33679e+08 -5.00423e+06 -4.99881e+06  4.99041e+06
  300.00 -0.73514  8.38240e+08  8.38242e+08  8.38241e+08 -4.44675e+06 -4.44140e+06  4.43521e+06
  300.00 -0.71401  7.55738e+08  7.55737e+08  7.55736e+08 -3.90747e+06 -3.90221e+06  3.89772e+06
  300.00 -0.69289  6.93876e+08  6.93873e+08  6.93871e+08 -3.39439e+06 -3.38937e+06  3.38595e+06
  300.00 -0.67177  6.57283e+08  6.57277e+08  6.57274e+08 -2.90877e+06 -2.90412e+06  2.90115e+06
  300.00 -0.65065  6.47370e+08  6.47362e+08  6.47358e+08 -2.41988e+06 -2.41575e+06  2.41267e+06
  300.00 -0.62953  6.63292e+08  6.63282e+08  6.63276e+08 -1.85677e+06 -1.85325e+06  1.84964e+06
  300.00 -0.60841  7.02998e+08  7.02985e+08  7.02980e+08 -1.11744e+06 -1.11465e+06  1.11022e+06
  300.00 -0.58729  7.63954e+08  7.63939e+08  7.63933e+08 -8.86892e+04 -8.67116e+04  8.13107e+04
  300.00 -0.56617  8.43537e+08  8.43520e+08  8.43515e+08  1.33084e+06  1.33192e+06 -1.33833e+06
  300.00 -0.54505  9.39235e+08  9.39217e+08  9.39211e+08  3.21101e+06  3.21110e+06 -3.21848e+06
  300.00 -0.52392  1.04873e+09  1.04871e+09  1.04870e+09  5.57908e+06  5.57813e+06 -5.58640e+06
  300.00 -0.50280  1.16994e+09  1.16992e+09  1.16991e+09  8.41856e+06  8.41652e+06 -8.42557e+06
  300.00 -0.48168  1.30113e+09  1.30111e+09  1.30110e+09  1.16756e+07  1.16724e+07 -1.16821e+07
  300.00 -0.46056  1.44104e+09  1.44102e+09  1.44101e+09  1.52691e+07  1.52650e+07 -1.52751e+07
  300.00 -0.43944  1.58907e+09  1.58905e+09  1.58905e+09  1.91017e+07  1.90966e+07 -1.91070e+07
  300.00 -0.41832  1.74540e+09  1.74538e+09  1.74538e+09  2.30680e+07  2.30620e+07 -2.30723e+07
  300.00 -0.39720  1.91093e+09  1.91091e+09  1.91091e+09  2.70605e+07  2.70537e+07 -2.70637e+07
  300.00 -0.37608  2.08706e+09  2.08704e+09  2.08705e+09  3.09728e+07  3.09652e+07 -3.09743e+07
  300.00 -0.35495  2.27525e+09  2.27523e+09  2.27524e+09  3.46986e+07  3.46901e+07 -3.46979e+07
  300.00 -0.33383  2.47635e+09  2.47633e+09  2.47634e+09  3.81307e+07  3.81211e+07 -3.81273e+07
  300.00 -0.31271  2.68995e+09  2.68993e+09  2.68994e+09  4.11581e+07  4.11471e+07 -4.11511e+07
  300.00 -0.29159  2.91383e+09  2.91381e+09  2.91382e+09  4.36646e+07  4.36518e+07 -4.36534e+07
  300.00 -0.27047  3.14364e+09  3.14363e+09  3.14364e+09  4.55309e+07  4.55159e+07 -4.55148e+07
  300.00 -0.24935  3.37301e+09  3.37300e+09  3.37301e+09  4.66417e+07  4.66241e+07 -4.66203e+07
  300.00 -0.22823  3.59408e+09  3.59407e+09  3.59408e+09  4.68991e+07  4.68788e+07 -4.68724e+07
  300.00 -0.20711  3.79847e+09  3.79846e+09  3.79847e+09  4.62395e+07  4.62164e+07 -4.62077e+07
  300.00 -0.18599  3.97849e+09  3.97848e+09  3.97848e+09  4.46508e+07  4.46252e+07 -4.46147e+07
  300.00 -0.16486  4.12830e+09  4.12829e+09  4.12829e+09  4.21838e+07  4.21563e+07 -4.21445e+07
  300.00 -0.14374  4.24486e+09  4.24485e+09  4.24484e+09  3.89520e+07  3.89233e+07 -3.89109e+07
  300.00 -0.12262  4.32835e+09  4.32834e+09  4.32833e+09  3.51179e+07  3.50890e+07 -3.50767e+07
  300.00 -0.10150  4.38210e+09  4.38209e+09  4.38208e+09  3.08690e+07  3.08407e+07 -3.08293e+07
  300.00 -0.08038  4.41198e+09  4.41197e+09  4.41195e+09  2.63880e+07  2.63612e+07 -2.63514e+07
  300.00 -0.05926  4.42556e+09  4.42555e+09  4.42553e+09  2.18273e+07  2.18027e+07 -2.17951e+07
  300.00 -0.03814  4.43108e+09  4.43107e+09  4.43104e+09  1.72914e+07  1.72697e+07 -1.72647e+07
  300.00 -0.01702  4.43655e+09  4.43654e+09  4.43651e+09  1.28327e+07  1.28142e+07 -1.28120e+07
  300.00  0.00410  4.44908e+09  4.44907e+09  4.44904e+09  8.45694e+06  8.44190e+06 -8.44284e+06
  300.00  0.02523  4.47438e+09  4.47436e+09  4.47433e+09  4.13740e+06  4.12593e+06 -4.12989e+06
  300.00  0.04635  4.51653e+09  4.51652e+09  4.51649e+09 -1.68795e+05 -1.76737e+05  1.69914e+05
  300.00  0.06747  4.57800e+09  4.57799e+09  4.57796e+09 -4.50449e+06 -4.50904e+06  4.49966e+06
  300.00  0.08859  4.65964e+09  4.65963e+09  4.65960e+09 -8.89997e+06 -8.90135e+06  8.88983e+06
  300.00  0.10971  4.76087e+09  4.76086e+09  4.76083e+09 -1.33650e+07 -1.33635e+07  1.33503e+07
  300.00  0.13083  4.87977e+09  4.87976e+09  4.87974e+09 -1.78857e+07 -1.78816e+07  1.78674e+07
  300.00  0.15195  5.01327e+09  5.01326e+09  5.01325e+09 -2.24258e+07 -2.24194e+07  2.24049e+07
  300.00  0.17307  5.15723e+09  5.15722e+09  5.15721e+09 -2.69305e+07 -2.69224e+07  2.69080e+07
  300.00  0.19419  5.30658e+09  5.30657e+09  5.30657e+09 -3.13328e+07 -3.13232e+07  3.13097e+07
  300.00  0.21532  5.45550e+09  5.45550e+09  5.45550e+09 -3.55593e+07 -3.55487e+07  3.55367e+07
  300.00  0.23644  5.59759e+09  5.59759e+09  5.59759e+09 -3.95359e+07 -3.95248e+07  3.95146e+07
  300.00  0.25756  5.72612e+09  5.72612e+09  5.72612e+09 -4.31918e+07 -4.31805e+07  4.31726e+07
  300.00  0.27868  5.83437e+09  5.83437e+09  5.83437e+09 -4.64619e+07 -4.64508e+07  4.64455e+07
  300.00  0.29980  5.91602e+09  5.91602e+09  5.91602e+09 -4.92878e+07 -4.92773e+07  4.92748e+07
  300.00  0.32092  5.96553e+09  5.96553e+09  5.96554e+09 -5.16182e+07 -5.16085e+07  5.16088e+07
  300.00  0.34204  5.97860e+09  5.97860e+09  5.97861e+09 -5.34085e+07 -5.33998e+07  5.34028e+07
  300.00  0.36316  5.95245e+09  5.95245e+09  5.95246e+09 -5.46214e+07 -5.46137e+07  5.46192e+07
  300.00  0.38428  5.88610e+09  5.88611e+09  5.88611e+09 -5.52275e+07 -5.52208e+07  5.52285e+07
  300.00  0.40541  5.78046e+09  5.78047e+09  5.78047e+09 -5.52075e+07 -5.52016e+07  5.52111e+07
  300.00  0.42653  5.63825e+09  5.63826e+09  5.63826e+09 -5.45537e+07 -5.45482e+07  5.45591e+07
  300.00  0.44765  5.46381e+09  5.46382e+09  5.46382e+09 -5.32724e+07 -5.32670e+07  5.32789e+07
  300.00  0.46877  5.26273e+09  5.26274e+09  5.26274e+09 -5.13854e+07 -5.13798e+07  5.13922e+07
  300.00  0.48989  5.04146e+09  5.04146e+09  5.04146e+09 -4.89308e+07 -4.89245e+07  4.89369e+07
  300.00  0.51101  4.80682e+09  4.80682e+09  4.80682e+09 -4.59619e+07 -4.59546e+07  4.59666e+07
  300.00  0.53213  4.56561e+09  4.56562e+09  4.56561e+09 -4.25460e+07 -4.25372e+07  4.25485e+07
  300.00  0.55325  4.32423e+09  4.32423e+09  4.32423e+09 -3.87611e+07 -3.87506e+07  3.87607e+07
  300.00  0.57437  4.08838e+09  4.08839e+09  4.08839e+09 -3.46925e+07 -3.46800e+07  3.46887e+07
  300.00  0.59550  3.86295e+09  3.86296e+09  3.86296e+09 -3.04287e+07 -3.04140e+07  3.04211e+07
  300.00  0.61662  3.65185e+09  3.65186e+09  3.65187e+09 -2.60577e+07 -2.60407e+07  2.60460e+07
  300.00  0.63774  3.45812e+09  3.45813e+09  3.45814e+09 -2.16632e+07 -2.16439e+07  2.16473e+07
  300.00  0.65886  3.28392e+09  3.28393e+09  3.28394e+09 -1.73220e+07 -1.73005e+07  1.73019e+07
  300.00  0.67998  3.13069e+09  3.13070e+09  3.13071e+09 -1.31020e+07 -1.30783e+07  1.30778e+07
  300.00  0.70110  2.99926e+09  2.99928e+09  2.99929e+09 -9.06092e+06 -9.03518e+06  9.03266e+06
  300.00  0.72222  2.89000e+09  2.89002e+09  2.89003e+09 -5.24590e+06 -5.21824e+06  5.21383e+06
  300.00  0.74334  2.80292e+09  2.80294e+09  2.80295e+09 -1.69411e+06 -1.66471e+06  1.65850e+06
  300.00  0.76446  2.73779e+09  2.73780e+09  2.73781e+09  1.56647e+06  1.59740e+06 -1.60528e+06
  300.00  0.78559  2.69418e+09  2.69420e+09  2.69421e+09  4.51571e+06  4.54794e+06 -4.55733e+06
  300.00  0.80671  2.67159e+09  2.67160e+09  2.67162e+09  7.14003e+06  7.17331e+06 -7.18403e+06
  300.00  0.82783  2.66938e+09  2.66940e+09  2.66941e+09  9.43109e+06  9.46513e+06 -9.47697e+06
  300.00  0.84895  2.68686e+09  2.68688e+09  2.68689e+09  1.13848e+07  1.14193e+07 -1.14321e+07
  300.00  0.87007  2.72324e+09  2.72326e+09  2.72327e+09  1.30009e+07  1.30356e+07 -1.30490e+07
  300.00  0.89119  2.77764e+09  2.77766e+09  2.77766e+09  1.42826e+07  1.43171e+07 -1.43308e+07
  300.00  0.91231  2.84901e+09  2.84903e+09  2.84904e+09  1.52370e+07  1.52709e+07 -1.52847e+07
  300.00  0.93343  2.93617e+09  2.93619e+09  2.93620e+09  1.58753e+07  1.59084e+07 -1.59219e+07
  300.00  0.95455  3.03775e+09  3.03776e+09  3.03777e+09  1.62140e+07  1.62458e+07 -1.62588e+07
  300.00  0.97568  3.15213e+09  3.15215e+09  3.15216e+09  1.62744e+07  1.63046e+07 -1.63168e+07
  300.00  0.99680  3.27751e+09  3.27753e+09  3.27753e+09  1.60837e+07  1.61120e+07 -1.61230e+07
  300.00  1.01792  3.41181e+09  3.41183e+09  3.41184e+09  1.56741e+07  1.57002e+07 -1.57097e+07
  300.00  1.03904  3.55276e+09  3.55278e+09  3.55278e+09  1.50820e+07  1.51057e+07 -1.51135e+07
  300.00  1.06016  3.69783e+09  3.69785e+09  3.69786e+09  1.43473e+07  1.43683e+07 -1.43742e+07
  300.00  1.08128  3.84433e+09  3.84435e+09  3.84436e+09  1.35114e+07  1.35296e+07 -1.35332e+07
  300.00  1.10240  3.98940e+09  3.98942e+09  3.98942e+09  1.26156e+07  1.26310e+07 -1.26323e+07
  300.00  1.12352  4.13004e+09  4.13006e+09  4.13006e+09  1.17002e+07  1.17127e+07 -1.17115e+07
  300.00  1.14464  4.26322e+09  4.26324e+09  4.26324e+09  1.08024e+07  1.08121e+07 -1.08083e+07
  300.00  1.16577  4.38590e+09  4.38592e+09  4.38592e+09  9.95625e+06  9.96329e+06 -9.95677e+06
  300.00  1.18689  4.49514e+09  4.49516e+09  4.49516e+09  9.19220e+06  9.19671e+06 -9.18752e+06
  300.00  1.20801  4.58818e+09  4.58820e+09  4.58820e+09  8.53723e+06  8.53943e+06 -8.52759e+06
  300.00  1.22913  4.66257e+09  4.66258e+09  4.66259e+09  8.01551e+06  8.01563e+06 -8.00121e+06
  300.00  1.25025  4.71628e+09  4.71629e+09  4.71630e+09  7.64889e+06  7.64717e+06 -7.63029e+06
  300.00  1.27137  4.74785e+09  4.74786e+09  4.74787e+09  7.45725e+06  7.45397e+06 -7.43479e+06
  300.00  1.29249  4.75651e+09  4.75652e+09  4.75652e+09  7.45845e+06  7.45387e+06 -7.43260e+06
  300.00  1.31361  4.74229e+09  4.74230e+09  4.74230e+09  7.66759e+06  7.66194e+06 -7.63885e+06
  300.00  1.33473  4.70611e+09  4.70611e+09  4.70611e+09  8.09581e+06  8.08933e+06 -8.06471e+06
  300.00  1.35586  4.64980e+09  4.64980e+09  4.64980e+09  8.74876e+06  8.74163e+06 -8.71581e+06
  300.00  1.37698  4.57607e+09  4.57607e+09  4.57607e+09  9.62498e+06  9.61737e+06 -9.59070e+06
  300.00  1.39810  4.48845e+09  4.48844e+09  4.48844e+09  1.07148e+07  1.07069e+07 -1.06797e+07
  300.00  1.41922  4.39106e+09  4.39105e+09  4.39105e+09  1.20001e+07  1.19920e+07 -1.19646e+07
  300.00  1.44034  4.28845e+09  4.28844e+09  4.28844e+09  1.34547e+07  1.34465e+07 -1.34192e+07
  300.00  1.46146  4.18533e+09  4.18532e+09  4.18532e+09  1.50462e+07  1.50379e+07 -1.50110e+07
  300.00  1.48258  4.08630e+09  4.08628e+09  4.08629e+09  1.67380e+07  1.67298e+07 -1.67034e+07
  300.00  1.50370  3.99561e+09  3.99559e+09  3.99560e+09  1.84920e+07  1.84841e+07 -1.84583e+07
  300.00  1.52482  3.91694e+09  3.91693e+09  3.91693e+09  2.02712e+07  2.02634e+07 -2.02384e+07
  300.00  1.54595  3.85326e+09  3.85324e+09  3.85325e+09  2.20405e+07  2.20331e+07 -2.20088e+07
  300.00  1.56707  3.80667e+09  3.80666e+09  3.80666e+09  2.37686e+07  2.37616e+07 -2.37379e+07
  300.00  1.58819  3.77841e+09  3.77840e+09  3.77841e+09  2.54274e+07  2.54209e+07 -2.53977e+07
  300.00  1.60931  3.76882e+09  3.76880e+09  3.76881e+09  2.69913e+07  2.69853e+07 -2.69626e+07
  300.00  1.63043  3.77737e+09  3.77736e+09  3.77737e+09  2.84364e+07  2.84309e+07 -2.84086e+07
  300.00  1.65155  3.80280e+09  3.80279e+09  3.80280e+09  2.97395e+07  2.97345e+07 -2.97124e+07
  300.00  1.67267  3.84316e+09  3.84314e+09  3.84316e+09  3.08767e+07  3.08722e+07 -3.08503e+07
  300.00  1.69379  3.89597e+09  3.89596e+09  3.89598e+09  3.18238e+07  3.18198e+07 -3.17979e+07
  300.00  1.71491  3.95843e+09  3.95842e+09  3.95845e+09  3.25557e+07  3.25520e+07 -3.25302e+07
  300.00  1.73604  4.02753e+09  4.02752e+09  4.02754e+09  3.30474e+07  3.30438e+07 -3.30220e+07
  300.00  1.75716  4.10025e+09  4.10025e+09  4.10027e+09  3.32743e+07  3.32707e+07 -3.32489e+07
  300.00  1.77828  4.17377e+09  4.17377e+09  4.17380e+09  3.32142e+07  3.32103e+07 -3.31885e+07
  300.00  1.79940  4.24560e+09  4.24561e+09  4.24564e+09  3.28479e+07  3.28435e+07 -3.28216e+07
  300.00  1.82052  4.31369e+09  4.31370e+09  4.31373e+09  3.21611e+07  3.21559e+07 -3.21340e+07
  300.00  1.84164  4.37651e+09  4.37652e+09  4.37655e+09  3.11453e+07  3.11390e+07 -3.11171e+07
  300.00  1.86276  4.43308e+09  4.43309e+09  4.43313e+09  2.97989e+07  2.97912e+07 -2.97693e+07
  300.00  1.88388  4.48298e+09  4.48299e+09  4.48303e+09  2.81276e+07  2.81182e+07 -2.80964e+07
  300.00  1.90501  4.52625e+09  4.52627e+09  4.52630e+09  2.61443e+07  2.61330e+07 -2.61112e+07
  300.00  1.92613  4.56335e+09  4.56337e+09  4.56341e+09  2.38685e+07  2.38551e+07 -2.38334e+07
  300.00  1.94725  4.59505e+09  4.59508e+09  4.59511e+09  2.13254e+07  2.13098e+07 -2.12883e+07
  300.00  1.96837  4.62233e+09  4.62236e+09  4.62239e+09  1.85443e+07  1.85264e+07 -1.85052e+07
  300.00  1.98949  4.64626e+09  4.64629e+09  4.64632e+09  1.55569e+07  1.55368e+07 -1.55159e+07
  300.00  2.01061  4.66794e+09  4.66797e+09  4.66799e+09  1.23958e+07  1.23735e+07 -1.23531e+07
  300.00  2.03173  4.68842e+09  4.68845e+09  4.68847e+09  9.09245e+06  9.06815e+06 -9.04841e+06
  300.00  2.05285  4.70862e+09  4.70864e+09  4.70866e+09  5.67600e+06  5.64990e+06 -5.63100e+06
  300.00  2.07397  4.72930e+09  4.72932e+09  4.72933e+09  2.17223e+06  2.14460e+06 -2.12675e+06
  300.00  2.09510  4.75104e+09  4.75106e+09  4.75107e+09 -1.39710e+06 -1.42594e+06  1.44251e+06
  300.00  2.11622  4.77422e+09  4.77424e+09  4.77424e+09 -5.01435e+06 -5.04407e+06  5.05913e+06
  300.00  2.13734  4.79901e+09  4.79903e+09  4.79902e+09 -8.66568e+06 -8.69591e+06  8.70922e+06
  300.00  2.15846  4.82536e+09  4.82538e+09  4.82536e+09 -1.23402e+07 -1.23706e+07  1.23819e+07
  300.00  2.17958  4.85306e+09  4.85308e+09  4.85306e+09 -1.60288e+07 -1.60590e+07  1.60682e+07
  300.00  2.20070  4.88172e+09  4.88173e+09  4.88171e+09 -1.97228e+07 -1.97524e+07  1.97592e+07
  300.00  2.22182  4.91079e+09  4.91080e+09  4.91077e+09 -2.34120e+07 -2.34408e+07  2.34450e+07
  300.00  2.24294  4.93960e+09  4.93962e+09  4.93958e+09 -2.70832e+07 -2.71108e+07  2.71124e+07
  300.00  2.26406  4.96742e+09  4.96743e+09  4.96738e+09 -3.07187e+07 -3.07450e+07  3.07438e+07
  300.00  2.28519  4.99342e+09  4.99342e+09  4.99337e+09 -3.42948e+07 -3.43195e+07  3.43155e+07
  300.00  2.30631  5.01676e+09  5.01677e+09  5.01672e+09 -3.77809e+07 -3.78039e+07  3.77971e+07
  300.00  2.32743  5.03664e+09  5.03664e+09  5.03658e+09 -4.11395e+07 -4.11607e+07  4.11511e+07
  300.00  2.34855  5.05226e+09  5.05226e+09  5.05220e+09 -4.43259e+07 -4.43452e+07  4.43330e+07
  300.00  2.36967  5.06293e+09  5.06293e+09  5.06286e+09 -4.72895e+07 -4.73070e+07  4.72923e+07
  300.00  2.39079  5.06806e+09  5.06806e+09  5.06799e+09 -4.99754e+07 -4.99911e+07  4.99741e+07
  300.00  2.41191  5.06721e+09  5.06721e+09  5.06713e+09 -5.23261e+07 -5.23400e+07  5.23209e+07
  300.00  2.43303  5.06010e+09  5.06009e+09  5.06001e+09 -5.42841e+07 -5.42964e+07  5.42753e+07
  300.00  2.45415  5.04660e+09  5.04659e+09  5.04651e+09 -5.57951e+07 -5.58058e+07  5.57830e+07
  300.00  2.47528  5.02681e+09  5.02679e+09  5.02671e+09 -5.68098e+07 -5.68191e+07  5.67949e+07
  300.00  2.49640  5.00099e+09  5.00097e+09  5.00089e+09 -5.72876e+07 -5.72955e+07  5.72702e+07
  300.00  2.51752  4.96960e+09  4.96958e+09  4.96950e+09 -5.71979e+07 -5.72046e+07  5.71785e+07
  300.00  2.53864  4.93327e+09  4.93325e+09  4.93317e+09 -5.65223e+07 -5.65279e+07  5.65012e+07
  300.00  2.55976  4.89278e+09  4.89275e+09  4.89267e+09 -5.52555e+07 -5.52601e+07  5.52332e+07
  300.00  2.58088  4.84903e+09  4.84899e+09  4.84892e+09 -5.34056e+07 -5.34093e+07  5.33824e+07
  300.00  2.60200  4.80303e+09  4.80300e+09  4.80293e+09 -5.09939e+07 -5.09968e+07  5.09700e+07
  300.00  2.62312  4.75587e+09  4.75584e+09  4.75577e+09 -4.80535e+07 -4.80558e+07  4.80294e+07
  300.00  2.64424  4.70867e+09  4.70863e+09  4.70857e+09 -4.46285e+07 -4.46301e+07  4.46043e+07
  300.00  2.66537  4.66254e+09  4.66251e+09  4.66245e+09 -4.07712e+07 -4.07723e+07  4.07473e+07
  300.00  2.68649  4.61860e+09  4.61857e+09  4.61851e+09 -3.65410e+07 -3.65415e+07  3.65175e+07
  300.00  2.70761  4.57789e+09  4.57786e+09  4.57781e+09 -3.20012e+07 -3.20012e+07  3.19782e+07
  300.00  2.72873  4.54139e+09  4.54136e+09  4.54132e+09 -2.72177e+07 -2.72172e+07  2.71954e+07
  300.00  2.74985  4.50998e+09  4.50995e+09  4.50992e+09 -2.22568e+07 -2.22559e+07  2.22352e+07
  300.00  2.77097  4.48442e+09  4.48439e+09  4.48437e+09 -1.71837e+07 -1.71824e+07  1.71629e+07
  300.00  2.79209  4.46535e+09  4.46533e+09  4.46531e+09 -1.20613e+07 -1.20595e+07  1.20414e+07
  300.00  2.81321  4.45326e+09  4.45324e+09  4.45324e+09 -6.94935e+06 -6.94717e+06  6.93024e+06
  300.00  2.83433  4.44850e+09  4.44848e+09  4.44849e+09 -1.90416e+06 -1.90152e+06  1.88582e+06
  300.00  2.85546  4.45126e+09  4.45125e+09  4.45126e+09  3.02177e+06  3.02489e+06 -3.03940e+06
  300.00  2.87658  4.46157e+09  4.46156e+09  4.46158e+09  7.77949e+06  7.78310e+06 -7.79645e+06
  300.00  2.89770  4.47929e+09  4.47928e+09  4.47931e+09  1.23233e+07  1.23274e+07 -1.23397e+07
  300.00  2.91882  4.50412e+09  4.50412e+09  4.50416e+09  1.66104e+07  1.66150e+07 -1.66262e+07
  300.00  2.93994  4.53561e+09  4.53561e+09  4.53566e+09  2.06004e+07  2.06055e+07 -2.06157e+07
  300.00  2.96106  4.57314e+09  4.57314e+09  4.57320e+09  2.42550e+07  2.42607e+07 -2.42699e+07
  300.00  2.98218  4.61594e+09  4.61594e+09  4.61601e+09  2.75381e+07  2.75442e+07 -2.75525e+07
  300.00  3.00330  4.66309e+09  4.66310e+09  4.66318e+09  3.04150e+07  3.04216e+07 -3.04291e+07
  300.00  3.02442  4.71358e+09  4.71359e+09  4.71367e+09  3.28533e+07  3.28603e+07 -3.28671e+07
  300.00  3.04555  4.76625e+09  4.76626e+09  4.76635e+09  3.48231e+07  3.48306e+07 -3.48365e+07
  300.00  3.06667  4.81989e+09  4.81991e+09  4.82000e+09  3.62974e+07  3.63052e+07 -3.63104e+07
  300.00  3.08779  4.87323e+09  4.87325e+09  4.87335e+09  3.72530e+07  3.72612e+07 -3.72658e+07
  300.00  3.10891  4.92498e+09  4.92501e+09  4.92511e+09  3.76718e+07  3.76803e+07 -3.76841e+07
  300.00  3.13003  4.97388e+09  4.97391e+09  4.97401e+09  3.75411e+07  3.75499e+07 -3.75531e+07
  300.00  3.15115  5.01872e+09  5.01874e+09  5.01885e+09  3.68553e+07  3.68644e+07 -3.68670e+07
  300.00  3.17227  5.05837e+09  5.05840e+09  5.05851e+09  3.56165e+07  3.56259e+07 -3.56280e+07
  300.00  3.19339  5.09188e+09  5.09191e+09  5.09201e+09  3.38354e+07  3.38450e+07 -3.38466e+07
  300.00  3.21451  5.11842e+09  5.11845e+09  5.11855e+09  3.15316e+07  3.15415e+07 -3.15426e+07
  300.00  3.23564  5.13738e+09  5.13742e+09  5.13752e+09  2.87340e+07  2.87440e+07 -2.87447e+07
  300.00  3.25676  5.14838e+09  5.14842e+09  5.14852e+09  2.54803e+07  2.54906e+07 -2.54910e+07
  300.00  3.27788  5.15126e+09  5.15130e+09  5.15140e+09  2.18169e+07  2.18275e+07 -2.18275e+07
  300.00  3.29900  5.14609e+09  5.14613e+09  5.14622e+09  1.77974e+07  1.78082e+07 -1.78081e+07
  300.00  3.32012  5.13317e+09  5.13321e+09  5.13329e+09  1.34817e+07  1.34928e+07 -1.34926e+07
  300.00  3.34124  5.11301e+09  5.11305e+09  5.11313e+09  8.93415e+06  8.94568e+06 -8.94527e+06
  300.00  3.36236  5.08631e+09  5.08635e+09  5.08642e+09  4.22214e+06  4.23403e+06 -4.23356e+06
  300.00  3.38348  5.05392e+09  5.05396e+09  5.05403e+09 -5.86030e+05 -5.73771e+05  5.74271e+05
  300.00  3.40460  5.01681e+09  5.01685e+09  5.01691e+09 -5.42271e+06 -5.41008e+06  5.41059e+06
  300.00  3.42573  4.97601e+09  4.97605e+09  4.97611e+09 -1.02226e+07 -1.02096e+07  1.02101e+07
  300.00  3.44685  4.93260e+09  4.93264e+09  4.93268e+09 -1.49239e+07 -1.49106e+07  1.49111e+07
  300.00  3.46797  4.88763e+09  4.88767e+09  4.88771e+09 -1.94699e+07 -1.94562e+07  1.94568e+07
  300.00  3.48909  4.84213e+09  4.84216e+09  4.84219e+09 -2.38090e+07 -2.37950e+07  2.37957e+07
  300.00  3.51021  4.79701e+09  4.79704e+09  4.79706e+09 -2.78958e+07 -2.78817e+07  2.78825e+07
  300.00  3.53133  4.75311e+09  4.75314e+09  4.75315e+09 -3.16908e+07 -3.16765e+07  3.16775e+07
  300.00  3.55245  4.71112e+09  4.71115e+09  4.71115e+09 -3.51603e+07 -3.51460e+07  3.51473e+07
  300.00  3.57357  4.67160e+09  4.67163e+09  4.67162e+09 -3.82761e+07 -3.82618e+07  3.82635e+07
  300.00  3.59469  4.63496e+09  4.63498e+09  4.63497e+09 -4.10148e+07 -4.10007e+07  4.10029e+07
  300.00  3.61582  4.60144e+09  4.60146e+09  4.60144e+09 -4.33573e+07 -4.33435e+07  4.33463e+07
  300.00  3.63694  4.57117e+09  4.57118e+09  4.57116e+09 -4.52883e+07 -4.52749e+07  4.52783e+07
  300.00  3.65806  4.54412e+09  4.54413e+09  4.54410e+09 -4.67955e+07 -4.67825e+07  4.67867e+07
  300.00  3.67918  4.52017e+09  4.52017e+09  4.52013e+09 -4.78691e+07 -4.78567e+07  4.78617e+07
  300.00  3.70030  4.49908e+09  4.49908e+09  4.49904e+09 -4.85018e+07 -4.84901e+07  4.84961e+07
  300.00  3.72142  4.48057e+09  4.48056e+09  4.48051e+09 -4.86883e+07 -4.86775e+07  4.86844e+07
  300.00  3.74254  4.46427e+09  4.46426e+09  4.46421e+09 -4.84254e+07 -4.84155e+07  4.84234e+07
  300.00  3.76366  4.44984e+09  4.44982e+09  4.44976e+09 -4.77119e+07 -4.77030e+07  4.77119e+07
  300.00  3.78478  4.43690e+09  4.43688e+09  4.43682e+09 -4.65489e+07 -4.65410e+07  4.65510e+07
  300.00  3.80591  4.42511e+09  4.42508e+09  4.42502e+09 -4.49398e+07 -4.49331e+07  4.49441e+07
  300.00  3.82703  4.41417e+09  4.41415e+09  4.41408e+09 -4.28910e+07 -4.28854e+07  4.28974e+07
  300.00  3.84815  4.40387e+09  4.40384e+09  4.40377e+09 -4.04116e+07 -4.04072e+07  4.04202e+07
  300.00  3.86927  4.39402e+09  4.39399e+09  4.39392e+09 -3.75142e+07 -3.75110e+07  3.75249e+07
  300.00  3.89039  4.38455e+09  4.38452e+09  4.38445e+09 -3.42147e+07 -3.42127e+07  3.42273e+07
  300.00  3.91151  4.37545e+09  4.37541e+09  4.37535e+09 -3.05324e+07 -3.05317e+07  3.05469e+07
  300.00  3.93263  4.36680e+09  4.36676e+09  4.36669e+09 -2.64905e+07 -2.64910e+07  2.65067e+07
  300.00  3.95375  4.35873e+09  4.35869e+09  4.35862e+09 -2.21154e+07 -2.21171e+07  2.21331e+07
  300.00  3.97487  4.35144e+09  4.35140e+09  4.35134e+09 -1.74370e+07 -1.74399e+07  1.74562e+07
  300.00  3.99600  4.34517e+09  4.34513e+09  4.34507e+09 -1.24886e+07 -1.24927e+07  1.25090e+07
  300.00  4.01712  4.34018e+09  4.34014e+09  4.34008e+09 -7.30632e+06 -7.31159e+06  7.32758e+06
  300.00  4.03824  4.33673e+09  4.33669e+09  4.33663e+09 -1.92896e+06 -1.93539e+06  1.95094e+06
  300.00  4.05936  4.33505e+09  4.33501e+09  4.33495e+09  3.60205e+06  3.59446e+06 -3.57957e+06
  300.00  4.08048  4.33535e+09  4.33531e+09  4.33526e+09  9.24306e+06  9.23434e+06 -9.22033e+06
  300.00  4.10160  4.33777e+09  4.33773e+09  4.33768e+09  1.49484e+07  1.49386e+07 -1.49256e+07
  300.00  4.12272  4.34238e+09  4.34234e+09  4.34229e+09  2.06705e+07  2.06595e+07 -2.06479e+07
  300.00  4.14384  4.34915e+09  4.34911e+09  4.34907e+09  2.63601e+07  2.63480e+07 -2.63379e+07
  300.00  4.16496  4.35796e+09  4.35792e+09  4.35788e+09  3.19664e+07  3.19532e+07 -3.19449e+07
  300.00  4.18609  4.36857e+09  4.36854e+09  4.36850e+09  3.74374e+07  3.74231e+07 -3.74166e+07
  300.00  4.20721  4.38064e+09  4.38061e+09  4.38057e+09  4.27197e+07  4.27043e+07 -4.26999e+07
  300.00  4.22833  4.39370e+09  4.39367e+09  4.39364e+09  4.77594e+07  4.77429e+07 -4.77407e+07
  300.00  4.24945  4.40719e+09  4.40716e+09  4.40713e+09  5.25020e+07  5.24845e+07 -5.24846e+07
  300.00  4.27057  4.42042e+09  4.42039e+09  4.42036e+09  5.68934e+07  5.68747e+07 -5.68772e+07
  300.00  4.29169  4.43263e+09  4.43260e+09  4.43257e+09  6.08799e+07  6.08602e+07 -6.08652e+07
  300.00  4.31281  4.44299e+09  4.44296e+09  4.44294e+09  6.44098e+07  6.43891e+07 -6.43965e+07
  300.00  4.33393  4.45061e+09  4.45059e+09  4.45056e+09  6.74337e+07  6.74120e+07 -6.74218e+07
  300.00  4.35506  4.45459e+09  4.45456e+09  4.45454e+09  6.99056e+07  6.98830e+07 -6.98952e+07
  300.00  4.37618  4.45399e+09  4.45397e+09  4.45395e+09  7.17843e+07  7.17607e+07 -7.17752e+07
  300.00  4.39730  4.44795e+09  4.44792e+09  4.44790e+09  7.30338e+07  7.30094e+07 -7.30261e+07
  300.00  4.41842  4.43562e+09  4.43559e+09  4.43557e+09  7.36253e+07  7.36001e+07 -7.36187e+07
  300.00  4.43954  4.41625e+09  4.41623e+09  4.41621e+09  7.35371e+07  7.35112e+07 -7.35316e+07
  300.00  4.46066  4.38923e+09  4.38920e+09  4.38919e+09  7.27563e+07  7.27298e+07 -7.27518e+07
  300.00  4.48178  4.35404e+09  4.35402e+09  4.35400e+09  7.12788e+07  7.12518e+07 -7.12751e+07
  300.00  4.50290  4.31037e+09  4.31034e+09  4.31033e+09  6.91102e+07  6.90828e+07 -6.91073e+07
  300.00  4.52402  4.25805e+09  4.25803e+09  4.25801e+09  6.62655e+07  6.62380e+07 -6.62632e+07
  300.00  4.54515  4.19712e+09  4.19709e+09  4.19708e+09  6.27695e+07  6.27419e+07 -6.27677e+07
  300.00  4.56627  4.12780e+09  4.12777e+09  4.12776e+09  5.86558e+07  5.86283e+07 -5.86545e+07
  300.00  4.58739  4.05051e+09  4.05048e+09  4.05047e+09  5.39667e+07  5.39395e+07 -5.39658e+07
  300.00  4.60851  3.96585e+09  3.96582e+09  3.96581e+09  4.87517e+07  4.87249e+07 -4.87511e+07
  300.00  4.62963  3.87459e+09  3.87456e+09  3.87455e+09  4.30667e+07  4.30406e+07 -4.30665e+07
  300.00  4.65075  3.77764e+09  3.77761e+09  3.77760e+09  3.69726e+07  3.69473e+07 -3.69728e+07
  300.00  4.67187  3.67603e+09  3.67600e+09  3.67599e+09  3.05336e+07  3.05093e+07 -3.05342e+07
  300.00  4.69299  3.57089e+09  3.57086e+09  3.57085e+09  2.38159e+07  2.37928e+07 -2.38170e+07
  300.00  4.71411  3.46341e+09  3.46338e+09  3.46337e+09  1.68859e+07  1.68641e+07 -1.68875e+07
  300.00  4.73524  3.35478e+09  3.35475e+09  3.35474e+09  9.80879e+06  9.78844e+06 -9.81093e+06
  300.00  4.75636  3.24621e+09  3.24618e+09  3.24617e+09  2.64717e+06  2.62841e+06 -2.64997e+06
  300.00  4.77748  3.13883e+09  3.13880e+09  3.13880e+09 -4.54012e+06 -4.55719e+06  4.53658e+06
  300.00  4.79860  3.03374e+09  3.03370e+09  3.03370e+09 -1.16990e+07 -1.17143e+07  1.16946e+07
  300.00  4.81972  2.93188e+09  2.93185e+09  2.93185e+09 -1.87806e+07 -1.87941e+07  1.87754e+07
  300.00  4.84084  2.83411e+09  2.83408e+09  2.83408e+09 -2.57419e+07 -2.57535e+07  2.57359e+07
  300.00  4.86196  2.74111e+09  2.74108e+09  2.74108e+09 -3.25452e+07 -3.25550e+07  3.25383e+07
  300.00  4.88308  2.65340e+09  2.65337e+09  2.65337e+09 -3.91581e+07 -3.91661e+07  3.91504e+07
  300.00  4.90420  2.57129e+09  2.57127e+09  2.57126e+09 -4.55522e+07 -4.55584e+07  4.55437e+07
  300.00  4.92533  2.49492e+09  2.49489e+09  2.49489e+09 -5.17023e+07 -5.17069e+07  5.16931e+07
  300.00  4.94645  2.42419e+09  2.42417e+09  2.42417e+09 -5.75849e+07 -5.75878e+07  5.75751e+07
  300.00  4.96757  2.35880e+09  2.35878e+09  2.35878e+09 -6.31764e+07 -6.31779e+07  6.31661e+07
  300.00  4.98869  2.29822e+09  2.29820e+09  2.29820e+09 -6.84519e+07 -6.84521e+07  6.84413e+07
  300.00  5.00981  2.24170e+09  2.24168e+09  2.24169e+09 -7.33839e+07 -7.33828e+07  7.33731e+07
  300.00  5.03093  2.18829e+09  2.18828e+09  2.18828e+09 -7.79410e+07 -7.79388e+07  7.79302e+07
  300.00  5.05205  2.13684e+09  2.13683e+09  2.13684e+09 -8.20891e+07 -8.20860e+07  8.20784e+07
  300.00  5.07317  2.08607e+09  2.08606e+09  2.08607e+09 -8.57922e+07 -8.57883e+07  8.57818e+07
  300.00  5.09429  2.03457e+09  2.03457e+09  2.03458e+09 -8.90167e+07 -8.90122e+07  8.90070e+07
  300.00  5.11542  1.98094e+09  1.98095e+09  1.98096e+09 -9.17377e+07 -9.17328e+07  9.17289e+07
  300.00  5.13654  1.92382e+09  1.92382e+09  1.92384e+09 -9.39461e+07 -9.39411e+07  9.39385e+07
  300.00  5.15766  1.86197e+09  1.86199e+09  1.86200e+09 -9.56517e+07 -9.56470e+07  9.56459e+07
  300.00  5.17878  1.79432e+09  1.79433e+09  1.79435e+09 -9.68707e+07 -9.68667e+07  9.68673e+07
  300.00  5.19990  1.71975e+09  1.71977e+09  1.71979e+09 -9.75837e+07 -9.75808e+07  9.75832e+07
  300.00  5.22102  1.63701e+09  1.63703e+09  1.63706e+09 -9.76732e+07 -9.76714e+07  9.76752e+07
  300.00  5.24214  1.54471e+09  1.54474e+09  1.54476e+09 -9.68923e+07 -9.68907e+07  9.68954e+07
  300.00  5.26326  1.44193e+09  1.44196e+09  1.44198e+09 -9.49328e+07 -9.49304e+07  9.49348e+07
  300.00  5.28438  1.32913e+09  1.32916e+09  1.32917e+09 -9.15698e+07 -9.15651e+07  9.15681e+07
  300.00  5.30551  1.20844e+09  1.20847e+09  1.20849e+09 -8.67424e+07 -8.67350e+07  8.67362e+07
  300.00  5.32663  1.08292e+09  1.08294e+09  1.08296e+09 -8.05123e+07 -8.05024e+07  8.05022e+07
  300.00  5.34775  9.55480e+08  9.55507e+08  9.55520e+08 -7.30472e+07 -7.30358e+07  7.30349e+07
  300.00  5.36887  8.28782e+08  8.28809e+08  8.28822e+08 -6.47378e+07 -6.47258e+07  6.47249e+07
  300.00  5.38999  7.05603e+08  7.05630e+08  7.05641e+08 -5.62559e+07 -5.62440e+07  5.62433e+07
  300.00  5.41111  5.88821e+08  5.88849e+08  5.88859e+08 -4.83358e+07 -4.83248e+07  4.83241e+07
  300.00  5.43223  4.80831e+08  4.80858e+08  4.80867e+08 -4.14232e+07 -4.14134e+07  4.14126e+07
  300.00  5.45335  3.83148e+08  3.83174e+08  3.83182e+08 -3.55315e+07 -3.55232e+07  3.55224e+07
  300.00  5.47447  2.96645e+08  2.96669e+08  2.96676e+08 -3.04073e+07 -3.04007e+07  3.03999e+07
  300.00  5.49560  2.22034e+08  2.22055e+08  2.22061e+08 -2.58002e+07 -2.57952e+07  2.57946e+07
  300.00  5.51672  1.60028e+08  1.60046e+08  1.60051e+08 -2.16146e+07 -2.16109e+07  2.16106e+07
  300.00  5.53784  1.10965e+08  1.10980e+08  1.10984e+08 -1.78869e+07 -1.78844e+07  1.78845e+07
  300.00  5.55896  7.41266e+07  7.41380e+07  7.41410e+07 -1.46616e+07 -1.46601e+07  1.46606e+07
  300.00  5.58008  4.73758e+07  4.73845e+07  4.73866e+07 -1.18527e+07 -1.18520e+07  1.18528e+07
  300.00  5.60120  2.78172e+07  2.78236e+07  2.78252e+07 -9.18977e+06 -9.18952e+06  9.19071e+06
  300.00  5.62232  1.34170e+07  1.34216e+07  1.34225e+07 -6.36185e+06 -6.36170e+06  6.36304e+06
  300.00  5.64344  4.11350e+06  4.11597e+06  4.11620e+06 -3.29626e+06 -3.29610e+06  3.29711e+06
  300.00  5.66456  1.11667e+06  1.11675e+06  1.11643e+06 -2.46229e+05 -2.46496e+05  2.46685e+05
  300.00  5.68569  5.48819e+06  5.48635e+06  5.48589e+06  2.38839e+06  2.38667e+06 -2.38729e+06
  300.00  5.70681  1.74341e+07  1.74312e+07  1.74307e+07  4.24424e+06  4.23993e+06 -4.24091e+06
  300.00  5.72793  3.62507e+07  3.62474e+07  3.62464e+07  5.10010e+06  5.09277e+06 -5.09375e+06
  300.00  5.74905  6.09789e+07  6.09752e+07  6.09736e+07  4.87892e+06  4.86924e+06 -4.87033e+06
  300.00  5.77017  9.13148e+07  9.13103e+07  9.13084e+07  3.52363e+06  3.51306e+06 -3.51486e+06
  300.00  5.79129  1.27525e+08  1.27520e+08  1.27518e+08  9.56965e+05  9.47196e+05 -9.50481e+05
  300.00  5.81241  1.69367e+08  1.69360e+08  1.69359e+08 -2.73468e+06 -2.74210e+06  2.73694e+06
  300.00  5.83353  2.15382e+08  2.15372e+08  2.15371e+08 -7.11926e+06 -7.12306e+06  7.11643e+06
  300.00  5.85465  2.63480e+08  2.63467e+08  2.63465e+08 -1.15507e+07 -1.15501e+07  1.15432e+07
  300.00  5.87578  3.12230e+08  3.12213e+08  3.12209e+08 -1.55488e+07 -1.55435e+07  1.55378e+07
  300.00  5.89690  3.61549e+08  3.61526e+08  3.61519e+08 -1.90395e+07 -1.90299e+07  1.90265e+07
  300.00  5.91802  4.12250e+08  4.12221e+08  4.12209e+08 -2.22628e+07 -2.22499e+07  2.22495e+07
  300.00  5.93914  4.65004e+08  4.64967e+08  4.64948e+08 -2.55255e+07 -2.55107e+07  2.55130e+07
  300.00  5.96026  5.19564e+08  5.19519e+08  5.19491e+08 -2.90373e+07 -2.90221e+07  2.90266e+07
  300.00  5.98138  5.74701e+08  5.74649e+08  5.74612e+08 -3.28883e+07 -3.28738e+07  3.28798e+07
  300.00  6.00250  6.28760e+08  6.28703e+08  6.28659e+08 -3.70860e+07 -3.70729e+07  3.70799e+07
  300.00  6.02362  6.80447e+08  6.80387e+08  6.80336e+08 -4.15706e+07 -4.15591e+07  4.15666e+07
  300.00  6.04474  7.29348e+08  7.29289e+08  7.29234e+08 -4.61883e+07 -4.61782e+07  4.61857e+07
  300.00  6.06587  7.75887e+08  7.75831e+08  7.75776e+08 -5.06530e+07 -5.06441e+07  5.06511e+07
  300.00  6.08699  8.20703e+08  8.20651e+08  8.20599e+08 -5.45315e+07 -5.45236e+07  5.45296e+07
  300.00  6.10811  8.63803e+08  8.63757e+08  8.63711e+08 -5.72769e+07 -5.72702e+07  5.72746e+07
  300.00  6.12923  9.03946e+08  9.03907e+08  9.03867e+08 -5.83221e+07 -5.83169e+07  5.83192e+07
  300.00  6.15035  9.38614e+08  9.38582e+08  9.38552e+08 -5.72254e+07 -5.72223e+07  5.72222e+07
  300.00  6.17147  9.64686e+08  9.64662e+08  9.64641e+08 -5.38316e+07 -5.38311e+07  5.38284e+07
  300.00  6.19259  9.79561e+08  9.79544e+08  9.79534e+08 -4.83794e+07 -4.83817e+07  4.83764e+07
  300.00  6.21371  9.82260e+08  9.82251e+08  9.82250e+08 -4.14947e+07 -4.14997e+07  4.14916e+07
  300.00  6.23483  9.73988e+08  9.73987e+08  9.73995e+08 -3.40559e+07 -3.40630e+07  3.40522e+07
  300.00  6.25596  9.57913e+08  9.57918e+08  9.57936e+08 -2.69858e+07 -2.69941e+07  2.69807e+07
  300.00  6.27708  9.38277e+08  9.38289e+08  9.38313e+08 -2.10568e+07 -2.10651e+07  2.10494e+07
  300.00  6.29820  9.19255e+08  9.19274e+08  9.19303e+08 -1.67757e+07 -1.67830e+07  1.67654e+07
  300.00  6.31932  9.03980e+08  9.04006e+08  9.04039e+08 -1.43617e+07 -1.43669e+07  1.43479e+07
  300.00  6.34044  8.93996e+08  8.94028e+08  8.94064e+08 -1.37849e+07 -1.37874e+07  1.37676e+07
  300.00  6.36156  8.89190e+08  8.89227e+08  8.89265e+08 -1.48230e+07 -1.48226e+07  1.48028e+07
  300.00  6.38268  8.88121e+08  8.88163e+08  8.88201e+08 -1.71106e+07 -1.71074e+07  1.70885e+07
  300.00  6.40380  8.88611e+08  8.88657e+08  8.88695e+08 -2.01824e+07 -2.01768e+07  2.01598e+07
  300.00  6.42492  8.88434e+08  8.88482e+08  8.88519e+08 -2.35227e+07 -2.35154e+07  2.35013e+07
  300.00  6.44605  8.85935e+08  8.85983e+08  8.86018e+08 -2.66294e+07 -2.66215e+07  2.66109e+07
  300.00  6.46717  8.80415e+08  8.80462e+08  8.80493e+08 -2.90828e+07 -2.90752e+07  2.90687e+07
  300.00  6.48829  8.72203e+08  8.72248e+08  8.72275e+08 -3.05992e+07 -3.05930e+07  3.05907e+07
  300.00  6.50941  8.62404e+08  8.62444e+08  8.62466e+08 -3.10525e+07 -3.10484e+07  3.10503e+07
  300.00  6.53053  8.52444e+08  8.52480e+08  8.52496e+08 -3.04580e+07 -3.04568e+07  3.04626e+07
  300.00  6.55165  8.43573e+08  8.43605e+08  8.43615e+08 -2.89304e+07 -2.89325e+07  2.89418e+07
  300.00  6.57277  8.36456e+08  8.36484e+08  8.36488e+08 -2.66338e+07 -2.66394e+07  2.66519e+07
  300.00  6.59389  8.30948e+08  8.30972e+08  8.30970e+08 -2.37410e+07 -2.37502e+07  2.37654e+07
  300.00  6.61502  8.26089e+08  8.26110e+08  8.26103e+08 -2.04100e+07 -2.04226e+07  2.04401e+07
  300.00  6.63614  8.20302e+08  8.20320e+08  8.20309e+08 -1.67784e+07 -1.67940e+07  1.68135e+07
  300.00  6.65726  8.11746e+08  8.11762e+08  8.11748e+08 -1.29680e+07 -1.29862e+07  1.30073e+07
  300.00  6.67838  7.98752e+08  7.98767e+08  7.98752e+08 -9.09334e+06 -9.11355e+06  9.13585e+06
  300.00  6.69950  7.80231e+08  7.80246e+08  7.80230e+08 -5.26666e+06 -5.28811e+06  5.31128e+06
  300.00  6.72062  7.55957e+08  7.55971e+08  7.55956e+08 -1.59671e+06 -1.61862e+06  1.64220e+06
  300.00  6.74174  7.26644e+08  7.26659e+08  7.26646e+08  1.81855e+06  1.79696e+06 -1.77348e+06
  300.00  6.76286  6.93810e+08  6.93825e+08  6.93814e+08  4.90268e+06  4.88216e+06 -4.85932e+06
  300.00  6.78398  6.59461e+08  6.59477e+08  6.59468e+08  7.61051e+06  7.59175e+06 -7.57005e+06
  300.00  6.80511  6.25699e+08  6.25716e+08  6.25709e+08  9.93315e+06  9.91675e+06 -9.89664e+06
  300.00  6.82623  5.94356e+08  5.94373e+08  5.94368e+08  1.18965e+07  1.18829e+07 -1.18648e+07
  300.00  6.84735  5.66718e+08  5.66736e+08  5.66733e+08  1.35536e+07  1.35431e+07 -1.35272e+07
  300.00  6.86847  5.43388e+08  5.43407e+08  5.43405e+08  1.49735e+07  1.49664e+07 -1.49529e+07
  300.00  6.88959  5.24266e+08  5.24286e+08  5.24285e+08  1.62297e+07  1.62259e+07 -1.62151e+07
  300.00  6.91071  5.08640e+08  5.08660e+08  5.08660e+08  1.73889e+07  1.73886e+07 -1.73803e+07
  300.00  6.93183  4.95344e+08  4.95365e+08  4.95366e+08  1.85032e+07  1.85060e+07 -1.85003e+07
  300.00  6.95295  4.82969e+08  4.82990e+08  4.82992e+08  1.96027e+07  1.96083e+07 -1.96052e+07
  300.00  6.97407  4.70103e+08  4.70125e+08  4.70128e+08  2.06914e+07  2.06994e+07 -2.06987e+07
  300.00  6.99520  4.55567e+08  4.55591e+08  4.55596e+08  2.17445e+07  2.17543e+07 -2.17559e+07
  300.00  7.01632  4.38607e+08  4.38632e+08  4.38639e+08  2.27107e+07  2.27216e+07 -2.27254e+07
  300.00  7.03744  4.18995e+08  4.19021e+08  4.19030e+08  2.35191e+07  2.35304e+07 -2.35362e+07
  300.00  7.05856  3.97029e+08  3.97056e+08  3.97067e+08  2.40911e+07  2.41022e+07 -2.41097e+07
  300.00  7.07968  3.73423e+08  3.73450e+08  3.73464e+08  2.43555e+07  2.43658e+07 -2.43748e+07
  300.00  7.10080  3.49121e+08  3.49148e+08  3.49164e+08  2.42614e+07  2.42703e+07 -2.42806e+07
  300.00  7.12192  3.25098e+08  3.25124e+08  3.25143e+08  2.37862e+07  2.37935e+07 -2.38049e+07
  300.00  7.14304  3.02178e+08  3.02203e+08  3.02224e+08  2.29374e+07  2.29429e+07 -2.29551e+07
  300.00  7.16416  2.80923e+08  2.80946e+08  2.80967e+08  2.17468e+07  2.17505e+07 -2.17633e+07
  300.00  7.18529  2.61582e+08  2.61603e+08  2.61625e+08  2.02620e+07  2.02638e+07 -2.02770e+07
  300.00  7.20641  2.44117e+08  2.44136e+08  2.44159e+08  1.85375e+07  1.85377e+07 -1.85510e+07
  300.00  7.22753  2.28265e+08  2.28281e+08  2.28305e+08  1.66282e+07  1.66271e+07 -1.66402e+07
  300.00  7.24865  2.13624e+08  2.13638e+08  2.13661e+08  1.45857e+07  1.45835e+07 -1.45963e+07
  300.00  7.26977  1.99745e+08  1.99756e+08  1.99779e+08  1.24568e+07  1.24539e+07 -1.24660e+07
  300.00  7.29089  1.86215e+08  1.86223e+08  1.86245e+08  1.02834e+07  1.02800e+07 -1.02914e+07
  300.00  7.31201  1.72712e+08  1.72717e+08  1.72739e+08  8.10301e+06  8.09954e+06 -8.10988e+06
  300.00  7.33313  1.59045e+08  1.59048e+08  1.59069e+08  5.94972e+06  5.94633e+06 -5.95551e+06
  300.00  7.35425  1.45153e+08  1.45155e+08  1.45174e+08  3.85553e+06  3.85234e+06 -3.86028e+06
  300.00  7.37538  1.31092e+08  1.31092e+08  1.31112e+08  1.85212e+06  1.84918e+06 -1.85585e+06
  300.00  7.39650  1.17005e+08  1.17004e+08  1.17023e+08 -2.78355e+04 -3.05389e+04  2.51074e+04
  300.00  7.41762  1.03088e+08  1.03087e+08  1.03105e+08 -1.75041e+06 -1.75294e+06  1.74865e+06
  300.00  7.43874  8.95668e+07  8.95657e+07  8.95829e+07 -3.28175e+06 -3.28419e+06  3.28090e+06
  300.00  7.45986  7.66734e+07  7.66727e+07  7.66892e+07 -4.59103e+06 -4.59345e+06  4.59099e+06
  300.00  7.48098  6.46317e+07  6.46318e+07  6.46474e+07 -5.65448e+06 -5.65695e+06  5.65516e+06
  300.00  7.50210  5.36424e+07  5.36434e+07  5.36580e+07 -6.45962e+06 -6.46216e+06  6.46088e+06
  300.00  7.52322  4.38664e+07  4.38683e+07  4.38819e+07 -7.00824e+06 -7.01085e+06  7.00994e+06
  300.00  7.54434  3.54073e+07  3.54100e+07  3.54225e+07 -7.31736e+06 -7.31999e+06  7.31935e+06
  300.00  7.56547  2.82972e+07  2.83006e+07  2.83119e+07 -7.41731e+06 -7.41993e+06  7.41947e+06
  300.00  7.58659  2.24905e+07  2.24944e+07  2.25045e+07 -7.34717e+06 -7.34972e+06  7.34940e+06
  300.00  7.60771  1.78699e+07  1.78741e+07  1.78830e+07 -7.14807e+06 -7.15050e+06  7.15030e+06
  300.00  7.62883  1.42638e+07  1.42681e+07  1.42759e+07 -6.85592e+06 -6.85818e+06  6.85808e+06
  300.00  7.64995  1.14709e+07  1.14752e+07  1.14819e+07 -6.49498e+06 -6.49703e+06  6.49704e+06
  300.00  7.67107  9.28626e+06  9.29032e+06  9.29607e+06 -6.07399e+06 -6.07581e+06  6.07594e+06
  300.00  7.69219  7.52438e+06  7.52811e+06  7.53290e+06 -5.58615e+06 -5.58773e+06  5.58798e+06
  300.00  7.71331  6.03849e+06  6.04176e+06  6.04561e+06 -5.01321e+06 -5.01454e+06  5.01492e+06
  300.00  7.73443  4.73557e+06  4.73825e+06  4.74119e+06 -4.33318e+06 -4.33426e+06  4.33478e+06
  300.00  7.75556  3.58742e+06  3.58940e+06  3.59142e+06 -3.52999e+06 -3.53084e+06  3.53152e+06
  300.00  7.77668  2.63482e+06  2.63599e+06  2.63714e+06 -2.60272e+06 -2.60340e+06  2.60423e+06
  300.00  7.79780  1.98054e+06  1.98082e+06  1.98115e+06 -1.57216e+06 -1.57275e+06  1.57370e+06
  300.00  7.81892  1.76822e+06  1.76759e+06  1.76722e+06 -4.83029e+05 -4.83616e+05  4.84641e+05
  300.00  7.84004  2.14884e+06  2.14733e+06  2.14645e+06  5.98557e+05  5.97855e+05 -5.96858e+05
  300.00  7.86116  3.24209e+06  3.23982e+06  3.23866e+06  1.59174e+06  1.59080e+06 -1.58999e+06
  300.00  7.88228  5.10335e+06  5.10050e+06  5.09932e+06  2.41017e+06  2.40889e+06 -2.40846e+06
  300.00  7.90340  7.70611e+06  7.70294e+06  7.70204e+06  2.97209e+06  2.97039e+06 -2.97058e+06
  300.00  7.92452  1.09447e+07  1.09415e+07  1.09412e+07  3.20954e+06  3.20737e+06 -3.20844e+06
  300.00  7.94565  1.46552e+07  1.46522e+07  1.46527e+07  3.07548e+06  3.07282e+06 -3.07501e+06
  300.00  7.96677  1.86466e+07  1.86442e+07  1.86457e+07  2.54807e+06  2.54494e+06 -2.54843e+06
  300.00  7.98789  2.27336e+07  2.27320e+07  2.27346e+07  1.63200e+06  1.62843e+06 -1.63335e+06
  300.00  8.00901  2.67613e+07  2.67607e+07  2.67645e+07  3.57049e+05  3.53093e+05 -3.59473e+05
  300.00  8.03013  3.06187e+07  3.06193e+07  3.06242e+07 -1.22550e+06 -1.22980e+06  1.22201e+06
  300.00  8.05125  3.42413e+07  3.42431e+07  3.42493e+07 -3.04795e+06 -3.05254e+06  3.04348e+06
  300.00  8.07237  3.76046e+07  3.76077e+07  3.76150e+07 -5.03190e+06 -5.03675e+06  5.02664e+06
  300.00  8.09349  4.07142e+07  4.07185e+07  4.07269e+07 -7.09417e+06 -7.09926e+06  7.08837e+06
  300.00  8.11461  4.35955e+07  4.36011e+07  4.36104e+07 -9.15225e+06 -9.15755e+06  9.14619e+06
  300.00  8.13574  4.62858e+07  4.62927e+07  4.63030e+07 -1.11290e+07 -1.11345e+07  1.11230e+07
  300.00  8.15686  4.88291e+07  4.88372e+07  4.88484e+07 -1.29564e+07 -1.29621e+07  1.29507e+07
  300.00  8.17798  5.12727e+07  5.12820e+07  5.12941e+07 -1.45778e+07 -1.45837e+07  1.45728e+07
  300.00  8.19910  5.36654e+07  5.36760e+07  5.36889e+07 -1.59495e+07 -1.59555e+07  1.59454e+07
  300.00  8.22022  5.60552e+07  5.60671e+07  5.60808e+07 -1.70401e+07 -1.70463e+07  1.70371e+07
  300.00  8.24134  5.84856e+07  5.84988e+07  5.85134e+07 -1.78304e+07 -1.78367e+07  1.78287e+07
  300.00  8.26246  6.09917e+07  6.10062e+07  6.10216e+07 -1.83122e+07 -1.83184e+07  1.83118e+07
  300.00  8.28358  6.35944e+07  6.36100e+07  6.36262e+07 -1.84878e+07 -1.84940e+07  1.84889e+07
  300.00  8.30470  6.62957e+07  6.63125e+07  6.63295e+07 -1.83714e+07 -1.83774e+07  1.83739e+07
  300.00  8.32583  6.90752e+07  6.90931e+07  6.91108e+07 -1.79898e+07 -1.79955e+07  1.79937e+07
  300.00  8.34695  7.18890e+07  7.19079e+07  7.19262e+07 -1.73853e+07 -1.73905e+07  1.73906e+07
  300.00  8.36807  7.46727e+07  7.46924e+07  7.47113e+07 -1.66167e+07 -1.66214e+07  1.66233e+07
  300.00  8.38919  7.73489e+07  7.73694e+07  7.73886e+07 -1.57599e+07 -1.57638e+07  1.57678e+07
  300.00  8.41031  7.98390e+07  7.98600e+07  7.98796e+07 -1.49050e+07 -1.49081e+07  1.49141e+07
  300.00  8.43143  8.20775e+07  8.20990e+07  8.21189e+07 -1.41515e+07 -1.41538e+07  1.41620e+07
  300.00  8.45255  8.40284e+07  8.40502e+07  8.40703e+07 -1.36008e+07 -1.36021e+07  1.36127e+07
  300.00  8.47367  8.56977e+07  8.57197e+07  8.57400e+07 -1.33481e+07 -1.33484e+07  1.33615e+07
  300.00  8.49479  8.71428e+07  8.71651e+07  8.71855e+07 -1.34746e+07 -1.34740e+07  1.34900e+07
  300.00  8.51592  8.84746e+07  8.84972e+07  8.85178e+07 -1.40429e+07 -1.40415e+07  1.40606e+07
  300.00  8.53704  8.98519e+07  8.98748e+07  8.98957e+07 -1.50947e+07 -1.50926e+07  1.51154e+07
  300.00  8.55816  9.14702e+07  9.14937e+07  9.15150e+07 -1.66518e+07 -1.66492e+07  1.66762e+07
  300.00  8.57928  9.35461e+07  9.35704e+07  9.35922e+07 -1.87190e+07 -1.87160e+07  1.87480e+07
  300.00  8.60040  9.62998e+07  9.63252e+07  9.63478e+07 -2.12872e+07 -2.12840e+07  2.13218e+07
  300.00  8.62152  9.99388e+07  9.99659e+07  9.99894e+07 -2.43352e+07 -2.43321e+07  2.43768e+07
  300.00  8.64264  1.04644e+08  1.04673e+08  1.04698e+08 -2.78297e+07 -2.78269e+07  2.78800e+07
  300.00  8.66376  1.10558e+08  1.10590e+08  1.10616e+08 -3.17228e+07 -3.17204e+07  3.17838e+07
  300.00  8.68488  1.17781e+08  1.17816e+08  1.17844e+08 -3.59482e+07 -3.59464e+07  3.60224e+07
  300.00  8.70601  1.26365e+08  1.26405e+08  1.26434e+08 -4.04173e+07 -4.04163e+07  4.05079e+07
  300.00  8.72713  1.36320e+08  1.36365e+08  1.36396e+08 -4.50174e+07 -4.50173e+07  4.51281e+07
  300.00  8.74825  1.47617e+08  1.47668e+08  1.47701e+08 -4.96120e+07 -4.96130e+07  4.97476e+07
  300.00  8.76937  1.60206e+08  1.60264e+08  1.60299e+08 -5.40451e+07 -5.40472e+07  5.42113e+07
  300.00  8.79049  1.74034e+08  1.74100e+08  1.74136e+08 -5.81477e+07 -5.81511e+07  5.83516e+07
  300.00  8.81161  1.89064e+08  1.89139e+08  1.89176e+08 -6.17473e+07 -6.17521e+07  6.19977e+07
  300.00  8.83273  2.05306e+08  2.05390e+08  2.05428e+08 -6.46779e+07 -6.46839e+07  6.49852e+07
  300.00  8.85385  2.22834e+08  2.22929e+08  2.22968e+08 -6.67883e+07 -6.67957e+07  6.71658e+07
  300.00  8.87497  2.41807e+08  2.41914e+08  2.41952e+08 -6.79498e+07 -6.79584e+07  6.84135e+07
  300.00  8.89610  2.62475e+08  2.62593e+08  2.62631e+08 -6.80596e+07 -6.80695e+07  6.86294e+07
  300.00  8.91722  2.85172e+08  2.85302e+08  2.85339e+08 -6.70434e+07 -6.70543e+07  6.77438e+07
  300.00  8.93834  3.10308e+08  3.10450e+08  3.10485e+08 -6.48547e+07 -6.48665e+07  6.57158e+07
  300.00  8.95946  3.38335e+08  3.38488e+08  3.38520e+08 -6.14746e+07 -6.14870e+07  6.25335e+07
  300.00  8.98058  3.69710e+08  3.69874e+08  3.69903e+08 -5.69102e+07 -5.69229e+07  5.82123e+07
  300.00  9.00170  4.04845e+08  4.05018e+08  4.05043e+08 -5.11930e+07 -5.12056e+07  5.27933e+07
  300.00  9.02282  4.44032e+08  4.44212e+08  4.44234e+08 -4.43755e+07 -4.43873e+07  4.63402e+07
  300.00  9.04394  4.87352e+08  4.87536e+08  4.87554e+08 -3.65299e+07 -3.65403e+07  3.89381e+07
  300.00  9.06507  5.34523e+08  5.34710e+08  5.34723e+08 -2.77612e+07 -2.77695e+07  3.07058e+07
  300.00  9.08619  5.84724e+08  5.84909e+08  5.84918e+08 -1.82402e+07 -1.82461e+07  2.18287e+07
  300.00  9.10731  6.36568e+08  6.36748e+08  6.36752e+08 -8.19712e+06 -8.20137e+06  1.25520e+07
  300.00  9.12843  6.88573e+08  6.88743e+08  6.88743e+08  2.23813e+06  2.23448e+06  3.01978e+06
  300.00  9.14955  7.39747e+08  7.39903e+08  7.39899e+08  1.31798e+07  1.31766e+07 -6.86676e+06
  300.00  9.17067  7.89348e+08  7.89481e+08  7.89474e+08  2.47224e+07  2.47208e+07 -1.71854e+07
  300.00  9.19179  8.36433e+08  8.36535e+08  8.36526e+08  3.65803e+07  3.65815e+07 -2.76332e+07
  300.00  9.21291  8.80227e+08  8.80290e+08  8.80281e+08  4.81478e+07  4.81521e+07 -3.75862e+07
  300.00  9.23403  9.20598e+08  9.20615e+08  9.20607e+08  5.87426e+07  5.87497e+07 -4.63410e+07
  300.00  9.25516  9.57950e+08  9.57922e+08  9.57916e+08  6.77463e+07  6.77558e+07 -5.32545e+07
  300.00  9.27628  9.92853e+08  9.92786e+08  9.92783e+08  7.46762e+07  7.46876e+07 -5.78157e+07
  300.00  9.29740  1.02580e+09  1.02571e+09  1.02571e+09  7.92398e+07  7.92526e+07 -5.97013e+07
  300.00  9.31852  1.05728e+09  1.05718e+09  1.05719e+09  8.13542e+07  8.13677e+07 -5.87940e+07
  300.00  9.33964  1.08809e+09  1.08802e+09  1.08803e+09  8.11134e+07  8.11268e+07 -5.51454e+07
  300.00  9.36076  1.11962e+09  1.11960e+09  1.11962e+09  7.87152e+07  7.87277e+07 -4.88972e+07
  300.00  9.38188  1.15384e+09  1.15394e+09  1.15396e+09  7.43866e+07  7.43975e+07 -4.02012e+07
  300.00  9.40300  1.19292e+09  1.19318e+09  1.19322e+09  6.83443e+07  6.83531e+07 -2.91798e+07
  300.00  9.42412  1.23860e+09  1.23911e+09  1.23915e+09  6.08039e+07  6.08104e+07 -1.59415e+07
  300.00  9.44525  1.29173e+09  1.29255e+09  1.29260e+09  5.20202e+07  5.20242e+07 -6.31227e+05
  300.00  9.46637  1.35212e+09  1.35335e+09  1.35341e+09  4.23241e+07  4.23254e+07  1.65249e+07
  300.00  9.48749  1.41879e+09  1.42052e+09  1.42059e+09  3.21276e+07  3.21260e+07  3.52104e+07
  300.00  9.50861  1.49037e+09  1.49268e+09  1.49276e+09  2.18938e+07  2.18887e+07  5.50511e+07
  300.00  9.52973  1.56546e+09  1.56843e+09  1.56854e+09  1.20836e+07  1.20747e+07  7.56725e+07
  300.00  9.55085  1.64290e+09  1.64661e+09  1.64673e+09  3.10439e+06  3.09102e+06  9.67560e+07
  300.00  9.57197  1.72179e+09  1.72633e+09  1.72646e+09 -4.72840e+06 -4.74672e+06  1.18079e+08
  300.00  9.59309  1.80155e+09  1.80698e+09  1.80712e+09 -1.12078e+07 -1.12316e+07  1.39534e+08
  300.00  9.61421  1.88180e+09  1.88820e+09  1.88835e+09 -1.62316e+07 -1.62616e+07  1.61122e+08
  300.00  9.63534  1.96234e+09  1.96978e+09  1.96996e+09 -1.97798e+07 -1.98168e+07  1.82929e+08
  300.00  9.65646  2.04308e+09  2.05164e+09  2.05183e+09 -2.18793e+07 -2.19243e+07  2.05091e+08
  300.00  9.67758  2.12396e+09  2.13372e+09  2.13392e+09 -2.25643e+07 -2.26187e+07  2.27752e+08
  300.00  9.69870  2.20493e+09  2.21597e+09  2.21618e+09 -2.18442e+07 -2.19097e+07  2.51029e+08
  300.00  9.71982  2.28598e+09  2.29839e+09  2.29861e+09 -1.96857e+07 -1.97643e+07  2.74995e+08
  300.00  9.74094  2.36716e+09  2.38103e+09  2.38127e+09 -1.60136e+07 -1.61079e+07  2.99683e+08
  300.00  9.76206  2.44873e+09  2.46414e+09  2.46439e+09 -1.07260e+07 -1.08390e+07  3.25107e+08
  300.00  9.78318  2.53117e+09  2.54818e+09  2.54846e+09 -3.71567e+06 -3.85111e+06  3.51287e+08
  300.00  9.80430  2.61526e+09  2.63395e+09  2.63426e+09  5.11087e+06  4.94853e+06  3.78280e+08
  300.00  9.82543  2.70210e+09  2.72254e+09  2.72289e+09  1.58263e+07  1.56317e+07  4.06192e+08
  300.00  9.84655  2.79303e+09  2.81527e+09  2.81568e+09  2.84881e+07  2.82547e+07  4.35168e+08
  300.00  9.86767  2.88947e+09  2.91356e+09  2.91406e+09  4.31562e+07  4.28762e+07  4.65371e+08
  300.00  9.88879  2.99276e+09  3.01876e+09  3.01936e+09  5.99153e+07  5.95794e+07  4.96943e+08
  300.00  9.90991  3.10397e+09  3.13193e+09  3.13267e+09  7.88960e+07  7.84931e+07  5.29962e+08
  300.00  9.93103  3.22371e+09  3.25366e+09  3.25459e+09  1.00287e+08  9.98042e+07  5.64403e+08
  300.00  9.95215  3.35199e+09  3.38393e+09  3.38510e+09  1.24335e+08  1.23757e+08  6.00108e+08
  300.00  9.97327  3.48812e+09  3.52203e+09  3.52351e+09  1.51329e+08  1.50639e+08  6.36768e+08
  300.00  9.99439  3.63068e+09  3.66651e+09  3.66837e+09  1.81574e+08  1.80753e+08  6.73937e+08
  300.00  10.01552  3.77759e+09  3.81523e+09  3.81758e+09  2.15354e+08  2.14382e+08  7.11044e+08
  300.00  10.03664  3.92624e+09  3.96557e+09  3.96851e+09  2.52893e+08  2.51747e+08  7.47439e+08
  300.00  10.05776  4.07371e+09  4.11454e+09  4.11823e+09  2.94313e+08  2.92971e+08  7.82443e+08
  300.00  10.07888  4.21704e+09  4.25917e+09  4.26376e+09  3.39609e+08  3.38048e+08  8.15398e+08
  300.00  10.10000  4.35349e+09  4.39671e+09  4.40238e+09  3.88633e+08  3.86831e+08  8.45722e+08
