0.00001 9.998345398144424e-01
0.01250 9.948418947066915e-01
0.02500 9.935110541913951e-01
0.03750 9.928486941009167e-01
0.05000 9.924774004960246e-01
0.06250 9.922499430660422e-01
0.07500 9.920984102560182e-01
0.08750 9.919885715631498e-01
0.10000 9.919018825238832e-01
0.11250 9.918276011904932e-01
0.12500 9.917590967670583e-01
0.13750 9.916920233555364e-01
0.15000 9.916233691393755e-01
0.16250 9.915509342747999e-01
0.17500 9.914730248606313e-01
0.18750 9.913882569995182e-01
0.20000 9.912954162987427e-01
0.21250 9.911933441807375e-01
0.22500 9.910808359780289e-01
0.23750 9.909565426984405e-01
0.25000 9.908188712349463e-01
0.26250 9.906658780148196e-01
0.27500 9.904951493562252e-01
0.28750 9.903036584014384e-01
0.30000 9.900875831700409e-01
0.31250 9.898420619189584e-01
0.32500 9.895608479076761e-01
0.33750 9.892357998777025e-01
0.35000 9.888560943924638e-01
0.36250 9.884069465860056e-01
0.37500 9.878674364851638e-01
0.38750 9.872067412996740e-01
0.40000 9.863779682650574e-01
0.41250 9.853111340778831e-01
0.42500 9.839234185140466e-01
0.43750 9.822307767531362e-01
0.45000 9.806640927943322e-01
0.46250 9.798773901398774e-01
0.47500 9.795885438862906e-01
0.48750 9.792720502978719e-01
0.50000 9.789977801022753e-01
0.51250 9.789797947379398e-01
0.52500 9.792635697314198e-01
0.53750 9.797336004434450e-01
0.55000 9.802403032603578e-01
0.56250 9.806855576402493e-01
0.57500 9.810312016816231e-01
0.58750 9.812752333821494e-01
0.60000 9.814303102885773e-01
0.61250 9.815121259547741e-01
0.62500 9.815347446629841e-01
0.63750 9.815093656164753e-01
0.65000 9.814444430432370e-01
0.66250 9.813462037135705e-01
0.67500 9.812191858045419e-01
0.68750 9.810666817670993e-01
0.70000 9.808910692270413e-01
0.71250 9.806940469577000e-01
0.72500 9.804767990802117e-01
0.73750 9.802401077001480e-01
0.75000 9.799844292145807e-01
0.76250 9.797099449410700e-01
0.77500 9.794165931125529e-01
0.78750 9.791040865821524e-01
0.80000 9.787719185371115e-01
0.81250 9.784193568470922e-01
0.82500 9.780454260715884e-01
0.83750 9.776488742648531e-01
0.85000 9.772281190079881e-01
0.86250 9.767811626077895e-01
0.87500 9.763054581768674e-01
0.88750 9.757976918895458e-01
0.90000 9.752534104524598e-01
0.91250 9.746663297465263e-01
0.92500 9.740268489773490e-01
0.93750 9.733175825558639e-01
0.95000 9.724865977922985e-01
0.96250 9.715965271063494e-01
0.97500 9.704578352983829e-01
0.98750 9.687778382056247e-01
1.00000 9.654033290831745e-01
1.01250 9.520876594706161e-01
1.02500 9.545392829729663e-01
1.03750 9.667274097224726e-01
1.05000 9.669604106086546e-01
1.06250 9.659961560837759e-01
1.07500 9.647309905633329e-01
1.08750 9.632937133497772e-01
1.10000 9.616972549442220e-01
1.11250 9.599253394898457e-01
1.12500 9.579493899654274e-01
1.13750 9.557320214309586e-01
1.15000 9.532271016423941e-01
1.16250 9.503787490379573e-01
1.17500 9.471200270114687e-01
1.18750 9.433716793172218e-01
1.20000 9.390409852799210e-01
1.21250 9.340202453889912e-01
1.22500 9.281835150841463e-01
1.23750 9.213817304214813e-01
1.25000 9.134564579391713e-01
1.26250 9.043908185173001e-01
1.27500 8.949496496429843e-01
1.28750 8.875836770882396e-01
1.30000 8.838998110603096e-01
1.31250 8.803705472432588e-01
1.32500 8.727251220166024e-01
1.33750 8.588537151199115e-01
1.35000 8.366052939825531e-01
1.36250 8.024721488676965e-01
1.37500 7.532635604187452e-01
1.38750 6.964793415334066e-01
1.40000 6.631173829660035e-01
1.41250 6.692827117476904e-01
1.42500 6.776668487761747e-01
1.43750 6.953155623104464e-01
1.45000 7.406006296391524e-01
1.46250 7.841340089919858e-01
1.47500 8.630124018441485e-01
1.48750 8.971090154486362e-01
1.50000 9.206795832945711e-01
1.51250 9.475798968055003e-01
1.52500 9.567887534872471e-01
1.53750 9.580539918570878e-01
1.55000 9.568337040609151e-01
1.56250 9.546023996218802e-01
1.57500 9.518579154915073e-01
1.58750 9.488033004888365e-01
1.60000 9.455253726196224e-01
1.61250 9.420516629559407e-01
1.62500 9.383687239464021e-01
1.63750 9.344273373035040e-01
1.65000 9.301589198710513e-01
1.66250 9.255785298614692e-01
1.67500 9.211547205119106e-01
1.68750 9.181933590066267e-01
1.70000 9.173630423862523e-01
1.71250 9.172022224066246e-01
1.72500 9.165748170503389e-01
1.73750 9.155503077316985e-01
1.75000 9.144841448710980e-01
1.76250 9.136100209269211e-01
1.77500 9.130009984994515e-01
1.78750 9.126201459043827e-01
1.80000 9.123881451549174e-01
1.81250 9.122337730201570e-01
1.82500 9.121133219281362e-01
1.83750 9.120076655467261e-01
1.85000 9.119117371390247e-01
1.86250 9.118250833972597e-01
1.87500 9.117455659700595e-01
1.88750 9.116650725247507e-01
1.90000 9.115648851877286e-01
1.91250 9.114066948706416e-01
1.92500 9.111089926477103e-01
1.93750 9.104711234678846e-01
1.95000 9.088515795506155e-01
1.96250 9.030748103025441e-01
1.97500 8.914673326058881e-01
1.98750 9.146588632403584e-01
2.00000 9.164328196241789e-01
2.01250 9.165730911740798e-01
2.02500 9.166522687501990e-01
2.03750 9.167749830638108e-01
2.05000 9.169364164155359e-01
2.06250 9.171232850502755e-01
2.07500 9.173244955329274e-01
2.08750 9.175315835629501e-01
2.10000 9.177380287040312e-01
2.11250 9.179386607266773e-01
2.12500 9.181292617850800e-01
2.13750 9.183063167840361e-01
2.15000 9.184668612924463e-01
2.16250 9.186083912509391e-01
2.17500 9.187288110184794e-01
2.18750 9.188264044825378e-01
2.20000 9.188998192117415e-01
2.21250 9.189480570662951e-01
2.22500 9.189704670123490e-01
2.23750 9.189667375249404e-01
2.25000 9.189368871374292e-01
2.26250 9.188812525245705e-01
2.27500 9.188004740574461e-01
2.28750 9.186954790856149e-01
2.30000 9.185674633278064e-01
2.31250 9.184178707380031e-01
2.32500 9.182483721170416e-01
2.33750 9.180608426190013e-01
2.35000 9.178573382042343e-01
2.36250 9.176400710456962e-01
2.37500 9.174113839091644e-01
2.38750 9.171737235888221e-01
2.40000 9.169296135640075e-01
2.41250 9.166816261243921e-01
2.42500 9.164323542684173e-01
2.43750 9.161843837024023e-01
2.45000 9.159402652554592e-01
2.46250 9.157024879878526e-01
2.47500 9.154734532230921e-01
2.48750 9.152554496932961e-01
2.50000 9.150506299666706e-01
2.51250 9.148609883324241e-01
2.52500 9.146883403516154e-01
2.53750 9.145343043342206e-01
2.55000 9.144002850591880e-01
2.56250 9.142874600982799e-01
2.57500 9.141967691193447e-01
2.58750 9.141289065175411e-01
2.60000 9.140843176484899e-01
2.61250 9.140631988197351e-01
2.62500 9.140655010506461e-01
2.63750 9.140909374586635e-01
2.65000 9.141389939974347e-01
2.66250 9.142089431822392e-01
2.67500 9.142998604014727e-01
2.68750 9.144106424249637e-01
2.70000 9.145400277590205e-01
2.71250 9.146866185318984e-01
2.72500 9.148489035896924e-01
2.73750 9.150252824225361e-01
2.75000 9.152140894280870e-01
2.76250 9.154136178815441e-01
2.77500 9.156221428627661e-01
2.78750 9.158379423370958e-01
2.80000 9.160593156292691e-01
2.81250 9.162845986778619e-01
2.82500 9.165121756950705e-01
2.83750 9.167404871484760e-01
2.85000 9.169680342848255e-01
2.86250 9.171933806891163e-01
2.87500 9.174151515821939e-01
2.88750 9.176320316850988e-01
2.90000 9.178427625094050e-01
2.91250 9.180461398722818e-01
2.92500 9.182410122958583e-01
2.93750 9.184262807541177e-01
2.95000 9.186009000042994e-01
2.96250 9.187638815134692e-01
2.97500 9.189142977925633e-01
2.98750 9.190512878019954e-01
3.00000 9.191740630080232e-01
3.01250 9.192819136502207e-01
3.02500 9.193742148203279e-01
3.03750 9.194504320364772e-01
3.05000 9.195101261048400e-01
3.06250 9.195529571728299e-01
3.07500 9.195786879762600e-01
3.08750 9.195871863541339e-01
3.10000 9.195784271421601e-01
3.11250 9.195524935587976e-01
3.12500 9.195095781705180e-01
3.13750 9.194499834747285e-01
3.15000 9.193741220801671e-01
3.16250 9.192825164064458e-01
3.17500 9.191757977759539e-01
3.18750 9.190547047392402e-01
3.20000 9.189200804627627e-01
3.21250 9.187728690163056e-01
3.22500 9.186141104248512e-01
3.23750 9.184449343932298e-01
3.25000 9.182665526674456e-01
3.26250 9.180802500596351e-01
3.27500 9.178873742291861e-01
3.28750 9.176893243752117e-01
3.30000 9.174875390497375e-01
3.31250 9.172834833411617e-01
3.32500 9.170786356993039e-01
3.33750 9.168744746741603e-01
3.35000 9.166724658204981e-01
3.36250 9.164740489831447e-01
3.37500 9.162806261294250e-01
3.38750 9.160935498436577e-01
3.40000 9.159141125519855e-01
3.41250 9.157435365105708e-01
3.42500 9.155829645700891e-01
3.43750 9.154334517250083e-01
3.45000 9.152959574648520e-01
3.46250 9.151713389619136e-01
3.47500 9.150603451500362e-01
3.48750 9.149636117664676e-01
3.50000 9.148816574385729e-01
3.51250 9.148148808959651e-01
3.52500 9.147635593747825e-01
3.53750 9.147278482546135e-01
3.55000 9.147077819321057e-01
3.56250 9.147032758923652e-01
3.57500 9.147141298949213e-01
3.58750 9.147400321511749e-01
3.60000 9.147805643405761e-01
3.61250 9.148352072982278e-01
3.62500 9.149033472100374e-01
3.63750 9.149842821729998e-01
3.65000 9.150772290143551e-01
3.66250 9.151813303075315e-01
3.67500 9.152956615659218e-01
3.68750 9.154192386281120e-01
3.70000 9.155510252625615e-01
3.71250 9.156899410123988e-01
3.72500 9.158348692739979e-01
3.73750 9.159846655635908e-01
3.75000 9.161381658848247e-01
3.76250 9.162941950777884e-01
3.77500 9.164515750145276e-01
3.78750 9.166091325106573e-01
3.80000 9.167657068452553e-01
3.81250 9.169201568156331e-01
3.82500 9.170713672918555e-01
3.83750 9.172182552703700e-01
3.85000 9.173597754513526e-01
3.86250 9.174949253778033e-01
3.87500 9.176227501761949e-01
3.88750 9.177423469310223e-01
3.90000 9.178528687122345e-01
3.91250 9.179535282591329e-01
3.92500 9.180436013099760e-01
3.93750 9.181224295557612e-01
3.95000 9.181894231907665e-01
3.96250 9.182440630318670e-01
3.97500 9.182859021830287e-01
3.98750 9.183145672297232e-01
4.00000 9.183297589590574e-01
4.01250 9.183312526137072e-01
4.02500 9.183188976998802e-01
4.03750 9.182926173803926e-01
4.05000 9.182524074925069e-01
4.06250 9.181983352359238e-01
4.07500 9.181305375789823e-01
4.08750 9.180492194307830e-01
4.10000 9.179546516239058e-01
4.11250 9.178471687471701e-01
4.12500 9.177271668610247e-01
4.13750 9.175951011201369e-01
4.15000 9.174514833190228e-01
4.16250 9.172968793674274e-01
4.17500 9.171319066927660e-01
4.18750 9.169572315575237e-01
4.20000 9.167735662703033e-01
4.21250 9.165816662606795e-01
4.22500 9.163823269808137e-01
4.23750 9.161763805918363e-01
4.25000 9.159646923912002e-01
4.26250 9.157481569395031e-01
4.27500 9.155276938520284e-01
4.28750 9.153042432313766e-01
4.30000 9.150787607319916e-01
4.31250 9.148522122634953e-01
4.32500 9.146255683552647e-01
4.33750 9.143997982175447e-01
4.35000 9.141758635431562e-01
4.36250 9.139547120982329e-01
4.37500 9.137372711516955e-01
4.38750 9.135244407935579e-01
4.40000 9.133170871944852e-01
4.41250 9.131160358655156e-01
4.42500 9.129220649885534e-01
4.43750 9.127358989043058e-01
4.45000 9.125582018624225e-01
4.46250 9.123895721551259e-01
4.47500 9.122305367668491e-01
4.48750 9.120815466748612e-01
4.50000 9.119429729276095e-01
4.51250 9.118151036076309e-01
4.52500 9.116981417554392e-01
4.53750 9.115922042919973e-01
4.55000 9.114973219337215e-01
4.56250 9.114134400497113e-01
4.57500 9.113404203707062e-01
4.58750 9.112780434276639e-01
4.60000 9.112260115788677e-01
4.61250 9.111839524806347e-01
4.62500 9.111514228690671e-01
4.63750 9.111279125472614e-01
4.65000 9.111128485101843e-01
4.66250 9.111055991819598e-01
4.67500 9.111054787801456e-01
4.68750 9.111117518516089e-01
4.70000 9.111236380390259e-01
4.71250 9.111403171335358e-01
4.72500 9.111609344487924e-01
4.73750 9.111846065195685e-01
4.75000 9.112104270910566e-01
4.76250 9.112374733306458e-01
4.77500 9.112648121681527e-01
4.78750 9.112915066565029e-01
4.80000 9.113166222430844e-01
4.81250 9.113392328501532e-01
4.82500 9.113584266774457e-01
4.83750 9.113733116577304e-01
4.85000 9.113830205137136e-01
4.86250 9.113867153806986e-01
4.87500 9.113835919732559e-01
4.88750 9.113728832862723e-01
4.90000 9.113538628318495e-01
4.91250 9.113258474244939e-01
4.92500 9.112881995380829e-01
4.93750 9.112403292692707e-01
4.95000 9.111816959525291e-01
4.96250 9.111118094809563e-01
4.97500 9.110302313931102e-01
4.98750 9.109365757884488e-01
5.00000 9.108305101316960e-01
5.01250 9.107117559995161e-01
5.02500 9.105800898116275e-01
5.03750 9.104353435739367e-01
5.05000 9.102774056448105e-01
5.06250 9.101062215188794e-01
5.07500 9.099217946073060e-01
5.08750 9.097241869806718e-01
5.10000 9.095135200313332e-01
5.11250 9.092899750066678e-01
5.12500 9.090537933627929e-01
5.13750 9.088052768894177e-01
5.15000 9.085447875593553e-01
5.16250 9.082727470598696e-01
5.17500 9.079896359664653e-01
5.18750 9.076959925226156e-01
5.20000 9.073924109916301e-01
5.21250 9.070795395504337e-01
5.22500 9.067580777012834e-01
5.23750 9.064287731880555e-01
5.25000 9.060924184198400e-01
5.26250 9.057498464256561e-01
5.27500 9.054019263874741e-01
5.28750 9.050495588196249e-01
5.30000 9.046936704750514e-01
5.31250 9.043352090572933e-01
5.32500 9.039751377989436e-01
5.33750 9.036144299343514e-01
5.35000 9.032540630529493e-01
5.36250 9.028950132796381e-01
5.37500 9.025382492002298e-01
5.38750 9.021847254408805e-01
5.40000 9.018353758235954e-01
5.41250 9.014911060532209e-01
5.42500 9.011527859385855e-01
5.43750 9.008212412037904e-01
5.45000 9.004972449971909e-01
5.46250 9.001815092496986e-01
5.47500 8.998746760670012e-01
5.48750 8.995773093607909e-01
5.50000 8.992898869322387e-01
5.51250 8.990127932174824e-01
5.52500 8.987463128909656e-01
5.53750 8.984906254991502e-01
5.55000 8.982458012656496e-01
5.56250 8.980117981707699e-01
5.57500 8.977884603659640e-01
5.58750 8.975755179397761e-01
5.60000 8.973725880100490e-01
5.61250 8.971791770816013e-01
5.62500 8.969946845828516e-01
5.63750 8.968184074815808e-01
5.65000 8.966495458796934e-01
5.66250 8.964872094974299e-01
5.67500 8.963304249743964e-01
5.68750 8.961781439316987e-01
5.70000 8.960292517498801e-01
5.71250 8.958825770163629e-01
5.72500 8.957369015820792e-01
5.73750 8.955909711422423e-01
5.75000 8.954435062265159e-01
5.76250 8.952932134565861e-01
5.77500 8.951387969113698e-01
5.78750 8.949789694361625e-01
5.80000 8.948124637428676e-01
5.81250 8.946380431713891e-01
5.82500 8.944545120120593e-01
5.83750 8.942607253194678e-01
5.85000 8.940555981734793e-01
5.86250 8.938381143593523e-01
5.87500 8.936073344431196e-01
5.88750 8.933624032104091e-01
5.90000 8.931025564173399e-01
5.91250 8.928271267731366e-01
5.92500 8.925355490384869e-01
5.93750 8.922273640850896e-01
5.95000 8.919022217250113e-01
5.96250 8.915598820896961e-01
5.97500 8.912002153251537e-01
5.98750 8.908231993812666e-01
6.00000 8.904289157184173e-01
6.01250 8.900175428414839e-01
6.02500 8.895893477029668e-01
6.03750 8.891446751889842e-01
6.05000 8.886839360995301e-01
6.06250 8.882075942315949e-01
6.07500 8.877161533362896e-01
6.08750 8.872101448118553e-01
6.10000 8.866901169833893e-01
6.11250 8.861566266935345e-01
6.12500 8.856102336959345e-01
6.13750 8.850514980387735e-01
6.15000 8.844809803002024e-01
6.16250 8.838992442467387e-01
6.17500 8.833068612755688e-01
6.18750 8.827044158970068e-01
6.20000 8.820925115148484e-01
6.21250 8.814717758505940e-01
6.22500 8.808428655034078e-01
6.23750 8.802064693115575e-01
6.25000 8.795633103593808e-01
6.26250 8.789141466394532e-01
6.27500 8.782597705200269e-01
6.28750 8.776010072729991e-01
6.30000 8.769387129797336e-01
6.31250 8.762737721476499e-01
6.32500 8.756070953424242e-01
6.33750 8.749396170784898e-01
6.35000 8.742722941284478e-01
6.36250 8.736061043248614e-01
6.37500 8.729420458465093e-01
6.38750 8.722811369091290e-01
6.40000 8.716244157125584e-01
6.41250 8.709729404188817e-01
6.42500 8.703277888326496e-01
6.43750 8.696900573093144e-01
6.45000 8.690608582261936e-01
6.46250 8.684413151238396e-01
6.47500 8.678325544018952e-01
6.48750 8.672356922982275e-01
6.50000 8.666518158841613e-01
6.51250 8.660819570736249e-01
6.52500 8.655270592540075e-01
6.53750 8.649879371294201e-01
6.55000 8.644652316525280e-01
6.56250 8.639593633152043e-01
6.57500 8.634704882642702e-01
6.58750 8.629984623503161e-01
6.60000 8.625428180089683e-01
6.61250 8.621027577001183e-01
6.62500 8.616771656364611e-01
6.63750 8.612646371093248e-01
6.65000 8.608635223886355e-01
6.66250 8.604719804118176e-01
6.67500 8.600880365589714e-01
6.68750 8.597096387465629e-01
6.70000 8.593347066485452e-01
6.71250 8.589611697775231e-01
6.72500 8.585869912032800e-01
6.73750 8.582101747903580e-01
6.75000 8.578287550855537e-01
6.76250 8.574407704547884e-01
6.77500 8.570442215562232e-01
6.78750 8.566370180054754e-01
6.80000 8.562169147661280e-01
6.81250 8.557814344981438e-01
6.82500 8.553277604923064e-01
6.83750 8.548525633586519e-01
6.85000 8.543516854099548e-01
6.86250 8.538195290260302e-01
6.87500 8.532478241990059e-01
6.88750 8.526230402614513e-01
6.90000 8.519206695682301e-01
6.91250 8.510920516134409e-01
6.92500 8.500357631649420e-01
6.93750 8.485906997328315e-01
6.95000 8.469518741782218e-01
6.96250 8.466843098657372e-01
6.97500 8.473382252352469e-01
6.98750 8.474090731801407e-01
7.00000 8.470391960942186e-01
7.01250 8.464578729733052e-01
7.02500 8.457666501784784e-01
7.03750 8.450072363756265e-01
7.05000 8.441972522005161e-01
7.06250 8.433440068740942e-01
7.07500 8.424497552150121e-01
7.08750 8.415134910168913e-01
7.10000 8.405307153204372e-01
7.11250 8.394904886369380e-01
7.12500 8.383646580954436e-01
7.13750 8.370620008262660e-01
7.15000 8.351515789432290e-01
7.16250 8.333631170153475e-01
7.17500 8.321286494091436e-01
7.18750 8.310474143083789e-01
7.20000 8.293053033491252e-01
7.21250 8.303475065672906e-01
7.22500 8.295648960318964e-01
7.23750 8.285494891951696e-01
7.25000 8.273993178357830e-01
7.26250 8.261763030517176e-01
7.27500 8.249152289467034e-01
7.28750 8.236314894804544e-01
7.30000 8.223326127317980e-01
7.31250 8.210230448365217e-01
7.32500 8.197059504537096e-01
7.33750 8.183839211425662e-01
7.35000 8.170592714533494e-01
7.36250 8.157341679594423e-01
7.37500 8.144106850974571e-01
7.38750 8.130908261527682e-01
7.40000 8.117765260123162e-01
7.41250 8.104696433189392e-01
7.42500 8.091719457902009e-01
7.43750 8.078850907802761e-01
7.45000 8.066106024691165e-01
7.46250 8.053498468420778e-01
7.47500 8.041040056364519e-01
7.48750 8.028740505523340e-01
7.50000 8.016607191672942e-01
7.51250 8.004644940804216e-01
7.52500 7.992855867690458e-01
7.53750 7.981239274148469e-01
7.55000 7.969791615263068e-01
7.56250 7.958506535878231e-01
7.57500 7.947374972947672e-01
7.58750 7.936385313160553e-01
7.60000 7.925523590852899e-01
7.61250 7.914773709383867e-01
7.62500 7.904117670024238e-01
7.63750 7.893535795449503e-01
7.65000 7.883006939219094e-01
7.66250 7.872508677146600e-01
7.67500 7.862017480405307e-01
7.68750 7.851508873084534e-01
7.70000 7.840957578563329e-01
7.71250 7.830337659597596e-01
7.72500 7.819622656657953e-01
7.73750 7.808785728083016e-01
7.75000 7.797799794280262e-01
7.76250 7.786637686723655e-01
7.77500 7.775272301032313e-01
7.78750 7.763676752109206e-01
7.80000 7.751824528310299e-01
7.81250 7.739689641041955e-01
7.82500 7.727246766193634e-01
7.83750 7.714471374527436e-01
7.85000 7.701339849634707e-01
7.86250 7.687829594288884e-01
7.87500 7.673919128773703e-01
7.88750 7.659588187673598e-01
7.90000 7.644817824169545e-01
7.91250 7.629590532543867e-01
7.92500 7.613890399929745e-01
7.93750 7.597703297159908e-01
7.95000 7.581017115984507e-01
7.96250 7.563822056216392e-01
7.97500 7.546110961632660e-01
7.98750 7.527879697135009e-01
8.00000 7.509127549946887e-01
8.01250 7.489857621310221e-01
8.02500 7.470077148701384e-01
8.03750 7.449797661660659e-01
8.05000 7.429034836672157e-01
8.06250 7.407807905745600e-01
8.07500 7.386138533124400e-01
8.08750 7.364049236992810e-01
8.10000 7.341561664490265e-01
8.11250 7.318695196801022e-01
8.12500 7.295466304480366e-01
8.13750 7.271888758783370e-01
8.15000 7.247974404704689e-01
8.16250 7.223733900493107e-01
8.17500 7.199176032647463e-01
8.18750 7.174299803027138e-01
8.20000 7.149174346999034e-01
8.21250 7.123746779971671e-01
8.22500 7.098045433611281e-01
8.23750 7.072083146230104e-01
8.25000 7.045869868668835e-01
8.26250 7.019415329668867e-01
8.27500 6.992729839485794e-01
8.28750 6.965825028725717e-01
8.30000 6.938714479714269e-01
8.31250 6.911414102914315e-01
8.32500 6.883942147500393e-01
8.33750 6.856318767833407e-01
8.35000 6.828565031669539e-01
8.36250 6.800701674488271e-01
8.37500 6.772756087543608e-01
8.38750 6.744757403073485e-01
8.40000 6.716700956368608e-01
8.41250 6.688594703809509e-01
8.42500 6.660438450802235e-01
8.43750 6.632217122286316e-01
8.45000 6.603898515283996e-01
8.46250 6.575433019394354e-01
8.47500 6.546778882893388e-01
8.48750 6.517915471906333e-01
8.50000 6.488947387721502e-01
8.51250 6.460347925341140e-01
8.52500 6.432924310692223e-01
8.53750 6.407036586318255e-01
8.55000 6.381912974784414e-01
8.56250 6.356552429368322e-01
8.57500 6.330660818131333e-01
8.58750 6.304473242853375e-01
8.60000 6.278110597554861e-01
8.61250 6.251229938299608e-01
8.62500 6.223325777805275e-01
8.63750 6.193890816897906e-01
8.65000 6.162306561534310e-01
8.66250 6.128468629533885e-01
8.67500 6.096592622789471e-01
8.68750 6.077187093698748e-01
8.70000 6.066197615434457e-01
8.71250 6.051137109666312e-01
8.72500 6.031090717528838e-01
8.73750 6.008266954014256e-01
8.75000 5.983953644920111e-01
8.76250 5.958838347380443e-01
8.77500 5.933204156913712e-01
8.78750 5.907157509182466e-01
8.80000 5.880726996775503e-01
8.81250 5.853905321908088e-01
8.82500 5.826668329403110e-01
8.83750 5.798984068372828e-01
8.85000 5.770817234268696e-01
8.86250 5.742131380888972e-01
8.87500 5.712890044073923e-01
8.88750 5.683057350465716e-01
8.90000 5.652598404294346e-01
8.91250 5.621479596651272e-01
8.92500 5.589668899783202e-01
8.93750 5.557136164259199e-01
8.95000 5.523853414678279e-01
8.96250 5.489795131218734e-01
8.97500 5.454938503978337e-01
8.98750 5.419263650700924e-01
9.00000 5.382753793512272e-01
9.01250 5.345395395234791e-01
9.02500 5.307178260084323e-01
9.03750 5.268095606911504e-01
9.05000 5.228144125610324e-01
9.06250 5.187324028771564e-01
9.07500 5.145639110847038e-01
9.08750 5.103096825664463e-01
9.10000 5.059708389815222e-01
9.11250 5.015488914214590e-01
9.12500 4.970457559389161e-01
9.13750 4.924637702597156e-01
9.15000 4.878057097893862e-01
9.16250 4.830748005010526e-01
9.17500 4.782747260590032e-01
9.18750 4.734096266700560e-01
9.20000 4.684840876845960e-01
9.21250 4.635031168480424e-01
9.22500 4.584721102272018e-01
9.23750 4.533968080535020e-01
9.25000 4.482832428593466e-01
9.26250 4.431376831586627e-01
9.27500 4.379665763879165e-01
9.28750 4.327764947725088e-01
9.30000 4.275740871487183e-01
9.31250 4.223660384993921e-01
9.32500 4.171590369652449e-01
9.33750 4.119597452322889e-01
9.35000 4.067747693647379e-01
9.36250 4.016106136167306e-01
9.37500 3.964736058095188e-01
9.38750 3.913697775887318e-01
9.40000 3.863046920671851e-01
9.41250 3.812832318638302e-01
9.42500 3.763093903341356e-01
9.43750 3.713861325715049e-01
9.45000 3.665153877444854e-01
9.46250 3.616981897729465e-01
9.47500 3.569349193738912e-01
9.48750 3.522255590402936e-01
9.50000 3.475698807461228e-01
9.51250 3.429675322324263e-01
9.52500 3.384180361713309e-01
9.53750 3.339207413878111e-01
9.55000 3.294747645476105e-01
9.56250 3.250789466063432e-01
9.57500 3.207318331623669e-01
9.58750 3.164316775908046e-01
9.60000 3.121764610312806e-01
9.61250 3.079639222747081e-01
9.62500 3.037915915115429e-01
9.63750 2.996568235259478e-01
9.65000 2.955568275964036e-01
9.66250 2.914886928102585e-01
9.67500 2.874494086103148e-01
9.68750 2.834358811296659e-01
9.70000 2.794449462466536e-01
9.71250 2.754733803960598e-01
9.72500 2.715179102803803e-01
9.73750 2.675752234158663e-01
9.75000 2.636419845067957e-01
9.76250 2.597148716516858e-01
9.77500 2.557906699998924e-01
9.78750 2.518665189854376e-01
9.80000 2.479405481551216e-01
9.81250 2.440134421778729e-01
9.82500 2.400920161724094e-01
9.83750 2.361961350304744e-01
9.85000 2.323667540947019e-01
9.86250 2.286570335875553e-01
9.87500 2.250765703513858e-01
9.88750 2.215395189738096e-01
9.90000 2.179369887117530e-01
9.91250 2.142339004673162e-01
9.92500 2.104527765214560e-01
9.93750 2.066247308325582e-01
9.95000 2.027705792498788e-01
9.96250 1.989001794731623e-01
9.97500 1.950146662319722e-01
9.98750 1.911078113115976e-01
10.00000 1.871803741366861e-01
