  300.00 -11.00000 -6.08162e-05 -6.08176e-05 -6.08172e-05  3.50701e-08  3.48879e-08 -3.46478e-08
  300.00 -10.97888 -5.47861e-05 -5.47862e-05 -5.47859e-05  5.43686e-08  5.40009e-08 -5.34618e-08
  300.00 -10.95776 -4.97283e-05 -4.97275e-05 -4.97273e-05  6.21340e-08  6.17757e-08 -6.11455e-08
  300.00 -10.93664 -4.54473e-05 -4.54461e-05 -4.54462e-05  5.69758e-08  5.67644e-08 -5.62572e-08
  300.00 -10.91552 -4.18375e-05 -4.18363e-05 -4.18368e-05  3.96069e-08  3.95943e-08 -3.93631e-08
  300.00 -10.89439 -3.87970e-05 -3.87961e-05 -3.87969e-05  1.35640e-08  1.37294e-08 -1.38303e-08
  300.00 -10.87327 -3.61984e-05 -3.61980e-05 -3.61992e-05 -1.52332e-08 -1.49559e-08  1.45647e-08
  300.00 -10.85215 -3.39172e-05 -3.39172e-05 -3.39184e-05 -4.00133e-08 -3.97078e-08  3.91388e-08
  300.00 -10.83103 -3.18691e-05 -3.18694e-05 -3.18705e-05 -5.51525e-08 -5.48975e-08  5.42921e-08
  300.00 -10.80991 -3.00217e-05 -3.00220e-05 -3.00228e-05 -5.77972e-08 -5.76495e-08  5.71385e-08
  300.00 -10.78879 -2.83732e-05 -2.83735e-05 -2.83739e-05 -4.85395e-08 -4.85246e-08  4.82014e-08
  300.00 -10.76767 -2.69224e-05 -2.69225e-05 -2.69225e-05 -3.10082e-08 -3.11197e-08  3.10286e-08
  300.00 -10.74655 -2.56481e-05 -2.56480e-05 -2.56475e-05 -1.05631e-08 -1.07685e-08  1.09060e-08
  300.00 -10.72543 -2.45092e-05 -2.45088e-05 -2.45081e-05  7.46400e-09  7.21195e-09 -6.88861e-09
  300.00 -10.70430 -2.34590e-05 -2.34584e-05 -2.34575e-05  1.93481e-08  1.90996e-08 -1.86590e-08
  300.00 -10.68318 -2.24625e-05 -2.24619e-05 -2.24610e-05  2.38017e-08  2.36000e-08 -2.31216e-08
  300.00 -10.66206 -2.15066e-05 -2.15060e-05 -2.15053e-05  2.18519e-08  2.17265e-08 -2.12868e-08
  300.00 -10.64094 -2.05986e-05 -2.05981e-05 -2.05975e-05  1.60019e-08  1.59661e-08 -1.56265e-08
  300.00 -10.61982 -1.97560e-05 -1.97557e-05 -1.97553e-05  9.14894e-09  9.19968e-09 -8.99919e-09
  300.00 -10.59870 -1.89947e-05 -1.89946e-05 -1.89945e-05  3.68005e-09  3.80077e-09 -3.75185e-09
  300.00 -10.57758 -1.83193e-05 -1.83195e-05 -1.83195e-05  9.59901e-10  1.12476e-09 -1.21491e-09
  300.00 -10.55646 -1.77205e-05 -1.77210e-05 -1.77212e-05  1.22971e-09  1.40896e-09 -1.60622e-09
  300.00 -10.53534 -1.71788e-05 -1.71795e-05 -1.71799e-05  3.81432e-09  3.97994e-09 -4.24120e-09
  300.00 -10.51421 -1.66713e-05 -1.66722e-05 -1.66727e-05  7.49236e-09  7.62283e-09 -7.90304e-09
  300.00 -10.49309 -1.61796e-05 -1.61807e-05 -1.61811e-05  1.08932e-08  1.09766e-08 -1.12365e-08
  300.00 -10.47197 -1.56944e-05 -1.56953e-05 -1.56958e-05  1.28250e-08  1.28595e-08 -1.30710e-08
  300.00 -10.45085 -1.52161e-05 -1.52169e-05 -1.52173e-05  1.24882e-08  1.24807e-08 -1.26282e-08
  300.00 -10.42973 -1.47529e-05 -1.47535e-05 -1.47538e-05  9.57271e-09  9.53573e-09 -9.61550e-09
  300.00 -10.40861 -1.43157e-05 -1.43160e-05 -1.43162e-05  4.26015e-09  4.20776e-09 -4.22544e-09
  300.00 -10.38749 -1.39136e-05 -1.39136e-05 -1.39137e-05 -2.84335e-09 -2.89866e-09  2.93157e-09
  300.00 -10.36637 -1.35505e-05 -1.35503e-05 -1.35503e-05 -1.08222e-08 -1.08718e-08  1.09410e-08
  300.00 -10.34525 -1.32240e-05 -1.32235e-05 -1.32235e-05 -1.85979e-08 -1.86381e-08  1.87288e-08
  300.00 -10.32412 -1.29263e-05 -1.29257e-05 -1.29257e-05 -2.50906e-08 -2.51218e-08  2.52207e-08
  300.00 -10.30300 -1.26468e-05 -1.26462e-05 -1.26461e-05 -2.93749e-08 -2.94004e-08  2.94968e-08
  300.00 -10.28188 -1.23752e-05 -1.23745e-05 -1.23744e-05 -3.08078e-08 -3.08318e-08  3.09179e-08
  300.00 -10.26076 -1.21037e-05 -1.21031e-05 -1.21030e-05 -2.91101e-08 -2.91366e-08  2.92074e-08
  300.00 -10.23964 -1.18292e-05 -1.18286e-05 -1.18286e-05 -2.43927e-08 -2.44240e-08  2.44776e-08
  300.00 -10.21852 -1.15529e-05 -1.15524e-05 -1.15524e-05 -1.71274e-08 -1.71640e-08  1.72007e-08
  300.00 -10.19740 -1.12797e-05 -1.12793e-05 -1.12793e-05 -8.07332e-09 -8.11414e-09  8.13596e-09
  300.00 -10.17628 -1.10159e-05 -1.10157e-05 -1.10156e-05  1.82664e-09  1.78376e-09 -1.77361e-09
  300.00 -10.15516 -1.07677e-05 -1.07675e-05 -1.07674e-05  1.15648e-08  1.15223e-08 -1.15202e-08
  300.00 -10.13403 -1.05390e-05 -1.05389e-05 -1.05387e-05  2.01874e-08  2.01473e-08 -2.01498e-08
  300.00 -10.11291 -1.03307e-05 -1.03307e-05 -1.03305e-05  2.69009e-08  2.68648e-08 -2.68692e-08
  300.00 -10.09179 -1.01407e-05 -1.01407e-05 -1.01405e-05  3.11539e-08  3.11223e-08 -3.11267e-08
  300.00 -10.07067 -9.96417e-06 -9.96428e-06 -9.96410e-06  3.26844e-08  3.26574e-08 -3.26612e-08
  300.00 -10.04955 -9.79525e-06 -9.79541e-06 -9.79524e-06  3.15292e-08  3.15067e-08 -3.15099e-08
  300.00 -10.02843 -9.62807e-06 -9.62826e-06 -9.62810e-06  2.79945e-08  2.79761e-08 -2.79798e-08
  300.00 -10.00731 -9.45818e-06 -9.45840e-06 -9.45825e-06  2.25946e-08  2.25804e-08 -2.25860e-08
  300.00 -9.98619 -9.28338e-06 -9.28361e-06 -9.28348e-06  1.59718e-08  1.59624e-08 -1.59714e-08
  300.00 -9.96507 -9.10400e-06 -9.10422e-06 -9.10413e-06  8.80984e-09  8.80612e-09 -8.81980e-09
  300.00 -9.94394 -8.92262e-06 -8.92283e-06 -8.92276e-06  1.75421e-09  1.75757e-09 -1.77685e-09
  300.00 -9.92282 -8.74335e-06 -8.74354e-06 -8.74352e-06 -4.65005e-09 -4.63808e-09  4.61282e-09
  300.00 -9.90170 -8.57090e-06 -8.57107e-06 -8.57108e-06 -9.99920e-09 -9.97718e-09  9.94612e-09
  300.00 -9.88058 -8.40955e-06 -8.40971e-06 -8.40976e-06 -1.40484e-08 -1.40152e-08  1.39791e-08
  300.00 -9.85946 -8.26239e-06 -8.26253e-06 -8.26261e-06 -1.67084e-08 -1.66635e-08  1.66234e-08
  300.00 -9.83834 -8.13072e-06 -8.13085e-06 -8.13096e-06 -1.80257e-08 -1.79692e-08  1.79267e-08
  300.00 -9.81722 -8.01395e-06 -8.01408e-06 -8.01422e-06 -1.81516e-08 -1.80845e-08  1.80414e-08
  300.00 -9.79610 -7.90982e-06 -7.90994e-06 -7.91010e-06 -1.73058e-08 -1.72298e-08  1.71880e-08
  300.00 -9.77497 -7.81482e-06 -7.81493e-06 -7.81511e-06 -1.57398e-08 -1.56574e-08  1.56188e-08
  300.00 -9.75385 -7.72491e-06 -7.72501e-06 -7.72520e-06 -1.37046e-08 -1.36189e-08  1.35852e-08
  300.00 -9.73273 -7.63619e-06 -7.63629e-06 -7.63648e-06 -1.14259e-08 -1.13401e-08  1.13130e-08
  300.00 -9.71161 -7.54553e-06 -7.54562e-06 -7.54580e-06 -9.08762e-09 -9.00530e-09  8.98593e-09
  300.00 -9.69049 -7.45094e-06 -7.45101e-06 -7.45118e-06 -6.82478e-09 -6.74938e-09  6.73862e-09
  300.00 -9.66937 -7.35180e-06 -7.35185e-06 -7.35201e-06 -4.72396e-09 -4.65864e-09  4.65689e-09
  300.00 -9.64825 -7.24877e-06 -7.24881e-06 -7.24894e-06 -2.82901e-09 -2.77652e-09  2.78375e-09
  300.00 -9.62713 -7.14356e-06 -7.14356e-06 -7.14366e-06 -1.15025e-09 -1.11278e-09  1.12854e-09
  300.00 -9.60601 -7.03845e-06 -7.03843e-06 -7.03850e-06  3.25375e-10  3.46229e-10 -3.22761e-10
  300.00 -9.58488 -6.93591e-06 -6.93586e-06 -6.93590e-06  1.62449e-09  1.62781e-09 -1.59772e-09
  300.00 -9.56376 -6.83809e-06 -6.83802e-06 -6.83803e-06  2.77915e-09  2.76468e-09 -2.72924e-09
  300.00 -9.54264 -6.74650e-06 -6.74640e-06 -6.74638e-06  3.82054e-09  3.78867e-09 -3.74924e-09
  300.00 -9.52152 -6.66175e-06 -6.66163e-06 -6.66159e-06  4.77469e-09  4.72648e-09 -4.68443e-09
  300.00 -9.50040 -6.58352e-06 -6.58338e-06 -6.58331e-06  5.65994e-09  5.59701e-09 -5.55365e-09
  300.00 -9.47928 -6.51062e-06 -6.51048e-06 -6.51038e-06  6.48565e-09  6.41017e-09 -6.36674e-09
  300.00 -9.45816 -6.44125e-06 -6.44110e-06 -6.44098e-06  7.25207e-09  7.16666e-09 -7.12427e-09
  300.00 -9.43704 -6.37326e-06 -6.37311e-06 -6.37298e-06  7.95080e-09  7.85846e-09 -7.81812e-09
  300.00 -9.41592 -6.30454e-06 -6.30439e-06 -6.30426e-06  8.56596e-09  8.46993e-09 -8.43258e-09
  300.00 -9.39479 -6.23331e-06 -6.23317e-06 -6.23303e-06  9.07569e-09  8.97934e-09 -8.94582e-09
  300.00 -9.37367 -6.15838e-06 -6.15825e-06 -6.15812e-06  9.45409e-09  9.36072e-09 -9.33182e-09
  300.00 -9.35255 -6.07933e-06 -6.07921e-06 -6.07909e-06  9.67335e-09  9.58612e-09 -9.56251e-09
  300.00 -9.33143 -5.99651e-06 -5.99640e-06 -5.99629e-06  9.70615e-09  9.62787e-09 -9.61012e-09
  300.00 -9.31031 -5.91100e-06 -5.91092e-06 -5.91082e-06  9.52802e-09  9.46107e-09 -9.44958e-09
  300.00 -9.28919 -5.82445e-06 -5.82439e-06 -5.82431e-06  9.11965e-09  9.06585e-09 -9.06084e-09
  300.00 -9.26807 -5.73883e-06 -5.73878e-06 -5.73872e-06  8.46894e-09  8.42949e-09 -8.43093e-09
  300.00 -9.24695 -5.65614e-06 -5.65612e-06 -5.65607e-06  7.57261e-09  7.54807e-09 -7.55567e-09
  300.00 -9.22583 -5.57822e-06 -5.57822e-06 -5.57819e-06  6.43737e-09  6.42768e-09 -6.44088e-09
  300.00 -9.20470 -5.50647e-06 -5.50649e-06 -5.50648e-06  5.08042e-09  5.08494e-09 -5.10293e-09
  300.00 -9.18358 -5.44170e-06 -5.44173e-06 -5.44174e-06  3.52938e-09  3.54697e-09 -3.56874e-09
  300.00 -9.16246 -5.38407e-06 -5.38412e-06 -5.38414e-06  1.82151e-09  1.85066e-09 -1.87506e-09
  300.00 -9.14134 -5.33308e-06 -5.33314e-06 -5.33317e-06  2.43614e-12  4.13899e-11 -6.72135e-11
  300.00 -9.12022 -5.28767e-06 -5.28774e-06 -5.28778e-06 -1.87567e-09 -1.82880e-09  1.80273e-09
  300.00 -9.09910 -5.24636e-06 -5.24644e-06 -5.24649e-06 -3.75629e-09 -3.70339e-09  3.67814e-09
  300.00 -9.07798 -5.20745e-06 -5.20753e-06 -5.20758e-06 -5.58091e-09 -5.52379e-09  5.50024e-09
  300.00 -9.05686 -5.16920e-06 -5.16929e-06 -5.16934e-06 -7.29152e-09 -7.23182e-09  7.21063e-09
  300.00 -9.03574 -5.13009e-06 -5.13018e-06 -5.13023e-06 -8.83300e-09 -8.77215e-09  8.75372e-09
  300.00 -9.01461 -5.08890e-06 -5.08898e-06 -5.08903e-06 -1.01552e-08 -1.00945e-08  1.00790e-08
  300.00 -8.99349 -5.04490e-06 -5.04497e-06 -5.04501e-06 -1.12149e-08 -1.11553e-08  1.11426e-08
  300.00 -8.97237 -4.99783e-06 -4.99790e-06 -4.99793e-06 -1.19770e-08 -1.19194e-08  1.19094e-08
  300.00 -8.95125 -4.94797e-06 -4.94803e-06 -4.94806e-06 -1.24157e-08 -1.23609e-08  1.23532e-08
  300.00 -8.93013 -4.89602e-06 -4.89607e-06 -4.89609e-06 -1.25151e-08 -1.24638e-08  1.24580e-08
  300.00 -8.90901 -4.84300e-06 -4.84303e-06 -4.84305e-06 -1.22691e-08 -1.22219e-08  1.22176e-08
  300.00 -8.88789 -4.79011e-06 -4.79013e-06 -4.79015e-06 -1.16811e-08 -1.16387e-08  1.16355e-08
  300.00 -8.86677 -4.73859e-06 -4.73861e-06 -4.73862e-06 -1.07637e-08 -1.07268e-08  1.07244e-08
  300.00 -8.84565 -4.68956e-06 -4.68958e-06 -4.68959e-06 -9.53819e-09 -9.50735e-09  9.50549e-09
  300.00 -8.82452 -4.64392e-06 -4.64393e-06 -4.64393e-06 -8.03291e-09 -8.00873e-09  8.00726e-09
  300.00 -8.80340 -4.60220e-06 -4.60221e-06 -4.60221e-06 -6.28296e-09 -6.26597e-09  6.26476e-09
  300.00 -8.78228 -4.56458e-06 -4.56458e-06 -4.56459e-06 -4.32903e-09 -4.31961e-09  4.31859e-09
  300.00 -8.76116 -4.53084e-06 -4.53084e-06 -4.53085e-06 -2.21653e-09 -2.21490e-09  2.21402e-09
  300.00 -8.74004 -4.50039e-06 -4.50039e-06 -4.50040e-06  5.26481e-12 -9.10419e-13  1.26153e-13
  300.00 -8.71892 -4.47239e-06 -4.47239e-06 -4.47240e-06  2.28392e-09  2.27015e-09 -2.27090e-09
  300.00 -8.69780 -4.44580e-06 -4.44580e-06 -4.44580e-06  4.56462e-09  4.54371e-09 -4.54449e-09
  300.00 -8.67668 -4.41949e-06 -4.41949e-06 -4.41950e-06  6.79093e-09  6.76355e-09 -6.76444e-09
  300.00 -8.65556 -4.39241e-06 -4.39240e-06 -4.39241e-06  8.90565e-09  8.87269e-09 -8.87376e-09
  300.00 -8.63443 -4.36363e-06 -4.36363e-06 -4.36363e-06  1.08518e-08  1.08143e-08 -1.08157e-08
  300.00 -8.61331 -4.33248e-06 -4.33247e-06 -4.33247e-06  1.25741e-08  1.25332e-08 -1.25348e-08
  300.00 -8.59219 -4.29856e-06 -4.29855e-06 -4.29855e-06  1.40199e-08  1.39769e-08 -1.39787e-08
  300.00 -8.57107 -4.26181e-06 -4.26178e-06 -4.26178e-06  1.51416e-08  1.50977e-08 -1.50997e-08
  300.00 -8.54995 -4.22246e-06 -4.22243e-06 -4.22242e-06  1.58982e-08  1.58545e-08 -1.58566e-08
  300.00 -8.52883 -4.18103e-06 -4.18099e-06 -4.18098e-06  1.62573e-08  1.62150e-08 -1.62169e-08
  300.00 -8.50771 -4.13825e-06 -4.13821e-06 -4.13820e-06  1.61971e-08  1.61571e-08 -1.61586e-08
  300.00 -8.48659 -4.09499e-06 -4.09495e-06 -4.09493e-06  1.57085e-08  1.56717e-08 -1.56725e-08
  300.00 -8.46547 -4.05218e-06 -4.05213e-06 -4.05211e-06  1.47961e-08  1.47631e-08 -1.47629e-08
  300.00 -8.44434 -4.01068e-06 -4.01063e-06 -4.01061e-06  1.34794e-08  1.34506e-08 -1.34491e-08
  300.00 -8.42322 -3.97126e-06 -3.97121e-06 -3.97119e-06  1.17926e-08  1.17684e-08 -1.17654e-08
  300.00 -8.40210 -3.93451e-06 -3.93446e-06 -3.93443e-06  9.78468e-09  9.76529e-09 -9.76059e-09
  300.00 -8.38098 -3.90076e-06 -3.90071e-06 -3.90068e-06  7.51730e-09  7.50273e-09 -7.49624e-09
  300.00 -8.35986 -3.87013e-06 -3.87008e-06 -3.87005e-06  5.06297e-09  5.05313e-09 -5.04487e-09
  300.00 -8.33874 -3.84246e-06 -3.84242e-06 -3.84239e-06  2.50192e-09  2.49666e-09 -2.48671e-09
  300.00 -8.31762 -3.81738e-06 -3.81734e-06 -3.81732e-06 -8.12860e-11 -8.22229e-11  9.36422e-11
  300.00 -8.29650 -3.79434e-06 -3.79431e-06 -3.79428e-06 -2.60161e-09 -2.59853e-09  2.61115e-09
  300.00 -8.27538 -3.77265e-06 -3.77263e-06 -3.77261e-06 -4.97742e-09 -4.97069e-09  4.98414e-09
  300.00 -8.25425 -3.75159e-06 -3.75158e-06 -3.75156e-06 -7.13416e-09 -7.12416e-09  7.13805e-09
  300.00 -8.23313 -3.73042e-06 -3.73042e-06 -3.73041e-06 -9.00756e-09 -8.99472e-09  9.00864e-09
  300.00 -8.21201 -3.70850e-06 -3.70850e-06 -3.70850e-06 -1.05463e-08 -1.05311e-08  1.05446e-08
  300.00 -8.19089 -3.68530e-06 -3.68531e-06 -3.68531e-06 -1.17137e-08 -1.16966e-08  1.17093e-08
  300.00 -8.16977 -3.66047e-06 -3.66049e-06 -3.66049e-06 -1.24889e-08 -1.24703e-08  1.24820e-08
  300.00 -8.14865 -3.63386e-06 -3.63388e-06 -3.63389e-06 -1.28667e-08 -1.28470e-08  1.28573e-08
  300.00 -8.12753 -3.60551e-06 -3.60554e-06 -3.60555e-06 -1.28569e-08 -1.28366e-08  1.28454e-08
  300.00 -8.10641 -3.57567e-06 -3.57570e-06 -3.57571e-06 -1.24830e-08 -1.24626e-08  1.24697e-08
  300.00 -8.08529 -3.54472e-06 -3.54476e-06 -3.54478e-06 -1.17805e-08 -1.17604e-08  1.17658e-08
  300.00 -8.06416 -3.51322e-06 -3.51326e-06 -3.51327e-06 -1.07943e-08 -1.07747e-08  1.07784e-08
  300.00 -8.04304 -3.48175e-06 -3.48179e-06 -3.48181e-06 -9.57619e-09 -9.55758e-09  9.55971e-09
  300.00 -8.02192 -3.45095e-06 -3.45099e-06 -3.45101e-06 -8.18282e-09 -8.16541e-09  8.16610e-09
  300.00 -8.00080 -3.42143e-06 -3.42147e-06 -3.42149e-06 -6.67270e-09 -6.65672e-09  6.65615e-09
  300.00 -7.97968 -3.39371e-06 -3.39374e-06 -3.39376e-06 -5.10417e-09 -5.08978e-09  5.08813e-09
  300.00 -7.95856 -3.36818e-06 -3.36821e-06 -3.36823e-06 -3.53324e-09 -3.52056e-09  3.51802e-09
  300.00 -7.93744 -3.34512e-06 -3.34515e-06 -3.34516e-06 -2.01179e-09 -2.00087e-09  1.99763e-09
  300.00 -7.91632 -3.32460e-06 -3.32463e-06 -3.32464e-06 -5.86094e-10 -5.76957e-10  5.73173e-10
  300.00 -7.89520 -3.30655e-06 -3.30657e-06 -3.30658e-06  7.04385e-10  7.11765e-10 -7.15949e-10
  300.00 -7.87407 -3.29073e-06 -3.29074e-06 -3.29075e-06  1.82782e-09  1.83350e-09 -1.83797e-09
  300.00 -7.85295 -3.27674e-06 -3.27675e-06 -3.27676e-06  2.76057e-09  2.76463e-09 -2.76931e-09
  300.00 -7.83183 -3.26410e-06 -3.26411e-06 -3.26411e-06  3.48738e-09  3.48991e-09 -3.49475e-09
  300.00 -7.81071 -3.25224e-06 -3.25224e-06 -3.25225e-06  4.00132e-09  4.00243e-09 -4.00739e-09
  300.00 -7.78959 -3.24057e-06 -3.24057e-06 -3.24058e-06  4.30343e-09  4.30323e-09 -4.30829e-09
  300.00 -7.76847 -3.22853e-06 -3.22852e-06 -3.22852e-06  4.40214e-09  4.40071e-09 -4.40589e-09
  300.00 -7.74735 -3.21558e-06 -3.21558e-06 -3.21558e-06  4.31245e-09  4.30989e-09 -4.31518e-09
  300.00 -7.72623 -3.20132e-06 -3.20131e-06 -3.20131e-06  4.05497e-09  4.05137e-09 -4.05678e-09
  300.00 -7.70511 -3.18543e-06 -3.18542e-06 -3.18542e-06  3.65488e-09  3.65030e-09 -3.65583e-09
  300.00 -7.68398 -3.16775e-06 -3.16774e-06 -3.16774e-06  3.14071e-09  3.13522e-09 -3.14085e-09
  300.00 -7.66286 -3.14828e-06 -3.14827e-06 -3.14826e-06  2.54318e-09  2.53685e-09 -2.54254e-09
  300.00 -7.64174 -3.12712e-06 -3.12711e-06 -3.12711e-06  1.89405e-09  1.88694e-09 -1.89266e-09
  300.00 -7.62062 -3.10454e-06 -3.10453e-06 -3.10452e-06  1.22500e-09  1.21718e-09 -1.22285e-09
  300.00 -7.59950 -3.08089e-06 -3.08088e-06 -3.08087e-06  5.66586e-10  5.58135e-10 -5.63683e-10
  300.00 -7.57838 -3.05661e-06 -3.05660e-06 -3.05659e-06 -5.26493e-11 -6.16400e-11  5.63029e-11
  300.00 -7.55726 -3.03217e-06 -3.03216e-06 -3.03216e-06 -6.06951e-10 -6.16375e-10  6.11344e-10
  300.00 -7.53614 -3.00808e-06 -3.00807e-06 -3.00807e-06 -1.07399e-09 -1.08373e-09  1.07910e-09
  300.00 -7.51502 -2.98478e-06 -2.98477e-06 -2.98477e-06 -1.43537e-09 -1.44528e-09  1.44114e-09
  300.00 -7.49389 -2.96267e-06 -2.96267e-06 -2.96266e-06 -1.67692e-09 -1.68685e-09  1.68330e-09
  300.00 -7.47277 -2.94209e-06 -2.94209e-06 -2.94208e-06 -1.78897e-09 -1.79875e-09  1.79585e-09
  300.00 -7.45165 -2.92324e-06 -2.92323e-06 -2.92323e-06 -1.76635e-09 -1.77582e-09  1.77362e-09
  300.00 -7.43053 -2.90621e-06 -2.90621e-06 -2.90620e-06 -1.60842e-09 -1.61740e-09  1.61592e-09
  300.00 -7.40941 -2.89098e-06 -2.89098e-06 -2.89097e-06 -1.31884e-09 -1.32716e-09  1.32642e-09
  300.00 -7.38829 -2.87742e-06 -2.87742e-06 -2.87741e-06 -9.05395e-10 -9.12886e-10  9.12856e-10
  300.00 -7.36717 -2.86527e-06 -2.86527e-06 -2.86526e-06 -3.79614e-10 -3.86132e-10  3.86769e-10
  300.00 -7.34605 -2.85421e-06 -2.85421e-06 -2.85420e-06  2.43593e-10  2.38175e-10 -2.36939e-10
  300.00 -7.32492 -2.84386e-06 -2.84386e-06 -2.84385e-06  9.46395e-10  9.42180e-10 -9.40434e-10
  300.00 -7.30380 -2.83380e-06 -2.83380e-06 -2.83379e-06  1.70853e-09  1.70559e-09 -1.70344e-09
  300.00 -7.28268 -2.82361e-06 -2.82361e-06 -2.82360e-06  2.50783e-09  2.50621e-09 -2.50376e-09
  300.00 -7.26156 -2.81288e-06 -2.81288e-06 -2.81287e-06  3.32076e-09  3.32047e-09 -3.31785e-09
  300.00 -7.24044 -2.80129e-06 -2.80129e-06 -2.80128e-06  4.12299e-09  4.12399e-09 -4.12132e-09
  300.00 -7.21932 -2.78855e-06 -2.78855e-06 -2.78854e-06  4.88993e-09  4.89218e-09 -4.88956e-09
  300.00 -7.19820 -2.77449e-06 -2.77449e-06 -2.77448e-06  5.59734e-09  5.60074e-09 -5.59828e-09
  300.00 -7.17708 -2.75902e-06 -2.75902e-06 -2.75901e-06  6.22186e-09  6.22629e-09 -6.22408e-09
  300.00 -7.15596 -2.74216e-06 -2.74215e-06 -2.74215e-06  6.74155e-09  6.74687e-09 -6.74498e-09
  300.00 -7.13483 -2.72401e-06 -2.72400e-06 -2.72400e-06  7.13645e-09  7.14251e-09 -7.14099e-09
  300.00 -7.11371 -2.70479e-06 -2.70478e-06 -2.70478e-06  7.38911e-09  7.39573e-09 -7.39459e-09
  300.00 -7.09259 -2.68475e-06 -2.68475e-06 -2.68475e-06  7.48502e-09  7.49202e-09 -7.49127e-09
  300.00 -7.07147 -2.66424e-06 -2.66423e-06 -2.66424e-06  7.41309e-09  7.42028e-09 -7.41990e-09
  300.00 -7.05035 -2.64360e-06 -2.64360e-06 -2.64360e-06  7.16606e-09  7.17326e-09 -7.17320e-09
  300.00 -7.02923 -2.62321e-06 -2.62320e-06 -2.62321e-06  6.74078e-09  6.74782e-09 -6.74803e-09
  300.00 -7.00811 -2.60340e-06 -2.60339e-06 -2.60340e-06  6.13852e-09  6.14522e-09 -6.14562e-09
  300.00 -6.98699 -2.58450e-06 -2.58449e-06 -2.58450e-06  5.36504e-09  5.37126e-09 -5.37176e-09
  300.00 -6.96587 -2.56677e-06 -2.56676e-06 -2.56677e-06  4.43072e-09  4.43633e-09 -4.43684e-09
  300.00 -6.94474 -2.55039e-06 -2.55039e-06 -2.55040e-06  3.35039e-09  3.35528e-09 -3.35572e-09
  300.00 -6.92362 -2.53550e-06 -2.53549e-06 -2.53550e-06  2.14317e-09  2.14724e-09 -2.14753e-09
  300.00 -6.90250 -2.52211e-06 -2.52210e-06 -2.52211e-06  8.32049e-10  8.35251e-10 -8.35302e-10
  300.00 -6.88138 -2.51017e-06 -2.51017e-06 -2.51018e-06 -5.56558e-10 -5.54264e-10  5.54512e-10
  300.00 -6.86026 -2.49958e-06 -2.49958e-06 -2.49959e-06 -1.99348e-09 -1.99211e-09  1.99270e-09
  300.00 -6.83914 -2.49014e-06 -2.49013e-06 -2.49015e-06 -3.44752e-09 -3.44705e-09  3.44803e-09
  300.00 -6.81802 -2.48160e-06 -2.48159e-06 -2.48161e-06 -4.88628e-09 -4.88669e-09  4.88805e-09
  300.00 -6.79690 -2.47369e-06 -2.47368e-06 -2.47369e-06 -6.27707e-09 -6.27831e-09  6.28005e-09
  300.00 -6.77578 -2.46611e-06 -2.46611e-06 -2.46612e-06 -7.58781e-09 -7.58980e-09  7.59190e-09
  300.00 -6.75465 -2.45857e-06 -2.45857e-06 -2.45858e-06 -8.78796e-09 -8.79062e-09  8.79304e-09
  300.00 -6.73353 -2.45080e-06 -2.45079e-06 -2.45080e-06 -9.84937e-09 -9.85261e-09  9.85528e-09
  300.00 -6.71241 -2.44254e-06 -2.44254e-06 -2.44254e-06 -1.07471e-08 -1.07508e-08  1.07536e-08
  300.00 -6.69129 -2.43360e-06 -2.43361e-06 -2.43361e-06 -1.14600e-08 -1.14641e-08  1.14670e-08
  300.00 -6.67017 -2.42386e-06 -2.42386e-06 -2.42386e-06 -1.19714e-08 -1.19758e-08  1.19788e-08
  300.00 -6.64905 -2.41322e-06 -2.41322e-06 -2.41321e-06 -1.22696e-08 -1.22741e-08  1.22770e-08
  300.00 -6.62793 -2.40167e-06 -2.40168e-06 -2.40167e-06 -1.23476e-08 -1.23522e-08  1.23550e-08
  300.00 -6.60681 -2.38929e-06 -2.38929e-06 -2.38928e-06 -1.22040e-08 -1.22085e-08  1.22111e-08
  300.00 -6.58569 -2.37617e-06 -2.37617e-06 -2.37616e-06 -1.18421e-08 -1.18466e-08  1.18488e-08
  300.00 -6.56456 -2.36248e-06 -2.36249e-06 -2.36248e-06 -1.12703e-08 -1.12746e-08  1.12765e-08
  300.00 -6.54344 -2.34843e-06 -2.34843e-06 -2.34842e-06 -1.05014e-08 -1.05055e-08  1.05071e-08
  300.00 -6.52232 -2.33423e-06 -2.33423e-06 -2.33422e-06 -9.55252e-09 -9.55634e-09  9.55748e-09
  300.00 -6.50120 -2.32012e-06 -2.32013e-06 -2.32012e-06 -8.44395e-09 -8.44745e-09  8.44816e-09
  300.00 -6.48008 -2.30635e-06 -2.30636e-06 -2.30635e-06 -7.19913e-09 -7.20227e-09  7.20254e-09
  300.00 -6.45896 -2.29313e-06 -2.29313e-06 -2.29312e-06 -5.84369e-09 -5.84645e-09  5.84628e-09
  300.00 -6.43784 -2.28063e-06 -2.28064e-06 -2.28063e-06 -4.40485e-09 -4.40722e-09  4.40663e-09
  300.00 -6.41672 -2.26902e-06 -2.26903e-06 -2.26902e-06 -2.91074e-09 -2.91270e-09  2.91172e-09
  300.00 -6.39560 -2.25838e-06 -2.25839e-06 -2.25838e-06 -1.38974e-09 -1.39128e-09  1.38994e-09
  300.00 -6.37447 -2.24876e-06 -2.24877e-06 -2.24876e-06  1.30167e-10  1.29062e-10 -1.30709e-10
  300.00 -6.35335 -2.24014e-06 -2.24015e-06 -2.24014e-06  1.62196e-09  1.62128e-09 -1.62320e-09
  300.00 -6.33223 -2.23246e-06 -2.23247e-06 -2.23246e-06  3.06008e-09  3.05984e-09 -3.06198e-09
  300.00 -6.31111 -2.22560e-06 -2.22561e-06 -2.22561e-06  4.42090e-09  4.42110e-09 -4.42343e-09
  300.00 -6.28999 -2.21940e-06 -2.21941e-06 -2.21940e-06  5.68311e-09  5.68374e-09 -5.68620e-09
  300.00 -6.26887 -2.21365e-06 -2.21366e-06 -2.21366e-06  6.82795e-09  6.82901e-09 -6.83157e-09
  300.00 -6.24775 -2.20815e-06 -2.20816e-06 -2.20816e-06  7.83950e-09  7.84098e-09 -7.84360e-09
  300.00 -6.22663 -2.20266e-06 -2.20267e-06 -2.20267e-06  8.70473e-09  8.70663e-09 -8.70928e-09
  300.00 -6.20551 -2.19696e-06 -2.19696e-06 -2.19697e-06  9.41366e-09  9.41595e-09 -9.41861e-09
  300.00 -6.18438 -2.19081e-06 -2.19082e-06 -2.19082e-06  9.95925e-09  9.96193e-09 -9.96457e-09
  300.00 -6.16326 -2.18404e-06 -2.18405e-06 -2.18405e-06  1.03374e-08  1.03405e-08 -1.03431e-08
  300.00 -6.14214 -2.17648e-06 -2.17649e-06 -2.17649e-06  1.05470e-08  1.05503e-08 -1.05529e-08
  300.00 -6.12102 -2.16801e-06 -2.16802e-06 -2.16803e-06  1.05892e-08  1.05929e-08 -1.05954e-08
  300.00 -6.09990 -2.15856e-06 -2.15857e-06 -2.15858e-06  1.04682e-08  1.04722e-08 -1.04745e-08
  300.00 -6.07878 -2.14812e-06 -2.14812e-06 -2.14813e-06  1.01901e-08  1.01942e-08 -1.01965e-08
  300.00 -6.05766 -2.13670e-06 -2.13670e-06 -2.13671e-06  9.76317e-09  9.76750e-09 -9.76961e-09
  300.00 -6.03654 -2.12437e-06 -2.12438e-06 -2.12439e-06  9.19772e-09  9.20216e-09 -9.20413e-09
  300.00 -6.01542 -2.11127e-06 -2.11127e-06 -2.11128e-06  8.50560e-09  8.51010e-09 -8.51190e-09
  300.00 -5.99429 -2.09752e-06 -2.09752e-06 -2.09753e-06  7.70017e-09  7.70466e-09 -7.70627e-09
  300.00 -5.97317 -2.08331e-06 -2.08331e-06 -2.08332e-06  6.79604e-09  6.80044e-09 -6.80185e-09
  300.00 -5.95205 -2.06884e-06 -2.06883e-06 -2.06884e-06  5.80883e-09  5.81310e-09 -5.81427e-09
  300.00 -5.93093 -2.05429e-06 -2.05429e-06 -2.05430e-06  4.75504e-09  4.75909e-09 -4.76000e-09
  300.00 -5.90981 -2.03988e-06 -2.03988e-06 -2.03989e-06  3.65173e-09  3.65552e-09 -3.65615e-09
  300.00 -5.88869 -2.02578e-06 -2.02577e-06 -2.02578e-06  2.51642e-09  2.51987e-09 -2.52019e-09
  300.00 -5.86757 -2.01215e-06 -2.01214e-06 -2.01215e-06  1.36674e-09  1.36980e-09 -1.36979e-09
  300.00 -5.84645 -1.99912e-06 -1.99911e-06 -1.99912e-06  2.20294e-10  2.22924e-10 -2.22565e-10
  300.00 -5.82533 -1.98678e-06 -1.98678e-06 -1.98678e-06 -9.05631e-10 -9.03476e-10  9.04203e-10
  300.00 -5.80420 -1.97519e-06 -1.97518e-06 -1.97519e-06 -1.99432e-09 -1.99267e-09  1.99378e-09
  300.00 -5.78308 -1.96436e-06 -1.96435e-06 -1.96435e-06 -3.02986e-09 -3.02874e-09  3.03024e-09
  300.00 -5.76196 -1.95424e-06 -1.95423e-06 -1.95423e-06 -3.99744e-09 -3.99686e-09  3.99875e-09
  300.00 -5.74084 -1.94477e-06 -1.94476e-06 -1.94476e-06 -4.88353e-09 -4.88351e-09  4.88578e-09
  300.00 -5.71972 -1.93584e-06 -1.93582e-06 -1.93582e-06 -5.67621e-09 -5.67673e-09  5.67937e-09
  300.00 -5.69860 -1.92729e-06 -1.92728e-06 -1.92727e-06 -6.36529e-09 -6.36635e-09  6.36933e-09
  300.00 -5.67748 -1.91896e-06 -1.91895e-06 -1.91895e-06 -6.94256e-09 -6.94413e-09  6.94743e-09
  300.00 -5.65636 -1.91067e-06 -1.91066e-06 -1.91065e-06 -7.40191e-09 -7.40397e-09  7.40754e-09
  300.00 -5.63524 -1.90221e-06 -1.90220e-06 -1.90220e-06 -7.73944e-09 -7.74194e-09  7.74575e-09
  300.00 -5.61411 -1.89340e-06 -1.89339e-06 -1.89339e-06 -7.95350e-09 -7.95642e-09  7.96040e-09
  300.00 -5.59299 -1.88405e-06 -1.88404e-06 -1.88403e-06 -8.04474e-09 -8.04802e-09  8.05213e-09
  300.00 -5.57187 -1.87398e-06 -1.87397e-06 -1.87397e-06 -8.01599e-09 -8.01959e-09  8.02376e-09
  300.00 -5.55075 -1.86305e-06 -1.86304e-06 -1.86303e-06 -7.87224e-09 -7.87611e-09  7.88027e-09
  300.00 -5.52963 -1.85113e-06 -1.85112e-06 -1.85111e-06 -7.62040e-09 -7.62448e-09  7.62858e-09
  300.00 -5.50851 -1.83812e-06 -1.83812e-06 -1.83811e-06 -7.26919e-09 -7.27343e-09  7.27738e-09
  300.00 -5.48739 -1.82398e-06 -1.82398e-06 -1.82397e-06 -6.82883e-09 -6.83318e-09  6.83692e-09
  300.00 -5.46627 -1.80867e-06 -1.80867e-06 -1.80866e-06 -6.31083e-09 -6.31523e-09  6.31870e-09
  300.00 -5.44515 -1.79221e-06 -1.79220e-06 -1.79220e-06 -5.72767e-09 -5.73206e-09  5.73520e-09
  300.00 -5.42402 -1.77462e-06 -1.77462e-06 -1.77461e-06 -5.09250e-09 -5.09685e-09  5.09958e-09
  300.00 -5.40290 -1.75597e-06 -1.75597e-06 -1.75596e-06 -4.41885e-09 -4.42311e-09  4.42540e-09
  300.00 -5.38178 -1.73635e-06 -1.73635e-06 -1.73634e-06 -3.72034e-09 -3.72445e-09  3.72625e-09
  300.00 -5.36066 -1.71585e-06 -1.71585e-06 -1.71584e-06 -3.01033e-09 -3.01426e-09  3.01553e-09
  300.00 -5.33954 -1.69458e-06 -1.69458e-06 -1.69457e-06 -2.30173e-09 -2.30543e-09  2.30615e-09
  300.00 -5.31842 -1.67265e-06 -1.67265e-06 -1.67264e-06 -1.60668e-09 -1.61012e-09  1.61027e-09
  300.00 -5.29730 -1.65015e-06 -1.65016e-06 -1.65015e-06 -9.36414e-10 -9.39565e-10  9.39133e-10
  300.00 -5.27618 -1.62720e-06 -1.62720e-06 -1.62720e-06 -3.01008e-10 -3.03839e-10  3.02827e-10
  300.00 -5.25506 -1.60386e-06 -1.60386e-06 -1.60386e-06  2.90719e-10  2.88234e-10 -2.89813e-10
  300.00 -5.23393 -1.58019e-06 -1.58020e-06 -1.58020e-06  8.31326e-10  8.29208e-10 -8.31335e-10
  300.00 -5.21281 -1.55624e-06 -1.55624e-06 -1.55624e-06  1.31482e-09  1.31308e-09 -1.31573e-09
  300.00 -5.19169 -1.53200e-06 -1.53200e-06 -1.53200e-06  1.73668e-09  1.73534e-09 -1.73847e-09
  300.00 -5.17057 -1.50746e-06 -1.50747e-06 -1.50747e-06  2.09385e-09  2.09292e-09 -2.09648e-09
  300.00 -5.14945 -1.48260e-06 -1.48261e-06 -1.48261e-06  2.38474e-09  2.38421e-09 -2.38816e-09
  300.00 -5.12833 -1.45734e-06 -1.45735e-06 -1.45735e-06  2.60910e-09  2.60898e-09 -2.61326e-09
  300.00 -5.10721 -1.43161e-06 -1.43162e-06 -1.43162e-06  2.76798e-09  2.76827e-09 -2.77281e-09
  300.00 -5.08609 -1.40532e-06 -1.40533e-06 -1.40533e-06  2.86360e-09  2.86428e-09 -2.86903e-09
  300.00 -5.06496 -1.37837e-06 -1.37837e-06 -1.37838e-06  2.89924e-09  2.90030e-09 -2.90519e-09
  300.00 -5.04384 -1.35065e-06 -1.35066e-06 -1.35067e-06  2.87908e-09  2.88050e-09 -2.88546e-09
  300.00 -5.02272 -1.32209e-06 -1.32209e-06 -1.32210e-06  2.80804e-09  2.80981e-09 -2.81477e-09
  300.00 -5.00160 -1.29259e-06 -1.29259e-06 -1.29260e-06  2.69170e-09  2.69378e-09 -2.69868e-09
  300.00 -4.98048 -1.26209e-06 -1.26210e-06 -1.26211e-06  2.53605e-09  2.53842e-09 -2.54320e-09
  300.00 -4.95936 -1.23056e-06 -1.23057e-06 -1.23058e-06  2.34744e-09  2.35007e-09 -2.35466e-09
  300.00 -4.93824 -1.19800e-06 -1.19801e-06 -1.19802e-06  2.13237e-09  2.13521e-09 -2.13958e-09
  300.00 -4.91712 -1.16444e-06 -1.16445e-06 -1.16446e-06  1.89736e-09  1.90039e-09 -1.90447e-09
  300.00 -4.89600 -1.12994e-06 -1.12995e-06 -1.12996e-06  1.64885e-09  1.65203e-09 -1.65578e-09
  300.00 -4.87487 -1.09463e-06 -1.09464e-06 -1.09465e-06  1.39300e-09  1.39629e-09 -1.39967e-09
  300.00 -4.85375 -1.05866e-06 -1.05866e-06 -1.05867e-06  1.13556e-09  1.13892e-09 -1.14190e-09
  300.00 -4.83263 -1.02222e-06 -1.02223e-06 -1.02224e-06  8.81572e-10  8.84967e-10 -8.87523e-10
  300.00 -4.81151 -9.85577e-07 -9.85582e-07 -9.85589e-07  6.35059e-10  6.38448e-10 -6.40559e-10
  300.00 -4.79039 -9.49019e-07 -9.49024e-07 -9.49031e-07  3.98339e-10  4.01683e-10 -4.03337e-10
  300.00 -4.76927 -9.12905e-07 -9.12910e-07 -9.12916e-07  1.71016e-10  1.74272e-10 -1.75459e-10
  300.00 -4.74815 -8.77669e-07 -8.77673e-07 -8.77678e-07 -5.16130e-11 -4.84892e-11  4.77741e-11
  300.00 -4.72703 -8.43848e-07 -8.43851e-07 -8.43855e-07 -2.80483e-10 -2.77541e-10  2.77301e-10
  300.00 -4.70591 -8.12119e-07 -8.12122e-07 -8.12123e-07 -5.33724e-10 -5.31015e-10  5.31252e-10
  300.00 -4.68478 -7.83306e-07 -7.83307e-07 -7.83307e-07 -8.32860e-10 -8.30424e-10  8.31131e-10
  300.00 -4.66366 -7.58279e-07 -7.58279e-07 -7.58275e-07 -1.18755e-09 -1.18536e-09  1.18651e-09
  300.00 -4.64254 -7.37639e-07 -7.37638e-07 -7.37629e-07 -1.56413e-09 -1.56206e-09  1.56356e-09
  300.00 -4.62142 -7.21193e-07 -7.21191e-07 -7.21178e-07 -1.84925e-09 -1.84701e-09  1.84870e-09
  300.00 -4.60030 -7.07582e-07 -7.07578e-07 -7.07564e-07 -1.84701e-09 -1.84422e-09  1.84592e-09
  300.00 -4.57918 -6.94781e-07 -6.94777e-07 -6.94766e-07 -1.35366e-09 -1.35017e-09  1.35178e-09
  300.00 -4.55806 -6.81721e-07 -6.81717e-07 -6.81715e-07 -2.98825e-10 -2.94947e-10  2.96541e-10
  300.00 -4.53694 -6.69815e-07 -6.69813e-07 -6.69823e-07  1.14224e-09  1.14582e-09 -1.14404e-09
  300.00 -4.51582 -6.62458e-07 -6.62457e-07 -6.62478e-07  2.57015e-09  2.57282e-09 -2.57073e-09
  300.00 -4.49469 -6.62315e-07 -6.62316e-07 -6.62344e-07  3.52038e-09  3.52197e-09 -3.51969e-09
  300.00 -4.47357 -6.68957e-07 -6.68960e-07 -6.68989e-07  3.65654e-09  3.65727e-09 -3.65507e-09
  300.00 -4.45245 -6.79206e-07 -6.79210e-07 -6.79238e-07  2.89388e-09  2.89407e-09 -2.89216e-09
  300.00 -4.43133 -6.89675e-07 -6.89681e-07 -6.89703e-07  1.42891e-09  1.42877e-09 -1.42724e-09
  300.00 -4.41021 -6.98932e-07 -6.98939e-07 -6.98954e-07 -2.97934e-10 -2.98230e-10  2.99360e-10
  300.00 -4.38909 -7.07687e-07 -7.07693e-07 -7.07701e-07 -1.70311e-09 -1.70328e-09  1.70396e-09
  300.00 -4.36797 -7.17548e-07 -7.17553e-07 -7.17552e-07 -2.24345e-09 -2.24310e-09  2.24321e-09
  300.00 -4.34685 -7.30009e-07 -7.30012e-07 -7.30000e-07 -1.63836e-09 -1.63716e-09  1.63662e-09
  300.00 -4.32573 -7.46638e-07 -7.46637e-07 -7.46613e-07  6.75608e-12  8.92341e-12 -1.00592e-11
  300.00 -4.30460 -7.69637e-07 -7.69631e-07 -7.69595e-07  2.27461e-09  2.27752e-09 -2.27904e-09
  300.00 -4.28348 -8.01018e-07 -8.01008e-07 -8.00962e-07  4.62807e-09  4.63125e-09 -4.63280e-09
  300.00 -4.26236 -8.40280e-07 -8.40267e-07 -8.40214e-07  6.56310e-09  6.56592e-09 -6.56710e-09
  300.00 -4.24124 -8.82863e-07 -8.82849e-07 -8.82794e-07  7.68728e-09  7.68909e-09 -7.68953e-09
  300.00 -4.22012 -9.21431e-07 -9.21417e-07 -9.21363e-07  7.78581e-09  7.78601e-09 -7.78544e-09
  300.00 -4.19900 -9.49265e-07 -9.49252e-07 -9.49203e-07  6.87790e-09  6.87604e-09 -6.87433e-09
  300.00 -4.17788 -9.63282e-07 -9.63270e-07 -9.63229e-07  5.20842e-09  5.20424e-09 -5.20141e-09
  300.00 -4.15676 -9.65003e-07 -9.64992e-07 -9.64961e-07  3.15983e-09  3.15326e-09 -3.14946e-09
  300.00 -4.13564 -9.59554e-07 -9.59543e-07 -9.59524e-07  1.12331e-09  1.11445e-09 -1.10993e-09
  300.00 -4.11451 -9.53666e-07 -9.53654e-07 -9.53647e-07 -6.17320e-10 -6.28240e-10  6.33214e-10
  300.00 -4.09339 -9.53602e-07 -9.53591e-07 -9.53595e-07 -1.94324e-09 -1.95587e-09  1.96104e-09
  300.00 -4.07227 -9.63608e-07 -9.63597e-07 -9.63611e-07 -2.87976e-09 -2.89366e-09  2.89882e-09
  300.00 -4.05115 -9.85127e-07 -9.85117e-07 -9.85139e-07 -3.51872e-09 -3.53342e-09  3.53838e-09
  300.00 -4.03003 -1.01681e-06 -1.01681e-06 -1.01683e-06 -3.93639e-09 -3.95137e-09  3.95597e-09
  300.00 -4.00891 -1.05515e-06 -1.05515e-06 -1.05517e-06 -4.15251e-09 -4.16723e-09  4.17130e-09
  300.00 -3.98779 -1.09545e-06 -1.09545e-06 -1.09547e-06 -4.14115e-09 -4.15508e-09  4.15844e-09
  300.00 -3.96667 -1.13290e-06 -1.13290e-06 -1.13292e-06 -3.87082e-09 -3.88346e-09  3.88593e-09
  300.00 -3.94555 -1.16354e-06 -1.16354e-06 -1.16356e-06 -3.34166e-09 -3.35255e-09  3.35395e-09
  300.00 -3.92442 -1.18485e-06 -1.18486e-06 -1.18487e-06 -2.60004e-09 -2.60879e-09  2.60903e-09
  300.00 -3.90330 -1.19604e-06 -1.19605e-06 -1.19605e-06 -1.73005e-09 -1.73639e-09  1.73542e-09
  300.00 -3.88218 -1.19787e-06 -1.19789e-06 -1.19789e-06 -8.32727e-10 -8.36505e-10  8.34392e-10
  300.00 -3.86106 -1.19232e-06 -1.19233e-06 -1.19233e-06 -5.01073e-12 -6.22717e-12  3.12962e-12
  300.00 -3.83994 -1.18199e-06 -1.18201e-06 -1.18200e-06  6.74829e-10  6.76033e-10 -6.79867e-10
  300.00 -3.81882 -1.16966e-06 -1.16968e-06 -1.16968e-06  1.15436e-09  1.15771e-09 -1.16197e-09
  300.00 -3.79770 -1.15785e-06 -1.15787e-06 -1.15786e-06  1.40864e-09  1.41376e-09 -1.41811e-09
  300.00 -3.77658 -1.14855e-06 -1.14857e-06 -1.14857e-06  1.43868e-09  1.44510e-09 -1.44921e-09
  300.00 -3.75546 -1.14312e-06 -1.14314e-06 -1.14313e-06  1.26772e-09  1.27497e-09 -1.27856e-09
  300.00 -3.73433 -1.14223e-06 -1.14224e-06 -1.14224e-06  9.36071e-10  9.43670e-10 -9.46493e-10
  300.00 -3.71321 -1.14590e-06 -1.14591e-06 -1.14591e-06  4.94331e-10  5.01850e-10 -5.03755e-10
  300.00 -3.69209 -1.15360e-06 -1.15361e-06 -1.15360e-06 -4.00701e-12  3.07043e-12 -3.98157e-12
  300.00 -3.67097 -1.16429e-06 -1.16430e-06 -1.16429e-06 -5.09757e-10 -5.03401e-10  5.03479e-10
  300.00 -3.64985 -1.17659e-06 -1.17658e-06 -1.17658e-06 -9.83731e-10 -9.78290e-10  9.79282e-10
  300.00 -3.62873 -1.18888e-06 -1.18888e-06 -1.18888e-06 -1.40000e-09 -1.39559e-09  1.39736e-09
  300.00 -3.60761 -1.19957e-06 -1.19957e-06 -1.19956e-06 -1.74638e-09 -1.74302e-09  1.74541e-09
  300.00 -3.58649 -1.20721e-06 -1.20721e-06 -1.20721e-06 -2.02231e-09 -2.01998e-09  2.02281e-09
  300.00 -3.56537 -1.21073e-06 -1.21073e-06 -1.21073e-06 -2.23512e-09 -2.23373e-09  2.23681e-09
  300.00 -3.54424 -1.20953e-06 -1.20952e-06 -1.20953e-06 -2.39553e-09 -2.39496e-09  2.39813e-09
  300.00 -3.52312 -1.20353e-06 -1.20352e-06 -1.20353e-06 -2.51370e-09 -2.51380e-09  2.51692e-09
  300.00 -3.50200 -1.19314e-06 -1.19313e-06 -1.19314e-06 -2.59645e-09 -2.59705e-09  2.59999e-09
  300.00 -3.48088 -1.17914e-06 -1.17914e-06 -1.17914e-06 -2.64614e-09 -2.64708e-09  2.64977e-09
  300.00 -3.45976 -1.16253e-06 -1.16252e-06 -1.16253e-06 -2.66122e-09 -2.66232e-09  2.66472e-09
  300.00 -3.43864 -1.14434e-06 -1.14433e-06 -1.14435e-06 -2.63784e-09 -2.63895e-09  2.64103e-09
  300.00 -3.41752 -1.12550e-06 -1.12550e-06 -1.12551e-06 -2.57197e-09 -2.57298e-09  2.57475e-09
  300.00 -3.39640 -1.10673e-06 -1.10673e-06 -1.10674e-06 -2.46144e-09 -2.46225e-09  2.46373e-09
  300.00 -3.37528 -1.08848e-06 -1.08848e-06 -1.08849e-06 -2.30717e-09 -2.30774e-09  2.30897e-09
  300.00 -3.35415 -1.07095e-06 -1.07095e-06 -1.07096e-06 -2.11359e-09 -2.11393e-09  2.11494e-09
  300.00 -3.33303 -1.05410e-06 -1.05410e-06 -1.05411e-06 -1.88814e-09 -1.88829e-09  1.88912e-09
  300.00 -3.31191 -1.03775e-06 -1.03775e-06 -1.03776e-06 -1.64016e-09 -1.64019e-09  1.64088e-09
  300.00 -3.29079 -1.02160e-06 -1.02160e-06 -1.02161e-06 -1.37961e-09 -1.37961e-09  1.38020e-09
  300.00 -3.26967 -1.00534e-06 -1.00534e-06 -1.00535e-06 -1.11597e-09 -1.11603e-09  1.11653e-09
  300.00 -3.24855 -9.88637e-07 -9.88640e-07 -9.88641e-07 -8.57473e-10 -8.57674e-10  8.58096e-10
  300.00 -3.22743 -9.71178e-07 -9.71182e-07 -9.71181e-07 -6.10927e-10 -6.11313e-10  6.11661e-10
  300.00 -3.20631 -9.52672e-07 -9.52676e-07 -9.52675e-07 -3.81890e-10 -3.82469e-10  3.82735e-10
  300.00 -3.18519 -9.32846e-07 -9.32850e-07 -9.32847e-07 -1.75057e-10 -1.75793e-10  1.75963e-10
  300.00 -3.16406 -9.11442e-07 -9.11446e-07 -9.11444e-07  5.36961e-12  4.55267e-12 -4.49882e-12
  300.00 -3.14294 -8.88232e-07 -8.88236e-07 -8.88233e-07  1.55518e-10  1.54730e-10 -1.54814e-10
  300.00 -3.12182 -8.63031e-07 -8.63034e-07 -8.63032e-07  2.71967e-10  2.71339e-10 -2.71582e-10
  300.00 -3.10070 -8.35734e-07 -8.35737e-07 -8.35736e-07  3.52101e-10  3.51774e-10 -3.52193e-10
  300.00 -3.07958 -8.06363e-07 -8.06366e-07 -8.06366e-07  3.94536e-10  3.94647e-10 -3.95256e-10
  300.00 -3.05846 -7.75123e-07 -7.75125e-07 -7.75125e-07  3.99437e-10  4.00112e-10 -4.00917e-10
  300.00 -3.03734 -7.42456e-07 -7.42457e-07 -7.42459e-07  3.68815e-10  3.70163e-10 -3.71167e-10
  300.00 -3.01622 -7.09066e-07 -7.09066e-07 -7.09069e-07  3.07968e-10  3.10080e-10 -3.11283e-10
  300.00 -2.99510 -6.75816e-07 -6.75815e-07 -6.75818e-07  2.31456e-10  2.34398e-10 -2.35796e-10
  300.00 -2.97397 -6.43402e-07 -6.43400e-07 -6.43403e-07  1.77248e-10  1.81037e-10 -1.82606e-10
  300.00 -2.95285 -6.11861e-07 -6.11858e-07 -6.11862e-07  2.20437e-10  2.24994e-10 -2.26670e-10
  300.00 -2.93173 -5.80369e-07 -5.80365e-07 -5.80368e-07  4.50950e-10  4.56045e-10 -4.57718e-10
  300.00 -2.91061 -5.47886e-07 -5.47882e-07 -5.47885e-07  8.86316e-10  8.91592e-10 -8.93144e-10
  300.00 -2.88949 -5.14272e-07 -5.14268e-07 -5.14271e-07  1.38561e-09  1.39070e-09 -1.39209e-09
  300.00 -2.86837 -4.80482e-07 -4.80478e-07 -4.80481e-07  1.70038e-09  1.70506e-09 -1.70640e-09
  300.00 -2.84725 -4.47475e-07 -4.47471e-07 -4.47475e-07  1.66006e-09  1.66431e-09 -1.66578e-09
  300.00 -2.82613 -4.15300e-07 -4.15297e-07 -4.15300e-07  1.30318e-09  1.30712e-09 -1.30882e-09
  300.00 -2.80501 -3.83467e-07 -3.83464e-07 -3.83467e-07  8.34509e-10  8.38278e-10 -8.40161e-10
  300.00 -2.78388 -3.51965e-07 -3.51961e-07 -3.51964e-07  4.85539e-10  4.89256e-10 -4.91118e-10
  300.00 -2.76276 -3.21694e-07 -3.21690e-07 -3.21693e-07  4.00177e-10  4.03921e-10 -4.05476e-10
  300.00 -2.74164 -2.93909e-07 -2.93904e-07 -2.93907e-07  5.91579e-10  5.95426e-10 -5.96402e-10
  300.00 -2.72052 -2.69206e-07 -2.69200e-07 -2.69203e-07  9.61209e-10  9.65236e-10 -9.65445e-10
  300.00 -2.69940 -2.46955e-07 -2.46948e-07 -2.46951e-07  1.35556e-09  1.35982e-09 -1.35919e-09
  300.00 -2.67828 -2.25639e-07 -2.25630e-07 -2.25632e-07  1.63152e-09  1.63599e-09 -1.63459e-09
  300.00 -2.65716 -2.03809e-07 -2.03800e-07 -2.03802e-07  1.70323e-09  1.70781e-09 -1.70579e-09
  300.00 -2.63604 -1.80983e-07 -1.80974e-07 -1.80975e-07  1.55635e-09  1.56087e-09 -1.55844e-09
  300.00 -2.61491 -1.57925e-07 -1.57916e-07 -1.57917e-07  1.23399e-09  1.23829e-09 -1.23567e-09
  300.00 -2.59379 -1.36269e-07 -1.36260e-07 -1.36262e-07  8.09413e-10  8.13358e-10 -8.10757e-10
  300.00 -2.57267 -1.17788e-07 -1.17781e-07 -1.17783e-07  3.59783e-10  3.63313e-10 -3.60881e-10
  300.00 -2.55155 -1.03720e-07 -1.03714e-07 -1.03716e-07 -5.18562e-11 -4.87176e-11  5.09050e-11
  300.00 -2.53043 -9.44232e-08 -9.44189e-08 -9.44223e-08 -3.85141e-10 -3.82305e-10  3.84253e-10
  300.00 -2.50931 -8.94146e-08 -8.94118e-08 -8.94159e-08 -6.23338e-10 -6.20676e-10  6.22459e-10
  300.00 -2.48819 -8.76664e-08 -8.76651e-08 -8.76698e-08 -7.69058e-10 -7.66430e-10  7.68177e-10
  300.00 -2.46707 -8.79990e-08 -8.79992e-08 -8.80044e-08 -8.37300e-10 -8.34585e-10  8.36439e-10
  300.00 -2.44595 -8.94227e-08 -8.94243e-08 -8.94299e-08 -8.48356e-10 -8.45471e-10  8.47557e-10
  300.00 -2.42482 -9.13536e-08 -9.13564e-08 -9.13625e-08 -8.22660e-10 -8.19561e-10  8.21960e-10
  300.00 -2.40370 -9.36897e-08 -9.36937e-08 -9.36998e-08 -7.78479e-10 -7.75160e-10  7.77893e-10
  300.00 -2.38258 -9.67664e-08 -9.67713e-08 -9.67775e-08 -7.31927e-10 -7.28405e-10  7.31428e-10
  300.00 -2.36146 -1.01226e-07 -1.01232e-07 -1.01238e-07 -6.97770e-10 -6.94077e-10  6.97297e-10
  300.00 -2.34034 -1.07834e-07 -1.07841e-07 -1.07846e-07 -6.89528e-10 -6.85704e-10  6.88995e-10
  300.00 -2.31922 -1.17278e-07 -1.17285e-07 -1.17290e-07 -7.18166e-10 -7.14256e-10  7.17483e-10
  300.00 -2.29810 -1.29980e-07 -1.29986e-07 -1.29990e-07 -7.89822e-10 -7.85878e-10  7.88919e-10
  300.00 -2.27698 -1.45960e-07 -1.45967e-07 -1.45969e-07 -9.03725e-10 -8.99809e-10  9.02574e-10
  300.00 -2.25586 -1.64789e-07 -1.64795e-07 -1.64797e-07 -1.05143e-09 -1.04762e-09  1.05006e-09
  300.00 -2.23473 -1.85624e-07 -1.85630e-07 -1.85631e-07 -1.21795e-09 -1.21433e-09  1.21643e-09
  300.00 -2.21361 -2.07346e-07 -2.07351e-07 -2.07352e-07 -1.38450e-09 -1.38116e-09  1.38297e-09
  300.00 -2.19249 -2.28741e-07 -2.28746e-07 -2.28746e-07 -1.53207e-09 -1.52909e-09  1.53067e-09
  300.00 -2.17137 -2.48720e-07 -2.48724e-07 -2.48724e-07 -1.64470e-09 -1.64218e-09  1.64361e-09
  300.00 -2.15025 -2.66495e-07 -2.66499e-07 -2.66499e-07 -1.71185e-09 -1.70985e-09  1.71122e-09
  300.00 -2.12913 -2.81705e-07 -2.81708e-07 -2.81709e-07 -1.72924e-09 -1.72780e-09  1.72920e-09
  300.00 -2.10801 -2.94454e-07 -2.94457e-07 -2.94458e-07 -1.69847e-09 -1.69762e-09  1.69910e-09
  300.00 -2.08689 -3.05267e-07 -3.05269e-07 -3.05270e-07 -1.62572e-09 -1.62548e-09  1.62706e-09
  300.00 -2.06577 -3.14972e-07 -3.14973e-07 -3.14975e-07 -1.52006e-09 -1.52041e-09  1.52211e-09
  300.00 -2.04464 -3.24549e-07 -3.24550e-07 -3.24551e-07 -1.39188e-09 -1.39279e-09  1.39455e-09
  300.00 -2.02352 -3.34961e-07 -3.34961e-07 -3.34963e-07 -1.25164e-09 -1.25307e-09  1.25485e-09
  300.00 -2.00240 -3.47009e-07 -3.47009e-07 -3.47011e-07 -1.10928e-09 -1.11116e-09  1.11287e-09
  300.00 -1.98128 -3.61230e-07 -3.61229e-07 -3.61231e-07 -9.73945e-10 -9.76208e-10  9.77768e-10
  300.00 -1.96016 -3.77847e-07 -3.77847e-07 -3.77849e-07 -8.54150e-10 -8.56705e-10  8.58030e-10
  300.00 -1.93904 -3.96786e-07 -3.96785e-07 -3.96787e-07 -7.57889e-10 -7.60647e-10  7.61658e-10
  300.00 -1.91792 -4.17722e-07 -4.17722e-07 -4.17723e-07 -6.92637e-10 -6.95509e-10  6.96143e-10
  300.00 -1.89680 -4.40179e-07 -4.40179e-07 -4.40180e-07 -6.65016e-10 -6.67920e-10  6.68129e-10
  300.00 -1.87568 -4.63622e-07 -4.63622e-07 -4.63623e-07 -6.80114e-10 -6.82980e-10  6.82739e-10
  300.00 -1.85455 -4.87557e-07 -4.87557e-07 -4.87557e-07 -7.40547e-10 -7.43320e-10  7.42624e-10
  300.00 -1.83343 -5.11609e-07 -5.11608e-07 -5.11609e-07 -8.45440e-10 -8.48081e-10  8.46950e-10
  300.00 -1.81231 -5.35572e-07 -5.35571e-07 -5.35571e-07 -9.89568e-10 -9.92057e-10  9.90530e-10
  300.00 -1.79119 -5.59433e-07 -5.59432e-07 -5.59432e-07 -1.16284e-09 -1.16517e-09  1.16331e-09
  300.00 -1.77007 -5.83377e-07 -5.83375e-07 -5.83375e-07 -1.35020e-09 -1.35237e-09  1.35025e-09
  300.00 -1.74895 -6.07762e-07 -6.07760e-07 -6.07759e-07 -1.53177e-09 -1.53378e-09  1.53148e-09
  300.00 -1.72783 -6.33107e-07 -6.33105e-07 -6.33104e-07 -1.68275e-09 -1.68461e-09  1.68223e-09
  300.00 -1.70671 -6.60069e-07 -6.60066e-07 -6.60065e-07 -1.77226e-09 -1.77397e-09  1.77161e-09
  300.00 -1.68559 -6.89415e-07 -6.89412e-07 -6.89411e-07 -1.76110e-09 -1.76265e-09  1.76039e-09
  300.00 -1.66446 -7.21946e-07 -7.21942e-07 -7.21941e-07 -1.60269e-09 -1.60406e-09  1.60199e-09
  300.00 -1.64334 -7.58261e-07 -7.58257e-07 -7.58256e-07 -1.26243e-09 -1.26358e-09  1.26178e-09
  300.00 -1.62222 -7.98314e-07 -7.98310e-07 -7.98309e-07 -7.73116e-10 -7.74061e-10  7.72623e-10
  300.00 -1.60110 -8.40951e-07 -8.40946e-07 -8.40945e-07 -2.93402e-10 -2.94226e-10  2.93224e-10
  300.00 -1.57998 -8.84075e-07 -8.84070e-07 -8.84069e-07 -4.13118e-11 -4.21849e-11  4.16667e-11
  300.00 -1.55886 -9.25779e-07 -9.25774e-07 -9.25772e-07 -5.04972e-11 -5.15655e-11  5.14895e-11
  300.00 -1.53774 -9.65382e-07 -9.65377e-07 -9.65376e-07 -3.39187e-11 -3.51678e-11  3.53666e-11
  300.00 -1.51662 -1.00298e-06 -1.00297e-06 -1.00297e-06  3.46091e-10  3.44816e-10 -3.44606e-10
  300.00 -1.49550 -1.03810e-06 -1.03810e-06 -1.03810e-06  1.10117e-09  1.10001e-09 -1.10007e-09
  300.00 -1.47437 -1.06944e-06 -1.06943e-06 -1.06943e-06  1.93326e-09  1.93222e-09 -1.93279e-09
  300.00 -1.45325 -1.09571e-06 -1.09570e-06 -1.09570e-06  2.55412e-09  2.55317e-09 -2.55439e-09
  300.00 -1.43213 -1.11658e-06 -1.11658e-06 -1.11657e-06  2.89515e-09  2.89424e-09 -2.89620e-09
  300.00 -1.41101 -1.13268e-06 -1.13268e-06 -1.13267e-06  3.07215e-09  3.07126e-09 -3.07392e-09
  300.00 -1.38989 -1.14475e-06 -1.14475e-06 -1.14475e-06  3.23488e-09  3.23398e-09 -3.23724e-09
  300.00 -1.36877 -1.15284e-06 -1.15284e-06 -1.15283e-06  3.44762e-09  3.44662e-09 -3.45028e-09
  300.00 -1.34765 -1.15607e-06 -1.15607e-06 -1.15606e-06  3.66339e-09  3.66218e-09 -3.66603e-09
  300.00 -1.32653 -1.15320e-06 -1.15320e-06 -1.15319e-06  3.77684e-09  3.77530e-09 -3.77914e-09
  300.00 -1.30541 -1.14353e-06 -1.14353e-06 -1.14352e-06  3.70010e-09  3.69815e-09 -3.70187e-09
  300.00 -1.28428 -1.12748e-06 -1.12749e-06 -1.12748e-06  3.41133e-09  3.40897e-09 -3.41253e-09
  300.00 -1.26316 -1.10665e-06 -1.10665e-06 -1.10665e-06  2.95787e-09  2.95518e-09 -2.95860e-09
  300.00 -1.24204 -1.08328e-06 -1.08328e-06 -1.08328e-06  2.42784e-09  2.42494e-09 -2.42835e-09
  300.00 -1.22092 -1.05960e-06 -1.05960e-06 -1.05959e-06  1.91557e-09  1.91261e-09 -1.91616e-09
  300.00 -1.19980 -1.03721e-06 -1.03721e-06 -1.03720e-06  1.49843e-09  1.49553e-09 -1.49940e-09
  300.00 -1.17868 -1.01683e-06 -1.01684e-06 -1.01683e-06  1.22820e-09  1.22544e-09 -1.22978e-09
  300.00 -1.15756 -9.98351e-07 -9.98354e-07 -9.98348e-07  1.13089e-09  1.12831e-09 -1.13318e-09
  300.00 -1.13644 -9.81036e-07 -9.81040e-07 -9.81034e-07  1.20804e-09  1.20562e-09 -1.21100e-09
  300.00 -1.11532 -9.63925e-07 -9.63929e-07 -9.63923e-07  1.43728e-09  1.43499e-09 -1.44073e-09
  300.00 -1.09419 -9.46137e-07 -9.46142e-07 -9.46137e-07  1.77426e-09  1.77206e-09 -1.77791e-09
  300.00 -1.07307 -9.27133e-07 -9.27138e-07 -9.27134e-07  2.15882e-09  2.15668e-09 -2.16233e-09
  300.00 -1.05195 -9.06845e-07 -9.06851e-07 -9.06847e-07  2.52501e-09  2.52294e-09 -2.52804e-09
  300.00 -1.03083 -8.85672e-07 -8.85679e-07 -8.85677e-07  2.81169e-09  2.80971e-09 -2.81397e-09
  300.00 -1.00971 -8.64272e-07 -8.64279e-07 -8.64277e-07  2.97072e-09  2.96889e-09 -2.97209e-09
  300.00 -0.98859 -8.43166e-07 -8.43173e-07 -8.43172e-07  2.97455e-09  2.97293e-09 -2.97497e-09
  300.00 -0.96747 -8.22311e-07 -8.22319e-07 -8.22318e-07  2.82704e-09  2.82567e-09 -2.82654e-09
  300.00 -0.94635 -8.00935e-07 -8.00942e-07 -8.00942e-07  2.57353e-09  2.57237e-09 -2.57210e-09
  300.00 -0.92523 -7.77915e-07 -7.77920e-07 -7.77920e-07  2.29427e-09  2.29318e-09 -2.29183e-09
  300.00 -0.90410 -7.52603e-07 -7.52608e-07 -7.52608e-07  2.06972e-09  2.06855e-09 -2.06617e-09
  300.00 -0.88298 -7.25472e-07 -7.25476e-07 -7.25475e-07  1.93545e-09  1.93408e-09 -1.93081e-09
  300.00 -0.86186 -6.97888e-07 -6.97891e-07 -6.97890e-07  1.86688e-09  1.86531e-09 -1.86141e-09
  300.00 -0.84074 -6.71057e-07 -6.71060e-07 -6.71058e-07  1.81136e-09  1.80969e-09 -1.80552e-09
  300.00 -0.81962 -6.45019e-07 -6.45021e-07 -6.45018e-07  1.73520e-09  1.73353e-09 -1.72946e-09
  300.00 -0.79850 -6.18640e-07 -6.18642e-07 -6.18640e-07  1.64012e-09  1.63850e-09 -1.63482e-09
  300.00 -0.77738 -5.90664e-07 -5.90665e-07 -5.90664e-07  1.54313e-09  1.54153e-09 -1.53839e-09
  300.00 -0.75626 -5.60965e-07 -5.60965e-07 -5.60965e-07  1.45158e-09  1.44994e-09 -1.44741e-09
  300.00 -0.73514 -5.31105e-07 -5.31105e-07 -5.31105e-07  1.35871e-09  1.35700e-09 -1.35504e-09
  300.00 -0.71401 -5.03919e-07 -5.03919e-07 -5.03918e-07  1.25440e-09  1.25265e-09 -1.25115e-09
  300.00 -0.69289 -4.82517e-07 -4.82515e-07 -4.82515e-07  1.13327e-09  1.13152e-09 -1.13033e-09
  300.00 -0.67177 -4.69306e-07 -4.69304e-07 -4.69302e-07  9.92303e-10  9.90646e-10 -9.89585e-10
  300.00 -0.65065 -4.65447e-07 -4.65444e-07 -4.65442e-07  8.23863e-10  8.22380e-10 -8.21274e-10
  300.00 -0.62953 -4.70825e-07 -4.70822e-07 -4.70820e-07  6.12250e-10  6.11008e-10 -6.09728e-10
  300.00 -0.60841 -4.84386e-07 -4.84381e-07 -4.84379e-07  3.36842e-10  3.35887e-10 -3.34362e-10
  300.00 -0.58729 -5.04594e-07 -5.04589e-07 -5.04588e-07 -2.08408e-11 -2.14873e-11  2.32688e-11
  300.00 -0.56617 -5.29834e-07 -5.29829e-07 -5.29827e-07 -4.70606e-10 -4.70937e-10  4.72947e-10
  300.00 -0.54505 -5.58645e-07 -5.58639e-07 -5.58638e-07 -1.01052e-09 -1.01054e-09  1.01274e-09
  300.00 -0.52392 -5.89821e-07 -5.89815e-07 -5.89814e-07 -1.62771e-09 -1.62744e-09  1.62976e-09
  300.00 -0.50280 -6.22428e-07 -6.22423e-07 -6.22421e-07 -2.30160e-09 -2.30105e-09  2.30346e-09
  300.00 -0.48168 -6.55791e-07 -6.55786e-07 -6.55784e-07 -3.00776e-09 -3.00698e-09  3.00941e-09
  300.00 -0.46056 -6.89476e-07 -6.89472e-07 -6.89470e-07 -3.72105e-09 -3.72006e-09  3.72248e-09
  300.00 -0.43944 -7.23283e-07 -7.23278e-07 -7.23277e-07 -4.41750e-09 -4.41634e-09  4.41869e-09
  300.00 -0.41832 -7.57212e-07 -7.57207e-07 -7.57207e-07 -5.07522e-09 -5.07392e-09  5.07616e-09
  300.00 -0.39720 -7.91416e-07 -7.91412e-07 -7.91412e-07 -5.67474e-09 -5.67333e-09  5.67537e-09
  300.00 -0.37608 -8.26120e-07 -8.26116e-07 -8.26116e-07 -6.19922e-09 -6.19772e-09  6.19950e-09
  300.00 -0.35495 -8.61511e-07 -8.61508e-07 -8.61509e-07 -6.63482e-09 -6.63321e-09  6.63467e-09
  300.00 -0.33383 -8.97638e-07 -8.97635e-07 -8.97637e-07 -6.97093e-09 -6.96920e-09  6.97028e-09
  300.00 -0.31271 -9.34319e-07 -9.34316e-07 -9.34318e-07 -7.20037e-09 -7.19846e-09  7.19913e-09
  300.00 -0.29159 -9.71091e-07 -9.71088e-07 -9.71090e-07 -7.31915e-09 -7.31702e-09  7.31725e-09
  300.00 -0.27047 -1.00722e-06 -1.00722e-06 -1.00722e-06 -7.32608e-09 -7.32368e-09  7.32347e-09
  300.00 -0.24935 -1.04179e-06 -1.04178e-06 -1.04179e-06 -7.22242e-09 -7.21971e-09  7.21909e-09
  300.00 -0.22823 -1.07375e-06 -1.07375e-06 -1.07375e-06 -7.01174e-09 -7.00872e-09  7.00773e-09
  300.00 -0.20711 -1.10213e-06 -1.10213e-06 -1.10213e-06 -6.70025e-09 -6.69693e-09  6.69563e-09
  300.00 -0.18599 -1.12613e-06 -1.12613e-06 -1.12613e-06 -6.29727e-09 -6.29369e-09  6.29216e-09
  300.00 -0.16486 -1.14526e-06 -1.14526e-06 -1.14526e-06 -5.81553e-09 -5.81176e-09  5.81009e-09
  300.00 -0.14374 -1.15938e-06 -1.15938e-06 -1.15938e-06 -5.27088e-09 -5.26702e-09  5.26530e-09
  300.00 -0.12262 -1.16877e-06 -1.16877e-06 -1.16876e-06 -4.68122e-09 -4.67737e-09  4.67569e-09
  300.00 -0.10150 -1.17402e-06 -1.17402e-06 -1.17401e-06 -4.06476e-09 -4.06104e-09  4.05949e-09
  300.00 -0.08038 -1.17602e-06 -1.17602e-06 -1.17602e-06 -3.43796e-09 -3.43446e-09  3.43313e-09
  300.00 -0.05926 -1.17583e-06 -1.17583e-06 -1.17583e-06 -2.81371e-09 -2.81052e-09  2.80949e-09
  300.00 -0.03814 -1.17458e-06 -1.17458e-06 -1.17457e-06 -2.20029e-09 -2.19749e-09  2.19681e-09
  300.00 -0.01702 -1.17332e-06 -1.17332e-06 -1.17331e-06 -1.60126e-09 -1.59889e-09  1.59859e-09
  300.00  0.00410 -1.17299e-06 -1.17299e-06 -1.17299e-06 -1.01626e-09 -1.01437e-09  1.01447e-09
  300.00  0.02523 -1.17434e-06 -1.17434e-06 -1.17433e-06 -4.42586e-10 -4.41169e-10  4.41664e-10
  300.00  0.04635 -1.17787e-06 -1.17786e-06 -1.17786e-06  1.23117e-10  1.24063e-10 -1.23200e-10
  300.00  0.06747 -1.18384e-06 -1.18384e-06 -1.18384e-06  6.83253e-10  6.83752e-10 -6.82567e-10
  300.00  0.08859 -1.19231e-06 -1.19231e-06 -1.19231e-06  1.23822e-09  1.23831e-09 -1.23686e-09
  300.00  0.10971 -1.20312e-06 -1.20312e-06 -1.20312e-06  1.78597e-09  1.78569e-09 -1.78406e-09
  300.00  0.13083 -1.21593e-06 -1.21593e-06 -1.21593e-06  2.32222e-09  2.32162e-09 -2.31989e-09
  300.00  0.15195 -1.23028e-06 -1.23028e-06 -1.23028e-06  2.84109e-09  2.84023e-09 -2.83848e-09
  300.00  0.17307 -1.24560e-06 -1.24560e-06 -1.24559e-06  3.33602e-09  3.33495e-09 -3.33326e-09
  300.00  0.19419 -1.26122e-06 -1.26122e-06 -1.26122e-06  3.80064e-09  3.79941e-09 -3.79786e-09
  300.00  0.21532 -1.27646e-06 -1.27646e-06 -1.27646e-06  4.22950e-09  4.22817e-09 -4.22681e-09
  300.00  0.23644 -1.29058e-06 -1.29058e-06 -1.29058e-06  4.61847e-09  4.61710e-09 -4.61598e-09
  300.00  0.25756 -1.30287e-06 -1.30287e-06 -1.30287e-06  4.96489e-09  4.96351e-09 -4.96267e-09
  300.00  0.27868 -1.31264e-06 -1.31264e-06 -1.31264e-06  5.26732e-09  5.26598e-09 -5.26545e-09
  300.00  0.29980 -1.31928e-06 -1.31928e-06 -1.31928e-06  5.52522e-09  5.52396e-09 -5.52374e-09
  300.00  0.32092 -1.32226e-06 -1.32226e-06 -1.32226e-06  5.73853e-09  5.73736e-09 -5.73746e-09
  300.00  0.34204 -1.32118e-06 -1.32118e-06 -1.32118e-06  5.90715e-09  5.90610e-09 -5.90649e-09
  300.00  0.36316 -1.31578e-06 -1.31578e-06 -1.31578e-06  6.03069e-09  6.02976e-09 -6.03043e-09
  300.00  0.38428 -1.30594e-06 -1.30594e-06 -1.30595e-06  6.10824e-09  6.10741e-09 -6.10832e-09
  300.00  0.40541 -1.29174e-06 -1.29174e-06 -1.29174e-06  6.13827e-09  6.13754e-09 -6.13866e-09
  300.00  0.42653 -1.27339e-06 -1.27339e-06 -1.27339e-06  6.11883e-09  6.11815e-09 -6.11943e-09
  300.00  0.44765 -1.25125e-06 -1.25125e-06 -1.25125e-06  6.04765e-09  6.04698e-09 -6.04839e-09
  300.00  0.46877 -1.22581e-06 -1.22582e-06 -1.22582e-06  5.92251e-09  5.92180e-09 -5.92328e-09
  300.00  0.48989 -1.19767e-06 -1.19767e-06 -1.19767e-06  5.74154e-09  5.74074e-09 -5.74225e-09
  300.00  0.51101 -1.16747e-06 -1.16747e-06 -1.16747e-06  5.50358e-09  5.50263e-09 -5.50413e-09
  300.00  0.53213 -1.13592e-06 -1.13592e-06 -1.13592e-06  5.20853e-09  5.20738e-09 -5.20881e-09
  300.00  0.55325 -1.10370e-06 -1.10370e-06 -1.10370e-06  4.85758e-09  4.85618e-09 -4.85751e-09
  300.00  0.57437 -1.07150e-06 -1.07150e-06 -1.07150e-06  4.45353e-09  4.45184e-09 -4.45301e-09
  300.00  0.59550 -1.03996e-06 -1.03996e-06 -1.03996e-06  4.00084e-09  3.99882e-09 -3.99980e-09
  300.00  0.61662 -1.00966e-06 -1.00966e-06 -1.00966e-06  3.50574e-09  3.50335e-09 -3.50410e-09
  300.00  0.63774 -9.81111e-07 -9.81112e-07 -9.81113e-07  2.97610e-09  2.97334e-09 -2.97384e-09
  300.00  0.65886 -9.54753e-07 -9.54755e-07 -9.54756e-07  2.42134e-09  2.41818e-09 -2.41841e-09
  300.00  0.67998 -9.30953e-07 -9.30955e-07 -9.30956e-07  1.85206e-09  1.84851e-09 -1.84844e-09
  300.00  0.70110 -9.10001e-07 -9.10003e-07 -9.10005e-07  1.27970e-09  1.27577e-09 -1.27541e-09
  300.00  0.72222 -8.92119e-07 -8.92121e-07 -8.92123e-07  7.16097e-10  7.11812e-10 -7.11148e-10
  300.00  0.74334 -8.77461e-07 -8.77464e-07 -8.77465e-07  1.72965e-10  1.68355e-10 -1.67402e-10
  300.00  0.76446 -8.66121e-07 -8.66124e-07 -8.66126e-07 -3.38596e-10 -3.43488e-10  3.44713e-10
  300.00  0.78559 -8.58134e-07 -8.58136e-07 -8.58138e-07 -8.08589e-10 -8.13714e-10  8.15185e-10
  300.00  0.80671 -8.53478e-07 -8.53480e-07 -8.53482e-07 -1.22855e-09 -1.23385e-09  1.23553e-09
  300.00  0.82783 -8.52080e-07 -8.52083e-07 -8.52085e-07 -1.59188e-09 -1.59728e-09  1.59914e-09
  300.00  0.84895 -8.53819e-07 -8.53822e-07 -8.53823e-07 -1.89408e-09 -1.89953e-09  1.90152e-09
  300.00  0.87007 -8.58523e-07 -8.58526e-07 -8.58528e-07 -2.13290e-09 -2.13833e-09  2.14040e-09
  300.00  0.89119 -8.65981e-07 -8.65984e-07 -8.65985e-07 -2.30829e-09 -2.31362e-09  2.31572e-09
  300.00  0.91231 -8.75939e-07 -8.75942e-07 -8.75943e-07 -2.42231e-09 -2.42747e-09  2.42954e-09
  300.00  0.93343 -8.88111e-07 -8.88114e-07 -8.88115e-07 -2.47888e-09 -2.48381e-09  2.48581e-09
  300.00  0.95455 -9.02180e-07 -9.02183e-07 -9.02184e-07 -2.48351e-09 -2.48816e-09  2.49004e-09
  300.00  0.97568 -9.17807e-07 -9.17810e-07 -9.17810e-07 -2.44293e-09 -2.44725e-09  2.44897e-09
  300.00  0.99680 -9.34636e-07 -9.34639e-07 -9.34639e-07 -2.36466e-09 -2.36861e-09  2.37013e-09
  300.00  1.01792 -9.52300e-07 -9.52302e-07 -9.52303e-07 -2.25665e-09 -2.26020e-09  2.26147e-09
  300.00  1.03904 -9.70427e-07 -9.70430e-07 -9.70430e-07 -2.12686e-09 -2.12999e-09  2.13100e-09
  300.00  1.06016 -9.88646e-07 -9.88649e-07 -9.88650e-07 -1.98294e-09 -1.98565e-09  1.98637e-09
  300.00  1.08128 -1.00659e-06 -1.00660e-06 -1.00660e-06 -1.83197e-09 -1.83426e-09  1.83467e-09
  300.00  1.10240 -1.02391e-06 -1.02391e-06 -1.02391e-06 -1.68023e-09 -1.68210e-09  1.68220e-09
  300.00  1.12352 -1.04025e-06 -1.04025e-06 -1.04025e-06 -1.53311e-09 -1.53457e-09  1.53435e-09
  300.00  1.14464 -1.05529e-06 -1.05530e-06 -1.05530e-06 -1.39505e-09 -1.39614e-09  1.39560e-09
  300.00  1.16577 -1.06873e-06 -1.06873e-06 -1.06873e-06 -1.26966e-09 -1.27040e-09  1.26954e-09
  300.00  1.18689 -1.08028e-06 -1.08028e-06 -1.08029e-06 -1.15978e-09 -1.16021e-09  1.15904e-09
  300.00  1.20801 -1.08970e-06 -1.08970e-06 -1.08970e-06 -1.06771e-09 -1.06785e-09  1.06638e-09
  300.00  1.22913 -1.09676e-06 -1.09676e-06 -1.09676e-06 -9.95329e-10 -9.95224e-10  9.93469e-10
  300.00  1.25025 -1.10131e-06 -1.10131e-06 -1.10131e-06 -9.44327e-10 -9.44009e-10  9.41982e-10
  300.00  1.27137 -1.10323e-06 -1.10323e-06 -1.10324e-06 -9.16302e-10 -9.15804e-10  9.13523e-10
  300.00  1.29249 -1.10248e-06 -1.10248e-06 -1.10248e-06 -9.12830e-10 -9.12182e-10  9.09670e-10
  300.00  1.31361 -1.09908e-06 -1.09908e-06 -1.09908e-06 -9.35439e-10 -9.34670e-10  9.31951e-10
  300.00  1.33473 -1.09315e-06 -1.09315e-06 -1.09315e-06 -9.85500e-10 -9.84634e-10  9.81736e-10
  300.00  1.35586 -1.08488e-06 -1.08488e-06 -1.08488e-06 -1.06404e-09 -1.06310e-09  1.06006e-09
  300.00  1.37698 -1.07457e-06 -1.07457e-06 -1.07457e-06 -1.17153e-09 -1.17053e-09  1.16737e-09
  300.00  1.39810 -1.06259e-06 -1.06259e-06 -1.06259e-06 -1.30761e-09 -1.30656e-09  1.30332e-09
  300.00  1.41922 -1.04940e-06 -1.04940e-06 -1.04940e-06 -1.47091e-09 -1.46984e-09  1.46655e-09
  300.00  1.44034 -1.03551e-06 -1.03551e-06 -1.03551e-06 -1.65892e-09 -1.65783e-09  1.65453e-09
  300.00  1.46146 -1.02147e-06 -1.02147e-06 -1.02147e-06 -1.86794e-09 -1.86684e-09  1.86355e-09
  300.00  1.48258 -1.00784e-06 -1.00784e-06 -1.00784e-06 -2.09319e-09 -2.09209e-09  2.08884e-09
  300.00  1.50370 -9.95154e-07 -9.95152e-07 -9.95152e-07 -2.32897e-09 -2.32789e-09  2.32469e-09
  300.00  1.52482 -9.83906e-07 -9.83904e-07 -9.83905e-07 -2.56903e-09 -2.56797e-09  2.56484e-09
  300.00  1.54595 -9.74500e-07 -9.74498e-07 -9.74499e-07 -2.80685e-09 -2.80583e-09  2.80276e-09
  300.00  1.56707 -9.67239e-07 -9.67237e-07 -9.67238e-07 -3.03604e-09 -3.03506e-09  3.03207e-09
  300.00  1.58819 -9.62305e-07 -9.62303e-07 -9.62304e-07 -3.25066e-09 -3.24974e-09  3.24682e-09
  300.00  1.60931 -9.59754e-07 -9.59752e-07 -9.59754e-07 -3.44549e-09 -3.44464e-09  3.44178e-09
  300.00  1.63043 -9.59518e-07 -9.59516e-07 -9.59517e-07 -3.61616e-09 -3.61538e-09  3.61258e-09
  300.00  1.65155 -9.61412e-07 -9.61410e-07 -9.61412e-07 -3.75924e-09 -3.75853e-09  3.75578e-09
  300.00  1.67267 -9.65161e-07 -9.65159e-07 -9.65161e-07 -3.87217e-09 -3.87152e-09  3.86881e-09
  300.00  1.69379 -9.70418e-07 -9.70416e-07 -9.70419e-07 -3.95314e-09 -3.95255e-09  3.94988e-09
  300.00  1.71491 -9.76795e-07 -9.76794e-07 -9.76797e-07 -4.00097e-09 -4.00043e-09  3.99779e-09
  300.00  1.73604 -9.83893e-07 -9.83892e-07 -9.83895e-07 -4.01494e-09 -4.01442e-09  4.01181e-09
  300.00  1.75716 -9.91325e-07 -9.91325e-07 -9.91328e-07 -3.99462e-09 -3.99411e-09  3.99152e-09
  300.00  1.77828 -9.98741e-07 -9.98741e-07 -9.98745e-07 -3.93985e-09 -3.93931e-09  3.93675e-09
  300.00  1.79940 -1.00585e-06 -1.00585e-06 -1.00585e-06 -3.85064e-09 -3.85004e-09  3.84751e-09
  300.00  1.82052 -1.01241e-06 -1.01241e-06 -1.01241e-06 -3.72722e-09 -3.72653e-09  3.72402e-09
  300.00  1.84164 -1.01826e-06 -1.01826e-06 -1.01827e-06 -3.57008e-09 -3.56926e-09  3.56678e-09
  300.00  1.86276 -1.02331e-06 -1.02332e-06 -1.02332e-06 -3.38005e-09 -3.37907e-09  3.37662e-09
  300.00  1.88388 -1.02754e-06 -1.02754e-06 -1.02754e-06 -3.15836e-09 -3.15721e-09  3.15478e-09
  300.00  1.90501 -1.03095e-06 -1.03096e-06 -1.03096e-06 -2.90672e-09 -2.90536e-09  2.90296e-09
  300.00  1.92613 -1.03363e-06 -1.03364e-06 -1.03364e-06 -2.62729e-09 -2.62570e-09  2.62333e-09
  300.00  1.94725 -1.03567e-06 -1.03568e-06 -1.03568e-06 -2.32268e-09 -2.32085e-09  2.31851e-09
  300.00  1.96837 -1.03719e-06 -1.03720e-06 -1.03720e-06 -1.99586e-09 -1.99379e-09  1.99150e-09
  300.00  1.98949 -1.03832e-06 -1.03832e-06 -1.03833e-06 -1.65008e-09 -1.64777e-09  1.64553e-09
  300.00  2.01061 -1.03919e-06 -1.03919e-06 -1.03919e-06 -1.28871e-09 -1.28617e-09  1.28400e-09
  300.00  2.03173 -1.03991e-06 -1.03991e-06 -1.03991e-06 -9.15088e-10 -9.12338e-10  9.10248e-10
  300.00  2.05285 -1.04058e-06 -1.04058e-06 -1.04059e-06 -5.32409e-10 -5.29475e-10  5.27489e-10
  300.00  2.07397 -1.04130e-06 -1.04131e-06 -1.04131e-06 -1.43585e-10 -1.40498e-10  1.38638e-10
  300.00  2.09510 -1.04213e-06 -1.04213e-06 -1.04213e-06  2.48838e-10  2.52043e-10 -2.53752e-10
  300.00  2.11622 -1.04310e-06 -1.04310e-06 -1.04310e-06  6.42722e-10  6.46005e-10 -6.47540e-10
  300.00  2.13734 -1.04423e-06 -1.04423e-06 -1.04423e-06  1.03633e-09  1.03965e-09 -1.04099e-09
  300.00  2.15846 -1.04552e-06 -1.04552e-06 -1.04552e-06  1.42829e-09  1.43161e-09 -1.43272e-09
  300.00  2.17958 -1.04694e-06 -1.04694e-06 -1.04693e-06  1.81747e-09  1.82075e-09 -1.82162e-09
  300.00  2.20070 -1.04844e-06 -1.04844e-06 -1.04844e-06  2.20287e-09  2.20607e-09 -2.20668e-09
  300.00  2.22182 -1.04996e-06 -1.04996e-06 -1.04996e-06  2.58348e-09  2.58657e-09 -2.58691e-09
  300.00  2.24294 -1.05144e-06 -1.05145e-06 -1.05144e-06  2.95810e-09  2.96106e-09 -2.96110e-09
  300.00  2.26406 -1.05280e-06 -1.05280e-06 -1.05280e-06  3.32520e-09  3.32799e-09 -3.32774e-09
  300.00  2.28519 -1.05395e-06 -1.05395e-06 -1.05394e-06  3.68278e-09  3.68539e-09 -3.68485e-09
  300.00  2.30631 -1.05480e-06 -1.05480e-06 -1.05480e-06  4.02829e-09  4.03072e-09 -4.02988e-09
  300.00  2.32743 -1.05528e-06 -1.05528e-06 -1.05528e-06  4.35860e-09  4.36082e-09 -4.35971e-09
  300.00  2.34855 -1.05531e-06 -1.05531e-06 -1.05530e-06  4.66995e-09  4.67197e-09 -4.67058e-09
  300.00  2.36967 -1.05481e-06 -1.05481e-06 -1.05481e-06  4.95805e-09  4.95988e-09 -4.95823e-09
  300.00  2.39079 -1.05374e-06 -1.05374e-06 -1.05373e-06  5.21819e-09  5.21982e-09 -5.21794e-09
  300.00  2.41191 -1.05205e-06 -1.05205e-06 -1.05204e-06  5.44535e-09  5.44680e-09 -5.44470e-09
  300.00  2.43303 -1.04972e-06 -1.04972e-06 -1.04971e-06  5.63446e-09  5.63573e-09 -5.63344e-09
  300.00  2.45415 -1.04673e-06 -1.04673e-06 -1.04672e-06  5.78051e-09  5.78163e-09 -5.77917e-09
  300.00  2.47528 -1.04310e-06 -1.04310e-06 -1.04309e-06  5.87889e-09  5.87985e-09 -5.87725e-09
  300.00  2.49640 -1.03886e-06 -1.03886e-06 -1.03885e-06  5.92550e-09  5.92632e-09 -5.92360e-09
  300.00  2.51752 -1.03405e-06 -1.03405e-06 -1.03404e-06  5.91701e-09  5.91770e-09 -5.91490e-09
  300.00  2.53864 -1.02873e-06 -1.02873e-06 -1.02872e-06  5.85103e-09  5.85161e-09 -5.84875e-09
  300.00  2.55976 -1.02299e-06 -1.02298e-06 -1.02298e-06  5.72622e-09  5.72670e-09 -5.72380e-09
  300.00  2.58088 -1.01691e-06 -1.01691e-06 -1.01690e-06  5.54240e-09  5.54279e-09 -5.53989e-09
  300.00  2.60200 -1.01060e-06 -1.01060e-06 -1.01059e-06  5.30060e-09  5.30090e-09 -5.29802e-09
  300.00  2.62312 -1.00417e-06 -1.00417e-06 -1.00416e-06  5.00303e-09  5.00326e-09 -5.00042e-09
  300.00  2.64424 -9.97736e-07 -9.97732e-07 -9.97726e-07  4.65308e-09  4.65323e-09 -4.65045e-09
  300.00  2.66537 -9.91419e-07 -9.91415e-07 -9.91409e-07  4.25516e-09  4.25526e-09 -4.25255e-09
  300.00  2.68649 -9.85336e-07 -9.85332e-07 -9.85326e-07  3.81466e-09  3.81470e-09 -3.81209e-09
  300.00  2.70761 -9.79600e-07 -9.79596e-07 -9.79591e-07  3.33774e-09  3.33772e-09 -3.33522e-09
  300.00  2.72873 -9.74318e-07 -9.74315e-07 -9.74311e-07  2.83117e-09  2.83110e-09 -2.82872e-09
  300.00  2.74985 -9.69588e-07 -9.69584e-07 -9.69581e-07  2.30218e-09  2.30206e-09 -2.29981e-09
  300.00  2.77097 -9.65493e-07 -9.65490e-07 -9.65487e-07  1.75826e-09  1.75809e-09 -1.75597e-09
  300.00  2.79209 -9.62103e-07 -9.62101e-07 -9.62099e-07  1.20698e-09  1.20677e-09 -1.20478e-09
  300.00  2.81321 -9.59473e-07 -9.59471e-07 -9.59471e-07  6.55847e-10  6.55583e-10 -6.53731e-10
  300.00  2.83433 -9.57639e-07 -9.57637e-07 -9.57637e-07  1.12147e-10  1.11834e-10 -1.10118e-10
  300.00  2.85546 -9.56617e-07 -9.56615e-07 -9.56617e-07 -4.17167e-10 -4.17529e-10  4.19112e-10
  300.00  2.87658 -9.56405e-07 -9.56404e-07 -9.56406e-07 -9.25577e-10 -9.25989e-10  9.27442e-10
  300.00  2.89770 -9.56982e-07 -9.56981e-07 -9.56985e-07 -1.40708e-09 -1.40754e-09  1.40887e-09
  300.00  2.91882 -9.58308e-07 -9.58307e-07 -9.58312e-07 -1.85622e-09 -1.85673e-09  1.85794e-09
  300.00  2.93994 -9.60323e-07 -9.60323e-07 -9.60329e-07 -2.26814e-09 -2.26870e-09  2.26980e-09
  300.00  2.96106 -9.62952e-07 -9.62952e-07 -9.62958e-07 -2.63861e-09 -2.63922e-09  2.64021e-09
  300.00  2.98218 -9.66102e-07 -9.66103e-07 -9.66110e-07 -2.96400e-09 -2.96465e-09  2.96554e-09
  300.00  3.00330 -9.69670e-07 -9.69671e-07 -9.69679e-07 -3.24126e-09 -3.24196e-09  3.24275e-09
  300.00  3.02442 -9.73540e-07 -9.73541e-07 -9.73550e-07 -3.46797e-09 -3.46871e-09  3.46941e-09
  300.00  3.04555 -9.77588e-07 -9.77589e-07 -9.77599e-07 -3.64228e-09 -3.64305e-09  3.64366e-09
  300.00  3.06667 -9.81686e-07 -9.81688e-07 -9.81697e-07 -3.76289e-09 -3.76369e-09  3.76422e-09
  300.00  3.08779 -9.85704e-07 -9.85706e-07 -9.85716e-07 -3.82908e-09 -3.82991e-09  3.83037e-09
  300.00  3.10891 -9.89515e-07 -9.89517e-07 -9.89528e-07 -3.84068e-09 -3.84154e-09  3.84193e-09
  300.00  3.13003 -9.92996e-07 -9.92998e-07 -9.93009e-07 -3.79809e-09 -3.79897e-09  3.79929e-09
  300.00  3.15115 -9.96033e-07 -9.96035e-07 -9.96046e-07 -3.70225e-09 -3.70314e-09  3.70341e-09
  300.00  3.17227 -9.98524e-07 -9.98527e-07 -9.98538e-07 -3.55466e-09 -3.55558e-09  3.55579e-09
  300.00  3.19339 -1.00038e-06 -1.00039e-06 -1.00040e-06 -3.35742e-09 -3.35836e-09  3.35851e-09
  300.00  3.21451 -1.00154e-06 -1.00155e-06 -1.00156e-06 -3.11314e-09 -3.11410e-09  3.11421e-09
  300.00  3.23564 -1.00195e-06 -1.00195e-06 -1.00196e-06 -2.82501e-09 -2.82598e-09  2.82605e-09
  300.00  3.25676 -1.00158e-06 -1.00158e-06 -1.00159e-06 -2.49673e-09 -2.49772e-09  2.49776e-09
  300.00  3.27788 -1.00041e-06 -1.00042e-06 -1.00043e-06 -2.13250e-09 -2.13352e-09  2.13353e-09
  300.00  3.29900 -9.98471e-07 -9.98475e-07 -9.98484e-07 -1.73696e-09 -1.73801e-09  1.73801e-09
  300.00  3.32012 -9.95785e-07 -9.95789e-07 -9.95797e-07 -1.31516e-09 -1.31624e-09  1.31622e-09
  300.00  3.34124 -9.92405e-07 -9.92409e-07 -9.92417e-07 -8.72438e-10 -8.73555e-10  8.73521e-10
  300.00  3.36236 -9.88399e-07 -9.88403e-07 -9.88410e-07 -4.14386e-10 -4.15539e-10  4.15501e-10
  300.00  3.38348 -9.83848e-07 -9.83851e-07 -9.83858e-07  5.32619e-11  5.20697e-11 -5.21105e-11
  300.00  3.40460 -9.78843e-07 -9.78846e-07 -9.78852e-07  5.24716e-10  5.23484e-10 -5.23525e-10
  300.00  3.42573 -9.73483e-07 -9.73487e-07 -9.73492e-07  9.94226e-10  9.92955e-10 -9.92997e-10
  300.00  3.44685 -9.67871e-07 -9.67875e-07 -9.67879e-07  1.45618e-09  1.45487e-09 -1.45491e-09
  300.00  3.46797 -9.62109e-07 -9.62112e-07 -9.62116e-07  1.90517e-09  1.90383e-09 -1.90387e-09
  300.00  3.48909 -9.56294e-07 -9.56298e-07 -9.56300e-07  2.33610e-09  2.33473e-09 -2.33478e-09
  300.00  3.51021 -9.50520e-07 -9.50523e-07 -9.50525e-07  2.74422e-09  2.74283e-09 -2.74289e-09
  300.00  3.53133 -9.44867e-07 -9.44870e-07 -9.44871e-07  3.12520e-09  3.12379e-09 -3.12388e-09
  300.00  3.55245 -9.39406e-07 -9.39408e-07 -9.39409e-07  3.47514e-09  3.47372e-09 -3.47384e-09
  300.00  3.57357 -9.34193e-07 -9.34195e-07 -9.34195e-07  3.79062e-09  3.78921e-09 -3.78936e-09
  300.00  3.59469 -9.29271e-07 -9.29273e-07 -9.29272e-07  4.06869e-09  4.06729e-09 -4.06750e-09
  300.00  3.61582 -9.24668e-07 -9.24669e-07 -9.24667e-07  4.30686e-09  4.30549e-09 -4.30575e-09
  300.00  3.63694 -9.20395e-07 -9.20396e-07 -9.20393e-07  4.50309e-09  4.50177e-09 -4.50210e-09
  300.00  3.65806 -9.16453e-07 -9.16453e-07 -9.16450e-07  4.65579e-09  4.65451e-09 -4.65492e-09
  300.00  3.67918 -9.12829e-07 -9.12829e-07 -9.12825e-07  4.76373e-09  4.76251e-09 -4.76301e-09
  300.00  3.70030 -9.09502e-07 -9.09502e-07 -9.09497e-07  4.82606e-09  4.82492e-09 -4.82551e-09
  300.00  3.72142 -9.06442e-07 -9.06441e-07 -9.06436e-07  4.84226e-09  4.84121e-09 -4.84190e-09
  300.00  3.74254 -9.03613e-07 -9.03612e-07 -9.03606e-07  4.81213e-09  4.81117e-09 -4.81196e-09
  300.00  3.76366 -9.00980e-07 -9.00978e-07 -9.00972e-07  4.73573e-09  4.73487e-09 -4.73577e-09
  300.00  3.78478 -8.98504e-07 -8.98502e-07 -8.98496e-07  4.61339e-09  4.61264e-09 -4.61365e-09
  300.00  3.80591 -8.96152e-07 -8.96149e-07 -8.96143e-07  4.44573e-09  4.44509e-09 -4.44620e-09
  300.00  3.82703 -8.93893e-07 -8.93890e-07 -8.93883e-07  4.23359e-09  4.23307e-09 -4.23428e-09
  300.00  3.84815 -8.91703e-07 -8.91700e-07 -8.91693e-07  3.97811e-09  3.97771e-09 -3.97902e-09
  300.00  3.86927 -8.89565e-07 -8.89562e-07 -8.89555e-07  3.68070e-09  3.68042e-09 -3.68181e-09
  300.00  3.89039 -8.87472e-07 -8.87469e-07 -8.87462e-07  3.34305e-09  3.34290e-09 -3.34437e-09
  300.00  3.91151 -8.85422e-07 -8.85418e-07 -8.85411e-07  2.96721e-09  2.96718e-09 -2.96871e-09
  300.00  3.93263 -8.83422e-07 -8.83418e-07 -8.83411e-07  2.55552e-09  2.55561e-09 -2.55719e-09
  300.00  3.95375 -8.81486e-07 -8.81483e-07 -8.81476e-07  2.11070e-09  2.11092e-09 -2.11252e-09
  300.00  3.97487 -8.79635e-07 -8.79631e-07 -8.79624e-07  1.63584e-09  1.63617e-09 -1.63779e-09
  300.00  3.99600 -8.77891e-07 -8.77887e-07 -8.77880e-07  1.13437e-09  1.13482e-09 -1.13643e-09
  300.00  4.01712 -8.76280e-07 -8.76276e-07 -8.76270e-07  6.10111e-10  6.10679e-10 -6.12262e-10
  300.00  4.03824 -8.74828e-07 -8.74823e-07 -8.74818e-07  6.72226e-11  6.79043e-11 -6.94377e-11
  300.00  4.05936 -8.73557e-07 -8.73553e-07 -8.73548e-07 -4.89806e-10 -4.89012e-10  4.87551e-10
  300.00  4.08048 -8.72489e-07 -8.72485e-07 -8.72480e-07 -1.05619e-09 -1.05529e-09  1.05392e-09
  300.00  4.10160 -8.71635e-07 -8.71631e-07 -8.71627e-07 -1.62691e-09 -1.62590e-09  1.62464e-09
  300.00  4.12272 -8.71002e-07 -8.70998e-07 -8.70994e-07 -2.19673e-09 -2.19561e-09  2.19449e-09
  300.00  4.14384 -8.70585e-07 -8.70581e-07 -8.70577e-07 -2.76028e-09 -2.75905e-09  2.75810e-09
  300.00  4.16496 -8.70371e-07 -8.70367e-07 -8.70363e-07 -3.31214e-09 -3.31081e-09  3.31002e-09
  300.00  4.18609 -8.70334e-07 -8.70331e-07 -8.70327e-07 -3.84686e-09 -3.84542e-09  3.84483e-09
  300.00  4.20721 -8.70439e-07 -8.70435e-07 -8.70432e-07 -4.35907e-09 -4.35753e-09  4.35715e-09
  300.00  4.22833 -8.70638e-07 -8.70634e-07 -8.70631e-07 -4.84354e-09 -4.84190e-09  4.84174e-09
  300.00  4.24945 -8.70874e-07 -8.70871e-07 -8.70868e-07 -5.29523e-09 -5.29349e-09  5.29356e-09
  300.00  4.27057 -8.71081e-07 -8.71078e-07 -8.71075e-07 -5.70939e-09 -5.70755e-09  5.70786e-09
  300.00  4.29169 -8.71184e-07 -8.71181e-07 -8.71179e-07 -6.08156e-09 -6.07963e-09  6.08017e-09
  300.00  4.31281 -8.71102e-07 -8.71099e-07 -8.71097e-07 -6.40768e-09 -6.40566e-09  6.40644e-09
  300.00  4.33393 -8.70751e-07 -8.70748e-07 -8.70746e-07 -6.68409e-09 -6.68197e-09  6.68299e-09
  300.00  4.35506 -8.70043e-07 -8.70041e-07 -8.70039e-07 -6.90756e-09 -6.90536e-09  6.90660e-09
  300.00  4.37618 -8.68893e-07 -8.68890e-07 -8.68888e-07 -7.07536e-09 -7.07308e-09  7.07454e-09
  300.00  4.39730 -8.67214e-07 -8.67211e-07 -8.67210e-07 -7.18523e-09 -7.18286e-09  7.18453e-09
  300.00  4.41842 -8.64929e-07 -8.64926e-07 -8.64925e-07 -7.23539e-09 -7.23295e-09  7.23481e-09
  300.00  4.43954 -8.61964e-07 -8.61962e-07 -8.61960e-07 -7.22456e-09 -7.22206e-09  7.22409e-09
  300.00  4.46066 -8.58258e-07 -8.58255e-07 -8.58254e-07 -7.15197e-09 -7.14941e-09  7.15159e-09
  300.00  4.48178 -8.53757e-07 -8.53755e-07 -8.53754e-07 -7.01730e-09 -7.01469e-09  7.01701e-09
  300.00  4.50290 -8.48425e-07 -8.48422e-07 -8.48421e-07 -6.82071e-09 -6.81805e-09  6.82048e-09
  300.00  4.52402 -8.42236e-07 -8.42233e-07 -8.42232e-07 -6.56277e-09 -6.56009e-09  6.56261e-09
  300.00  4.54515 -8.35180e-07 -8.35178e-07 -8.35177e-07 -6.24453e-09 -6.24182e-09  6.24441e-09
  300.00  4.56627 -8.27267e-07 -8.27264e-07 -8.27263e-07 -5.86740e-09 -5.86469e-09  5.86733e-09
  300.00  4.58739 -8.18518e-07 -8.18515e-07 -8.18514e-07 -5.43320e-09 -5.43049e-09  5.43316e-09
  300.00  4.60851 -8.08974e-07 -8.08971e-07 -8.08970e-07 -4.94410e-09 -4.94141e-09  4.94410e-09
  300.00  4.62963 -7.98691e-07 -7.98688e-07 -7.98687e-07 -4.40263e-09 -4.39998e-09  4.40266e-09
  300.00  4.65075 -7.87739e-07 -7.87735e-07 -7.87735e-07 -3.81165e-09 -3.80905e-09  3.81171e-09
  300.00  4.67187 -7.76202e-07 -7.76199e-07 -7.76198e-07 -3.17433e-09 -3.17182e-09  3.17444e-09
  300.00  4.69299 -7.64177e-07 -7.64174e-07 -7.64173e-07 -2.49418e-09 -2.49176e-09  2.49434e-09
  300.00  4.71411 -7.51770e-07 -7.51767e-07 -7.51766e-07 -1.77498e-09 -1.77266e-09  1.77519e-09
  300.00  4.73524 -7.39096e-07 -7.39092e-07 -7.39092e-07 -1.02079e-09 -1.01860e-09  1.02107e-09
  300.00  4.75636 -7.26271e-07 -7.26268e-07 -7.26267e-07 -2.35979e-10 -2.33928e-10  2.36330e-10
  300.00  4.77748 -7.13418e-07 -7.13415e-07 -7.13414e-07  5.74836e-10  5.76729e-10 -5.74400e-10
  300.00  4.79860 -7.00657e-07 -7.00653e-07 -7.00653e-07  1.40678e-09  1.40850e-09 -1.40625e-09
  300.00  4.81972 -6.88102e-07 -6.88098e-07 -6.88098e-07  2.25474e-09  2.25628e-09 -2.25411e-09
  300.00  4.84084 -6.75860e-07 -6.75857e-07 -6.75856e-07  3.11340e-09  3.11475e-09 -3.11266e-09
  300.00  4.86196 -6.64028e-07 -6.64025e-07 -6.64025e-07  3.97726e-09  3.97840e-09 -3.97641e-09
  300.00  4.88308 -6.52686e-07 -6.52683e-07 -6.52683e-07  4.84067e-09  4.84160e-09 -4.83970e-09
  300.00  4.90420 -6.41895e-07 -6.41892e-07 -6.41891e-07  5.69788e-09  5.69861e-09 -5.69680e-09
  300.00  4.92533 -6.31693e-07 -6.31690e-07 -6.31690e-07  6.54311e-09  6.54364e-09 -6.54194e-09
  300.00  4.94645 -6.22092e-07 -6.22089e-07 -6.22089e-07  7.37061e-09  7.37094e-09 -7.36934e-09
  300.00  4.96757 -6.13076e-07 -6.13073e-07 -6.13073e-07  8.17470e-09  8.17485e-09 -8.17335e-09
  300.00  4.98869 -6.04596e-07 -6.04594e-07 -6.04594e-07  8.94990e-09  8.94987e-09 -8.94849e-09
  300.00  5.00981 -5.96572e-07 -5.96571e-07 -5.96571e-07  9.69102e-09  9.69082e-09 -9.68956e-09
  300.00  5.03093 -5.88891e-07 -5.88889e-07 -5.88890e-07  1.03933e-08  1.03929e-08 -1.03918e-08
  300.00  5.05205 -5.81407e-07 -5.81406e-07 -5.81407e-07  1.10525e-08  1.10521e-08 -1.10511e-08
  300.00  5.07317 -5.73949e-07 -5.73949e-07 -5.73950e-07  1.16656e-08  1.16650e-08 -1.16642e-08
  300.00  5.09429 -5.66324e-07 -5.66325e-07 -5.66326e-07  1.22308e-08  1.22301e-08 -1.22294e-08
  300.00  5.11542 -5.58325e-07 -5.58326e-07 -5.58328e-07  1.27483e-08  1.27475e-08 -1.27470e-08
  300.00  5.13654 -5.49744e-07 -5.49745e-07 -5.49748e-07  1.32215e-08  1.32207e-08 -1.32204e-08
  300.00  5.15766 -5.40377e-07 -5.40379e-07 -5.40381e-07  1.36570e-08  1.36563e-08 -1.36561e-08
  300.00  5.17878 -5.30022e-07 -5.30025e-07 -5.30027e-07  1.40629e-08  1.40622e-08 -1.40623e-08
  300.00  5.19990 -5.18461e-07 -5.18464e-07 -5.18467e-07  1.44434e-08  1.44429e-08 -1.44433e-08
  300.00  5.22102 -5.05419e-07 -5.05422e-07 -5.05425e-07  1.47905e-08  1.47901e-08 -1.47907e-08
  300.00  5.24214 -4.90565e-07 -4.90568e-07 -4.90572e-07  1.50772e-08  1.50768e-08 -1.50775e-08
  300.00  5.26326 -4.73586e-07 -4.73590e-07 -4.73594e-07  1.52630e-08  1.52625e-08 -1.52632e-08
  300.00  5.28438 -4.54333e-07 -4.54338e-07 -4.54341e-07  1.53086e-08  1.53077e-08 -1.53081e-08
  300.00  5.30551 -4.32895e-07 -4.32899e-07 -4.32903e-07  1.51841e-08  1.51827e-08 -1.51828e-08
  300.00  5.32663 -4.09507e-07 -4.09513e-07 -4.09516e-07  1.48657e-08  1.48637e-08 -1.48636e-08
  300.00  5.34775 -3.84407e-07 -3.84413e-07 -3.84416e-07  1.43390e-08  1.43365e-08 -1.43363e-08
  300.00  5.36887 -3.57800e-07 -3.57806e-07 -3.57809e-07  1.36276e-08  1.36249e-08 -1.36246e-08
  300.00  5.38999 -3.29957e-07 -3.29963e-07 -3.29966e-07  1.28194e-08  1.28165e-08 -1.28162e-08
  300.00  5.41111 -3.01252e-07 -3.01259e-07 -3.01262e-07  1.20438e-08  1.20409e-08 -1.20406e-08
  300.00  5.43223 -2.72072e-07 -2.72079e-07 -2.72082e-07  1.14081e-08  1.14052e-08 -1.14048e-08
  300.00  5.45335 -2.42709e-07 -2.42718e-07 -2.42720e-07  1.09471e-08  1.09443e-08 -1.09439e-08
  300.00  5.47447 -2.13394e-07 -2.13402e-07 -2.13405e-07  1.06292e-08  1.06267e-08 -1.06262e-08
  300.00  5.49560 -1.84433e-07 -1.84442e-07 -1.84445e-07  1.04026e-08  1.04003e-08 -1.03998e-08
  300.00  5.51672 -1.56364e-07 -1.56373e-07 -1.56376e-07  1.02374e-08  1.02354e-08 -1.02350e-08
  300.00  5.53784 -1.29945e-07 -1.29953e-07 -1.29956e-07  1.01374e-08  1.01358e-08 -1.01355e-08
  300.00  5.55896 -1.05866e-07 -1.05874e-07 -1.05877e-07  1.01194e-08  1.01182e-08 -1.01181e-08
  300.00  5.58008 -8.41674e-08 -8.41753e-08 -8.41773e-08  1.01731e-08  1.01723e-08 -1.01726e-08
  300.00  5.60120 -6.37997e-08 -6.38074e-08 -6.38094e-08  1.02223e-08  1.02217e-08 -1.02226e-08
  300.00  5.62232 -4.31026e-08 -4.31104e-08 -4.31123e-08  1.01307e-08  1.01301e-08 -1.01318e-08
  300.00  5.64344 -2.09993e-08 -2.10072e-08 -2.10086e-08  9.77371e-09  9.77251e-09 -9.77492e-09
  300.00  5.66456  2.48361e-09  2.47630e-09  2.47568e-09  9.10077e-09  9.09825e-09 -9.10094e-09
  300.00  5.68569  2.67105e-08  2.67045e-08  2.67044e-08  8.12750e-09  8.12319e-09 -8.12554e-09
  300.00  5.70681  5.08879e-08  5.08834e-08  5.08834e-08  6.91062e-09  6.90451e-09 -6.90619e-09
  300.00  5.72793  7.43080e-08  7.43045e-08  7.43040e-08  5.52595e-09  5.51864e-09 -5.51974e-09
  300.00  5.74905  9.67453e-08  9.67423e-08  9.67413e-08  4.01888e-09  4.01134e-09 -4.01225e-09
  300.00  5.77017  1.18558e-07  1.18555e-07  1.18554e-07  2.38079e-09  2.37399e-09 -2.37518e-09
  300.00  5.79129  1.40181e-07  1.40178e-07  1.40177e-07  6.10448e-10  6.05084e-10 -6.06886e-10
  300.00  5.81241  1.61574e-07  1.61570e-07  1.61570e-07 -1.20209e-09 -1.20565e-09  1.20320e-09
  300.00  5.83353  1.82212e-07  1.82208e-07  1.82207e-07 -2.87861e-09 -2.88024e-09  2.87745e-09
  300.00  5.85465  2.01547e-07  2.01542e-07  2.01542e-07 -4.25353e-09 -4.25331e-09  4.25069e-09
  300.00  5.87578  2.19438e-07  2.19432e-07  2.19431e-07 -5.27366e-09 -5.27178e-09  5.26983e-09
  300.00  5.89690  2.36195e-07  2.36188e-07  2.36185e-07 -6.00913e-09 -6.00598e-09  6.00498e-09
  300.00  5.91802  2.52293e-07  2.52284e-07  2.52281e-07 -6.58668e-09 -6.58273e-09  6.58272e-09
  300.00  5.93914  2.68044e-07  2.68034e-07  2.68028e-07 -7.11723e-09 -7.11298e-09  7.11380e-09
  300.00  5.96026  2.83439e-07  2.83426e-07  2.83419e-07 -7.66684e-09 -7.66273e-09  7.66414e-09
  300.00  5.98138  2.98213e-07  2.98200e-07  2.98190e-07 -8.26498e-09 -8.26130e-09  8.26309e-09
  300.00  6.00250  3.12046e-07  3.12032e-07  3.12021e-07 -8.91980e-09 -8.91667e-09  8.91865e-09
  300.00  6.02362  3.24748e-07  3.24734e-07  3.24722e-07 -9.62171e-09 -9.61910e-09  9.62115e-09
  300.00  6.04474  3.36353e-07  3.36340e-07  3.36327e-07 -1.03371e-08 -1.03349e-08  1.03369e-08
  300.00  6.06587  3.47069e-07  3.47056e-07  3.47044e-07 -1.10027e-08 -1.10009e-08  1.10027e-08
  300.00  6.08699  3.57120e-07  3.57109e-07  3.57098e-07 -1.15294e-08 -1.15278e-08  1.15293e-08
  300.00  6.10811  3.66571e-07  3.66561e-07  3.66551e-07 -1.18165e-08 -1.18152e-08  1.18163e-08
  300.00  6.12923  3.75215e-07  3.75207e-07  3.75199e-07 -1.17750e-08 -1.17740e-08  1.17746e-08
  300.00  6.15035  3.82594e-07  3.82587e-07  3.82581e-07 -1.13508e-08 -1.13502e-08  1.13503e-08
  300.00  6.17147  3.88146e-07  3.88140e-07  3.88136e-07 -1.05430e-08 -1.05429e-08  1.05425e-08
  300.00  6.19259  3.91413e-07  3.91409e-07  3.91407e-07 -9.40980e-09 -9.41029e-09  9.40925e-09
  300.00  6.21371  3.92238e-07  3.92236e-07  3.92236e-07 -8.06083e-09 -8.06184e-09  8.06023e-09
  300.00  6.23483  3.90859e-07  3.90858e-07  3.90860e-07 -6.63832e-09 -6.63974e-09  6.63756e-09
  300.00  6.25596  3.87880e-07  3.87881e-07  3.87884e-07 -5.29223e-09 -5.29389e-09  5.29117e-09
  300.00  6.27708  3.84126e-07  3.84128e-07  3.84133e-07 -4.15608e-09 -4.15776e-09  4.15453e-09
  300.00  6.29820  3.80438e-07  3.80442e-07  3.80448e-07 -3.32828e-09 -3.32976e-09  3.32608e-09
  300.00  6.31932  3.77477e-07  3.77483e-07  3.77489e-07 -2.86176e-09 -2.86282e-09  2.85881e-09
  300.00  6.34044  3.75592e-07  3.75598e-07  3.75606e-07 -2.76162e-09 -2.76213e-09  2.75792e-09
  300.00  6.36156  3.74779e-07  3.74786e-07  3.74794e-07 -2.98959e-09 -2.98947e-09  2.98524e-09
  300.00  6.38268  3.74747e-07  3.74755e-07  3.74763e-07 -3.47314e-09 -3.47242e-09  3.46837e-09
  300.00  6.40380  3.75039e-07  3.75048e-07  3.75056e-07 -4.11763e-09 -4.11640e-09  4.11273e-09
  300.00  6.42492  3.75187e-07  3.75197e-07  3.75205e-07 -4.81973e-09 -4.81814e-09  4.81505e-09
  300.00  6.44605  3.74843e-07  3.74853e-07  3.74860e-07 -5.48070e-09 -5.47895e-09  5.47660e-09
  300.00  6.46717  3.73858e-07  3.73867e-07  3.73874e-07 -6.01773e-09 -6.01604e-09  6.01454e-09
  300.00  6.48829  3.72298e-07  3.72307e-07  3.72313e-07 -6.37183e-09 -6.37043e-09  6.36984e-09
  300.00  6.50941  3.70393e-07  3.70401e-07  3.70406e-07 -6.51130e-09 -6.51037e-09  6.51070e-09
  300.00  6.53053  3.68445e-07  3.68453e-07  3.68457e-07 -6.43051e-09 -6.43020e-09  6.43140e-09
  300.00  6.55165  3.66727e-07  3.66734e-07  3.66736e-07 -6.14492e-09 -6.14535e-09  6.14734e-09
  300.00  6.57277  3.65384e-07  3.65390e-07  3.65390e-07 -5.68400e-09 -5.68523e-09  5.68793e-09
  300.00  6.59389  3.64388e-07  3.64393e-07  3.64393e-07 -5.08377e-09 -5.08580e-09  5.08911e-09
  300.00  6.61502  3.63531e-07  3.63535e-07  3.63533e-07 -4.38059e-09 -4.38339e-09  4.38723e-09
  300.00  6.63614  3.62462e-07  3.62466e-07  3.62464e-07 -3.60726e-09 -3.61075e-09  3.61504e-09
  300.00  6.65726  3.60770e-07  3.60774e-07  3.60771e-07 -2.79131e-09 -2.79540e-09  2.80008e-09
  300.00  6.67838  3.58069e-07  3.58072e-07  3.58068e-07 -1.95522e-09 -1.95978e-09  1.96479e-09
  300.00  6.69950  3.54083e-07  3.54086e-07  3.54083e-07 -1.11756e-09 -1.12245e-09  1.12772e-09
  300.00  6.72062  3.48712e-07  3.48716e-07  3.48712e-07 -2.94242e-10 -2.99312e-10  3.04762e-10
  300.00  6.74174  3.42056e-07  3.42059e-07  3.42056e-07  5.00602e-10  4.95511e-10 -4.89974e-10
  300.00  6.76286  3.34398e-07  3.34402e-07  3.34399e-07  1.25455e-09  1.24961e-09 -1.24409e-09
  300.00  6.78398  3.26164e-07  3.26168e-07  3.26166e-07  1.95744e-09  1.95280e-09 -1.94742e-09
  300.00  6.80511  3.17844e-07  3.17848e-07  3.17846e-07  2.60226e-09  2.59809e-09 -2.59297e-09
  300.00  6.82623  3.09909e-07  3.09914e-07  3.09912e-07  3.18618e-09  3.18264e-09 -3.17789e-09
  300.00  6.84735  3.02738e-07  3.02743e-07  3.02742e-07  3.71121e-09  3.70841e-09 -3.70415e-09
  300.00  6.86847  2.96555e-07  2.96560e-07  2.96560e-07  4.18432e-09  4.18238e-09 -4.17867e-09
  300.00  6.88959  2.91399e-07  2.91404e-07  2.91404e-07  4.61689e-09  4.61585e-09 -4.61278e-09
  300.00  6.91071  2.87128e-07  2.87133e-07  2.87133e-07  5.02332e-09  5.02320e-09 -5.02081e-09
  300.00  6.93183  2.83450e-07  2.83456e-07  2.83456e-07  5.41898e-09  5.41976e-09 -5.41807e-09
  300.00  6.95295  2.79982e-07  2.79989e-07  2.79989e-07  5.81768e-09  5.81927e-09 -5.81828e-09
  300.00  6.97407  2.76318e-07  2.76325e-07  2.76326e-07  6.22888e-09  6.23118e-09 -6.23088e-09
  300.00  6.99520  2.72097e-07  2.72104e-07  2.72106e-07  6.65532e-09  6.65817e-09 -6.65855e-09
  300.00  7.01632  2.67061e-07  2.67068e-07  2.67070e-07  7.09128e-09  7.09451e-09 -7.09553e-09
  300.00  7.03744  2.61090e-07  2.61098e-07  2.61100e-07  7.52214e-09  7.52556e-09 -7.52720e-09
  300.00  7.05856  2.54213e-07  2.54222e-07  2.54226e-07  7.92534e-09  7.92876e-09 -7.93099e-09
  300.00  7.07968  2.46593e-07  2.46601e-07  2.46606e-07  8.27277e-09  8.27601e-09 -8.27879e-09
  300.00  7.10080  2.38481e-07  2.38490e-07  2.38496e-07  8.53435e-09  8.53725e-09 -8.54055e-09
  300.00  7.12192  2.30176e-07  2.30185e-07  2.30192e-07  8.68207e-09  8.68448e-09 -8.68827e-09
  300.00  7.14304  2.21963e-07  2.21972e-07  2.21979e-07  8.69383e-09  8.69566e-09 -8.69989e-09
  300.00  7.16416  2.14068e-07  2.14077e-07  2.14085e-07  8.55639e-09  8.55757e-09 -8.56219e-09
  300.00  7.18529  2.06630e-07  2.06638e-07  2.06647e-07  8.26665e-09  8.26718e-09 -8.27213e-09
  300.00  7.20641  1.99684e-07  1.99691e-07  1.99701e-07  7.83136e-09  7.83126e-09 -7.83645e-09
  300.00  7.22753  1.93170e-07  1.93177e-07  1.93186e-07  7.26500e-09  7.26434e-09 -7.26969e-09
  300.00  7.24865  1.86955e-07  1.86961e-07  1.86971e-07  6.58677e-09  6.58565e-09 -6.59106e-09
  300.00  7.26977  1.80865e-07  1.80869e-07  1.80880e-07  5.81707e-09  5.81560e-09 -5.82097e-09
  300.00  7.29089  1.74714e-07  1.74718e-07  1.74728e-07  4.97446e-09  4.97277e-09 -4.97798e-09
  300.00  7.31201  1.68339e-07  1.68342e-07  1.68352e-07  4.07367e-09  4.07188e-09 -4.07683e-09
  300.00  7.33313  1.61613e-07  1.61614e-07  1.61625e-07  3.12496e-09  3.12315e-09 -3.12776e-09
  300.00  7.35425  1.54455e-07  1.54456e-07  1.54467e-07  2.13477e-09  2.13301e-09 -2.13720e-09
  300.00  7.37538  1.46834e-07  1.46834e-07  1.46845e-07  1.10735e-09  1.10567e-09 -1.10939e-09
  300.00  7.39650  1.38755e-07  1.38755e-07  1.38766e-07  4.67255e-11  4.51184e-11 -4.83417e-11
  300.00  7.41762  1.30257e-07  1.30256e-07  1.30268e-07 -1.04162e-09 -1.04318e-09  1.04045e-09
  300.00  7.43874  1.21404e-07  1.21403e-07  1.21415e-07 -2.14965e-09 -2.15121e-09  2.14896e-09
  300.00  7.45986  1.12283e-07  1.12283e-07  1.12295e-07 -3.26666e-09 -3.26828e-09  3.26646e-09
  300.00  7.48098  1.03004e-07  1.03004e-07  1.03017e-07 -4.37982e-09 -4.38157e-09  4.38010e-09
  300.00  7.50210  9.37005e-08  9.37015e-08  9.37143e-08 -5.47528e-09 -5.47719e-09  5.47600e-09
  300.00  7.52322  8.45259e-08  8.45278e-08  8.45409e-08 -6.53923e-09 -6.54135e-09  6.54034e-09
  300.00  7.54434  7.56475e-08  7.56505e-08  7.56639e-08 -7.55880e-09 -7.56112e-09  7.56021e-09
  300.00  7.56547  6.72312e-08  6.72355e-08  6.72490e-08 -8.52229e-09 -8.52481e-09  8.52391e-09
  300.00  7.58659  5.94209e-08  5.94265e-08  5.94400e-08 -9.41907e-09 -9.42174e-09  9.42078e-09
  300.00  7.60771  5.23156e-08  5.23225e-08  5.23360e-08 -1.02390e-08 -1.02418e-08  1.02407e-08
  300.00  7.62883  4.59490e-08  4.59571e-08  4.59704e-08 -1.09720e-08 -1.09748e-08  1.09735e-08
  300.00  7.64995  4.02757e-08  4.02849e-08  4.02980e-08 -1.16073e-08 -1.16100e-08  1.16085e-08
  300.00  7.67107  3.51698e-08  3.51799e-08  3.51925e-08 -1.21338e-08 -1.21364e-08  1.21346e-08
  300.00  7.69219  3.04359e-08  3.04468e-08  3.04589e-08 -1.25402e-08 -1.25424e-08  1.25405e-08
  300.00  7.71331  2.58337e-08  2.58452e-08  2.58566e-08 -1.28154e-08 -1.28172e-08  1.28151e-08
  300.00  7.73443  2.11099e-08  2.11219e-08  2.11324e-08 -1.29494e-08 -1.29508e-08  1.29485e-08
  300.00  7.75556  1.60345e-08  1.60467e-08  1.60564e-08 -1.29340e-08 -1.29349e-08  1.29325e-08
  300.00  7.77668  1.04331e-08  1.04452e-08  1.04539e-08 -1.27628e-08 -1.27630e-08  1.27607e-08
  300.00  7.79780  4.21055e-09  4.22248e-09  4.23013e-09 -1.24313e-08 -1.24309e-08  1.24287e-08
  300.00  7.81892 -2.63749e-09 -2.62596e-09 -2.61946e-09 -1.19367e-08 -1.19355e-08  1.19337e-08
  300.00  7.84004 -1.00276e-08 -1.00167e-08 -1.00114e-08 -1.12774e-08 -1.12756e-08  1.12743e-08
  300.00  7.86116 -1.78039e-08 -1.77938e-08 -1.77898e-08 -1.04532e-08 -1.04507e-08  1.04501e-08
  300.00  7.88228 -2.57621e-08 -2.57529e-08 -2.57503e-08 -9.46460e-09 -9.46156e-09  9.46183e-09
  300.00  7.90340 -3.36784e-08 -3.36703e-08 -3.36690e-08 -8.31389e-09 -8.31033e-09  8.31166e-09
  300.00  7.92452 -4.13370e-08 -4.13302e-08 -4.13302e-08 -7.00583e-09 -7.00183e-09  7.00434e-09
  300.00  7.94565 -4.85534e-08 -4.85480e-08 -4.85493e-08 -5.54887e-09 -5.54452e-09  5.54834e-09
  300.00  7.96677 -5.51900e-08 -5.51861e-08 -5.51886e-08 -3.95656e-09 -3.95195e-09  3.95713e-09
  300.00  7.98789 -6.11624e-08 -6.11600e-08 -6.11637e-08 -2.24864e-09 -2.24385e-09  2.25041e-09
  300.00  8.00901 -6.64389e-08 -6.64382e-08 -6.64429e-08 -4.51684e-10 -4.46770e-10  4.54670e-10
  300.00  8.03013 -7.10338e-08 -7.10346e-08 -7.10403e-08  1.40102e-09  1.40601e-09 -1.39687e-09
  300.00  8.05125 -7.49963e-08 -7.49987e-08 -7.50053e-08  3.27038e-09  3.27540e-09 -3.26517e-09
  300.00  8.07237 -7.84000e-08 -7.84040e-08 -7.84113e-08  5.11320e-09  5.11823e-09 -5.10711e-09
  300.00  8.09349 -8.13321e-08 -8.13376e-08 -8.13456e-08  6.88447e-09  6.88950e-09 -6.87774e-09
  300.00  8.11461 -8.38854e-08 -8.38922e-08 -8.39009e-08  8.53994e-09  8.54496e-09 -8.53285e-09
  300.00  8.13574 -8.61523e-08 -8.61603e-08 -8.61696e-08  1.00386e-08  1.00436e-08 -1.00314e-08
  300.00  8.15686 -8.82211e-08 -8.82303e-08 -8.82401e-08  1.13448e-08  1.13498e-08 -1.13379e-08
  300.00  8.17798 -9.01736e-08 -9.01838e-08 -9.01942e-08  1.24300e-08  1.24349e-08 -1.24235e-08
  300.00  8.19910 -9.20826e-08 -9.20937e-08 -9.21045e-08  1.32734e-08  1.32784e-08 -1.32678e-08
  300.00  8.22022 -9.40092e-08 -9.40211e-08 -9.40324e-08  1.38632e-08  1.38681e-08 -1.38585e-08
  300.00  8.24134 -9.60001e-08 -9.60127e-08 -9.60245e-08  1.41962e-08  1.42010e-08 -1.41926e-08
  300.00  8.26246 -9.80843e-08 -9.80974e-08 -9.81097e-08  1.42782e-08  1.42829e-08 -1.42759e-08
  300.00  8.28358 -1.00270e-07 -1.00284e-07 -1.00296e-07  1.41244e-08  1.41289e-08 -1.41234e-08
  300.00  8.30470 -1.02544e-07 -1.02558e-07 -1.02571e-07  1.37592e-08  1.37634e-08 -1.37595e-08
  300.00  8.32583 -1.04871e-07 -1.04885e-07 -1.04898e-07  1.32166e-08  1.32205e-08 -1.32181e-08
  300.00  8.34695 -1.07198e-07 -1.07213e-07 -1.07226e-07  1.25399e-08  1.25433e-08 -1.25425e-08
  300.00  8.36807 -1.09461e-07 -1.09476e-07 -1.09490e-07  1.17809e-08  1.17838e-08 -1.17845e-08
  300.00  8.38919 -1.11593e-07 -1.11608e-07 -1.11622e-07  1.09984e-08  1.10008e-08 -1.10030e-08
  300.00  8.41031 -1.13530e-07 -1.13545e-07 -1.13559e-07  1.02557e-08  1.02574e-08 -1.02613e-08
  300.00  8.43143 -1.15228e-07 -1.15243e-07 -1.15257e-07  9.61705e-09  9.61809e-09 -9.62354e-09
  300.00  8.45255 -1.16666e-07 -1.16680e-07 -1.16694e-07  9.14368e-09  9.14403e-09 -9.15116e-09
  300.00  8.47367 -1.17852e-07 -1.17866e-07 -1.17880e-07  8.88952e-09  8.88919e-09 -8.89812e-09
  300.00  8.49479 -1.18830e-07 -1.18845e-07 -1.18859e-07  8.89717e-09  8.89619e-09 -8.90707e-09
  300.00  8.51592 -1.19679e-07 -1.19693e-07 -1.19707e-07  9.19454e-09  9.19295e-09 -9.20603e-09
  300.00  8.53704 -1.20501e-07 -1.20515e-07 -1.20529e-07  9.79273e-09  9.79062e-09 -9.80618e-09
  300.00  8.55816 -1.21421e-07 -1.21435e-07 -1.21450e-07  1.06853e-08  1.06828e-08 -1.07012e-08
  300.00  8.57928 -1.22574e-07 -1.22588e-07 -1.22603e-07  1.18489e-08  1.18460e-08 -1.18677e-08
  300.00  8.60040 -1.24090e-07 -1.24104e-07 -1.24119e-07  1.32451e-08  1.32420e-08 -1.32675e-08
  300.00  8.62152 -1.26087e-07 -1.26101e-07 -1.26116e-07  1.48234e-08  1.48203e-08 -1.48502e-08
  300.00  8.64264 -1.28658e-07 -1.28672e-07 -1.28688e-07  1.65248e-08  1.65217e-08 -1.65568e-08
  300.00  8.66376 -1.31866e-07 -1.31880e-07 -1.31896e-07  1.82847e-08  1.82819e-08 -1.83230e-08
  300.00  8.68488 -1.35739e-07 -1.35753e-07 -1.35770e-07  2.00370e-08  2.00345e-08 -2.00827e-08
  300.00  8.70601 -1.40273e-07 -1.40288e-07 -1.40305e-07  2.17165e-08  2.17144e-08 -2.17709e-08
  300.00  8.72713 -1.45435e-07 -1.45449e-07 -1.45467e-07  2.32610e-08  2.32594e-08 -2.33257e-08
  300.00  8.74825 -1.51171e-07 -1.51186e-07 -1.51203e-07  2.46133e-08  2.46123e-08 -2.46900e-08
  300.00  8.76937 -1.57418e-07 -1.57433e-07 -1.57451e-07  2.57223e-08  2.57219e-08 -2.58130e-08
  300.00  8.79049 -1.64113e-07 -1.64129e-07 -1.64146e-07  2.65437e-08  2.65439e-08 -2.66508e-08
  300.00  8.81161 -1.71207e-07 -1.71223e-07 -1.71240e-07  2.70408e-08  2.70417e-08 -2.71671e-08
  300.00  8.83273 -1.78669e-07 -1.78685e-07 -1.78702e-07  2.71851e-08  2.71867e-08 -2.73338e-08
  300.00  8.85385 -1.86495e-07 -1.86511e-07 -1.86527e-07  2.69572e-08  2.69593e-08 -2.71320e-08
  300.00  8.87497 -1.94704e-07 -1.94721e-07 -1.94737e-07  2.63470e-08  2.63497e-08 -2.65522e-08
  300.00  8.89610 -2.03344e-07 -2.03361e-07 -2.03375e-07  2.53549e-08  2.53581e-08 -2.55954e-08
  300.00  8.91722 -2.12474e-07 -2.12491e-07 -2.12505e-07  2.39920e-08  2.39956e-08 -2.42737e-08
  300.00  8.93834 -2.22164e-07 -2.22182e-07 -2.22194e-07  2.22811e-08  2.22849e-08 -2.26104e-08
  300.00  8.95946 -2.32477e-07 -2.32497e-07 -2.32507e-07  2.02557e-08  2.02597e-08 -2.06403e-08
  300.00  8.98058 -2.43464e-07 -2.43484e-07 -2.43493e-07  1.79599e-08  1.79640e-08 -1.84085e-08
  300.00  9.00170 -2.55141e-07 -2.55163e-07 -2.55171e-07  1.54462e-08  1.54500e-08 -1.59686e-08
  300.00  9.02282 -2.67487e-07 -2.67511e-07 -2.67517e-07  1.27714e-08  1.27749e-08 -1.33791e-08
  300.00  9.04394 -2.80419e-07 -2.80444e-07 -2.80449e-07  9.99431e-09  9.99726e-09 -1.07001e-08
  300.00  9.06507 -2.93768e-07 -2.93796e-07 -2.93799e-07  7.17486e-09  7.17710e-09 -7.99344e-09
  300.00  9.08619 -3.07256e-07 -3.07287e-07 -3.07289e-07  4.37839e-09  4.37992e-09 -5.32660e-09
  300.00  9.10731 -3.20513e-07 -3.20548e-07 -3.20549e-07  1.66750e-09  1.66854e-09 -2.76466e-09
  300.00  9.12843 -3.33211e-07 -3.33250e-07 -3.33250e-07 -9.39318e-10 -9.38462e-10 -3.28584e-10
  300.00  9.14955 -3.45181e-07 -3.45225e-07 -3.45224e-07 -3.49108e-09 -3.49038e-09  2.02834e-09
  300.00  9.17067 -3.56331e-07 -3.56381e-07 -3.56379e-07 -6.02981e-09 -6.02951e-09  4.34562e-09
  300.00  9.19179 -3.66531e-07 -3.66588e-07 -3.66586e-07 -8.51152e-09 -8.51184e-09  6.57605e-09
  300.00  9.21291 -3.75702e-07 -3.75768e-07 -3.75766e-07 -1.08277e-08 -1.08287e-08  8.60744e-09
  300.00  9.23403 -3.83906e-07 -3.83981e-07 -3.83979e-07 -1.28577e-08 -1.28592e-08  1.03152e-08
  300.00  9.25516 -3.91305e-07 -3.91390e-07 -3.91388e-07 -1.44951e-08 -1.44970e-08  1.15889e-08
  300.00  9.27628 -3.98076e-07 -3.98172e-07 -3.98171e-07 -1.56619e-08 -1.56642e-08  1.23461e-08
  300.00  9.29740 -4.04360e-07 -4.04469e-07 -4.04469e-07 -1.63205e-08 -1.63230e-08  1.25447e-08
  300.00  9.31852 -4.10282e-07 -4.10404e-07 -4.10405e-07 -1.64762e-08 -1.64788e-08  1.21847e-08
  300.00  9.33964 -4.16008e-07 -4.16145e-07 -4.16147e-07 -1.61658e-08 -1.61683e-08  1.12977e-08
  300.00  9.36076 -4.21803e-07 -4.21956e-07 -4.21959e-07 -1.54415e-08 -1.54438e-08  9.93027e-09
  300.00  9.38188 -4.28025e-07 -4.28195e-07 -4.28199e-07 -1.43576e-08 -1.43595e-08  8.13066e-09
  300.00  9.40300 -4.35039e-07 -4.35227e-07 -4.35232e-07 -1.29684e-08 -1.29699e-08  5.94717e-09
  300.00  9.42412 -4.43107e-07 -4.43313e-07 -4.43321e-07 -1.13347e-08 -1.13358e-08  3.43412e-09
  300.00  9.44525 -4.52306e-07 -4.52533e-07 -4.52542e-07 -9.52990e-09 -9.53054e-09  6.58327e-10
  300.00  9.46637 -4.62525e-07 -4.62773e-07 -4.62783e-07 -7.64036e-09 -7.64053e-09 -2.30088e-09
  300.00  9.48749 -4.73524e-07 -4.73793e-07 -4.73805e-07 -5.75769e-09 -5.75738e-09 -5.35898e-09
  300.00  9.50861 -4.85019e-07 -4.85310e-07 -4.85324e-07 -3.96819e-09 -3.96735e-09 -8.43693e-09
  300.00  9.52973 -4.96753e-07 -4.97066e-07 -4.97082e-07 -2.34338e-09 -2.34195e-09 -1.14706e-08
  300.00  9.55085 -5.08526e-07 -5.08862e-07 -5.08879e-07 -9.34560e-10 -9.32489e-10 -1.44160e-08
  300.00  9.57197 -5.20204e-07 -5.20562e-07 -5.20582e-07  2.28476e-10  2.31237e-10 -1.72508e-08
  300.00  9.59309 -5.31707e-07 -5.32088e-07 -5.32109e-07  1.13564e-09  1.13915e-09 -1.99719e-08
  300.00  9.61421 -5.42994e-07 -5.43397e-07 -5.43419e-07  1.79258e-09  1.79691e-09 -2.25919e-08
  300.00  9.63534 -5.54051e-07 -5.54475e-07 -5.54499e-07  2.21522e-09  2.22045e-09 -2.51335e-08
  300.00  9.65646 -5.64876e-07 -5.65320e-07 -5.65346e-07  2.42376e-09  2.43001e-09 -2.76230e-08
  300.00  9.67758 -5.75475e-07 -5.75938e-07 -5.75965e-07  2.43713e-09  2.44456e-09 -3.00852e-08
  300.00  9.69870 -5.85854e-07 -5.86334e-07 -5.86361e-07  2.26906e-09  2.27786e-09 -3.25387e-08
  300.00  9.71982 -5.96020e-07 -5.96515e-07 -5.96543e-07  1.92651e-09  1.93692e-09 -3.49950e-08
  300.00  9.74094 -6.05992e-07 -6.06499e-07 -6.06529e-07  1.41043e-09  1.42274e-09 -3.74583e-08
  300.00  9.76206 -6.15807e-07 -6.16325e-07 -6.16356e-07  7.18261e-10  7.32815e-10 -3.99285e-08
  300.00  9.78318 -6.25530e-07 -6.26056e-07 -6.26090e-07 -1.52986e-10 -1.35783e-10 -4.24038e-08
  300.00  9.80430 -6.35261e-07 -6.35791e-07 -6.35829e-07 -1.20425e-09 -1.18391e-09 -4.48831e-08
  300.00  9.82543 -6.45125e-07 -6.45658e-07 -6.45700e-07 -2.43323e-09 -2.40918e-09 -4.73669e-08
  300.00  9.84655 -6.55268e-07 -6.55800e-07 -6.55848e-07 -3.83483e-09 -3.80640e-09 -4.98569e-08
  300.00  9.86767 -6.65836e-07 -6.66365e-07 -6.66421e-07 -5.40292e-09 -5.36930e-09 -5.23540e-08
  300.00  9.88879 -6.76953e-07 -6.77477e-07 -6.77545e-07 -7.13271e-09 -7.09297e-09 -5.48557e-08
  300.00  9.90991 -6.88703e-07 -6.89222e-07 -6.89304e-07 -9.02303e-09 -8.97610e-09 -5.73539e-08
  300.00  9.93103 -7.01112e-07 -7.01625e-07 -7.01726e-07 -1.10779e-08 -1.10225e-08 -5.98335e-08
  300.00  9.95215 -7.14135e-07 -7.14644e-07 -7.14768e-07 -1.33066e-08 -1.32414e-08 -6.22717e-08
  300.00  9.97327 -7.27656e-07 -7.28163e-07 -7.28317e-07 -1.57231e-08 -1.56464e-08 -6.46392e-08
  300.00  9.99439 -7.41491e-07 -7.42003e-07 -7.42194e-07 -1.83438e-08 -1.82540e-08 -6.69023e-08
  300.00  10.01552 -7.55403e-07 -7.55929e-07 -7.56165e-07 -2.11849e-08 -2.10800e-08 -6.90254e-08
  300.00  10.03664 -7.69123e-07 -7.69674e-07 -7.69965e-07 -2.42598e-08 -2.41378e-08 -7.09739e-08
  300.00  10.05776 -7.82372e-07 -7.82964e-07 -7.83320e-07 -2.75762e-08 -2.74350e-08 -7.27170e-08
  300.00  10.07888 -7.94885e-07 -7.95538e-07 -7.95974e-07 -3.11346e-08 -3.09719e-08 -7.42291e-08
  300.00  10.10000 -8.06440e-07 -8.07179e-07 -8.07710e-07 -3.49269e-08 -3.47404e-08 -7.54915e-08
