0.00001 3.929410666362835e+07
0.01250 3.698311278183474e+07
0.02500 3.143697137789388e+07
0.03750 2.515199975267766e+07
0.05000 1.965370976206583e+07
0.06250 1.534459340196752e+07
0.07500 1.210517732139750e+07
0.08750 9.692124053633317e+06
0.10000 7.884202734326167e+06
0.11250 6.513070925302356e+06
0.12500 5.458087107914601e+06
0.13750 4.634313252286999e+06
0.15000 3.981923184805308e+06
0.16250 3.458412162198382e+06
0.17500 3.033209914410898e+06
0.18750 2.684031134576127e+06
0.20000 2.394409439547150e+06
0.21250 2.152020948255005e+06
0.22500 1.947532778936100e+06
0.23750 1.773802205982801e+06
0.25000 1.625312346798150e+06
0.26250 1.497769466683574e+06
0.27500 1.387812453958177e+06
0.28750 1.292801613220763e+06
0.30000 1.210664865915224e+06
0.31250 1.139786852129764e+06
0.32500 1.078931762025422e+06
0.33750 1.027195168820737e+06
0.35000 9.839849618093173e+05
0.36250 9.490385504527693e+05
0.37500 9.224958244148509e+05
0.38750 9.050684520815104e+05
0.40000 8.983705765688844e+05
0.41250 9.054254813267955e+05
0.42500 9.307438274710461e+05
0.43750 9.762562708543713e+05
0.45000 1.025128751287932e+06
0.46250 1.039707719258814e+06
0.47500 1.022619561235017e+06
0.48750 1.003455162564720e+06
0.50000 9.848114011699281e+05
0.51250 9.568802261809728e+05
0.52500 9.153623791352721e+05
0.53750 8.642260941258818e+05
0.55000 8.105839557551577e+05
0.56250 7.598011112728923e+05
0.57500 7.142919111635479e+05
0.58750 6.744483707868163e+05
0.60000 6.397441808897419e+05
0.61250 6.093946410499448e+05
0.62500 5.826447001412907e+05
0.63750 5.588599805767215e+05
0.65000 5.375350264566108e+05
0.66250 5.182741944162648e+05
0.67500 5.007678470001419e+05
0.68750 4.847715222675751e+05
0.70000 4.700897290964280e+05
0.71250 4.565639433863785e+05
0.72500 4.440638786164011e+05
0.73750 4.324811509479061e+05
0.75000 4.217246488347652e+05
0.76250 4.117171071575836e+05
0.77500 4.023925371698943e+05
0.78750 3.936942737281710e+05
0.80000 3.855734785759386e+05
0.81250 3.779879923052634e+05
0.82500 3.709014661586439e+05
0.83750 3.642827348332556e+05
0.85000 3.581054192956475e+05
0.86250 3.523477822390126e+05
0.87500 3.469929118666407e+05
0.88750 3.420294127212594e+05
0.90000 3.374530199266345e+05
0.91250 3.332702239448582e+05
0.92500 3.295075885911780e+05
0.93750 3.262476359094800e+05
0.95000 3.239394880537384e+05
0.96250 3.217737627877676e+05
0.97500 3.208937209992927e+05
0.98750 3.235147394451185e+05
1.00000 3.378845849751490e+05
1.01250 4.361532613492705e+05
1.02500 5.202876593124667e+05
1.03750 3.449777191005143e+05
1.05000 3.190247819003922e+05
1.06250 3.115543245960214e+05
1.07500 3.086564513502151e+05
1.08750 3.076597729913637e+05
1.10000 3.078129003745674e+05
1.11250 3.088772413421458e+05
1.12500 3.107990582929717e+05
1.13750 3.136110538412496e+05
1.15000 3.173982854995650e+05
1.16250 3.222857591061284e+05
1.17500 3.284342340230621e+05
1.18750 3.360395813628247e+05
1.20000 3.453353600510989e+05
1.21250 3.566037409743381e+05
1.22500 3.702104541461640e+05
1.23750 3.866943627578413e+05
1.25000 4.069241556757765e+05
1.26250 4.320570416262369e+05
1.27500 4.617343258420242e+05
1.28750 4.876826369894889e+05
1.30000 4.941094913318108e+05
1.31250 4.830865354370833e+05
1.32500 4.718612842145168e+05
1.33750 4.692836258997869e+05
1.35000 4.779848368893195e+05
1.36250 5.012108276173292e+05
1.37500 5.463367742354048e+05
1.38750 6.284870598970643e+05
1.40000 7.725645592528826e+05
1.41250 9.823948322511029e+05
1.42500 1.154458553026206e+06
1.43750 1.488721009255475e+06
1.45000 2.097322885811298e+06
1.46250 3.357664696507873e+06
1.47500 4.856817070428036e+06
1.48750 3.999388894088215e+06
1.50000 2.784080348937464e+06
1.51250 1.432612910100741e+06
1.52500 8.665504652898065e+05
1.53750 6.722608171307608e+05
1.55000 5.873802019634244e+05
1.56250 5.444772089942849e+05
1.57500 5.216608989968300e+05
1.58750 5.100265611142847e+05
1.60000 5.054092574907469e+05
1.61250 5.057430138986388e+05
1.62500 5.100924496615416e+05
1.63750 5.183081671075965e+05
1.65000 5.309223531445228e+05
1.66250 5.487836993207545e+05
1.67500 5.708246269001294e+05
1.68750 5.888542960480644e+05
1.70000 5.923987389996522e+05
1.71250 5.864787830877943e+05
1.72500 5.812890267078390e+05
1.73750 5.792111391226184e+05
1.75000 5.787012998066813e+05
1.76250 5.779937451701593e+05
1.77500 5.760829849651455e+05
1.78750 5.727588999346510e+05
1.80000 5.683088662053985e+05
1.81250 5.631618741399881e+05
1.82500 5.576640870333380e+05
1.83750 5.520161169980760e+05
1.85000 5.463017002822377e+05
1.86250 5.405389906360497e+05
1.87500 5.347228757288567e+05
1.88750 5.288535439556693e+05
1.90000 5.229584782316431e+05
1.91250 5.171230198299019e+05
1.92500 5.115678036196706e+05
1.93750 5.069220068725481e+05
1.95000 5.055546176893898e+05
1.96250 5.225539304313431e+05
1.97500 6.447904035592701e+05
1.98750 5.123537067504005e+05
2.00000 4.788697328405809e+05
2.01250 4.661753079043637e+05
2.02500 4.571973236363173e+05
2.03750 4.493747295052361e+05
2.05000 4.420590752794195e+05
2.06250 4.350346852432349e+05
2.07500 4.282192428936048e+05
2.08750 4.215803071955607e+05
2.10000 4.151066327367664e+05
2.11250 4.087967349967824e+05
2.12500 4.026537728550139e+05
2.13750 3.966830223489992e+05
2.15000 3.908905123849040e+05
2.16250 3.852822235804896e+05
2.17500 3.798635825765914e+05
2.18750 3.746391264643001e+05
2.20000 3.696122764226236e+05
2.21250 3.647851896489034e+05
2.22500 3.601586725524794e+05
2.23750 3.557321443108870e+05
2.25000 3.515036423072414e+05
2.26250 3.474698617645797e+05
2.27500 3.436262221852469e+05
2.28750 3.399669535731722e+05
2.30000 3.364851961110924e+05
2.31250 3.331731080027001e+05
2.32500 3.300219774446118e+05
2.33750 3.270223359697328e+05
2.35000 3.241640715118934e+05
2.36250 3.214365403509300e+05
2.37500 3.188286775642383e+05
2.38750 3.163291057749732e+05
2.40000 3.139262419449019e+05
2.41250 3.116084018279183e+05
2.42500 3.093639015809229e+05
2.43750 3.071811559881588e+05
2.45000 3.050487728138429e+05
2.46250 3.029556429358149e+05
2.47500 3.008910260817808e+05
2.48750 2.988446321305335e+05
2.50000 2.968066980004055e+05
2.51250 2.947680600924490e+05
2.52500 2.927202220798472e+05
2.53750 2.906554175598784e+05
2.55000 2.885666667576140e+05
2.56250 2.864478261552788e+05
2.57500 2.842936296871590e+05
2.58750 2.820997200483386e+05
2.60000 2.798626687562059e+05
2.61250 2.775799838836810e+05
2.62500 2.752501048208643e+05
2.63750 2.728723839497465e+05
2.65000 2.704470556438413e+05
2.66250 2.679751934395278e+05
2.67500 2.654586565036445e+05
2.68750 2.629000266277128e+05
2.70000 2.603025369588262e+05
2.71250 2.576699936252411e+05
2.72500 2.550066914418744e+05
2.73750 2.523173250696432e+05
2.75000 2.496068973680078e+05
2.76250 2.468806271545683e+05
2.77500 2.441438590358062e+05
2.78750 2.414019782440178e+05
2.80000 2.386603333828075e+05
2.81250 2.359241695938654e+05
2.82500 2.331985739418908e+05
2.83750 2.304884338731025e+05
2.85000 2.277984085752668e+05
2.86250 2.251329120969200e+05
2.87500 2.224961062912790e+05
2.88750 2.198919011195409e+05
2.90000 2.173239596197286e+05
2.91250 2.147957049213874e+05
2.92500 2.123103270278347e+05
2.93750 2.098707876317705e+05
2.95000 2.074798218923634e+05
2.96250 2.051399367890094e+05
2.97500 2.028534062897165e+05
2.98750 2.006222640585168e+05
3.00000 1.984482947309985e+05
3.01250 1.963330248963722e+05
3.02500 1.942777148549142e+05
3.03750 1.922833520118845e+05
3.05000 1.903506464778488e+05
3.06250 1.884800291292532e+05
3.07500 1.866716520944032e+05
3.08750 1.849253914078865e+05
3.10000 1.832408514432668e+05
3.11250 1.816173706943188e+05
3.12500 1.800540285187153e+05
3.13750 1.785496525634740e+05
3.15000 1.771028267313461e+05
3.16250 1.757118996940207e+05
3.17500 1.743749940876225e+05
3.18750 1.730900166213807e+05
3.20000 1.718546693820762e+05
3.21250 1.706664626227769e+05
3.22500 1.695227292877727e+05
3.23750 1.684206414536624e+05
3.25000 1.673572287681649e+05
3.26250 1.663293988533009e+05
3.27500 1.653339595183831e+05
3.28750 1.643676425113560e+05
3.30000 1.634271284353420e+05
3.31250 1.625090723812579e+05
3.32500 1.616101297860012e+05
3.33750 1.607269820243793e+05
3.35000 1.598563612820010e+05
3.36250 1.589950743299435e+05
3.37500 1.581400249185934e+05
3.38750 1.572882346122900e+05
3.40000 1.564368619822377e+05
3.41250 1.555832201489325e+05
3.42500 1.547247927086985e+05
3.43750 1.538592480895831e+05
3.45000 1.529844523637837e+05
3.46250 1.520984805053613e+05
3.47500 1.511996260342539e+05
3.48750 1.502864089420115e+05
3.50000 1.493575817613255e+05
3.51250 1.484121336281570e+05
3.52500 1.474492921963869e+05
3.53750 1.464685233013985e+05
3.55000 1.454695283280211e+05
3.56250 1.444522393137443e+05
3.57500 1.434168119011415e+05
3.58750 1.423636163333886e+05
3.60000 1.412932267524151e+05
3.61250 1.402064091007046e+05
3.62500 1.391041079381133e+05
3.63750 1.379874324622826e+05
3.65000 1.368576419692645e+05
3.66250 1.357161309201750e+05
3.67500 1.345644137050533e+05
3.68750 1.334041091337471e+05
3.70000 1.322369246501047e+05
3.71250 1.310646402683015e+05
3.72500 1.298890922675615e+05
3.73750 1.287121567432841e+05
3.75000 1.275357331814843e+05
3.76250 1.263617282806748e+05
3.77500 1.251920402758707e+05
3.78750 1.240285440160709e+05
3.80000 1.228730770110443e+05
3.81250 1.217274266046930e+05
3.82500 1.205933183637579e+05
3.83750 1.194724057052587e+05
3.85000 1.183662607339384e+05
3.86250 1.172763662274656e+05
3.87500 1.162041086929646e+05
3.88750 1.151507724205132e+05
3.90000 1.141175344723787e+05
3.91250 1.131054605650966e+05
3.92500 1.121155018197545e+05
3.93750 1.111484923700076e+05
3.95000 1.102051478250923e+05
3.96250 1.092860645855387e+05
3.97500 1.083917200029137e+05
3.98750 1.075224733631589e+05
4.00000 1.066785676578161e+05
4.01250 1.058601320908329e+05
4.02500 1.050671852527170e+05
4.03750 1.042996388802698e+05
4.05000 1.035573021102818e+05
4.06250 1.028398861301251e+05
4.07500 1.021470091274080e+05
4.08750 1.014782014444699e+05
4.10000 1.008329108509707e+05
4.11250 1.002105078582567e+05
4.12500 9.961029101173012e+04
4.13750 9.903149211125377e+04
4.15000 9.847328132400721e+04
4.16250 9.793477216872644e+04
4.17500 9.741502636460436e+04
4.18750 9.691305855208950e+04
4.20000 9.642784090614422e+04
4.21250 9.595830767478264e+04
4.22500 9.550335968621419e+04
4.23750 9.506186887575452e+04
4.25000 9.463268288774688e+04
4.26250 9.421462980713986e+04
4.27500 9.380652306945345e+04
4.28750 9.340716658682910e+04
4.30000 9.301536011263498e+04
4.31250 9.262990484962829e+04
4.32500 9.224960928939874e+04
4.33750 9.187329525626077e+04
4.35000 9.149980411871224e+04
4.36250 9.112800312658597e+04
4.37500 9.075679183096472e+04
4.38750 9.038510854440735e+04
4.40000 9.001193679788768e+04
4.41250 8.963631174539030e+04
4.42500 8.925732645584062e+04
4.43750 8.887413801546197e+04
4.45000 8.848597334397936e+04
4.46250 8.809213460902429e+04
4.47500 8.769200410871326e+04
4.48750 8.728504848644683e+04
4.50000 8.687082214708335e+04
4.51250 8.644896976090176e+04
4.52500 8.601922777058177e+04
4.53750 8.558142485471304e+04
4.55000 8.513548134569309e+04
4.56250 8.468140764604248e+04
4.57500 8.421930173033715e+04
4.58750 8.374934585539725e+04
4.60000 8.327180262484126e+04
4.61250 8.278701056255656e+04
4.62500 8.229537934175369e+04
4.63750 8.179738479305044e+04
4.65000 8.129356377989780e+04
4.66250 8.078450898835140e+04
4.67500 8.027086363786657e+04
4.68750 7.975331608779726e+04
4.70000 7.923259429649588e+04
4.71250 7.870946008938459e+04
4.72500 7.818470320842926e+04
4.73750 7.765913514390000e+04
4.75000 7.713358278353301e+04
4.76250 7.660888194697694e+04
4.77500 7.608587089860982e+04
4.78750 7.556538394586387e+04
4.80000 7.504824523235502e+04
4.81250 7.453526282713447e+04
4.82500 7.402722319645049e+04
4.83750 7.352488612606635e+04
4.85000 7.302898014336500e+04
4.86250 7.254019847105011e+04
4.87500 7.205919552899184e+04
4.88750 7.158658398750960e+04
4.90000 7.112293236357233e+04
4.91250 7.066876314036148e+04
4.92500 7.022455137999999e+04
4.93750 6.979072378902306e+04
4.95000 6.936765818678327e+04
4.96250 6.895568331923170e+04
4.97500 6.855507895526139e+04
4.98750 6.816607620087279e+04
5.00000 6.778885796831943e+04
5.01250 6.742355954322837e+04
5.02500 6.707026920206698e+04
5.03750 6.672902884440846e+04
5.05000 6.639983461806561e+04
5.06250 6.608263752899505e+04
5.07500 6.577734404060710e+04
5.08750 6.548381667770434e+04
5.10000 6.520187465798215e+04
5.11250 6.493129457861900e+04
5.12500 6.467181118713264e+04
5.13750 6.442311826498521e+04
5.15000 6.418486965021837e+04
5.16250 6.395668042261400e+04
5.17500 6.373812827226851e+04
5.18750 6.352875507046055e+04
5.20000 6.332806866015063e+04
5.21250 6.313554488166354e+04
5.22500 6.295062984588950e+04
5.23750 6.277274246137862e+04
5.25000 6.260127721206539e+04
5.26250 6.243560716913497e+04
5.27500 6.227508720527712e+04
5.28750 6.211905736535766e+04
5.30000 6.196684633845058e+04
5.31250 6.181777497607061e+04
5.32500 6.167115981251965e+04
5.33750 6.152631656483714e+04
5.35000 6.138256361796671e+04
5.36250 6.123922552911874e+04
5.37500 6.109563660696446e+04
5.38750 6.095114463072985e+04
5.40000 6.080511476900668e+04
5.41250 6.065693373903837e+04
5.42500 6.050601421816766e+04
5.43750 6.035179948514089e+04
5.45000 6.019376823521433e+04
5.46250 6.003143948351203e+04
5.47500 5.986437744837670e+04
5.48750 5.969219629161150e+04
5.50000 5.951456458561339e+04
5.51250 5.933120937796214e+04
5.52500 5.914191973138815e+04
5.53750 5.894654963049223e+04
5.55000 5.874502016540851e+04
5.56250 5.853732092584576e+04
5.57500 5.832351056537456e+04
5.58750 5.810371652368965e+04
5.60000 5.787813392170351e+04
5.61250 5.764702366823426e+04
5.62500 5.741070983538981e+04
5.63750 5.716957637076532e+04
5.65000 5.692406321761978e+04
5.66250 5.667466191021430e+04
5.67500 5.642191070287806e+04
5.68750 5.616638928175638e+04
5.70000 5.590871310143593e+04
5.71250 5.564952738781396e+04
5.72500 5.538950085496656e+04
5.73750 5.512931919636624e+04
5.75000 5.486967842654818e+04
5.76250 5.461127816400032e+04
5.77500 5.435481495557765e+04
5.78750 5.410097574430908e+04
5.80000 5.385043157532945e+04
5.81250 5.360383162009809e+04
5.82500 5.336179757990117e+04
5.83750 5.312491850933586e+04
5.85000 5.289374608239353e+04
5.86250 5.266879031042746e+04
5.87500 5.245051571421981e+04
5.88750 5.223933795201025e+04
5.90000 5.203562091134994e+04
5.91250 5.183967428401702e+04
5.92500 5.165175165856783e+04
5.93750 5.147204918264077e+04
5.95000 5.130070486462113e+04
5.96250 5.113779859892034e+04
5.97500 5.098335300735607e+04
5.98750 5.083733518677363e+04
6.00000 5.069965943568104e+04
6.01250 5.057019099645081e+04
6.02500 5.044875079262051e+04
6.03750 5.033512106443057e+04
6.05000 5.022905171615221e+04
6.06250 5.013026709732251e+04
6.07500 5.003847286237204e+04
6.08750 4.995336250650866e+04
6.10000 4.987462317475329e+04
6.11250 4.980194039319921e+04
6.12500 4.973500147384022e+04
6.13750 4.967349748234174e+04
6.15000 4.961712380905503e+04
6.16250 4.956557952164993e+04
6.17500 4.951856578103244e+04
6.18750 4.947578365795685e+04
6.20000 4.943693169437671e+04
6.21250 4.940170351901191e+04
6.22500 4.936978576396241e+04
6.23750 4.934085645210402e+04
6.25000 4.931458394469042e+04
6.26250 4.929062646303869e+04
6.27500 4.926863213316751e+04
6.28750 4.924823945220991e+04
6.30000 4.922907804381881e+04
6.31250 4.921076955830272e+04
6.32500 4.919292858099532e+04
6.33750 4.917516343555599e+04
6.35000 4.915707680159073e+04
6.36250 4.913826610163330e+04
6.37500 4.911832364600926e+04
6.38750 4.909683655314162e+04
6.40000 4.907338648898672e+04
6.41250 4.904754929743533e+04
6.42500 4.901889463086316e+04
6.43750 4.898698574360870e+04
6.45000 4.895137968501062e+04
6.46250 4.891162822034201e+04
6.47500 4.886727990557817e+04
6.48750 4.881788382189639e+04
6.50000 4.876299550353771e+04
6.51250 4.870218552707146e+04
6.52500 4.863505103351713e+04
6.53750 4.856123010788427e+04
6.55000 4.848041845958983e+04
6.56250 4.839238729596254e+04
6.57500 4.829700077137159e+04
6.58750 4.819423106536072e+04
6.60000 4.808416912080767e+04
6.61250 4.796702942279286e+04
6.62500 4.784314788897819e+04
6.63750 4.771297284141595e+04
6.65000 4.757704994392865e+04
6.66250 4.743600272697506e+04
6.67500 4.729051075767093e+04
6.68750 4.714128762039546e+04
6.70000 4.698906071664765e+04
6.71250 4.683455457864936e+04
6.72500 4.667847901216566e+04
6.73750 4.652152297567613e+04
6.75000 4.636435464025157e+04
6.76250 4.620762751891843e+04
6.77500 4.605199194543170e+04
6.78750 4.589811073628404e+04
6.80000 4.574667802774961e+04
6.81250 4.559844167345348e+04
6.82500 4.545423299828410e+04
6.83750 4.531501428014431e+04
6.85000 4.518196659019450e+04
6.86250 4.505666529836283e+04
6.87500 4.494144624061217e+04
6.88750 4.484020417754732e+04
6.90000 4.476023615806252e+04
6.91250 4.471676118186179e+04
6.92500 4.474399933572242e+04
6.93750 4.490734901521748e+04
6.95000 4.519312730393547e+04
6.96250 4.510192244086854e+04
6.97500 4.462939724636197e+04
6.98750 4.428746894527809e+04
7.00000 4.407924572702960e+04
7.01250 4.394037486176591e+04
7.02500 4.383833476009700e+04
7.03750 4.375862427444442e+04
7.05000 4.369457534209314e+04
7.06250 4.364302534303504e+04
7.07500 4.360253859608310e+04
7.08750 4.357270490011284e+04
7.10000 4.355403363554306e+04
7.11250 4.354855369955226e+04
7.12500 4.356241646032280e+04
7.13750 4.361808543221922e+04
7.15000 4.383899834081771e+04
7.16250 4.414243711392858e+04
7.17500 4.424781209328386e+04
7.18750 4.420368804600884e+04
7.20000 4.457585709857209e+04
7.21250 4.397524072514111e+04
7.22500 4.386272378148955e+04
7.23750 4.382867242631110e+04
7.25000 4.383684050448828e+04
7.26250 4.386892188717621e+04
7.27500 4.391378347551705e+04
7.28750 4.396606170261282e+04
7.30000 4.402298334440796e+04
7.31250 4.408289082294498e+04
7.32500 4.414463727542228e+04
7.33750 4.420732815324653e+04
7.35000 4.427020328047645e+04
7.36250 4.433257968916741e+04
7.37500 4.439382275949298e+04
7.38750 4.445333156901668e+04
7.40000 4.451053195529006e+04
7.41250 4.456487412720729e+04
7.42500 4.461583319185275e+04
7.43750 4.466291168901416e+04
7.45000 4.470564356912342e+04
7.46250 4.474359920273800e+04
7.47500 4.477639106143431e+04
7.48750 4.480367970851410e+04
7.50000 4.482517971296813e+04
7.51250 4.484066507561957e+04
7.52500 4.484997375416763e+04
7.53750 4.485301091234290e+04
7.55000 4.484975060769742e+04
7.56250 4.484023576942731e+04
7.57500 4.482457648372449e+04
7.58750 4.480294676967417e+04
7.60000 4.477558016137353e+04
7.61250 4.474276448727824e+04
7.62500 4.470483624664513e+04
7.63750 4.466217493281731e+04
7.65000 4.461519756360752e+04
7.66250 4.456435357427660e+04
7.67500 4.451012013001697e+04
7.68750 4.445299783689537e+04
7.70000 4.439350677928205e+04
7.71250 4.433218278778544e+04
7.72500 4.426957384034697e+04
7.73750 4.420623651451754e+04
7.75000 4.414273243503710e+04
7.76250 4.407962469253228e+04
7.77500 4.401747424222257e+04
7.78750 4.395683632251374e+04
7.80000 4.389825695906529e+04
7.81250 4.384226963714220e+04
7.82500 4.378939223049312e+04
7.83750 4.374012426553051e+04
7.85000 4.369494457309650e+04
7.86250 4.365430933648676e+04
7.87500 4.361865048668090e+04
7.88750 4.358837433065479e+04
7.90000 4.356386023622331e+04
7.91250 4.354545914852057e+04
7.92500 4.353349168880023e+04
7.93750 4.352824559075220e+04
7.95000 4.352997226145419e+04
7.96250 4.353888230681662e+04
7.97500 4.355513992936967e+04
7.98750 4.357885619569563e+04
8.00000 4.361008131322385e+04
8.01250 4.364879631827251e+04
8.02500 4.369490505277257e+04
8.03750 4.374822806132909e+04
8.05000 4.380850097719071e+04
8.06250 4.387538063635627e+04
8.07500 4.394846168378915e+04
8.08750 4.402730389687327e+04
8.10000 4.411146595083675e+04
8.11250 4.420053701397769e+04
8.12500 4.429415681322725e+04
8.13750 4.439201940180930e+04
8.15000 4.449386350762281e+04
8.16250 4.459945922498106e+04
8.17500 4.470861678270317e+04
8.18750 4.482141563919844e+04
8.20000 4.493656249683281e+04
8.21250 4.505482497260181e+04
8.22500 4.517584380244482e+04
8.23750 4.529936691948701e+04
8.25000 4.542521522702515e+04
8.26250 4.555322736105591e+04
8.27500 4.568324461005218e+04
8.28750 4.581509687680279e+04
8.30000 4.594858884576129e+04
8.31250 4.608348889176793e+04
8.32500 4.621952318982819e+04
8.33750 4.635637720896473e+04
8.35000 4.649370847327554e+04
8.36250 4.663117498157570e+04
8.37500 4.676833244811102e+04
8.38750 4.690452128214367e+04
8.40000 4.703971830665573e+04
8.41250 4.717375054657664e+04
8.42500 4.730651685044156e+04
8.43750 4.743817819522347e+04
8.45000 4.756926083736898e+04
8.46250 4.770078145812947e+04
8.47500 4.783405143057243e+04
8.48750 4.797044206593332e+04
8.50000 4.811048964035967e+04
8.51250 4.824870359424901e+04
8.52500 4.837078998575671e+04
8.53750 4.846356260121540e+04
8.55000 4.853252257353793e+04
8.56250 4.859434572757471e+04
8.57500 4.865810589189603e+04
8.58750 4.872229749400337e+04
8.60000 4.878361828219194e+04
8.61250 4.884587258451740e+04
8.62500 4.891798165634699e+04
8.63750 4.901097951401820e+04
8.65000 4.914175779894347e+04
8.66250 4.933166873555133e+04
8.67500 4.955069569799901e+04
8.68750 4.960898987532012e+04
8.70000 4.945634929864319e+04
8.71250 4.929368818651114e+04
8.72500 4.918783084567933e+04
8.73750 4.912114136871778e+04
8.75000 4.907686726294557e+04
8.76250 4.904350960573425e+04
8.77500 4.901521125325001e+04
8.78750 4.898914467881290e+04
8.80000 4.896400776095346e+04
8.81250 4.893929467470397e+04
8.82500 4.891492929501172e+04
8.83750 4.889107300132242e+04
8.85000 4.886802060780489e+04
8.86250 4.884614274333624e+04
8.87500 4.882585336178815e+04
8.88750 4.880759090742227e+04
8.90000 4.879180675436984e+04
8.91250 4.877895736128256e+04
8.92500 4.876949822975359e+04
8.93750 4.876387873559998e+04
8.95000 4.876253746997086e+04
8.96250 4.876589802804535e+04
8.97500 4.877436531297213e+04
8.98750 4.878832245047381e+04
9.00000 4.880812838380915e+04
9.01250 4.883411617082346e+04
9.02500 4.886659195184176e+04
9.03750 4.890583450659444e+04
9.05000 4.895209527264672e+04
9.06250 4.900559865844544e+04
9.07500 4.906654245417749e+04
9.08750 4.913509812840821e+04
9.10000 4.921141080424088e+04
9.11250 4.929559874068187e+04
9.12500 4.938775220463250e+04
9.13750 4.948793170284831e+04
9.15000 4.959616564200339e+04
9.16250 4.971244758488383e+04
9.17500 4.983673335570857e+04
9.18750 4.996893830249793e+04
9.20000 5.010893503777666e+04
9.21250 5.025655194493591e+04
9.22500 5.041157265731885e+04
9.23750 5.057373659826183e+04
9.25000 5.074274052635793e+04
9.26250 5.091824087829875e+04
9.27500 5.109985656020793e+04
9.28750 5.128717172454214e+04
9.30000 5.147973799833318e+04
9.31250 5.167707561528661e+04
9.32500 5.187867297373682e+04
9.33750 5.208398434243292e+04
9.35000 5.229242584874185e+04
9.36250 5.250337061299346e+04
9.37500 5.271614498824090e+04
9.38750 5.293002914781454e+04
9.40000 5.314426609378662e+04
9.41250 5.335808239112182e+04
9.42500 5.357072049392798e+04
9.43750 5.378147678603564e+04
9.45000 5.398973431129755e+04
9.46250 5.419497887492841e+04
9.47500 5.439679354315518e+04
9.48750 5.459483610347270e+04
9.50000 5.478881047687089e+04
9.51250 5.497844287707893e+04
9.52500 5.516346844130499e+04
9.53750 5.534362839250067e+04
9.55000 5.551867446047855e+04
9.56250 5.568837663603180e+04
9.57500 5.585253125501192e+04
9.58750 5.601096774092161e+04
9.60000 5.616355343184365e+04
9.61250 5.631019660891327e+04
9.62500 5.645084819175090e+04
9.63750 5.658550269139529e+04
9.65000 5.671419901404095e+04
9.66250 5.683702165640919e+04
9.67500 5.695410276999156e+04
9.68750 5.706562553321390e+04
9.70000 5.717182929951532e+04
9.71250 5.727301714225247e+04
9.72500 5.736956677400315e+04
9.73750 5.746194648641848e+04
9.75000 5.755073886607308e+04
9.76250 5.763667667104068e+04
9.77500 5.772069711600822e+04
9.78750 5.780402106413394e+04
9.80000 5.788825472611132e+04
9.81250 5.797546722554717e+04
9.82500 5.806803984977022e+04
9.83750 5.816764999742124e+04
9.85000 5.827211259738822e+04
9.86250 5.837019025258425e+04
9.87500 5.844301090037401e+04
9.88750 5.848246201039651e+04
9.90000 5.850264700411567e+04
9.91250 5.852275425730917e+04
9.92500 5.855251988249552e+04
9.93750 5.859400996498632e+04
9.95000 5.864673588788666e+04
9.96250 5.871038576752877e+04
9.97500 5.878623389671179e+04
9.98750 5.887942335062029e+04
10.00000 5.900571762864647e+04
