0.00001 3.929409809560858e+07
0.01250 3.698310469819770e+07
0.02500 3.143696444612388e+07
0.03750 2.515199409936928e+07
0.05000 1.965370518666160e+07
0.06250 1.534458962309553e+07
0.07500 1.210517409157729e+07
0.08750 9.692121186654458e+06
0.10000 7.884200100315148e+06
0.11250 6.513068438640024e+06
0.12500 5.458084715893500e+06
0.13750 4.634310926041509e+06
0.15000 3.981920912269941e+06
0.16250 3.458409942575186e+06
0.17500 3.033207753749650e+06
0.18750 2.684029042243809e+06
0.20000 2.394407425487717e+06
0.21250 2.152019020999354e+06
0.22500 1.947530944325595e+06
0.23750 1.773800466539319e+06
0.25000 1.625310701632496e+06
0.26250 1.497767911800647e+06
0.27500 1.387810982800573e+06
0.28750 1.292800217292278e+06
0.30000 1.210663535335300e+06
0.31250 1.139785575982362e+06
0.32500 1.078930528383759e+06
0.33750 1.027193964384365e+06
0.35000 9.839837712819891e+05
0.36250 9.490373563649107e+05
0.37500 9.224946095839787e+05
0.38750 9.050672103284288e+05
0.40000 8.983693442854695e+05
0.41250 9.054244127051730e+05
0.42500 9.307433186739098e+05
0.43750 9.762568705067707e+05
0.45000 1.025129857694839e+06
0.46250 1.039706954511005e+06
0.47500 1.022617280340573e+06
0.48750 1.003453381295703e+06
0.50000 9.848107937654637e+05
0.51250 9.568804619909213e+05
0.52500 9.153627499265268e+05
0.53750 8.642259791935849e+05
0.55000 8.105830890577176e+05
0.56250 7.597995397767259e+05
0.57500 7.142898170766303e+05
0.58750 6.744459438004274e+05
0.60000 6.397415699350439e+05
0.61250 6.093919495511972e+05
0.62500 5.826419954192410e+05
0.63750 5.588573046292060e+05
0.65000 5.375324044746703e+05
0.66250 5.182716407557459e+05
0.67500 5.007653691796898e+05
0.68750 4.847691235974384e+05
0.70000 4.700874103928560e+05
0.71250 4.565617040809495e+05
0.72500 4.440617174644215e+05
0.73750 4.324790664706515e+05
0.75000 4.217226395856899e+05
0.76250 4.117151718739150e+05
0.77500 4.023906748523694e+05
0.78750 3.936924836794669e+05
0.80000 3.855717604204792e+05
0.81250 3.779863460085232e+05
0.82500 3.708998920623144e+05
0.83750 3.642812337241340e+05
0.85000 3.581039925319581e+05
0.86250 3.523464319709702e+05
0.87500 3.469916414141439e+05
0.88750 3.420282272223925e+05
0.90000 3.374519274664196e+05
0.91250 3.332692375198896e+05
0.92500 3.295067290700226e+05
0.93750 3.262469284687887e+05
0.95000 3.239388198998584e+05
0.96250 3.217740378961610e+05
0.97500 3.208947453937554e+05
0.98750 3.235184415996136e+05
1.00000 3.379000788940187e+05
1.01250 4.362752988790679e+05
1.02500 5.201056846390159e+05
1.03750 3.449547050620400e+05
1.05000 3.190195932940397e+05
1.06250 3.115524419834935e+05
1.07500 3.086556354660430e+05
1.08750 3.076594703483555e+05
1.10000 3.078129438935652e+05
1.11250 3.088775875589917e+05
1.12500 3.107997158661939e+05
1.13750 3.136120597728209e+05
1.15000 3.173996947885733e+05
1.16250 3.222876361331006e+05
1.17500 3.284366383364502e+05
1.18750 3.360425391763783e+05
1.20000 3.453388082169891e+05
1.21250 3.566074231604098e+05
1.22500 3.702137402742718e+05
1.23750 3.866959552775531e+05
1.25000 4.069216681475571e+05
1.26250 4.320467430403099e+05
1.27500 4.617131860284195e+05
1.28750 4.876571683314110e+05
1.30000 4.940956850101724e+05
1.31250 4.830848305777129e+05
1.32500 4.718629728550753e+05
1.33750 4.692851205009471e+05
1.35000 4.779860047482825e+05
1.36250 5.012123950392992e+05
1.37500 5.463396315661120e+05
1.38750 6.284921644248411e+05
1.40000 7.725673474833693e+05
1.41250 9.823258874497573e+05
1.42500 1.154232775912034e+06
1.43750 1.488168104222939e+06
1.45000 2.098111239273810e+06
1.46250 3.357399494200215e+06
1.47500 4.856105913162669e+06
1.48750 4.000430997292050e+06
1.50000 2.784073064272954e+06
1.51250 1.432706433514555e+06
1.52500 8.665216879825593e+05
1.53750 6.722372635551316e+05
1.55000 5.873630297360081e+05
1.56250 5.444631691947280e+05
1.57500 5.216480278171776e+05
1.58750 5.100135651622939e+05
1.60000 5.053950357932286e+05
1.61250 5.057263689618462e+05
1.62500 5.100719067520737e+05
1.63750 5.182820657053664e+05
1.65000 5.308901587864630e+05
1.66250 5.487517431941517e+05
1.67500 5.708194111864616e+05
1.68750 5.889121125189768e+05
1.70000 5.924928282060870e+05
1.71250 5.865543140859649e+05
1.72500 5.813375949112329e+05
1.73750 5.792425465296241e+05
1.75000 5.787222601970376e+05
1.76250 5.780069085407113e+05
1.77500 5.760894952539768e+05
1.78750 5.727599582377226e+05
1.80000 5.683060145176131e+05
1.81250 5.631566673290652e+05
1.82500 5.576577758819560e+05
1.83750 5.520095492300059e+05
1.85000 5.462953756013986e+05
1.86250 5.405331645650816e+05
1.87500 5.347176542463424e+05
1.88750 5.288489533539806e+05
1.90000 5.229545154836708e+05
1.91250 5.171196999175183e+05
1.92500 5.115652451122830e+05
1.93750 5.069207258127270e+05
1.95000 5.055571661442562e+05
1.96250 5.225818452192156e+05
1.97500 6.448017617055420e+05
1.98750 5.123119077989844e+05
2.00000 4.788611485177249e+05
2.01250 4.661715686256559e+05
2.02500 4.571949523584213e+05
2.03750 4.493729197539137e+05
2.05000 4.420575564010508e+05
2.06250 4.350333429001612e+05
2.07500 4.282180211944433e+05
2.08750 4.215791764252994e+05
2.10000 4.151055765200030e+05
2.11250 4.087957442704783e+05
2.12500 4.026528425592635e+05
2.13750 3.966821493490042e+05
2.15000 3.908896940480556e+05
2.16250 3.852814567818596e+05
2.17500 3.798628630444629e+05
2.18750 3.746384484275022e+05
2.20000 3.696116325319157e+05
2.21250 3.647845711377411e+05
2.22500 3.601580695895655e+05
2.23750 3.557315464850249e+05
2.25000 3.515030391779608e+05
2.26250 3.474692434119947e+05
2.27500 3.436255796999207e+05
2.28750 3.399662794403856e+05
2.30000 3.364844844616738e+05
2.31250 3.331723547217129e+05
2.32500 3.300211801467635e+05
2.33750 3.270214938641434e+05
2.35000 3.241631851872714e+05
2.36250 3.214356115150043e+05
2.37500 3.188277087691441e+05
2.38750 3.163281001545946e+05
2.40000 3.139252029825975e+05
2.41250 3.116073331651594e+05
2.42500 3.093628068704085e+05
2.43750 3.071800387895901e+05
2.45000 3.050476365269913e+05
2.46250 3.029544907636937e+05
2.47500 3.008898610162190e+05
2.48750 2.988434569529209e+05
2.50000 2.968055152913305e+05
2.51250 2.947668722451704e+05
2.52500 2.927190313137653e+05
2.53750 2.906542259313532e+05
2.55000 2.885654761665470e+05
2.56250 2.864466383468829e+05
2.57500 2.842924462492684e+05
2.58750 2.820985424054783e+05
2.60000 2.798614981624507e+05
2.61250 2.775788214169280e+05
2.62500 2.752489513815652e+05
2.63750 2.728712402671534e+05
2.65000 2.704459222923794e+05
2.66250 2.679740708669552e+05
2.67500 2.654575450711683e+05
2.68750 2.628989266603930e+05
2.70000 2.603014488026543e+05
2.71250 2.576689177055965e+05
2.72500 2.550056283170482e+05
2.73750 2.523162754730535e+05
2.75000 2.496058622337465e+05
2.76250 2.468796076228310e+05
2.77500 2.441428564372697e+05
2.78750 2.414009940647682e+05
2.80000 2.386593692135834e+05
2.81250 2.359232270687965e+05
2.82500 2.331976546724341e+05
2.83750 2.304875393826373e+05
2.85000 2.277975402389306e+05
2.86250 2.251320710900804e+05
2.87500 2.224952935487706e+05
2.88750 2.198911173066147e+05
2.90000 2.173232051147241e+05
2.91250 2.147949798094320e+05
2.92500 2.123096311044400e+05
2.93750 2.098701204149529e+05
2.95000 2.074791826418421e+05
2.96250 2.051393245310455e+05
2.97500 2.028528198462554e+05
2.98750 2.006217020793876e+05
3.00000 1.984477557280592e+05
3.01250 1.963325072785777e+05
3.02500 1.942772169634153e+05
3.03750 1.922828721543326e+05
3.05000 1.903501829611901e+05
3.06250 1.884795802903773e+05
3.07500 1.866712163280874e+05
3.08750 1.849249671915731e+05
3.10000 1.832404373582846e+05
3.11250 1.816169654432404e+05
3.12500 1.800536309386390e+05
3.13750 1.785492616350872e+05
3.15000 1.771024415837343e+05
3.16250 1.757115196052631e+05
3.17500 1.743746184813359e+05
3.18750 1.730896450594543e+05
3.20000 1.718543015539680e+05
3.21250 1.706660983318237e+05
3.22500 1.695223684350757e+05
3.23750 1.684202840201796e+05
3.25000 1.673568747957131e+05
3.26250 1.663290484251993e+05
3.27500 1.653336127404970e+05
3.28750 1.643672994942704e+05
3.30000 1.634267892783583e+05
3.31250 1.625087371588303e+05
3.32500 1.616097985371221e+05
3.33750 1.607266547452860e+05
3.35000 1.598560379224245e+05
3.36250 1.589947547929533e+05
3.37500 1.581397090639051e+05
3.38750 1.572879222627466e+05
3.40000 1.564365529330144e+05
3.41250 1.555829141788892e+05
3.42500 1.547244895932140e+05
3.43750 1.538589476141573e+05
3.45000 1.529841543376739e+05
3.46250 1.520981847745578e+05
3.47500 1.511993324931681e+05
3.48750 1.502861175433353e+05
3.50000 1.493572925236543e+05
3.51250 1.484118466410899e+05
3.52500 1.474490076229556e+05
3.53750 1.464682413778020e+05
3.55000 1.454692493607602e+05
3.56250 1.444519636743424e+05
3.57500 1.434165400187189e+05
3.58750 1.423633486853929e+05
3.60000 1.412929638538621e+05
3.61250 1.402061514922916e+05
3.62500 1.391038561735776e+05
3.63750 1.379871870953823e+05
3.65000 1.368574035407691e+05
3.66250 1.357158999452431e+05
3.67500 1.345641906613834e+05
3.68750 1.334038944508654e+05
3.70000 1.322367187001200e+05
3.71250 1.310644433584169e+05
3.72500 1.298889046345486e+05
3.73750 1.287119785500505e+05
3.75000 1.275355645157627e+05
3.76250 1.263615691557669e+05
3.77500 1.251918906333034e+05
3.78750 1.240284037299436e+05
3.80000 1.228729458937992e+05
3.81250 1.217273044140126e+05
3.82500 1.205932048102745e+05
3.83750 1.194723004607703e+05
3.85000 1.183661634398264e+05
3.86250 1.172762765030429e+05
3.87500 1.162040261435061e+05
3.88750 1.151506966447528e+05
3.90000 1.141174650692977e+05
3.91250 1.131053971398669e+05
3.92500 1.121154439887398e+05
3.93750 1.111484397647714e+05
3.95000 1.102051000953934e+05
3.96250 1.092860214013374e+05
3.97500 1.083916810554438e+05
3.98750 1.075224383651451e+05
4.00000 1.066785363429403e+05
4.01250 1.058601042125725e+05
4.02500 1.050671605826802e+05
4.03750 1.042996172061665e+05
4.05000 1.035572832336568e+05
4.06250 1.028398698639812e+05
4.07500 1.021469952938248e+05
4.08750 1.014781898723171e+05
4.10000 1.008329013737896e+05
4.11250 1.002105003123647e+05
4.12500 9.961028523458875e+04
4.13750 9.903148794011801e+04
4.15000 9.847327859486428e+04
4.16250 9.793477071552168e+04
4.17500 9.741502601874435e+04
4.18750 9.691305914221187e+04
4.20000 9.642784225813914e+04
4.21250 9.595830961205826e+04
4.22500 9.550336203019612e+04
4.23750 9.506187144660442e+04
4.25000 9.463268550530133e+04
4.26250 9.421463229204781e+04
4.27500 9.380652524450938e+04
4.28750 9.340716827848091e+04
4.30000 9.301536115265226e+04
4.31250 9.262990507690597e+04
4.32500 9.224960855187553e+04
4.33750 9.187329341291670e+04
4.35000 9.149980104160744e+04
4.36250 9.112799870288841e+04
4.37500 9.075678596490524e+04
4.38750 9.038510115908555e+04
4.40000 9.001192783683751e+04
4.41250 8.963630117381131e+04
4.42500 8.925731426139566e+04
4.43750 8.887412420854661e+04
4.45000 8.848595795738652e+04
4.46250 8.809211769694346e+04
4.47500 8.769198574503871e+04
4.48750 8.728502876239720e+04
4.50000 8.687080116817872e+04
4.51250 8.644894764338154e+04
4.52500 8.601920463738703e+04
4.53750 8.558140083118922e+04
4.55000 8.513545655520492e+04
4.56250 8.468138220570650e+04
4.57500 8.421927574708604e+04
4.58750 8.374931942258305e+04
4.60000 8.327177581955231e+04
4.61250 8.278698344378313e+04
4.62500 8.229535194947204e+04
4.63750 8.179735714822514e+04
4.65000 8.129353588532879e+04
4.66250 8.078448083022701e+04
4.67500 8.027083518783805e+04
4.68750 7.975328730536759e+04
4.70000 7.923256513152685e+04
4.71250 7.870943048456106e+04
4.72500 7.818467310157108e+04
4.73750 7.765910447007557e+04
4.75000 7.713355147698063e+04
4.76250 7.660884994287726e+04
4.77500 7.608583813477213e+04
4.78750 7.556535036438420e+04
4.80000 7.504821078128196e+04
4.81250 7.453522746215275e+04
4.82500 7.402718688255764e+04
4.83750 7.352484883919366e+04
4.85000 7.302894187187392e+04
4.86250 7.254015921702689e+04
4.87500 7.205915530926397e+04
4.88750 7.158654283431391e+04
4.90000 7.112289032482434e+04
4.91250 7.066872027948570e+04
4.92500 7.022450777530968e+04
4.93750 6.979067953265087e+04
4.95000 6.936761338319065e+04
4.96250 6.895563808333769e+04
4.97500 6.855503341025171e+04
4.98750 6.816603047576171e+04
5.00000 6.778881219534669e+04
5.01250 6.742351385518082e+04
5.02500 6.707022372961639e+04
5.03750 6.672898371355368e+04
5.05000 6.639978994776760e+04
5.06250 6.608259342907892e+04
5.07500 6.577730060999702e+04
5.08750 6.548377400304282e+04
5.10000 6.520183281266994e+04
5.11250 6.493125362229643e+04
5.12500 6.467177116560363e+04
5.13750 6.442307921057299e+04
5.15000 6.418483158252316e+04
5.16250 6.395664334962833e+04
5.17500 6.373809219179522e+04
5.18750 6.352871997176348e+04
5.20000 6.332803452576150e+04
5.21250 6.313551168926110e+04
5.22500 6.295059757016351e+04
5.23750 6.277271107579413e+04
5.25000 6.260124669044879e+04
5.26250 6.243557748701488e+04
5.27500 6.227505834093030e+04
5.28750 6.211902930053567e+04
5.30000 6.196681905878324e+04
5.31250 6.181774847116843e+04
5.32500 6.167113407582253e+04
5.33750 6.152629159326781e+04
5.35000 6.138253941145999e+04
5.36250 6.123920209009873e+04
5.37500 6.109561393982908e+04
5.38750 6.095112274140014e+04
5.40000 6.080509366457084e+04
5.41250 6.065691342751317e+04
5.42500 6.050599470837825e+04
5.43750 6.035178078671096e+04
5.45000 6.019375035864855e+04
5.46250 6.003142244034669e+04
5.47500 5.986436125137474e+04
5.48750 5.969218095497604e+04
5.50000 5.951455012520152e+04
5.51250 5.933119581148296e+04
5.52500 5.914190707857501e+04
5.53750 5.894653791324935e+04
5.55000 5.874500940793427e+04
5.56250 5.853731115474558e+04
5.57500 5.832350180977670e+04
5.58750 5.810370881538760e+04
5.60000 5.787812729534203e+04
5.61250 5.764701816156432e+04
5.62500 5.741070548960784e+04
5.63750 5.716957323094874e+04
5.65000 5.692406133326212e+04
5.66250 5.667466133584946e+04
5.67500 5.642191149877143e+04
5.68750 5.616639151462942e+04
5.70000 5.590871684517874e+04
5.71250 5.564953272413532e+04
5.72500 5.538950787393233e+04
5.73750 5.512932799677965e+04
5.75000 5.486968911613698e+04
5.76250 5.461129085938876e+04
5.77500 5.435482978203303e+04
5.78750 5.410099283526355e+04
5.80000 5.385045107168808e+04
5.81250 5.360385366934658e+04
5.82500 5.336182233502845e+04
5.83750 5.312494612758497e+04
5.85000 5.289377672385361e+04
5.86250 5.266882413647432e+04
5.87500 5.245055288581226e+04
5.88750 5.223937862784918e+04
5.90000 5.203566524590805e+04
5.91250 5.183972242545053e+04
5.92500 5.165180374653322e+04
5.93750 5.147210534604461e+04
5.95000 5.130076521935346e+04
5.96250 5.113786324563478e+04
5.97500 5.098342202938537e+04
5.98750 5.083740864828751e+04
6.00000 5.069973738021412e+04
6.01250 5.057027344593423e+04
6.02500 5.044883774705157e+04
6.03750 5.033521250229105e+04
6.05000 5.022914759564892e+04
6.06250 5.013036735846525e+04
6.07500 5.003857742983416e+04
6.08750 4.995347129314324e+04
6.10000 4.987473608557077e+04
6.11250 4.980205732957171e+04
6.12500 4.973512233767816e+04
6.13750 4.967362218001104e+04
6.15000 4.961725225484467e+04
6.16250 4.956571164066736e+04
6.17500 4.951870151146987e+04
6.18750 4.947592295273164e+04
6.20000 4.943707452218768e+04
6.21250 4.940184986487482e+04
6.22500 4.936993562928346e+04
6.23750 4.934100985434984e+04
6.25000 4.931474091669464e+04
6.26250 4.929078705198430e+04
6.27500 4.926879639927571e+04
6.28750 4.924840746717263e+04
6.30000 4.922924988900680e+04
6.31250 4.921094532278230e+04
6.32500 4.919310835937677e+04
6.33750 4.917534732568454e+04
6.35000 4.915726490207289e+04
6.36250 4.913845850917281e+04
6.37500 4.911852045250426e+04
6.38750 4.909703784248153e+04
6.40000 4.907359233347070e+04
6.41250 4.904775975373878e+04
6.42500 4.901910973548968e+04
6.43750 4.898720550780209e+04
6.45000 4.895160408916050e+04
6.46250 4.891185720800930e+04
6.47500 4.886751337738068e+04
6.48750 4.881812162963624e+04
6.50000 4.876323744509470e+04
6.51250 4.870243134271325e+04
6.52500 4.863530040434728e+04
6.53750 4.856148265713552e+04
6.55000 4.848067375732559e+04
6.56250 4.839264486748262e+04
6.57500 4.829726010921450e+04
6.58750 4.819449164433264e+04
6.60000 4.808443041500320e+04
6.61250 4.796729092322325e+04
6.62500 4.784340912025287e+04
6.63750 4.771323337599459e+04
6.65000 4.757730941275820e+04
6.66250 4.743626082578034e+04
6.67500 4.729076724869528e+04
6.68750 4.714154232987703e+04
6.70000 4.698931352870080e+04
6.71250 4.683480542645589e+04
6.72500 4.667872786749163e+04
6.73750 4.652176983773644e+04
6.75000 4.636459952490188e+04
6.76250 4.620787044908838e+04
6.77500 4.605223294360211e+04
6.78750 4.589834981963323e+04
6.80000 4.574691520628270e+04
6.81250 4.559867695096358e+04
6.82500 4.545446637535001e+04
6.83750 4.531524575749302e+04
6.85000 4.518219616958692e+04
6.86250 4.505689297335615e+04
6.87500 4.494167196913080e+04
6.88750 4.484042780463295e+04
6.90000 4.476045721520270e+04
6.91250 4.471697839765086e+04
6.92500 4.474420986561999e+04
6.93750 4.490755476630286e+04
6.95000 4.519340807908446e+04
6.96250 4.510231511979360e+04
6.97500 4.462971213618992e+04
6.98750 4.428772807008122e+04
7.00000 4.407948159229501e+04
7.01250 4.394060030408388e+04
7.02500 4.383855501346383e+04
7.03750 4.375884182113758e+04
7.05000 4.369479156974929e+04
7.06250 4.364324117646716e+04
7.07500 4.360275478981435e+04
7.08750 4.357292223292339e+04
7.10000 4.355425313777111e+04
7.11250 4.354877708811717e+04
7.12500 4.356264723125558e+04
7.13750 4.361833181166294e+04
7.15000 4.383928063876404e+04
7.16250 4.414265693985102e+04
7.17500 4.424821433151257e+04
7.18750 4.420400320386630e+04
7.20000 4.457618744936875e+04
7.21250 4.397553185206592e+04
7.22500 4.386303564242901e+04
7.23750 4.382896138082913e+04
7.25000 4.383710123567640e+04
7.26250 4.386916690907830e+04
7.27500 4.391402039657507e+04
7.28750 4.396629434447314e+04
7.30000 4.402321368374977e+04
7.31250 4.408311994665501e+04
7.32500 4.414486581572740e+04
7.33750 4.420755649366635e+04
7.35000 4.427043165905265e+04
7.36250 4.433280825313371e+04
7.37500 4.439405159564770e+04
7.38750 4.445356072131277e+04
7.40000 4.451076143544593e+04
7.41250 4.456510392144157e+04
7.42500 4.461606326549783e+04
7.43750 4.466314199005112e+04
7.45000 4.470587403126971e+04
7.46250 4.474382974845522e+04
7.47500 4.477662160503918e+04
7.48750 4.480391015942401e+04
7.50000 4.482540997899645e+04
7.51250 4.484089506615538e+04
7.52500 4.485020338302390e+04
7.53750 4.485324010006289e+04
7.55000 4.484997928314394e+04
7.56250 4.484046387056024e+04
7.57500 4.482480395755081e+04
7.58750 4.480317357144481e+04
7.60000 4.477580625316108e+04
7.61250 4.474298983610430e+04
7.62500 4.470506082233279e+04
7.63750 4.466239870572783e+04
7.65000 4.461542050239137e+04
7.66250 4.456457564373503e+04
7.67500 4.451034128914066e+04
7.68750 4.445321803711994e+04
7.70000 4.439372596298553e+04
7.71250 4.433240088703806e+04
7.72500 4.426979077591950e+04
7.73750 4.420645219514950e+04
7.75000 4.414294675696581e+04
7.76250 4.407983753928267e+04
7.77500 4.401768548465756e+04
7.78750 4.395704581914555e+04
7.80000 4.389846455662425e+04
7.81250 4.384247517140314e+04
7.82500 4.378959552735009e+04
7.83750 4.374032514231087e+04
7.85000 4.369514284009705e+04
7.86250 4.365450479870566e+04
7.87500 4.361884294570927e+04
7.88750 4.358856358668016e+04
7.90000 4.356404609008475e+04
7.91250 4.354564140374579e+04
7.92500 4.353367015354725e+04
7.93750 4.352842007957693e+04
7.95000 4.353014259683112e+04
7.96250 4.353904832035469e+04
7.97500 4.355530146268796e+04
7.98750 4.357901310096317e+04
8.00000 4.361023345340601e+04
8.01250 4.364894356718321e+04
8.02500 4.369504729507159e+04
8.03750 4.374836519262739e+04
8.05000 4.380863290439110e+04
8.06250 4.387550727826138e+04
8.07500 4.394858297190014e+04
8.08750 4.402741977631250e+04
8.10000 4.411157638154813e+04
8.11250 4.420064197266988e+04
8.12500 4.429425629662691e+04
8.13750 4.439211343185608e+04
8.15000 4.449395214159551e+04
8.16250 4.459954259103974e+04
8.17500 4.470869532062437e+04
8.18750 4.482149245958381e+04
8.20000 4.493663107915619e+04
8.21250 4.505488752418377e+04
8.22500 4.517590108880518e+04
8.23750 4.529941909401809e+04
8.25000 4.542526235480981e+04
8.26250 4.555326949112333e+04
8.27500 4.568328179724318e+04
8.28750 4.581512919048712e+04
8.30000 4.594861636987278e+04
8.31250 4.608351171451254e+04
8.32500 4.621954137505336e+04
8.33750 4.635639072092150e+04
8.35000 4.649371695437872e+04
8.36250 4.663117718633391e+04
8.37500 4.676832818103609e+04
8.38750 4.690451633077773e+04
8.40000 4.703971226397045e+04
8.41250 4.717374206760703e+04
8.42500 4.730650537041372e+04
8.43750 4.743816334129109e+04
8.45000 4.756924229709039e+04
8.46250 4.770075919109956e+04
8.47500 4.783402414440451e+04
8.48750 4.797040697396725e+04
8.50000 4.811044580612748e+04
8.51250 4.824864850300838e+04
8.52500 4.837073126639747e+04
8.53750 4.846350935608428e+04
8.55000 4.853248143697871e+04
8.56250 4.859431879664634e+04
8.57500 4.865809210387869e+04
8.58750 4.872229493805511e+04
8.60000 4.878362478617093e+04
8.61250 4.884588692535988e+04
8.62500 4.891800496521639e+04
8.63750 4.901101556900674e+04
8.65000 4.914181456868207e+04
8.66250 4.933176086818354e+04
8.67500 4.955083187807180e+04
8.68750 4.960912923076672e+04
8.70000 4.945644893369023e+04
8.71250 4.929376016374656e+04
8.72500 4.918789201146024e+04
8.73750 4.912119862965651e+04
8.75000 4.907692435952229e+04
8.76250 4.904356835608069e+04
8.77500 4.901527260035850e+04
8.78750 4.898920916746745e+04
8.80000 4.896407573004006e+04
8.81250 4.893936634484974e+04
8.82500 4.891500481271942e+04
8.83750 4.889115246315364e+04
8.85000 4.886810407473719e+04
8.86250 4.884623025002116e+04
8.87500 4.882594492305792e+04
8.88750 4.880768652326108e+04
8.90000 4.879190641398467e+04
8.91250 4.877906104659479e+04
8.92500 4.876960591845625e+04
8.93750 4.876399040382214e+04
8.95000 4.876265309454241e+04
8.96250 4.876601758832913e+04
8.97500 4.877448879222510e+04
8.98750 4.878844983670416e+04
9.00000 4.880825967010736e+04
9.01250 4.883425135516265e+04
9.02500 4.886673103636913e+04
9.03750 4.890597749645820e+04
9.05000 4.895224217443774e+04
9.06250 4.900574947835576e+04
9.07500 4.906669719600117e+04
9.08750 4.913525679151768e+04
9.10000 4.921157338167100e+04
9.11250 4.929576521743599e+04
9.12500 4.938792255630172e+04
9.13750 4.948810589459788e+04
9.15000 4.959634362795121e+04
9.16250 4.971262930786436e+04
9.17500 4.983691874739721e+04
9.18750 4.996912728385857e+04
9.20000 5.010912751979400e+04
9.21250 5.025674782959100e+04
9.22500 5.041177183876553e+04
9.23750 5.057393896415540e+04
9.25000 5.074294595927752e+04
9.26250 5.091844925720019e+04
9.27500 5.110006776185460e+04
9.28750 5.128738562489340e+04
9.30000 5.147995447394108e+04
9.31250 5.167729454484652e+04
9.32500 5.187889424005835e+04
9.33750 5.208420783519634e+04
9.35000 5.229265146844805e+04
9.36250 5.250359827643155e+04
9.37500 5.271637463553104e+04
9.38750 5.293026075060455e+04
9.40000 5.314449966349551e+04
9.41250 5.335831798534050e+04
9.42500 5.357095821842459e+04
9.43750 5.378171678974661e+04
9.45000 5.398997677284244e+04
9.46250 5.419522398181882e+04
9.47500 5.439704146805972e+04
9.48750 5.459508698367024e+04
9.50000 5.478906440196052e+04
9.51250 5.497869988675087e+04
9.52500 5.516372853157939e+04
9.53750 5.534389152699059e+04
9.55000 5.551894058318871e+04
9.56250 5.568864568322070e+04
9.57500 5.585280316485781e+04
9.58750 5.601124246067099e+04
9.60000 5.616383092264892e+04
9.61250 5.631047684878026e+04
9.62500 5.645113117703258e+04
9.63750 5.658578843719608e+04
9.65000 5.671448755379820e+04
9.66250 5.683731304083515e+04
9.67500 5.695439706549601e+04
9.68750 5.706592281990323e+04
9.70000 5.717212966886526e+04
9.71250 5.727332069458844e+04
9.72500 5.736987361600119e+04
9.73750 5.746225672897725e+04
9.75000 5.755105262313443e+04
9.76250 5.763699406029900e+04
9.77500 5.772101826289504e+04
9.78750 5.780434611053015e+04
9.80000 5.788858384259387e+04
9.81250 5.797580061173005e+04
9.82500 5.806837765367432e+04
9.83750 5.816799194042166e+04
9.85000 5.827245696422494e+04
9.86250 5.837053289438548e+04
9.87500 5.844334792485673e+04
9.88750 5.848279591801713e+04
9.90000 5.850298509595401e+04
9.91250 5.852310159220193e+04
9.92500 5.855287777088715e+04
9.93750 5.859437792287818e+04
9.95000 5.864711307240625e+04
9.96250 5.871077145654242e+04
9.97500 5.878662738327089e+04
9.98750 5.887982282154258e+04
10.00000 5.900611357536131e+04
