-8.00000 2.930195884783434e-01
-7.97600 3.135648713769627e-01
-7.95200 3.336220964936156e-01
-7.92800 3.533393081704438e-01
-7.90400 3.732115906098458e-01
-7.88000 3.934603587746691e-01
-7.85600 4.130882785420343e-01
-7.83200 4.302542943731376e-01
-7.80800 4.438520232663140e-01
-7.78400 4.539945480586743e-01
-7.76000 4.611155104297758e-01
-7.73600 4.653340124439019e-01
-7.71200 4.665322176051613e-01
-7.68800 4.645837263699998e-01
-7.66400 4.594572607457089e-01
-7.64000 4.512296399523116e-01
-7.61600 4.400640103432467e-01
-7.59200 4.261692625653234e-01
-7.56800 4.097152736472330e-01
-7.54400 3.906589091622907e-01
-7.52000 3.686210824224206e-01
-7.49600 3.433114210365261e-01
-7.47200 3.154932652593004e-01
-7.44800 2.870821032799261e-01
-7.42400 2.597396175482894e-01
-7.40000 2.338680680371975e-01
-7.37600 2.091704945442796e-01
-7.35200 1.854815368913702e-01
-7.32800 1.629051530500176e-01
-7.30400 1.416127137464766e-01
-7.28000 1.217063129680801e-01
-7.25600 1.031848558282673e-01
-7.23200 8.595521342780507e-02
-7.20800 6.985852252524494e-02
-7.18400 5.469984212403878e-02
-7.16000 4.027450868534570e-02
-7.13600 2.638745297690140e-02
-7.11200 1.286452912405012e-02
-7.08800 -4.429990434028339e-04
-7.06400 -1.365866499340330e-02
-7.04000 -2.688352336264900e-02
-7.01600 -4.019975933388914e-02
-6.99200 -5.367424512087172e-02
-6.96800 -6.736166760839592e-02
-6.94400 -8.130718372622871e-02
-6.92000 -9.554869025642780e-02
-6.89600 -1.101188023611077e-01
-6.87200 -1.250465964030981e-01
-6.84800 -1.403591349440453e-01
-6.82400 -1.560827725715090e-01
-6.80000 -1.722442387001942e-01
-6.77600 -1.888714989738489e-01
-6.75200 -2.059944027855804e-01
-6.72800 -2.236451274785703e-01
-6.70400 -2.418584306024088e-01
-6.68000 -2.606717226528601e-01
-6.65600 -2.801249763276826e-01
-6.63200 -3.002604954057670e-01
-6.60800 -3.211225760731647e-01
-6.58400 -3.427571036187214e-01
-6.56000 -3.652111349073386e-01
-6.53600 -3.885325190099916e-01
-6.51200 -4.127696028272580e-01
-6.48800 -4.379710550222087e-01
-6.46400 -4.641858214820812e-01
-6.44000 -4.914632020561264e-01
-6.41600 -5.198530159464246e-01
-6.39200 -5.494058067046179e-01
-6.36800 -5.801730313899607e-01
-6.34400 -6.122071842941856e-01
-6.32000 -6.455618233337831e-01
-6.29600 -6.802914935350319e-01
-6.27200 -7.164515714628066e-01
-6.24800 -7.540980802643369e-01
-6.22400 -7.932875408551776e-01
-6.20000 -8.340769262139809e-01
-6.17600 -8.765237714129195e-01
-6.15200 -9.206864641080774e-01
-6.12800 -9.666247041829847e-01
-6.10400 -1.014400084581809e+00
-6.08000 -1.064076715995082e+00
-6.05600 -1.115721802503713e+00
-6.03200 -1.169406077248456e+00
-6.00800 -1.225204026734474e+00
-5.98400 -1.283193865963198e+00
-5.96000 -1.343457267873798e+00
-5.93600 -1.406078891847346e+00
-5.91200 -1.471145789767628e+00
-5.88800 -1.538746788530027e+00
-5.86400 -1.608971951856807e+00
-5.84000 -1.681912211853691e+00
-5.81600 -1.757659234856270e+00
-5.79200 -1.836305551800500e+00
-5.76800 -1.917944946678670e+00
-5.74400 -2.002673063590995e+00
-5.72000 -2.090588168442026e+00
-5.69600 -2.181791988833495e+00
-5.67200 -2.276390556733739e+00
-5.64800 -2.374494992876523e+00
-5.62400 -2.476222197786191e+00
-5.60000 -2.581695448562667e+00
-5.57600 -2.691044938215612e+00
-5.55200 -2.804408328826113e+00
-5.52800 -2.921931412989703e+00
-5.50400 -3.043768981134992e+00
-5.48000 -3.170085968277604e+00
-5.45600 -3.301058900434838e+00
-5.43200 -3.436877584984970e+00
-5.40800 -3.577746908619038e+00
-5.38400 -3.723888548756131e+00
-5.36000 -3.875542398770643e+00
-5.33600 -4.032967571322922e+00
-5.31200 -4.196442966705000e+00
-5.28800 -4.366267527963785e+00
-5.26400 -4.542760383330346e+00
-5.24000 -4.726261052189546e+00
-5.21600 -4.917129798569386e+00
-5.19200 -5.115748204072888e+00
-5.16800 -5.322520285263344e+00
-5.14400 -5.537874988193790e+00
-5.12000 -5.762271172139375e+00
-5.09600 -5.996205355868158e+00
-5.07200 -6.240220150990215e+00
-5.04800 -6.494909213011306e+00
-5.02400 -6.760917429653365e+00
-5.00000 -7.038947165346071e+00
-4.97600 -7.329795660318216e+00
-4.95200 -7.634437945393891e+00
-4.92800 -7.954124402005106e+00
-4.90400 -8.290509363322924e+00
-4.88000 -8.646162987229939e+00
-4.85600 -9.025950009728080e+00
-4.83200 -9.437883603696731e+00
-4.80800 -9.885416807065258e+00
-4.78400 -1.035789345805006e+01
-4.76000 -1.084936948766983e+01
-4.73600 -1.136023044225472e+01
-4.71200 -1.188796270786445e+01
-4.68800 -1.243391962639471e+01
-4.66400 -1.300025201335941e+01
-4.64000 -1.358758517564167e+01
-4.61600 -1.419490783703568e+01
-4.59200 -1.482087627680865e+01
-4.56800 -1.547477132404835e+01
-4.54400 -1.615969906226283e+01
-4.52000 -1.687261753646665e+01
-4.49600 -1.761941721148853e+01
-4.47200 -1.841479358064112e+01
-4.44800 -1.928224318420760e+01
-4.42400 -2.025202204723728e+01
-4.40000 -2.135053492287706e+01
-4.37600 -2.258938851485481e+01
-4.35200 -2.396468095158576e+01
-4.32800 -2.546738792815790e+01
-4.30400 -2.709480022321237e+01
-4.28000 -2.885233562627976e+01
-4.25600 -3.074589091658306e+01
-4.23200 -3.277578471872475e+01
-4.20800 -3.494225764650583e+01
-4.18400 -3.726033303172698e+01
-4.16000 -3.977098127601126e+01
-4.13600 -4.253647957250864e+01
-4.11200 -4.562138692232142e+01
-4.08800 -4.907729431506169e+01
-4.06400 -5.294969280186420e+01
-4.04000 -5.731954737295710e+01
-4.01600 -6.231978214758502e+01
-3.99200 -6.769796042110922e+01
-3.96800 -7.334242977128598e+01
-3.94400 -7.890090109695261e+01
-3.92000 -8.408840604984191e+01
-3.89600 -8.888955332056035e+01
-3.87200 -9.339891116938216e+01
-3.84800 -9.779310695665998e+01
-3.82400 -1.022540417105815e+02
-3.80000 -1.069605722451882e+02
-3.77600 -1.121084679071700e+02
-3.75200 -1.179353551792045e+02
-3.72800 -1.247191857644065e+02
-3.70400 -1.327063776867578e+02
-3.68000 -1.420457403807317e+02
-3.65600 -1.529343031347924e+02
-3.63200 -1.657902978894726e+02
-3.60800 -1.813464331433889e+02
-3.58400 -2.005640529663319e+02
-3.56000 -2.238653732794676e+02
-3.53600 -2.499170648337449e+02
-3.51200 -2.749106548606389e+02
-3.48800 -2.932744239413519e+02
-3.46400 -2.998876444549030e+02
-3.44000 -2.925335122067144e+02
-3.41600 -2.729069473289891e+02
-3.39200 -2.454592379399953e+02
-3.36800 -2.152026638723013e+02
-3.34400 -1.863961025204241e+02
-3.32000 -1.658483328003450e+02
-3.29600 -1.563413414069049e+02
-3.27200 -1.517234450009571e+02
-3.24800 -1.538530851521426e+02
-3.22400 -1.491657665006801e+02
-3.20000 -1.502447422705082e+02
-3.17600 -1.609006369206166e+02
-3.15200 -3.525342766463842e+01
-3.12800 -1.953982572420656e+02
-3.10400 -2.068076458261234e+02
-3.08000 -2.055159405463017e+02
-3.05600 -1.801225549879718e+02
-3.03200 -1.167416861935088e+02
-3.00800 -1.402865976480084e+01
-2.98400 1.074167969799354e+02
-2.96000 2.654474601023419e+02
-2.93600 4.450210626882209e+02
-2.91200 3.813879484459452e+02
-2.88800 8.913570196852092e+01
-2.86400 -1.095723958465867e+02
-2.84000 -1.790703301723470e+02
-2.81600 -2.126109379532454e+02
-2.79200 -2.458118720245487e+02
-2.76800 -2.826171243658100e+02
-2.74400 -3.212901171452268e+02
-2.72000 -3.591573105432694e+02
-2.69600 -3.933578784433513e+02
-2.67200 -4.211425821740300e+02
-2.64800 -4.399420181661272e+02
-2.62400 -4.475287306324613e+02
-2.60000 -4.424573858743408e+02
-2.57600 -4.229614778543423e+02
-2.55200 -3.913211383825602e+02
-2.52800 -3.518578852325787e+02
-2.50400 -3.095855305528792e+02
-2.48000 -2.683368589199677e+02
-2.45600 -2.328587127207521e+02
-2.43200 -2.069830313478766e+02
-2.40800 -1.923811817394686e+02
-2.38400 -1.902167770093727e+02
-2.36000 -2.026208602047500e+02
-2.33600 -2.328519117652853e+02
-2.31200 -2.773590713399460e+02
-2.28800 -3.270037596768831e+02
-2.26400 -4.023659606353068e+02
-2.24000 -4.257607602270393e+02
-2.21600 -3.256276744025024e+02
-2.19200 -2.879440934292801e+02
-2.16800 -2.646264270187072e+02
-2.14400 -2.551091583129078e+02
-2.12000 -2.492312079045770e+02
-2.09600 -2.495128972121720e+02
-2.07200 -2.562131109900766e+02
-2.04800 -2.647124827669180e+02
-2.02400 -2.716355953033281e+02
-2.00000 -2.763986799213391e+02
-1.97600 -2.799835490198191e+02
-1.95200 -2.839883978511752e+02
-1.92800 -2.896912508095417e+02
-1.90400 -2.952808592808938e+02
-1.88000 -2.908176089521933e+02
-1.85600 -2.655625269696794e+02
-1.83200 -2.322058407968831e+02
-1.80800 -2.116087837395627e+02
-1.78400 -1.968935681443916e+02
-1.76000 -7.870533127417306e+01
-1.73600 -1.753189026433619e+02
-1.71200 -1.345639532437077e+02
-1.68800 -1.480873189583172e+02
-1.66400 -1.677676577051936e+02
-1.64000 -1.830493559479467e+02
-1.61600 -1.982288541650910e+02
-1.59200 -2.204857392038651e+02
-1.56800 -2.566554553512047e+02
-1.54400 -3.274804949749338e+02
-1.52000 -4.925330333194257e+02
-1.49600 -6.987379085762067e+02
-1.47200 -6.365239975900361e+02
-1.44800 -3.696172251611974e+02
-1.42400 -2.119792437637900e+02
-1.40000 -1.423235041982090e+02
-1.37600 -8.636022265422531e+01
-1.35200 -2.897118104148039e+01
-1.32800 1.876357066079209e+01
-1.30400 6.242239673934268e+01
-1.28000 1.134209458043598e+02
-1.25600 1.827229093749070e+02
-1.23200 2.479733259518358e+02
-1.20800 2.848767870691488e+02
-1.18400 2.693995772584355e+02
-1.16000 2.589150872781007e+02
-1.13600 3.017571143481114e+02
-1.11200 3.736072518804451e+02
-1.08800 4.657063958981314e+02
-1.06400 5.783743555908532e+02
-1.04000 6.370224569136235e+02
-1.01600 5.545999756575538e+02
-0.99200 4.426749499974052e+02
-0.96800 4.215838624648000e+02
-0.94400 4.499862794542971e+02
-0.92000 4.604242283547960e+02
-0.89600 4.996481979723734e+02
-0.87200 5.156865754607720e+02
-0.84800 5.286054792673996e+02
-0.82400 5.604859280651997e+02
-0.80000 4.806425817350800e+02
-0.77600 2.743090387208935e+02
-0.75200 1.007750379045464e+02
-0.72800 -1.417765578967332e+01
-0.70400 1.675499431629123e+01
-0.68000 1.325291679890862e+02
-0.65600 1.979061306677565e+02
-0.63200 2.158594495968303e+02
-0.60800 2.050398942944488e+02
-0.58400 1.843233043088356e+02
-0.56000 1.847875050521260e+02
-0.53600 2.345411425878854e+02
-0.51200 3.302580708285946e+02
-0.48800 4.406102562297969e+02
-0.46400 5.391343648754107e+02
-0.44000 6.187010237202512e+02
-0.41600 6.837565087434041e+02
-0.39200 7.686719572064154e+02
-0.36800 8.366336476014613e+02
-0.34400 7.788923412582049e+02
-0.32000 8.093612223038795e+02
-0.29600 8.422068202407032e+02
-0.27200 8.789477635807625e+02
-0.24800 9.118244464318776e+02
-0.22400 9.257019985224347e+02
-0.20000 9.167372499629018e+02
-0.17600 9.014641153460630e+02
-0.15200 9.022108089345061e+02
-0.12800 9.268796529111899e+02
-0.10400 9.716577898779129e+02
-0.08000 1.038447543845615e+03
-0.05600 1.138982266417566e+03
-0.03200 1.263548133788468e+03
-0.00800 1.355078576204085e+03
0.01600 1.367553451686444e+03
0.04000 1.327616141951114e+03
0.06400 1.279986135332680e+03
0.08800 1.221663646874320e+03
0.11200 1.190282801060361e+03
0.13600 1.177168545959248e+03
0.16000 1.157338330390033e+03
0.18400 1.126829851017034e+03
0.20800 1.080128200005254e+03
0.23200 1.008253250266914e+03
0.25600 9.043181687342344e+02
0.28000 7.728427605647406e+02
0.30400 6.304633754103743e+02
0.32800 5.005298405851044e+02
0.35200 4.000296186149682e+02
0.37600 3.371496192496881e+02
0.40000 3.056273896396883e+02
0.42400 2.953882282723352e+02
0.44800 2.975813957306357e+02
0.47200 3.066439032961324e+02
0.49600 3.196055395819703e+02
0.52000 3.348131895853413e+02
0.54400 3.510961561930773e+02
0.56800 3.674061593370891e+02
0.59200 3.827586517911877e+02
0.61600 3.965249441722553e+02
0.64000 4.100732273579198e+02
0.66400 4.204279266950523e+02
0.68800 4.284937278176762e+02
0.71200 4.336821653611188e+02
0.73600 4.354330453200254e+02
0.76000 4.332420528295218e+02
0.78400 4.267764804063484e+02
0.80800 4.160186109248290e+02
0.83200 4.013884841920463e+02
0.85600 3.838074947962245e+02
0.88000 3.646670620817405e+02
0.90400 3.456834697417659e+02
0.92800 3.286466716964934e+02
0.95200 3.150957812054712e+02
0.97600 3.059734888084847e+02
1.00000 3.023101946481090e+02
1.02400 3.011523544443730e+02
1.04800 3.014847839367214e+02
1.07200 3.005739337424499e+02
1.09600 2.952507282958226e+02
1.12000 2.815500126849377e+02
1.14400 2.573304221774546e+02
1.16800 2.240870759740339e+02
1.19200 1.842977510127418e+02
1.21600 1.367622134884744e+02
1.24000 8.035928359790915e+01
1.26400 1.672119856642653e+01
1.28800 -1.806774559151982e+02
1.31200 -3.458388574887988e+02
1.33600 -2.386484859439555e+02
1.36000 -3.282302972550417e+02
1.38400 -4.043765025854171e+02
1.40800 -4.206476918257086e+02
1.43200 -4.292863068470370e+02
1.45600 -4.551321830116396e+02
1.48000 -4.385493918182864e+02
1.50400 -2.513450406079205e+02
1.52800 -2.307845236107029e+01
1.55200 -2.563770756740838e+01
1.57600 -1.537534882513889e+02
1.60000 -2.755145739319007e+02
1.62400 -3.222525229548839e+02
1.64800 -3.412569812839957e+02
1.67200 -3.331900430910474e+02
1.69600 -3.166389606652265e+02
1.72000 -3.044374046571031e+02
1.74400 -3.065570169630188e+02
1.76800 -3.261343589646583e+02
1.79200 -3.542515284959246e+02
1.81600 -3.722221186480367e+02
1.84000 -3.647318029596566e+02
1.86400 -3.322874334304535e+02
1.88800 -2.897936883948433e+02
1.91200 -2.537418530442749e+02
1.93600 -2.318771692214303e+02
1.96000 -2.231739469440430e+02
1.98400 -2.247635364839637e+02
2.00800 -2.391021659469260e+02
2.03200 -2.750650096404544e+02
2.05600 -3.369162046437289e+02
2.08000 -4.077507321821793e+02
2.10400 -4.536824166852952e+02
2.12800 -4.562405934423625e+02
2.15200 -4.326222982899895e+02
2.17600 -4.151138856996074e+02
2.20000 -4.137898028607599e+02
2.22400 -4.262610081749376e+02
2.24800 -4.619161417849542e+02
2.27200 -5.277528636280091e+02
2.29600 -5.908367857854556e+02
2.32000 -6.419426455539788e+02
2.34400 -6.785196812590568e+02
2.36800 -7.008156896812849e+02
2.39200 -7.105763049134241e+02
2.41600 -7.093637974379344e+02
2.44000 -6.974826646749988e+02
2.46400 -6.743526278233320e+02
2.48800 -6.422529896253282e+02
2.51200 -6.182455960950439e+02
2.53600 -5.645447227805346e+02
2.56000 -5.142491562674633e+02
2.58400 -4.655090817377296e+02
2.60800 -4.201920820670874e+02
2.63200 -3.791464724324027e+02
2.65600 -3.425697531292624e+02
2.68000 -3.103063653013327e+02
2.70400 -2.820271682824728e+02
2.72800 -2.573270297512111e+02
2.75200 -2.357790107410532e+02
2.77600 -2.169662059157054e+02
2.80000 -2.005005698060045e+02
2.82400 -1.860331392603588e+02
2.84800 -1.732583003627023e+02
2.87200 -1.619140021596711e+02
2.89600 -1.517793601322291e+02
2.92000 -1.426707358834109e+02
2.94400 -1.344370862645389e+02
2.96800 -1.269551354984993e+02
2.99200 -1.201247333722928e+02
3.01600 -1.138646168046312e+02
3.04000 -1.081086854385385e+02
3.06400 -1.028028278007067e+02
3.08800 -9.790228616615511e+01
3.11200 -9.336951914672812e+01
3.13600 -8.917250566977846e+01
3.16000 -8.528342802952999e+01
3.18400 -8.167767177259120e+01
3.20800 -7.833308395123039e+01
3.23200 -7.522943710213210e+01
3.25600 -7.234805307584695e+01
3.28000 -6.967154782047852e+01
3.30400 -6.718366494308694e+01
3.32800 -6.486917204993870e+01
3.35200 -6.271379935058154e+01
3.37600 -6.070420474249951e+01
3.40000 -5.882795357867693e+01
3.42400 -5.707350460588714e+01
3.44800 -5.543019621601223e+01
3.47200 -5.388822925426965e+01
3.49600 -5.243864425589605e+01
3.52000 -5.107329221082063e+01
3.54400 -4.978479885135518e+01
3.56800 -4.856652308031407e+01
3.59200 -4.741251055809597e+01
3.61600 -4.631744369209534e+01
3.64000 -4.527658935931427e+01
3.66400 -4.428574567670832e+01
3.68800 -4.334118904235532e+01
3.71200 -4.243962252817987e+01
3.73600 -4.157812653184678e+01
3.76000 -4.075411240795989e+01
3.78400 -3.996527960968281e+01
3.80800 -3.920957669121596e+01
3.83200 -3.848516635611760e+01
3.85600 -3.779039459099552e+01
3.88000 -3.712376380115490e+01
3.90400 -3.648390976541656e+01
3.92800 -3.586958215125134e+01
3.95200 -3.527962827730936e+01
3.97600 -3.471297977649570e+01
4.00000 -3.416864179653159e+01
