0.00000 0.000000000000000e+00
0.01388 1.856797387751068e-02
0.02777 1.426923406283394e-01
0.04165 1.547645211915380e-01
0.05554 6.778868390544315e-02
0.06942 5.309789501553128e-02
0.08331 6.534416088654749e-02
0.09719 8.850510882646319e-02
0.11107 1.142949154660505e-01
0.12496 1.399751628847016e-01
0.13884 1.661261915111570e-01
0.15273 1.931000135710967e-01
0.16661 2.205994258456377e-01
0.18050 2.482520900087053e-01
0.19438 2.757894257488384e-01
0.20827 3.030052306478814e-01
0.22215 3.297141001673436e-01
0.23603 3.557565073753985e-01
0.24992 3.810246278163153e-01
0.26380 4.054849012213780e-01
0.27769 4.291970530553316e-01
0.29157 4.523219747956116e-01
0.30546 4.750960749824510e-01
0.31934 4.977509131450943e-01
0.33322 5.203705695013718e-01
0.34711 5.427325609056319e-01
0.36099 5.642581284903830e-01
0.37488 5.841433818257838e-01
0.38876 6.016120759882657e-01
0.40265 6.169050222361550e-01
0.41653 6.293577998324226e-01
0.43041 6.392507604191622e-01
0.44430 6.475433107404294e-01
0.45818 6.562755399498104e-01
0.47207 6.689154174983495e-01
0.48595 6.896990167160342e-01
0.49984 7.217226979258826e-01
0.51372 7.651864333005037e-01
0.52760 8.176085908085380e-01
0.54149 8.755716697472578e-01
0.55537 9.360352085466116e-01
0.56926 9.965337296578138e-01
0.58314 1.055202730699883e+00
0.59703 1.111144385804954e+00
0.61091 1.164124271231845e+00
0.62480 1.213598726463134e+00
0.63868 1.258540366045280e+00
0.65256 1.298270556793921e+00
0.66645 1.333389856925386e+00
0.68033 1.366277418359161e+00
0.69422 1.401381772156296e+00
0.70810 1.445293060953365e+00
0.72199 1.504287130565268e+00
0.73587 1.574978151613069e+00
0.74975 1.636270919580264e+00
0.76364 1.670357398913882e+00
0.77752 1.684903409219185e+00
0.79141 1.695365383940255e+00
0.80529 1.704388217507497e+00
0.81918 1.708412887344097e+00
0.83306 1.708779626174547e+00
0.84694 1.737768192803531e+00
0.86083 1.826638699856766e+00
0.87471 1.957810999196091e+00
0.88860 2.115750795087401e+00
0.90248 2.512080286359833e+00
0.91637 2.623913201350754e+00
0.93025 2.662634895895494e+00
0.94413 2.464884952940781e+00
0.95802 2.358654922389445e+00
0.97190 2.316340008056640e+00
0.98579 2.257291906461581e+00
0.99967 2.293568126950403e+00
1.01356 2.302298256024427e+00
1.02744 2.666172086896634e+00
1.04133 2.783125712424623e+00
1.05521 2.860814401035854e+00
1.06909 2.919859142736427e+00
1.08298 2.965729226327102e+00
1.09686 3.004106793225827e+00
1.11075 3.035845542546165e+00
1.12463 3.061816171457347e+00
1.13852 3.088075136933415e+00
1.15240 3.113678879257439e+00
1.16628 3.140035758936417e+00
1.18017 3.169757644219358e+00
1.19405 3.201811166808778e+00
1.20794 3.234771251813406e+00
1.22182 3.268846343359377e+00
1.23571 3.304156390124813e+00
1.24959 3.340411355281071e+00
1.26347 3.377222789871980e+00
1.27736 3.414540926571394e+00
1.29124 3.452574755686862e+00
1.30513 3.491373673862688e+00
1.31901 3.530789906121131e+00
1.33290 3.570739421583832e+00
1.34678 3.611304014993313e+00
1.36066 3.652645704556720e+00
1.37455 3.694893090391954e+00
1.38843 3.738108023599424e+00
1.40232 3.782294354272549e+00
1.41620 3.827403565933237e+00
1.43009 3.873324767275594e+00
1.44397 3.919924953421825e+00
1.45786 3.967007004101736e+00
1.47174 4.014331915067920e+00
1.48562 4.061650036931677e+00
1.49951 4.108783210029728e+00
1.51339 4.155713512530296e+00
1.52728 4.202640311144802e+00
1.54116 4.250053087736471e+00
1.55505 4.298157891469093e+00
1.56893 4.348323555901229e+00
1.58281 4.397205366128781e+00
1.59670 4.465263632135197e+00
1.61058 4.551713858132996e+00
1.62447 4.710035859385595e+00
1.63835 4.721745089521268e+00
1.65224 4.737576205243636e+00
1.66612 4.780370565722488e+00
1.68000 4.826761323985091e+00
1.69389 4.869723203141509e+00
1.70777 4.910864451641062e+00
1.72166 4.955050401129331e+00
1.73554 5.004078132928270e+00
1.74943 5.051433326609998e+00
1.76331 5.095115601015391e+00
1.77719 5.143910612674520e+00
1.79108 5.203381789885784e+00
1.80496 5.267911995882392e+00
1.81885 5.319156706538066e+00
1.83273 5.367819818593479e+00
1.84662 5.425545240252561e+00
1.86050 5.476142512757018e+00
1.87439 5.517084695859813e+00
1.88827 5.573437605864390e+00
1.90215 5.619272917522900e+00
1.91604 5.682749550978884e+00
1.92992 5.751219125402439e+00
1.94381 5.853119515218560e+00
1.95769 5.966735171599491e+00
1.97158 6.086535469215375e+00
1.98546 6.206106349837902e+00
1.99934 6.312464517051074e+00
2.01323 6.429680610966939e+00
2.02711 6.514740320121904e+00
2.04100 6.598944160797688e+00
2.05488 6.660828592522642e+00
2.06877 6.668566438160243e+00
2.08265 6.668594620310520e+00
2.09653 6.661923938363397e+00
2.11042 6.644444584623179e+00
2.12430 6.620969325667889e+00
2.13819 6.601123867262237e+00
2.15207 6.576597169908631e+00
2.16596 6.556968918155404e+00
2.17984 6.513598876941995e+00
2.19372 6.426186078005384e+00
2.20761 6.297915091499975e+00
2.22149 6.120284205149956e+00
2.23538 5.903490157298419e+00
2.24926 5.676513149100505e+00
2.26315 5.477007214736837e+00
2.27703 5.333159075626150e+00
2.29092 5.275612518368983e+00
2.30480 5.326139994172915e+00
2.31868 5.446223635850138e+00
2.33257 5.480251267241500e+00
2.34645 5.624706502907667e+00
2.36034 5.414893386907695e+00
2.37422 5.370227062158588e+00
2.38811 5.306839897851637e+00
2.40199 5.190817546273383e+00
2.41587 5.204233914250474e+00
2.42976 5.255861147256059e+00
2.44364 5.318136170117444e+00
2.45753 5.420907236859933e+00
2.47141 5.638965920372081e+00
2.48530 5.883736044508389e+00
2.49918 5.864123431667415e+00
2.51306 5.943439504484059e+00
2.52695 6.019760448342415e+00
2.54083 6.052216632867862e+00
2.55472 6.092425695633926e+00
2.56860 6.153289735185839e+00
2.58249 6.182069210718942e+00
2.59637 6.204696444031836e+00
2.61026 6.211504983132135e+00
2.62414 6.215741751512146e+00
2.63802 6.184580372089164e+00
2.65191 6.174191253780767e+00
2.66579 6.171808806694358e+00
2.67968 6.175554988773077e+00
2.69356 6.191198841865418e+00
2.70745 6.203400188808989e+00
2.72133 6.139684091963954e+00
2.73521 6.030340301734433e+00
2.74910 5.929974521695131e+00
2.76298 5.851648066876693e+00
2.77687 5.788801233640890e+00
2.79075 5.731659363406998e+00
2.80464 5.671650809829975e+00
2.81852 5.609534983608143e+00
2.83240 5.555238767199866e+00
2.84629 5.503556148889749e+00
2.86017 5.436427599390079e+00
2.87406 5.333812607997590e+00
2.88794 5.183059792437721e+00
2.90183 5.144697406945773e+00
2.91571 5.241356848825878e+00
2.92959 5.294527523866671e+00
2.94348 5.312379646407125e+00
2.95736 5.322950439703073e+00
2.97125 5.345494966028043e+00
2.98513 5.289418779444452e+00
2.99902 5.263192870984184e+00
3.01290 5.279008751863663e+00
3.02679 5.301093139857297e+00
3.04067 5.278069398313272e+00
3.05455 5.245288109576099e+00
3.06844 5.239674821168861e+00
3.08232 5.251706660892216e+00
3.09621 5.284609573686335e+00
3.11009 5.326808187533006e+00
3.12398 5.337124704044860e+00
3.13786 5.306839271358573e+00
3.15174 5.265351252406041e+00
3.16563 5.192689977343853e+00
3.17951 5.111888478278563e+00
3.19340 5.020627515769776e+00
3.20728 4.918614751482247e+00
3.22117 4.805340262141873e+00
3.23505 4.674315005068541e+00
3.24893 4.510364072273306e+00
3.26282 4.286097333569560e+00
3.27670 3.967624346336803e+00
3.29059 3.552408557142785e+00
3.30447 3.064192816819807e+00
3.31836 2.522793278392891e+00
3.33224 1.981590745128233e+00
3.34612 1.440100452368537e+00
3.36001 1.097471982763267e+00
3.37389 1.007655449051944e+00
3.38778 9.739062407397794e-01
3.40166 1.122811903847052e+00
3.41555 1.651918436957085e+00
3.42943 2.013915175164902e+00
3.44332 6.518163168226191e-01
3.45720 1.151194196960105e-01
3.47108 4.239602077297688e-01
3.48497 1.356356073408533e+00
3.49885 1.892921326147147e+00
3.51274 2.196608320266693e+00
3.52662 2.401903837179284e+00
3.54051 2.554235701996869e+00
3.55439 2.666776372762619e+00
3.56827 2.742744637778228e+00
3.58216 2.789178249656273e+00
3.59604 2.828132965512388e+00
3.60993 2.899666382753158e+00
3.62381 2.963873462494860e+00
3.63770 3.068613597975506e+00
3.65158 3.163271035021427e+00
3.66546 3.234240504252787e+00
3.67935 3.780706585646940e+00
3.69323 4.392202407332308e+00
3.70712 2.834874975664520e+00
3.72100 2.532295668742455e+00
3.73489 2.371262962443019e+00
3.74877 2.274632984764059e+00
3.76265 2.239734359252232e+00
3.77654 2.247430800398176e+00
3.79042 2.270005815687763e+00
3.80431 2.291967809943848e+00
3.81819 2.309564896466211e+00
3.83208 2.326556787152863e+00
3.84596 2.341724153676699e+00
3.85985 2.355858620335748e+00
3.87373 2.370297584913370e+00
3.88761 2.385328278280758e+00
3.90150 2.400535134000347e+00
3.91538 2.413654921455723e+00
3.92927 2.426908994704883e+00
3.94315 2.439548209710901e+00
3.95704 2.451208442534209e+00
3.97092 2.461790767173971e+00
3.98480 2.471255606082690e+00
3.99869 2.479572484234474e+00
4.01257 2.486862809526107e+00
4.02646 2.493832756814033e+00
4.04034 2.502451031399461e+00
4.05423 2.516046141335782e+00
4.06811 2.537512080564708e+00
4.08199 2.566637200633559e+00
4.09588 2.600063243116343e+00
4.10976 2.631960290416219e+00
4.12365 2.653828704921261e+00
4.13753 2.667237600734827e+00
4.15142 2.677841852956192e+00
4.16530 2.687214110578853e+00
4.17918 2.696777403536812e+00
4.19307 2.707614471130974e+00
4.20695 2.720027904070489e+00
4.22084 2.733696608087342e+00
4.23472 2.748189182908961e+00
4.24861 2.763293850786990e+00
4.26249 2.778696333399330e+00
4.27638 2.795186945669645e+00
4.29026 2.813825784979459e+00
4.30414 2.834930520612448e+00
4.31803 2.858835489541677e+00
4.33191 2.885315127375386e+00
4.34580 2.914059844376528e+00
4.35968 2.946113887307371e+00
4.37357 2.984917733102801e+00
4.38745 3.040977022803496e+00
4.40133 3.138213800308820e+00
4.41522 3.167825813096119e+00
4.42910 3.138769357039057e+00
4.44299 3.146454511788652e+00
4.45687 3.165786571880284e+00
4.47076 3.187367791376936e+00
4.48464 3.208256266324821e+00
4.49852 3.229214417135571e+00
4.51241 3.251051223587548e+00
4.52629 3.274418423647325e+00
4.54018 3.299974306137783e+00
4.55406 3.328440473857288e+00
4.56795 3.361886032731924e+00
4.58183 3.403456824049182e+00
4.59571 3.435280234437730e+00
4.60960 3.474884700152226e+00
4.62348 3.526291266533589e+00
4.63737 3.585739112400822e+00
4.65125 3.651871621695582e+00
4.66514 3.725907720180579e+00
4.67902 3.810792384070643e+00
4.69291 3.912044420282940e+00
4.70679 4.036833050618826e+00
4.72067 4.191705897435878e+00
4.73456 4.381579610995898e+00
4.74844 4.619071251295740e+00
4.76233 4.931388450680766e+00
4.77621 5.073922990397682e+00
4.79010 4.953415480555213e+00
4.80398 4.869441280566446e+00
4.81786 4.818924574517840e+00
4.83175 4.762851827753024e+00
4.84563 4.700226516207954e+00
4.85952 4.639463127869808e+00
4.87340 4.585523364854384e+00
4.88729 4.537856961716328e+00
4.90117 4.497261234291142e+00
4.91505 4.464236978212740e+00
4.92894 4.438019066421684e+00
4.94282 4.417429946944678e+00
4.95671 4.401353043804646e+00
4.97059 4.388707833699290e+00
4.98448 4.378822005646454e+00
4.99836 4.371152290549943e+00
5.01225 4.366012768340351e+00
5.02613 4.363766654866612e+00
5.04001 4.365796899368224e+00
5.05390 4.374932327907111e+00
5.06778 4.394551235006499e+00
5.08167 4.426372249869220e+00
5.09555 4.467626051479336e+00
5.10944 4.510660397305990e+00
5.12332 4.548800715409003e+00
5.13720 4.587426016750149e+00
5.15109 4.645500307490940e+00
5.16497 4.709827945403628e+00
5.17886 4.725453469204277e+00
5.19274 4.670736060654594e+00
5.20663 4.528851921599285e+00
5.22051 4.357754278136111e+00
5.23439 4.198115331552032e+00
5.24828 4.058209843032734e+00
5.26216 3.937447596497292e+00
5.27605 3.833039697104663e+00
5.28993 3.741838942839278e+00
5.30382 3.661381900543349e+00
5.31770 3.590110805969252e+00
5.33158 3.526757154581573e+00
5.34547 3.469889869221958e+00
5.35935 3.418122145330258e+00
5.37324 3.370303731887507e+00
5.38712 3.325522145478045e+00
5.40101 3.283033878031407e+00
5.41489 3.242201983748350e+00
5.42878 3.202463870216800e+00
5.44266 3.163328672326346e+00
5.45654 3.124391645629723e+00
5.47043 3.085352759656200e+00
5.48431 3.046028083319252e+00
5.49820 3.006357487449106e+00
5.51208 2.966410452125574e+00
5.52597 2.926398005375869e+00
5.53985 2.886699127960810e+00
5.55373 2.847908609082801e+00
5.56762 2.810905232136835e+00
5.58150 2.776908410866223e+00
5.59539 2.747356435319844e+00
5.60927 2.722971839468955e+00
5.62316 2.701098578640051e+00
5.63704 2.674353790307981e+00
5.65092 2.634237665150787e+00
5.66481 2.570956297339826e+00
5.67869 2.476923848852421e+00
5.69258 2.351749067629462e+00
5.70646 2.197562147138740e+00
5.72035 2.017812528472341e+00
5.73423 1.824093118011879e+00
5.74811 1.633919746392586e+00
5.76200 1.456077027847409e+00
5.77588 1.287335172909583e+00
5.78977 1.121852775413339e+00
5.80365 9.548751418504422e-01
5.81754 7.812840059049753e-01
5.83142 5.961164541222346e-01
5.84531 3.954712223222746e-01
5.85919 1.740477991470193e-01
5.87307 -8.898518274919492e-02
5.88696 -4.680937479603276e-01
5.90084 -6.443708300209181e-01
5.91473 -9.758887897948983e-01
5.92861 -1.357345134307163e+00
5.94250 -1.791584264747682e+00
5.95638 -2.281212580605637e+00
5.97026 -2.820972806043149e+00
5.98415 -3.408990283210228e+00
5.99803 -4.012729697167051e+00
6.01192 -4.573548226210104e+00
6.02580 -4.649666181335790e+00
6.03969 -4.515349826024174e+00
6.05357 -4.461530897647151e+00
6.06745 -4.393328511925743e+00
6.08134 -4.310205494799684e+00
6.09522 -4.244146253227036e+00
6.10911 -4.211262412263868e+00
6.12299 -4.208468522217200e+00
6.13688 -4.225919685576993e+00
6.15076 -4.254207491413617e+00
6.16464 -4.286573610848836e+00
6.17853 -4.318683008523787e+00
6.19241 -4.347134571384137e+00
6.20630 -4.368940735473894e+00
6.22018 -4.383441619419679e+00
6.23407 -4.393514329922478e+00
6.24795 -4.401922635996759e+00
6.26184 -4.407656250629904e+00
6.27572 -4.409744816447464e+00
6.28960 -4.410742412053572e+00
6.30349 -4.415016049333797e+00
6.31737 -4.427810968489209e+00
6.33126 -4.454761430042382e+00
6.34514 -4.496927429751429e+00
6.35903 -4.550728918216734e+00
6.37291 -4.612806291981626e+00
6.38679 -4.683482978615575e+00
6.40068 -4.774042839533669e+00
6.41456 -4.909091881032904e+00
6.42845 -5.053944939812582e+00
6.44233 -5.112518654295694e+00
6.45622 -5.181916426093597e+00
6.47010 -5.153353538076500e+00
6.48398 -4.846883396075127e+00
6.49787 -4.503255473023120e+00
6.51175 -4.228900000223729e+00
6.52564 -4.006674297903250e+00
6.53952 -3.821857550870037e+00
6.55341 -3.665267211876793e+00
6.56729 -3.530231774506673e+00
6.58117 -3.411421355051212e+00
6.59506 -3.304646562621992e+00
6.60894 -3.206882876644663e+00
6.62283 -3.116170870701625e+00
6.63671 -3.031283576541598e+00
6.65060 -2.951211836007127e+00
6.66448 -2.874621750067250e+00
6.67837 -2.799462588160813e+00
6.69225 -2.722875409969096e+00
6.70613 -2.641473801185637e+00
6.72002 -2.551886415639374e+00
6.73390 -2.451236658354342e+00
6.74779 -2.337295610228000e+00
6.76167 -2.208581483571779e+00
6.77556 -2.065499699626804e+00
6.78944 -1.910839977966155e+00
6.80332 -1.746962004323967e+00
6.81721 -1.580418740027666e+00
6.83109 -1.417755704114553e+00
6.84498 -1.261090074119318e+00
6.85886 -1.108625102826788e+00
6.87275 -9.593613026441289e-01
6.88663 -8.200754927933648e-01
6.90051 -7.006900753025136e-01
6.91440 -6.040813360342713e-01
6.92828 -5.241353001457070e-01
6.94217 -4.661898936436492e-01
