&CONTROL
  calculation     = 'nscf'
  prefix          = 'pb',
  restart_mode    = 'from_scratch'
  pseudo_dir      = '../',
  outdir          = './'
  verbosity       = 'high'
/
&SYSTEM
  ibrav           = 2,
  celldm(1)       = 9.508849701769328,
  nat             = 1,
  ntyp            = 1,
  nbnd            = 16
  ecutwfc         = 60.0
  occupations     = 'smearing',
  smearing        = 'm-p',
  degauss         = 0.04
/
&ELECTRONS
  diagonalization = 'david'
  mixing_mode     = 'plain'
  mixing_beta     = 0.7
  conv_thr        = 1.0d-10
/
ATOMIC_SPECIES
  Pb 207.2 Pb.upf
ATOMIC_POSITIONS {crystal}
  Pb 0.00 0.00 0.00
K_POINTS crystal
216
  0.0000000000  0.0000000000  0.0000000000  4.6296296296e-03
  0.0000000000  0.0000000000  0.1666666667  4.6296296296e-03
  0.0000000000  0.0000000000  0.3333333333  4.6296296296e-03
  0.0000000000  0.0000000000  0.5000000000  4.6296296296e-03
  0.0000000000  0.0000000000  0.6666666667  4.6296296296e-03
  0.0000000000  0.0000000000  0.8333333333  4.6296296296e-03
  0.0000000000  0.1666666667  0.0000000000  4.6296296296e-03
  0.0000000000  0.1666666667  0.1666666667  4.6296296296e-03
  0.0000000000  0.1666666667  0.3333333333  4.6296296296e-03
  0.0000000000  0.1666666667  0.5000000000  4.6296296296e-03
  0.0000000000  0.1666666667  0.6666666667  4.6296296296e-03
  0.0000000000  0.1666666667  0.8333333333  4.6296296296e-03
  0.0000000000  0.3333333333  0.0000000000  4.6296296296e-03
  0.0000000000  0.3333333333  0.1666666667  4.6296296296e-03
  0.0000000000  0.3333333333  0.3333333333  4.6296296296e-03
  0.0000000000  0.3333333333  0.5000000000  4.6296296296e-03
  0.0000000000  0.3333333333  0.6666666667  4.6296296296e-03
  0.0000000000  0.3333333333  0.8333333333  4.6296296296e-03
  0.0000000000  0.5000000000  0.0000000000  4.6296296296e-03
  0.0000000000  0.5000000000  0.1666666667  4.6296296296e-03
  0.0000000000  0.5000000000  0.3333333333  4.6296296296e-03
  0.0000000000  0.5000000000  0.5000000000  4.6296296296e-03
  0.0000000000  0.5000000000  0.6666666667  4.6296296296e-03
  0.0000000000  0.5000000000  0.8333333333  4.6296296296e-03
  0.0000000000  0.6666666667  0.0000000000  4.6296296296e-03
  0.0000000000  0.6666666667  0.1666666667  4.6296296296e-03
  0.0000000000  0.6666666667  0.3333333333  4.6296296296e-03
  0.0000000000  0.6666666667  0.5000000000  4.6296296296e-03
  0.0000000000  0.6666666667  0.6666666667  4.6296296296e-03
  0.0000000000  0.6666666667  0.8333333333  4.6296296296e-03
  0.0000000000  0.8333333333  0.0000000000  4.6296296296e-03
  0.0000000000  0.8333333333  0.1666666667  4.6296296296e-03
  0.0000000000  0.8333333333  0.3333333333  4.6296296296e-03
  0.0000000000  0.8333333333  0.5000000000  4.6296296296e-03
  0.0000000000  0.8333333333  0.6666666667  4.6296296296e-03
  0.0000000000  0.8333333333  0.8333333333  4.6296296296e-03
  0.1666666667  0.0000000000  0.0000000000  4.6296296296e-03
  0.1666666667  0.0000000000  0.1666666667  4.6296296296e-03
  0.1666666667  0.0000000000  0.3333333333  4.6296296296e-03
  0.1666666667  0.0000000000  0.5000000000  4.6296296296e-03
  0.1666666667  0.0000000000  0.6666666667  4.6296296296e-03
  0.1666666667  0.0000000000  0.8333333333  4.6296296296e-03
  0.1666666667  0.1666666667  0.0000000000  4.6296296296e-03
  0.1666666667  0.1666666667  0.1666666667  4.6296296296e-03
  0.1666666667  0.1666666667  0.3333333333  4.6296296296e-03
  0.1666666667  0.1666666667  0.5000000000  4.6296296296e-03
  0.1666666667  0.1666666667  0.6666666667  4.6296296296e-03
  0.1666666667  0.1666666667  0.8333333333  4.6296296296e-03
  0.1666666667  0.3333333333  0.0000000000  4.6296296296e-03
  0.1666666667  0.3333333333  0.1666666667  4.6296296296e-03
  0.1666666667  0.3333333333  0.3333333333  4.6296296296e-03
  0.1666666667  0.3333333333  0.5000000000  4.6296296296e-03
  0.1666666667  0.3333333333  0.6666666667  4.6296296296e-03
  0.1666666667  0.3333333333  0.8333333333  4.6296296296e-03
  0.1666666667  0.5000000000  0.0000000000  4.6296296296e-03
  0.1666666667  0.5000000000  0.1666666667  4.6296296296e-03
  0.1666666667  0.5000000000  0.3333333333  4.6296296296e-03
  0.1666666667  0.5000000000  0.5000000000  4.6296296296e-03
  0.1666666667  0.5000000000  0.6666666667  4.6296296296e-03
  0.1666666667  0.5000000000  0.8333333333  4.6296296296e-03
  0.1666666667  0.6666666667  0.0000000000  4.6296296296e-03
  0.1666666667  0.6666666667  0.1666666667  4.6296296296e-03
  0.1666666667  0.6666666667  0.3333333333  4.6296296296e-03
  0.1666666667  0.6666666667  0.5000000000  4.6296296296e-03
  0.1666666667  0.6666666667  0.6666666667  4.6296296296e-03
  0.1666666667  0.6666666667  0.8333333333  4.6296296296e-03
  0.1666666667  0.8333333333  0.0000000000  4.6296296296e-03
  0.1666666667  0.8333333333  0.1666666667  4.6296296296e-03
  0.1666666667  0.8333333333  0.3333333333  4.6296296296e-03
  0.1666666667  0.8333333333  0.5000000000  4.6296296296e-03
  0.1666666667  0.8333333333  0.6666666667  4.6296296296e-03
  0.1666666667  0.8333333333  0.8333333333  4.6296296296e-03
  0.3333333333  0.0000000000  0.0000000000  4.6296296296e-03
  0.3333333333  0.0000000000  0.1666666667  4.6296296296e-03
  0.3333333333  0.0000000000  0.3333333333  4.6296296296e-03
  0.3333333333  0.0000000000  0.5000000000  4.6296296296e-03
  0.3333333333  0.0000000000  0.6666666667  4.6296296296e-03
  0.3333333333  0.0000000000  0.8333333333  4.6296296296e-03
  0.3333333333  0.1666666667  0.0000000000  4.6296296296e-03
  0.3333333333  0.1666666667  0.1666666667  4.6296296296e-03
  0.3333333333  0.1666666667  0.3333333333  4.6296296296e-03
  0.3333333333  0.1666666667  0.5000000000  4.6296296296e-03
  0.3333333333  0.1666666667  0.6666666667  4.6296296296e-03
  0.3333333333  0.1666666667  0.8333333333  4.6296296296e-03
  0.3333333333  0.3333333333  0.0000000000  4.6296296296e-03
  0.3333333333  0.3333333333  0.1666666667  4.6296296296e-03
  0.3333333333  0.3333333333  0.3333333333  4.6296296296e-03
  0.3333333333  0.3333333333  0.5000000000  4.6296296296e-03
  0.3333333333  0.3333333333  0.6666666667  4.6296296296e-03
  0.3333333333  0.3333333333  0.8333333333  4.6296296296e-03
  0.3333333333  0.5000000000  0.0000000000  4.6296296296e-03
  0.3333333333  0.5000000000  0.1666666667  4.6296296296e-03
  0.3333333333  0.5000000000  0.3333333333  4.6296296296e-03
  0.3333333333  0.5000000000  0.5000000000  4.6296296296e-03
  0.3333333333  0.5000000000  0.6666666667  4.6296296296e-03
  0.3333333333  0.5000000000  0.8333333333  4.6296296296e-03
  0.3333333333  0.6666666667  0.0000000000  4.6296296296e-03
  0.3333333333  0.6666666667  0.1666666667  4.6296296296e-03
  0.3333333333  0.6666666667  0.3333333333  4.6296296296e-03
  0.3333333333  0.6666666667  0.5000000000  4.6296296296e-03
  0.3333333333  0.6666666667  0.6666666667  4.6296296296e-03
  0.3333333333  0.6666666667  0.8333333333  4.6296296296e-03
  0.3333333333  0.8333333333  0.0000000000  4.6296296296e-03
  0.3333333333  0.8333333333  0.1666666667  4.6296296296e-03
  0.3333333333  0.8333333333  0.3333333333  4.6296296296e-03
  0.3333333333  0.8333333333  0.5000000000  4.6296296296e-03
  0.3333333333  0.8333333333  0.6666666667  4.6296296296e-03
  0.3333333333  0.8333333333  0.8333333333  4.6296296296e-03
  0.5000000000  0.0000000000  0.0000000000  4.6296296296e-03
  0.5000000000  0.0000000000  0.1666666667  4.6296296296e-03
  0.5000000000  0.0000000000  0.3333333333  4.6296296296e-03
  0.5000000000  0.0000000000  0.5000000000  4.6296296296e-03
  0.5000000000  0.0000000000  0.6666666667  4.6296296296e-03
  0.5000000000  0.0000000000  0.8333333333  4.6296296296e-03
  0.5000000000  0.1666666667  0.0000000000  4.6296296296e-03
  0.5000000000  0.1666666667  0.1666666667  4.6296296296e-03
  0.5000000000  0.1666666667  0.3333333333  4.6296296296e-03
  0.5000000000  0.1666666667  0.5000000000  4.6296296296e-03
  0.5000000000  0.1666666667  0.6666666667  4.6296296296e-03
  0.5000000000  0.1666666667  0.8333333333  4.6296296296e-03
  0.5000000000  0.3333333333  0.0000000000  4.6296296296e-03
  0.5000000000  0.3333333333  0.1666666667  4.6296296296e-03
  0.5000000000  0.3333333333  0.3333333333  4.6296296296e-03
  0.5000000000  0.3333333333  0.5000000000  4.6296296296e-03
  0.5000000000  0.3333333333  0.6666666667  4.6296296296e-03
  0.5000000000  0.3333333333  0.8333333333  4.6296296296e-03
  0.5000000000  0.5000000000  0.0000000000  4.6296296296e-03
  0.5000000000  0.5000000000  0.1666666667  4.6296296296e-03
  0.5000000000  0.5000000000  0.3333333333  4.6296296296e-03
  0.5000000000  0.5000000000  0.5000000000  4.6296296296e-03
  0.5000000000  0.5000000000  0.6666666667  4.6296296296e-03
  0.5000000000  0.5000000000  0.8333333333  4.6296296296e-03
  0.5000000000  0.6666666667  0.0000000000  4.6296296296e-03
  0.5000000000  0.6666666667  0.1666666667  4.6296296296e-03
  0.5000000000  0.6666666667  0.3333333333  4.6296296296e-03
  0.5000000000  0.6666666667  0.5000000000  4.6296296296e-03
  0.5000000000  0.6666666667  0.6666666667  4.6296296296e-03
  0.5000000000  0.6666666667  0.8333333333  4.6296296296e-03
  0.5000000000  0.8333333333  0.0000000000  4.6296296296e-03
  0.5000000000  0.8333333333  0.1666666667  4.6296296296e-03
  0.5000000000  0.8333333333  0.3333333333  4.6296296296e-03
  0.5000000000  0.8333333333  0.5000000000  4.6296296296e-03
  0.5000000000  0.8333333333  0.6666666667  4.6296296296e-03
  0.5000000000  0.8333333333  0.8333333333  4.6296296296e-03
  0.6666666667  0.0000000000  0.0000000000  4.6296296296e-03
  0.6666666667  0.0000000000  0.1666666667  4.6296296296e-03
  0.6666666667  0.0000000000  0.3333333333  4.6296296296e-03
  0.6666666667  0.0000000000  0.5000000000  4.6296296296e-03
  0.6666666667  0.0000000000  0.6666666667  4.6296296296e-03
  0.6666666667  0.0000000000  0.8333333333  4.6296296296e-03
  0.6666666667  0.1666666667  0.0000000000  4.6296296296e-03
  0.6666666667  0.1666666667  0.1666666667  4.6296296296e-03
  0.6666666667  0.1666666667  0.3333333333  4.6296296296e-03
  0.6666666667  0.1666666667  0.5000000000  4.6296296296e-03
  0.6666666667  0.1666666667  0.6666666667  4.6296296296e-03
  0.6666666667  0.1666666667  0.8333333333  4.6296296296e-03
  0.6666666667  0.3333333333  0.0000000000  4.6296296296e-03
  0.6666666667  0.3333333333  0.1666666667  4.6296296296e-03
  0.6666666667  0.3333333333  0.3333333333  4.6296296296e-03
  0.6666666667  0.3333333333  0.5000000000  4.6296296296e-03
  0.6666666667  0.3333333333  0.6666666667  4.6296296296e-03
  0.6666666667  0.3333333333  0.8333333333  4.6296296296e-03
  0.6666666667  0.5000000000  0.0000000000  4.6296296296e-03
  0.6666666667  0.5000000000  0.1666666667  4.6296296296e-03
  0.6666666667  0.5000000000  0.3333333333  4.6296296296e-03
  0.6666666667  0.5000000000  0.5000000000  4.6296296296e-03
  0.6666666667  0.5000000000  0.6666666667  4.6296296296e-03
  0.6666666667  0.5000000000  0.8333333333  4.6296296296e-03
  0.6666666667  0.6666666667  0.0000000000  4.6296296296e-03
  0.6666666667  0.6666666667  0.1666666667  4.6296296296e-03
  0.6666666667  0.6666666667  0.3333333333  4.6296296296e-03
  0.6666666667  0.6666666667  0.5000000000  4.6296296296e-03
  0.6666666667  0.6666666667  0.6666666667  4.6296296296e-03
  0.6666666667  0.6666666667  0.8333333333  4.6296296296e-03
  0.6666666667  0.8333333333  0.0000000000  4.6296296296e-03
  0.6666666667  0.8333333333  0.1666666667  4.6296296296e-03
  0.6666666667  0.8333333333  0.3333333333  4.6296296296e-03
  0.6666666667  0.8333333333  0.5000000000  4.6296296296e-03
  0.6666666667  0.8333333333  0.6666666667  4.6296296296e-03
  0.6666666667  0.8333333333  0.8333333333  4.6296296296e-03
  0.8333333333  0.0000000000  0.0000000000  4.6296296296e-03
  0.8333333333  0.0000000000  0.1666666667  4.6296296296e-03
  0.8333333333  0.0000000000  0.3333333333  4.6296296296e-03
  0.8333333333  0.0000000000  0.5000000000  4.6296296296e-03
  0.8333333333  0.0000000000  0.6666666667  4.6296296296e-03
  0.8333333333  0.0000000000  0.8333333333  4.6296296296e-03
  0.8333333333  0.1666666667  0.0000000000  4.6296296296e-03
  0.8333333333  0.1666666667  0.1666666667  4.6296296296e-03
  0.8333333333  0.1666666667  0.3333333333  4.6296296296e-03
  0.8333333333  0.1666666667  0.5000000000  4.6296296296e-03
  0.8333333333  0.1666666667  0.6666666667  4.6296296296e-03
  0.8333333333  0.1666666667  0.8333333333  4.6296296296e-03
  0.8333333333  0.3333333333  0.0000000000  4.6296296296e-03
  0.8333333333  0.3333333333  0.1666666667  4.6296296296e-03
  0.8333333333  0.3333333333  0.3333333333  4.6296296296e-03
  0.8333333333  0.3333333333  0.5000000000  4.6296296296e-03
  0.8333333333  0.3333333333  0.6666666667  4.6296296296e-03
  0.8333333333  0.3333333333  0.8333333333  4.6296296296e-03
  0.8333333333  0.5000000000  0.0000000000  4.6296296296e-03
  0.8333333333  0.5000000000  0.1666666667  4.6296296296e-03
  0.8333333333  0.5000000000  0.3333333333  4.6296296296e-03
  0.8333333333  0.5000000000  0.5000000000  4.6296296296e-03
  0.8333333333  0.5000000000  0.6666666667  4.6296296296e-03
  0.8333333333  0.5000000000  0.8333333333  4.6296296296e-03
  0.8333333333  0.6666666667  0.0000000000  4.6296296296e-03
  0.8333333333  0.6666666667  0.1666666667  4.6296296296e-03
  0.8333333333  0.6666666667  0.3333333333  4.6296296296e-03
  0.8333333333  0.6666666667  0.5000000000  4.6296296296e-03
  0.8333333333  0.6666666667  0.6666666667  4.6296296296e-03
  0.8333333333  0.6666666667  0.8333333333  4.6296296296e-03
  0.8333333333  0.8333333333  0.0000000000  4.6296296296e-03
  0.8333333333  0.8333333333  0.1666666667  4.6296296296e-03
  0.8333333333  0.8333333333  0.3333333333  4.6296296296e-03
  0.8333333333  0.8333333333  0.5000000000  4.6296296296e-03
  0.8333333333  0.8333333333  0.6666666667  4.6296296296e-03
  0.8333333333  0.8333333333  0.8333333333  4.6296296296e-03
