gG 115
L 90
B1 0
B 99
Z 108
gG 140
X 0
Q 50
F 43
P1 86
Z 0
L 76
P 0

0.0 0.0 0.0
0.004569375522319309 -0.002638130187839964 0.0017344383003836726
0.009138751044638618 -0.005276260375679928 0.0034688766007673452
0.013708126566957928 -0.007914390563519893 0.005203314901151018
0.018277502089277236 -0.010552520751359856 0.0069377532015346905
0.022846877611596542 -0.013190650939199819 0.008672191501918362
0.027416253133915856 -0.015828781127039785 0.010406629802302036
0.031985628656235165 -0.018466911314879746 0.012141068102685709
0.03655500417855447 -0.02110504150271971 0.013875506403069381
0.041124379700873785 -0.023743171690559676 0.015609944703453053
0.045693755223193085 -0.026381301878399637 0.017344383003836724
0.0502631307455124 -0.029019432066239602 0.019078821304220398
0.05483250626783171 -0.03165756225407957 0.020813259604604072
0.05940188179015101 -0.03429569244191953 0.022547697904987743
0.06397125731247033 -0.03693382262975949 0.024282136205371417
0.06854063283478963 -0.039571952817599454 0.026016574505755088
0.07311000835710894 -0.04221008300543942 0.027751012806138762
0.07767938387942826 -0.04484821319327938 0.029485451106522433
0.08224875940174757 -0.04748634338111935 0.031219889406906107
0.08681813492406686 -0.050124473568959306 0.032954327707289774
0.09138751044638617 -0.052762603756799274 0.03468876600767345
0.09595688596870548 -0.05540073394463924 0.03642320430805712
0.1005262614910248 -0.058038864132479204 0.038157642608440796
0.10509563701334411 -0.06067699432031917 0.03989208090882447
0.10966501253566342 -0.06331512450815914 0.041626519209208145
0.11423438805798272 -0.0659532546959991 0.04336095750959181
0.11880376358030202 -0.06859138488383906 0.045095395809975486
0.12337313910262133 -0.07122951507167902 0.04682983411035916
0.12794251462494066 -0.07386764525951899 0.048564272410742834
0.13251189014725995 -0.07650577544735894 0.0502987107111265
0.13708126566957926 -0.07914390563519891 0.052033149011510176
0.14165064119189857 -0.08178203582303888 0.05376758731189385
0.1462200167142179 -0.08442016601087884 0.055502025612277524
0.1507893922365372 -0.08705829619871881 0.0572364639126612
0.15535876775885651 -0.08969642638655877 0.058970902213044865
0.15992814328117583 -0.09233455657439874 0.06070534051342854
0.16449751880349514 -0.0949726867622387 0.06243977881381221
0.16906689432581443 -0.09761081695007867 0.0641742171141959
0.1736362698481337 -0.10024894713791861 0.06590865541457955
0.17820564537045303 -0.10288707732575858 0.06764309371496323
0.18277502089277234 -0.10552520751359855 0.0693775320153469
0.18734439641509165 -0.10816333770143852 0.07111197031573058
0.19191377193741097 -0.11080146788927848 0.07284640861611424
0.19648314745973028 -0.11343959807711844 0.07458084691649793
0.2010525229820496 -0.11607772826495841 0.07631528521688159
0.2056218985043689 -0.11871585845279838 0.07804972351726526
0.21019127402668822 -0.12135398864063834 0.07978416181764894
0.21476064954900753 -0.1239921188284783 0.08151860011803261
0.21933002507132685 -0.12663024901631828 0.08325303841841629
0.22389940059364613 -0.1292683792041582 0.08498747671879994
0.22846877611596544 -0.1319065093919982 0.08672191501918362
0.23303815163828473 -0.13454463957983814 0.08845635331956729
0.23760752716060404 -0.13718276976767813 0.09019079161995097
0.24217690268292336 -0.13982089995551808 0.09192522992033464
0.24674627820524267 -0.14245903014335803 0.09365966822071832
0.251315653727562 -0.14509716033119802 0.09539410652110199
0.2558850292498813 -0.14773529051903797 0.09712854482148567
0.2604544047722006 -0.15037342070687795 0.09886298312186934
0.2650237802945199 -0.15301155089471788 0.100597421422253
0.26959315581683924 -0.15564968108255786 0.10233185972263668
0.2741625313391585 -0.15828781127039782 0.10406629802302035
0.27873190686147786 -0.1609259414582378 0.10580073632340403
0.28330128238379715 -0.16356407164607775 0.1075351746237877
0.2878706579061165 -0.16620220183391773 0.10926961292417138
0.2924400334284358 -0.1688403320217577 0.11100405122455505
0.29700940895075506 -0.17147846220959764 0.1127384895249387
0.3015787844730744 -0.17411659239743763 0.1144729278253224
0.3061481599953937 -0.17675472258527755 0.11620736612570605
0.31071753551771303 -0.17939285277311753 0.11794180442608973
0.3152869110400323 -0.1820309829609575 0.1196762427264734
0.31985628656235165 -0.18466911314879747 0.12141068102685708
0.32442566208467094 -0.18730724333663742 0.12314511932724075
0.3289950376069903 -0.1899453735244774 0.12487955762762443
0.3335644131293095 -0.19258350371231736 0.1266139959280081
0.33813378865162885 -0.19522163390015734 0.1283484342283918
0.34270316417394814 -0.1978597640879973 0.13008287252877543
0.3472725396962674 -0.20049789427583722 0.1318173108291591
0.35184191521858676 -0.2031360244636772 0.1335517491295428
0.35641129074090605 -0.20577415465151716 0.13528618742992646
0.3609806662632254 -0.20841228483935714 0.13702062573031012
0.3655500417855447 -0.2110504150271971 0.1387550640306938
0.370119417307864 -0.21368854521503708 0.1404895023310775
0.3746887928301833 -0.21632667540287703 0.14222394063146115
0.37925816835250264 -0.21896480559071702 0.14395837893184482
0.38382754387482193 -0.22160293577855697 0.1456928172322285
0.38839691939714127 -0.22424106596639695 0.14742725553261218
0.39296629491946056 -0.22687919615423688 0.14916169383299585
0.39753567044177984 -0.22951732634207683 0.1508961321333795
0.4021050459640992 -0.23215545652991681 0.15263057043376319
0.40667442148641847 -0.23479358671775677 0.15436500873414685
0.4112437970087378 -0.23743171690559675 0.15609944703453052
0.4158131725310571 -0.2400698470934367 0.1578338853349142
0.42038254805337644 -0.2427079772812767 0.15956832363529788
0.4249519235756957 -0.24534610746911661 0.16130276193568155
0.42952129909801506 -0.2479842376569566 0.16303720023606522
0.43409067462033435 -0.2506223678447966 0.16477163853644888
0.4386600501426537 -0.25326049803263656 0.16650607683683258
0.443229425664973 -0.2558986282204765 0.16824051513721625
0.44779880118729226 -0.2585367584083164 0.16997495343759988
0.4523681767096116 -0.2611748885961564 0.17170939173798358
0.4569375522319309 -0.2638130187839964 0.17344383003836725
0.46150692775425023 -0.26645114897183636 0.17517826833875094
0.46607630327656946 -0.2690892791596763 0.17691270663913458
0.4706456787988888 -0.27172740934751627 0.17864714493951828
0.4752150543212081 -0.27436553953535625 0.18038158323990194
0.4797844298435274 -0.27700366972319623 0.18211602154028564
0.4843538053658467 -0.27964179991103616 0.18385045984066928
0.488923180888166 -0.2822799300988761 0.18558489814105295
0.49349255641048534 -0.28491806028671607 0.18731933644143664
0.4980619319328046 -0.28755619047455605 0.1890537747418203
0.502631307455124 -0.29019432066239603 0.19078821304220397
0.5072006829774433 -0.29283245085023596 0.19252265134258764
0.5117700584997626 -0.29547058103807594 0.19425708964297134
0.5163394340220819 -0.2981087112259159 0.195991527943355
0.5209088095444012 -0.3007468414137559 0.19772596624373867
0.5254781850667205 -0.30338497160159583 0.19946040454412234
0.5282656333528909 -0.29855696954647715 0.19946040454412248
0.5310530816390613 -0.29372896749135846 0.19946040454412262
0.5338405299252317 -0.2889009654362398 0.19946040454412275
0.5366279782114021 -0.28407296338112115 0.1994604045441229
0.5394154264975725 -0.27924496132600246 0.19946040454412303
0.5422028747837428 -0.2744169592708838 0.1994604045441232
0.5449903230699132 -0.2695889572157651 0.19946040454412334
0.5477777713560836 -0.2647609551606464 0.19946040454412348
0.550565219642254 -0.2599329531055277 0.19946040454412362
0.5533526679284244 -0.25510495105040903 0.19946040454412375
0.5561401162145948 -0.2502769489952904 0.1994604045441239
0.5589275645007652 -0.2454489469401717 0.19946040454412403
0.5617150127869356 -0.24062094488505303 0.19946040454412417
0.564502461073106 -0.23579294282993435 0.1994604045441243
0.5672899093592763 -0.23096494077481564 0.19946040454412445
0.5700773576454466 -0.226136938719697 0.1994604045441246
0.572864805931617 -0.22130893666457832 0.19946040454412475
0.5756522542177874 -0.21648093460945966 0.1994604045441249
0.5784397025039578 -0.21165293255434098 0.19946040454412503
0.5812271507901282 -0.20682493049922232 0.19946040454412517
0.5840145990762986 -0.2019969284441036 0.19946040454412534
0.586802047362469 -0.19716892638898492 0.19946040454412547
0.5895894956486394 -0.19234092433386626 0.1994604045441256
0.5923769439348098 -0.18751292227874758 0.19946040454412575
0.5951643922209802 -0.18268492022362892 0.1994604045441259
0.5979518405071506 -0.1778569181685102 0.19946040454412603
0.600739288793321 -0.17302891611339155 0.19946040454412617
0.6035267370794913 -0.16820091405827287 0.1994604045441263
0.6063141853656617 -0.16337291200315418 0.19946040454412647
0.6091016336518321 -0.15854490994803552 0.1994604045441266
0.6118890819380025 -0.15371690789291684 0.19946040454412675
0.6146765302241729 -0.14888890583779818 0.1994604045441269
0.6174639785103433 -0.14406090378267947 0.19946040454412703
0.6202514267965137 -0.1392329017275608 0.19946040454412717
0.6230388750826841 -0.13440489967244212 0.1994604045441273
0.6258263233688545 -0.12957689761732344 0.19946040454412745
0.6286137716550249 -0.12474889556220477 0.19946040454412758
0.6314012199411952 -0.1199208935070861 0.19946040454412772
0.6341886682273656 -0.11509289145196742 0.19946040454412786
0.636976116513536 -0.11026488939684875 0.19946040454412803
0.6397635647997064 -0.10543688734173008 0.19946040454412817
0.6425510130858768 -0.10060888528661137 0.1994604045441283
0.6453384613720471 -0.09578088323149271 0.19946040454412844
0.6481259096582175 -0.09095288117637403 0.19946040454412858
0.6509133579443879 -0.08612487912125535 0.19946040454412872
0.6537008062305583 -0.08129687706613668 0.19946040454412886
0.6564882545167287 -0.07646887501101801 0.199460404544129
0.659275702802899 -0.0716408729558993 0.19946040454412917
0.6620631510890694 -0.06681287090078063 0.19946040454412928
0.6648505993752398 -0.06198486884566199 0.19946040454412944
0.6676380476614102 -0.05715686679054332 0.19946040454412958
0.6704254959475806 -0.052328864735424606 0.19946040454412972
0.673212944233751 -0.04750086268030594 0.19946040454412986
0.6760003925199214 -0.04267286062518727 0.19946040454413003
0.6787878408060918 -0.0378448585700686 0.19946040454413014
0.6815752890922622 -0.0330168565149499 0.1994604045441303
0.6843627373784326 -0.02818885445983123 0.19946040454413042
0.687150185664603 -0.023360852404712577 0.19946040454413058
0.6899376339507733 -0.018532850349593864 0.1994604045441307
0.6927250822369437 -0.013704848294475196 0.19946040454413086
0.6955125305231141 -0.008876846239356527 0.19946040454413097
0.6982999788092845 -0.004048844184237872 0.19946040454413116
0.7010874270954549 0.0007791578708808416 0.19946040454413125
0.7038748753816253 0.00560715992599951 0.19946040454413144
0.7066623236677957 0.010435161981118166 0.19946040454413155
0.7094497719539661 0.015263164036236879 0.19946040454413172
0.7122372202401365 0.02009116609135555 0.19946040454413183
0.7150246685263069 0.024919168146474217 0.199460404544132
0.7178121168124771 0.02974717020159287 0.1994604045441321
0.7205995650986476 0.034575172256711584 0.19946040454413227
0.723387013384818 0.039403174311830255 0.19946040454413239
0.7261744616709883 0.044231176366948906 0.19946040454413255
0.7289619099571588 0.04905917842206762 0.19946040454413272
0.7317493582433291 0.05388718047718629 0.19946040454413283
0.7345368065294995 0.058715182532304955 0.19946040454413297
0.7373242548156699 0.06354318458742361 0.19946040454413314
0.7401117031018403 0.06837118664254233 0.1994604045441333
0.7428991513880107 0.07319918869766098 0.1994604045441334
0.745686599674181 0.07802719075277965 0.19946040454413352
0.7484740479603514 0.08285519280789833 0.1994604045441337
0.7512614962465218 0.08768319486301704 0.19946040454413386
0.7540489445326922 0.0925111969181357 0.19946040454413397
0.7568363928188626 0.09733919897325435 0.19946040454413413
0.759623841105033 0.10216720102837307 0.19946040454413425
0.7624112893912034 0.10699520308349174 0.1994604045441344
0.7651987376773738 0.1118232051386104 0.19946040454413455
0.7679861859635442 0.11665120719372905 0.19946040454413472
0.7707736342497146 0.12147920924884777 0.19946040454413483
0.773561082535885 0.12630721130396644 0.199460404544135
0.7763485308220553 0.13113521335908515 0.1994604045441351
0.5492156786227713 -1.1887074995421805e-16 0.5983812136323938
0.5436680455053695 -1.401243261360769e-16 0.5983812136323938
0.5381204123879679 -1.445366532780687e-16 0.5983812136323938
0.5325727792705661 -1.6579022945992757e-16 0.5983812136323938
0.5270251461531643 -5.91802541394037e-17 0.5983812136323937
0.5214775130357626 -6.359258128139551e-17 0.5983812136323937
0.5159298799183609 -1.0168740650312141e-16 0.5983812136323937
0.5103822468009591 -1.0609973364511321e-16 0.5983812136323938
0.5048346136835575 -1.1051206078710502e-16 0.5983812136323938
0.4992869805661558 -1.1492438792909682e-16 0.5983812136323937
0.4937393474487541 -1.5301921315082273e-16 0.5983812136323938
0.4881917143313522 -1.019203890615567e-16 0.5983812136323937
0.4826440812139506 -5.0821564972290676e-17 0.5983812136323937
0.4770964480965488 -8.891639019401658e-17 0.5983812136323938
0.47154881497914714 -9.332871733600838e-17 0.5983812136323937
0.46600118186174533 -9.774104447800018e-17 0.5983812136323938
0.4604535487443437 -1.0215337161999199e-16 0.5983812136323937
0.4549059156269419 -1.402481968417179e-16 0.5983812136323937
0.44935828250954013 -8.914937275245186e-17 0.5983812136323937
0.4438106493921384 -9.356169989444367e-17 0.5983812136323937
0.4382630162747367 -1.3165652511616957e-16 0.5983812136323938
0.43271538315733493 -1.3606885225816137e-16 0.5983812136323937
0.4271677500399333 -8.497002816889535e-17 0.5983812136323937
0.42162011692253154 -8.938235531088715e-17 0.5983812136323938
0.41607248380512984 -1.2747718053261307e-16 0.5983812136323938
0.410524850687728 -7.637835644334703e-17 0.5983812136323937
0.40497721757032634 -8.079068358533883e-17 0.5983812136323937
0.39942958445292454 -1.1888550880706473e-16 0.5983812136323938
0.3938819513355229 -1.2329783594905654e-16 0.5983812136323938
0.38833431821812114 -1.2771016309104834e-16 0.5983812136323937
0.3827866851007195 -1.3212249023304015e-16 0.5983812136323938
0.3772390519833177 -1.7021731545476606e-16 0.5983812136323938
0.37169141886591583 -6.36073401342422e-17 0.5983812136323938
0.3661437857485142 -6.8019667276234e-17 0.5983812136323937
0.3605961526311124 -1.061144924979599e-16 0.5983812136323937
0.35504851951371075 -1.105268196399517e-16 0.5983812136323938
0.349500886396309 -1.149391467819435e-16 0.5983812136323937
0.34395325327890736 -1.1935147392393531e-16 0.5983812136323937
0.33840562016150555 -1.5744629914566122e-16 0.5983812136323938
0.3328579870441038 -5.083632382513736e-17 0.5983812136323937
0.32731035392670205 -5.5248650967129166e-17 0.5983812136323937
0.32176272080930035 -9.334347618885507e-17 0.5983812136323937
0.3162150876918986 -9.775580333084687e-17 0.5983812136323937
0.31066745457449696 -1.0216813047283867e-16 0.5983812136323938
0.3051198214570952 -1.0658045761483048e-16 0.5983812136323937
0.2995721883396935 -1.446752828365564e-16 0.5983812136323938
0.29402455522229165 -9.357645874729035e-17 0.5983812136323937
0.28847692210489 -9.798878588928216e-17 0.5983812136323937
0.28292928898748815 -1.3608361111100806e-16 0.5983812136323938
0.2773816558700865 -8.498478702174204e-17 0.5983812136323937
0.27183402275268476 -8.939711416373384e-17 0.5983812136323938
0.2662863896352831 -9.380944130572564e-17 0.5983812136323938
0.26073875651788136 -9.822176844771745e-17 0.5983812136323937
0.25519112340047956 -8.080544243818552e-17 0.5983812136323937
0.24964349028307795 -1.4072892081143516e-16 0.5983812136323938
0.24409585716567614 -1.2331259480190322e-16 0.5983812136323937
0.2385482240482744 -1.2772492194389503e-16 0.5983812136323938
0.23300059093087272 -1.3213724908588683e-16 0.5983812136323938
0.22745295781347097 -1.3654957622787864e-16 0.5983812136323938
0.22190532469606933 -8.545075213861261e-17 0.5983812136323937
0.2163576915786674 -6.803442612908069e-17 0.5983812136323937
0.21081005846126588 -1.2795790450233033e-16 0.5983812136323938
0.20526242534386396 -1.1054157849279839e-16 0.5983812136323937
0.19971479222646232 -1.149539056347902e-16 0.5983812136323938
0.19416715910906057 -1.19366232776782e-16 0.5983812136323937
0.18861952599165893 -1.237785599187738e-16 0.5983812136323938
0.18307189287425718 -1.281908870607656e-16 0.5983812136323938
0.17752425975685526 -5.526340981997585e-17 0.5983812136323938
0.17197662663945373 -1.7069803942448332e-16 0.5983812136323937
0.16642899352205182 -9.777056218369356e-17 0.5983812136323937
0.16088136040465018 -1.0218288932568536e-16 0.5983812136323937
0.15533372728724842 -1.0659521646767716e-16 0.5983812136323938
0.14978609416984678 -1.1100754360966897e-16 0.5983812136323938
0.14423846105244503 -1.1541987075166077e-16 0.5983812136323938
0.1386908279350432 -9.800354474212884e-17 0.5983812136323937
0.13314319481764156 -1.579270231153785e-16 0.5983812136323938
0.12759556170023975 -8.499954587458872e-17 0.5983812136323938
0.12204792858283801 -8.941187301658053e-17 0.5983812136323937
0.11650029546543636 -9.382420015857233e-17 0.5983812136323937
0.11095266234803461 -9.823652730056413e-17 0.5983812136323937
0.10540502923063297 -1.0264885444255594e-16 0.5983812136323938
0.09985739611323105 -8.523252843302401e-17 0.5983812136323937
0.09430976299582952 -1.4515600680627365e-16 0.5983812136323938
0.0887621298784276 -1.2773968079674171e-16 0.5983812136323938
0.08321449676102596 -1.3215200793873352e-16 0.5983812136323937
0.07766686364362421 -1.3656433508072532e-16 0.5983812136323937
0.07211923052622257 -8.54655109914593e-17 0.5983812136323938
0.06657159740882082 -8.98778381334511e-17 0.5983812136323937
0.06102396429141901 -7.246151212391918e-17 0.5983812136323937
0.05547633117401736 -1.3238499049716882e-16 0.5983812136323938
0.04992869805661555 -1.1496866448763688e-16 0.5983812136323938
0.0443810649392138 -1.1938099162962868e-16 0.5983812136323938
0.03883343182181216 -1.237933187716205e-16 0.5983812136323937
0.03328579870441041 -1.282056459136123e-16 0.5983812136323937
0.027738165587008767 -1.326179730556041e-16 0.5983812136323938
0.022190532469606845 -5.969049581481434e-17 0.5983812136323937
0.016642899352205316 -1.1961397418806399e-16 0.5983812136323938
0.011095266234803452 -6.851515009879795e-17 0.5983812136323938
0.005547633117401752 -1.0660997532052385e-16 0.5983812136323938
0.0 -1.1102230246251565e-16 0.5983812136323938
1.1327489771963817e-17 -1.5097450155880209e-16 0.5928406468395012
-3.5684818456003586e-17 -1.1358689627230697e-16 0.5873000800466087
-2.4357328684039768e-17 -9.802794413733556e-17 0.5817595132537161
3.965266555050848e-17 -1.1615149008209826e-16 0.5762189464608236
5.09801553224723e-17 -1.0059253794712686e-16 0.5706783796679311
6.7964938631782904e-18 -1.405447370434133e-16 0.5651378128750385
1.5295336866468714e-17 -1.0315713175691817e-16 0.559597246082146
2.6622826638432532e-17 -1.4310933085320459e-16 0.5540566792892535
-1.7560834820861478e-17 -7.203922748697538e-17 0.548516112496361
-9.061991817571054e-18 -1.456739246629959e-16 0.5429755457034684
2.2654979543927635e-18 -7.460382129676668e-17 0.5374349789105759
1.3592987726356581e-17 -1.145560203930531e-16 0.5318944121176833
2.2091830729647005e-17 -7.716841510655798e-17 0.5263538453247908
-2.2091830729647005e-17 -1.1712061420284443e-16 0.5208132785318983
-1.3592987726356581e-17 -7.973300891634928e-17 0.5152727117390058
-2.2654979543927635e-18 -6.417405678137789e-17 0.5097321449461132
9.061991817571054e-18 -1.0412625587766432e-16 0.5041915781532207
1.7560834820861478e-17 -6.673865059116919e-17 0.4986510113603282
-2.6622826638432532e-17 -1.0669084968745562e-16 0.49311044456743564
-1.8123983635142108e-17 -6.93032444009605e-17 0.48756987777454314
-6.7964938631782904e-18 -8.149986788161801e-17 0.4820293109816506
4.530995908785527e-18 -6.594091574664662e-17 0.47648874418875803
1.5858485680749344e-17 -1.0589311484293305e-16 0.4709481773958654
2.4357328684039768e-17 -6.850550955643792e-17 0.4654076106029729
-2.2654979543927635e-17 -8.662905550120062e-17 0.4598670438100805
-1.1327489771963817e-17 -9.882567898185814e-17 0.45432647701718787
0.0 -8.326672684688674e-17 0.4487859102242953
1.1327489771963817e-17 -6.770777471191534e-17 0.44324534343140276
1.982633277525424e-17 -8.583132065667804e-17 0.43770477663851026
-2.4357328684039768e-17 -9.802794413733556e-17 0.4321642098456177
-1.5858485680749344e-17 -6.064033885084043e-17 0.4266236430527252
-4.530995908785527e-18 -1.0059253794712686e-16 0.42108307625983266
6.7964938631782904e-18 -8.503358581215547e-17 0.4155425094669401
1.5295336866468714e-17 -7.540155614128925e-17 0.4100019426740476
2.6622826638432532e-17 -5.984260400631786e-17 0.40446137588115505
-2.038948158953487e-17 -7.796614995108056e-17 0.39892080908826255
-9.061991817571054e-18 -6.240719781610916e-17 0.39338024229537
2.2654979543927635e-18 -7.460382129676668e-17 0.38783967550247744
1.3592987726356581e-17 -5.904486916179528e-17 0.3822991087095849
2.2091830729647005e-17 -7.716841510655798e-17 0.37675854191669234
-2.4920477498320398e-17 -6.753638543569177e-17 0.3712179751237999
-1.3592987726356581e-17 -7.973300891634928e-17 0.36567740833090734
-2.2654979543927635e-18 -6.417405678137789e-17 0.3601368415380148
9.061991817571054e-18 -7.637068026203541e-17 0.35459627474512223
1.7560834820861478e-17 -6.673865059116919e-17 0.34905570795222973
-2.6622826638432532e-17 -7.893527407182671e-17 0.3435151411593372
-1.8123983635142108e-17 -4.154766878533158e-17 0.3379745743664447
-6.7964938631782904e-18 -5.37442922659891e-17 0.3324340075735521
4.530995908785527e-18 -3.8185340131017703e-17 0.32689344078065957
1.3029838912075951e-17 -5.63088860757804e-17 0.3213528739877671
2.4357328684039768e-17 -4.0749933940809006e-17 0.3158123071948745
-2.2654979543927635e-17 -5.88734798855717e-17 0.310271740401982
-1.1327489771963817e-17 -7.107010336622922e-17 0.30473117360908947
0.0 -5.551115123125783e-17 0.2991906068161969
8.498843003290424e-18 -7.363469717602053e-17 0.2936500400233044
1.982633277525424e-17 -5.807574504104913e-17 0.2881094732304118
3.3982469315891452e-18 -7.027236852170665e-17 0.28256890643751925
1.1897089934879569e-17 -3.288476323521152e-17 0.27702833964462675
-4.530995908785527e-18 -7.283696233149795e-17 0.2714877728517342
6.7964938631782904e-18 -5.727801019652655e-17 0.26594720605884165
-1.2460238749160199e-17 -4.764598052566034e-17 0.26040663926594915
-1.1327489771963817e-18 -3.2087028390688944e-17 0.2548660724730566
7.366094026094042e-18 -5.0210574335451643e-17 0.24932550568016412
-9.061991817571054e-18 -3.465162220048025e-17 0.24378493888727157
2.2654979543927635e-18 -3.297045787332331e-17 0.23824437209437901
1.0764340957683187e-17 -5.109400381808601e-17 0.23270380530148652
-5.663744885981909e-18 -4.941283949092907e-17 0.22716323850859393
2.8350981173085153e-18 -3.9780809820062854e-17 0.22162267171570146
-1.3592987726356581e-17 -3.8099645492905914e-17 0.21608210492280888
-2.2654979543927635e-18 -5.029626897356343e-17 0.21054153812991633
6.2333450488976605e-18 -4.066423930269722e-17 0.20500097133702383
-1.0194740794767436e-17 -3.898307497554028e-17 0.19946040454413128
1.1327489771963817e-18 -3.730191064838334e-17 0.19391983775123872
9.631591980486806e-18 -4.154766878533158e-17 0.18837927095834622
-6.7964938631782904e-18 -3.986650445817464e-17 0.18283870416545367
4.530995908785527e-18 -3.8185340131017703e-17 0.17729813737256112
1.3029838912075951e-17 -2.855331046015149e-17 0.17175757057966862
-3.3982469315891452e-18 -2.687214613299455e-17 0.16621700378677606
5.100596071701279e-18 -3.111790426994279e-17 0.16067643699388356
-1.1327489771963817e-17 -2.943673994278585e-17 0.155135870200991
0.0 -2.7755575615628914e-17 0.14959530340809846
8.498843003290424e-18 -1.81235459447627e-17 0.14405473661520593
5.9485449674397846e-18 -1.644238161760576e-17 0.13851416982231338
5.696001629157518e-19 -2.0688139754554002e-17 0.1329736030294209
-1.9806978729348876e-18 -1.9006975427397063e-17 0.12743303623652832
-4.530995908785527e-18 -1.7325811100240124e-17 0.12189246944363578
3.967847094504897e-18 -2.1571569237188366e-17 0.11635190265074329
1.4175490586542576e-18 -1.9890404910031427e-17 0.11081133585785073
-1.1327489771963817e-18 -2.5148134486781716e-17 0.10527076906495816
-6.5116937817204145e-18 -1.55161048159155e-17 0.09973020227206568
4.815795990243403e-18 -2.077383439266579e-17 0.09418963547917311
2.2654979543927635e-18 -1.9092670065508852e-17 0.08864906868628056
-3.1134468501312693e-18 -9.460640394642637e-18 0.08310850189338806
-5.663744885981909e-18 -1.4718369971392926e-17 0.0775679351004955
2.8350981173085153e-18 -1.202523420443394e-17 0.072027368307603
2.848000814578759e-19 -1.0344069877277001e-17 0.06648680151471045
-2.2654979543927635e-18 -8.662905550120062e-18 0.06094623472181789
-7.055488550095679e-19 -1.2908663687068304e-17 0.055405667928925394
-3.2558468908602073e-18 -7.75805240795775e-18 0.04986510113603284
-1.6958977914770117e-18 -5.0649166409987645e-18 0.04432453434314034
2.6926980765795773e-18 -6.8531992657954396e-18 0.03878396755024779
1.4240004072893795e-19 -5.1720349386385005e-18 0.033243400757355226
1.7023491401121335e-18 -4.213622647656321e-18 0.02770283396446273
-8.479488957385058e-19 -2.5324583204993822e-18 0.02216226717157017
7.120002036446897e-20 -2.5860174693192502e-18 0.016621700378677613
-1.0357435622914255e-19 -2.4949669163254746e-18 0.011081133585785118
-5.1787178114571273e-20 -1.2474834581627373e-18 0.005540566792892559
0.0 0.0 0.0
0.005545346648728967 1.6478143313788942e-20 -5.059828798713017e-20
0.011090693297457934 3.2956286627577885e-20 -1.0119657597426034e-19
0.016636039946186898 -4.317373356027663e-20 1.9421378232912952e-19
0.022181386594915867 6.591257325515577e-20 -2.023931519485207e-19
0.027726733243644837 -6.923628579178154e-19 -1.6531921723196912e-19
0.033272079892373796 -8.634746712055326e-20 3.8842756465825903e-19
0.03881742654110277 -8.446228982935244e-19 4.255014993748106e-19
0.044362773189831735 1.3182514651031154e-19 -4.047863038970414e-19
0.04990811983856071 -6.264502846626596e-19 4.996493688079137e-19
0.055453466487289674 -1.3847257158356308e-18 -3.3063843446393824e-19
0.06099881313601863 -7.787103250383686e-19 2.231083474262899e-19
0.06654415978474759 -1.7269493424110652e-19 7.768551293165181e-19
0.07208950643347657 -9.309703654140777e-19 -5.343267395533392e-20
0.07763485308220554 -1.6892457965870488e-18 8.510029987496212e-19
0.0831801997309345 1.0219257241935942e-18 2.0715195477769222e-20
0.08872554637966347 2.636502930206231e-19 -8.095726077940828e-19
0.09427089302839244 -4.946251381523481e-19 -1.6398604110659347e-18
0.09981623967712142 -1.2529005693253192e-18 9.992987376158275e-19
0.10536158632585038 1.4582709514553238e-18 1.690109343439755e-19
0.11090693297457935 -2.7694514316712615e-18 -6.612768689278765e-19
0.1164522796233083 -7.991452189037661e-19 1.2765044981244318e-18
0.12199762627203727 -1.5574206500767373e-18 4.462166948525798e-19
0.12754297292076625 -2.3156960812497084e-18 -3.8407110841927216e-19
0.13308831956949518 -3.4538986848221303e-19 1.5537102586330361e-18
0.13863366621822418 3.1066469603115777e-18 1.424800236990638e-18
0.14417901286695314 -1.8619407308281553e-18 -1.0686534791066783e-19
0.1497243595156821 1.5900960979656354e-18 -2.357753695530659e-19
0.15526970616441108 -3.3784915931740976e-18 1.7020059974992424e-18
0.16081505281314004 7.354523561969306e-20 1.5730959758568444e-18
0.166360399461869 2.0438514483871885e-18 4.1430390955538444e-20
0.171905746110598 -1.4430056267262492e-18 3.3819673212667546e-18
0.17745109275932694 5.273005860412462e-19 -1.6191452155881655e-18
0.1829964394080559 2.4976067988087415e-18 3.1863615146414277e-19
0.18854178605678487 -9.892502763046961e-19 -3.2797208221318695e-18
0.19408713270551384 9.810559364627993e-19 -1.3419394550795612e-18
0.19963247935424283 -2.5058011386506384e-18 1.998597475231655e-18
0.20517782600297177 -5.35494925883143e-19 -3.002515061623265e-18
0.21072317265170076 2.9165419029106476e-18 3.38021868687951e-19
0.2162685193004297 -2.0520457882290853e-18 2.2758032357402593e-18
0.2218138659491587 -5.538902863342523e-18 -1.322553737855753e-18
0.22735921259788766 -3.568596650575028e-18 6.152276291965553e-19
0.2329045592466166 -1.5982904378075323e-18 2.5530089962488636e-18
0.2384499058953456 -5.08514751292097e-18 -1.0453479773471486e-18
0.24399525254407453 -3.1148413001534745e-18 8.924333897051596e-19
0.24954059919280352 -6.601698375266912e-18 -2.7059235838908526e-18
0.2550859458415325 -4.631392162499417e-18 -7.681422168385443e-19
0.26063129249026146 5.759538570201602e-18 2.572394713472672e-18
0.26617663913899037 -6.907797369644261e-19 3.1074205172660722e-18
0.2717219857877194 4.24298770785566e-18 9.118191069289679e-19
0.27726733243644835 6.213293920623155e-18 2.849600473981276e-18
0.2828126790851773 -5.694187674423806e-18 -2.151512062873644e-18
0.2883580257339063 -3.723881461656311e-18 -2.1373069582133567e-19
0.29390337238263525 1.2098859831637753e-18 -2.40933210615844e-18
0.2994487190313642 3.1801921959312707e-18 -4.715507391061318e-19
0.3049940656800932 5.150498408698766e-18 1.4662306279461765e-18
0.31053941232882215 -6.756983186348195e-18 3.4040119949984848e-18
0.3160847589775511 -4.7866769735807e-18 -1.5971005418564353e-18
0.3216301056262801 1.4709047123938613e-19 3.1461919517136887e-18
0.32717545227500905 2.1173966840068815e-18 -1.8549205851412314e-18
0.332720798923738 4.087702896774377e-18 8.286078191107689e-20
0.338266145572467 6.058009109541872e-18 -4.918251754943843e-18
0.343811492221196 -2.8860112534524985e-18 6.763934642533509e-18
0.3493568388699249 -9.15705040685003e-19 1.762822105678589e-18
0.3549021855186539 1.0546011720824923e-18 -3.238290431176331e-18
0.36044753216738284 3.0249073848499877e-18 5.638384839783206e-18
0.3659928788161118 4.995213597617483e-18 6.372723029282855e-19
0.37153822546484083 -3.948806765376888e-18 -1.5583291074088188e-18
0.37708357211356974 -1.9785005526093923e-18 -6.559441644263739e-18
0.3826289187622987 -8.19433984189689e-21 2.3172336266957977e-18
0.3881742654110277 1.9621118729255985e-18 -2.6838789101591224e-18
0.3937196120597567 6.8958793177456845e-18 -4.879480320496227e-18
0.39926495870848566 -5.011602277301277e-18 3.99719495046331e-18
0.4048103053572146 -3.0412960645337815e-18 -1.0039175863916102e-18
0.41035565200594354 -1.070989851766286e-18 -6.00503012324653e-18
0.4159009986546725 8.993163610012093e-19 2.8716451477130064e-18
0.4214463453034015 5.833083805821295e-18 6.76043737375902e-19
0.4269916919521305 -6.074397789225666e-18 -4.325068799479018e-18
0.4325370386008594 -4.104091576458171e-18 4.5516064714805186e-18
0.43808238524958837 1.1744002444123781e-17 -4.495060653744015e-19
0.4436277318983174 -1.1077805726685046e-17 -2.645107475711506e-18
0.44917307854704636 4.770288293896906e-18 6.231567795248031e-18
0.4547184251957753 -7.137193301150055e-18 1.2304552583931106e-18
0.46026377184450423 8.710900719431897e-18 -3.7706572784618095e-18
0.4658091184932332 -3.1965808756150645e-18 5.106017992497727e-18
0.4713544651419622 1.7371865692050215e-18 2.910416582160623e-18
0.4768998117906912 -1.017029502584194e-17 -2.0906959546942973e-18
0.48244515843942015 5.677798994740012e-18 6.7859793162652394e-18
0.48799050508814906 -6.229682600306949e-18 1.7848667794103193e-18
0.49353585173687803 9.618411420275003e-18 -3.216245757444601e-18
0.49908119838560705 -1.3203396750533824e-17 -5.411847167781705e-18
0.504626545034336 2.6446972700481277e-18 3.4648281031778315e-18
0.510171891683065 -9.262784324998834e-18 -1.5362844336770886e-18
0.515717238331794 6.5853096955831185e-18 -6.537396970532009e-18
0.5212625849805229 1.1519077140403204e-17 5.144789426945344e-18
0.5268079316292519 1.052592212111811e-17 -2.661834236427392e-18
0.5323532782779807 -1.3815594739288521e-18 6.2148410345321445e-18
0.5378986249267098 -7.362118604870632e-18 6.824750750712856e-18
0.5434439715754388 8.48597541571132e-18 1.8236382138579358e-18
0.5489893182241677 -3.4215061793356415e-18 -3.1774743229969843e-18
0.5545346648728967 1.242658784124631e-17 5.699200947962552e-18
0.5600800115216257 5.191062461993493e-19 6.980884111076322e-19
0.5656253581703546 -1.1388375348847612e-17 -4.303024125747288e-18
0.5711707048190836 4.45971867173434e-18 4.573651145212249e-18
0.5767160514678126 -7.447762923312621e-18 -4.2746139164267134e-19
0.5822613981165415 8.400331097269331e-18 -5.4285739284975914e-18
0.5878067447652705 2.4197719663275507e-18 -4.81866421231688e-18
0.5933520914139995 -9.48770962871941e-18 4.0580110586426566e-18
0.5988974380627284 6.3603843918625414e-18 -9.431014782122635e-19
0.6044427847114574 -5.54709720318442e-18 -5.9442140150671836e-18
0.6099881313601864 1.0300996817397532e-17 2.932461255892353e-18
0.6155334780089153 -1.6064847776494291e-18 -2.068651280962567e-18
0.6210788246576443 -1.351396637269639e-17 6.8080239899969696e-18
0.6266241713063733 2.3341276478855616e-18 1.8069114531420495e-18
0.6321695179551022 -9.5733539471614e-18 -3.1942010837128706e-18
0.6377148646038313 1.2201662537525734e-17 -2.5842913675321592e-18
0.6432602112525602 2.9418094247877225e-19 6.2923839034273774e-18
0.6488055579012891 -1.1613300652568189e-17 1.2912713665724573e-18
0.6543509045500181 4.234793368013763e-18 -3.709841170282463e-18
0.6598962511987471 -7.672688227033198e-18 -8.710953707137383e-18
0.665441597847476 8.175405793548754e-18 1.6572156382215378e-19
0.670986944496205 -3.7320758014982075e-18 9.04239683478169e-18
0.676532291144934 1.2116018219083745e-17 -9.836503509887686e-18
0.6820776377936629 2.0853662403678323e-19 -9.598282389281498e-19
0.687622984442392 -5.772022506904997e-18 1.3527869285067018e-17
0.693168331091121 1.0076071513676955e-17 -5.3510310596023585e-18
0.6987136777398498 -1.831410081370006e-18 3.525644211357178e-18
0.7042590243885788 -1.3738891676416968e-17 1.2402319482316715e-17
0.7098043710373078 2.1092023441649846e-18 -6.476580862352662e-18
0.7153497176860367 -9.798279250881977e-18 2.4000944086068746e-18
0.7208950643347657 6.0498147696999754e-18 1.1276769679566411e-17
0.7264404109834947 -5.857666825346986e-18 -7.602130665102966e-18
0.7319857576322236 9.990427195234966e-18 1.274544605856571e-18
0.7375311042809527 4.009868064293186e-18 -1.1993333485777174e-17
0.7430764509296817 -7.897613530753775e-18 -3.1166582148176377e-18
0.7486217975784106 7.950480489828177e-18 5.760017056141899e-18
0.7541671442271395 -3.9570011052187846e-18 -1.3118883288527478e-17
0.7597124908758685 1.1891092915363168e-17 -4.242208017567941e-18
0.7652578375245974 -1.638867968379378e-20 4.6344672533915954e-18
0.7708031841733264 -1.1923870274730755e-17 1.3511142524351132e-17
0.7763485308220553 3.924223745851197e-18 -5.367757820318245e-18
0.6627821047224133 0.06556760667954258 0.39892080908826444
0.6600360263292995 0.07032395397798359 0.3989208090882646
0.6572899479361856 0.07508030127642466 0.3989208090882647
0.6545438695430718 0.07983664857486568 0.3989208090882649
0.6517977911499578 0.0845929958733068 0.39892080908826494
0.6490517127568439 0.08934934317174789 0.3989208090882651
0.6463056343637301 0.09410569047018891 0.39892080908826527
0.6435595559706163 0.09886203776862998 0.3989208090882654
0.6408134775775025 0.10361838506707106 0.39892080908826555
0.6380673991843886 0.10837473236551208 0.3989208090882657
0.6353213207912747 0.11313107966395321 0.3989208090882658
0.6325752423981609 0.11788742696239429 0.39892080908826594
0.629829164005047 0.12264377426083531 0.3989208090882661
0.6270830856119332 0.12740012155927638 0.39892080908826627
0.6243370072188194 0.13215646885771745 0.3989208090882664
0.6215909288257054 0.13691281615615847 0.39892080908826655
0.6188448504325915 0.14166916345459954 0.39892080908826666
0.6160987720394777 0.1464255107530407 0.39892080908826677
0.6133526936463639 0.1511818580514817 0.39892080908826694
0.61060661525325 0.15593820534992278 0.3989208090882671
0.6078605368601362 0.1606945526483638 0.39892080908826727
0.6051144584670224 0.16545089994680487 0.3989208090882674
0.6023683800739084 0.17020724724524594 0.39892080908826744
0.5996223016807946 0.174963594543687 0.39892080908826766
0.5968762232876808 0.17971994184212808 0.39892080908826777
0.5941301448945668 0.18447628914056918 0.39892080908826794
0.591384066501453 0.1892326364390102 0.39892080908826805
0.5886379881083392 0.19398898373745121 0.3989208090882682
0.5858919097152254 0.1987453310358923 0.3989208090882684
0.5831458313221114 0.2035016783343334 0.3989208090882685
0.5803997529289976 0.20825802563277443 0.3989208090882686
0.5776536745358838 0.21301437293121558 0.39892080908826877
0.5749075961427699 0.2177707202296566 0.39892080908826894
0.5721615177496561 0.22252706752809762 0.39892080908826905
0.5694154393565422 0.2272834148265388 0.39892080908826916
0.5666693609634282 0.23203976212497981 0.3989208090882693
0.5639232825703144 0.2367961094234209 0.3989208090882695
0.5611772041772006 0.2415524567218619 0.3989208090882696
0.5584311257840868 0.24630880402030297 0.39892080908826977
0.5556850473909729 0.251065151318744 0.3989208090882699
0.5529389689978591 0.25582149861718506 0.39892080908827005
0.5501928906047452 0.2605778459156262 0.39892080908827016
0.5474468122116313 0.2653341932140673 0.3989208090882703
0.5447007338185175 0.2700905405125083 0.39892080908827043
0.5419546554254037 0.27484688781094935 0.3989208090882706
0.5392085770322899 0.2796032351093904 0.39892080908827077
0.5364624986391759 0.2843595824078315 0.3989208090882709
0.533716420246062 0.28911592970627253 0.398920809088271
0.5309703418529482 0.29387227700471363 0.39892080908827116
0.5282242634598343 0.29862862430315473 0.3989208090882713
0.5254781850667205 0.3033849716015957 0.39892080908827143
0.5228371053899846 0.30186014353928076 0.40355942314743726
0.5201960257132487 0.3003353154769658 0.408198037206603
0.5175549460365129 0.2988104874146509 0.41283665126576885
0.5149138663597771 0.29728565935233603 0.4174752653249347
0.5122727866830412 0.295760831290021 0.4221138793841005
0.5096317070063053 0.29423600322770604 0.4267524934432662
0.5069906273295695 0.2927111751653911 0.43139110750243204
0.5043495476528337 0.2911863471030761 0.4360297215615978
0.5017084679760977 0.28966151904076126 0.4406683356207636
0.4990673882993618 0.28813669097844624 0.44530694967992934
0.4964263086226261 0.28661186291613133 0.4499455637390953
0.49378522894589016 0.2850870348538164 0.454584177798261
0.49114414926915434 0.2835622067915014 0.4592227918574268
0.4885030695924184 0.2820373787291865 0.4638614059165926
0.48586198991568263 0.28051255066687153 0.4685000199757584
0.4832209102389467 0.27898772260455657 0.4731386340349242
0.48057983056221076 0.27746289454224166 0.47777724809409
0.47793875088547494 0.27593806647992664 0.4824158621532557
0.4752976712087391 0.2744132384176118 0.48705447621242165
0.4726565915320033 0.2728884103552969 0.49169309027158736
0.4700155118552674 0.27136358229298185 0.4963317043307532
0.4673744321785316 0.26983875423066694 0.500970318389919
0.46473335250179565 0.2683139261683519 0.5056089324490848
0.4620922728250598 0.26678909810603696 0.5102475465082505
0.459451193148324 0.2652642700437221 0.5148861605674164
0.45681011347158806 0.2637394419814072 0.5195247746265822
0.45416903379485224 0.26221461391909223 0.524163388685748
0.45152795411811636 0.26068978585677727 0.5288020027449137
0.44888687444138053 0.25916495779446225 0.5334406168040795
0.4462457947646446 0.25764012973214734 0.5380792308632454
0.4436047150879088 0.2561153016698324 0.5427178449224112
0.44096363541117284 0.25459047360751746 0.5473564589815769
0.4383225557344372 0.25306564554520256 0.5519950730407428
0.43568147605770124 0.25154081748288765 0.5566336870999086
0.4330403963809653 0.2500159894205726 0.5612723011590743
0.4303993167042295 0.2484911613582577 0.5659109152182401
0.42775823702749355 0.24696633329594272 0.5705495292774059
0.4251171573507578 0.2454415052336278 0.5751881433365716
0.42247607767402195 0.2439166771713129 0.5798267573957375
0.41983499799728613 0.24239184910899791 0.5844653714549033
0.4171939183205502 0.24086702104668298 0.5891039855140691
0.41455283864381437 0.23934219298436804 0.5937425995732349
0.41191175896707843 0.23781736492205308 0.5983812136324007
0.4071220873511822 0.235052046725285 0.5983812136324006
0.402332415735286 0.23228672852851695 0.5983812136324006
0.3975427441193896 0.2295214103317489 0.5983812136324005
0.3927530725034934 0.22675609213498082 0.5983812136324004
0.3879634008875971 0.22399077393821273 0.5983812136324004
0.38317372927170096 0.2212254557414447 0.5983812136324003
0.3783840576558045 0.21846013754467658 0.5983812136324
0.3735943860399083 0.21569481934790855 0.5983812136324
0.368804714424012 0.2129295011511405 0.5983812136324
0.3640150428081158 0.21016418295437245 0.5983812136323998
0.3592253711922196 0.2073988647576044 0.5983812136323998
0.3544356995763232 0.20463354656083632 0.5983812136323997
0.349646027960427 0.20186822836406826 0.5983812136323997
0.3448563563445308 0.19910291016730022 0.5983812136323996
0.34006668472863455 0.19633759197053213 0.5983812136323995
0.3352770131127382 0.19357227377376407 0.5983812136323994
0.330487341496842 0.19080695557699603 0.5983812136323994
0.32569766988094573 0.188041637380228 0.5983812136323993
0.3209079982650495 0.18527631918345994 0.5983812136323992
0.3161183266491533 0.1825110009866919 0.5983812136323992
0.31132865503325696 0.17974568278992384 0.598381213632399
0.3065389834173606 0.1769803645931557 0.5983812136323989
0.3017493118014644 0.17421504639638766 0.5983812136323988
0.2969596401855682 0.1714497281996196 0.5983812136323988
0.2921699685696718 0.16868441000285156 0.5983812136323986
0.2873802969537756 0.16591909180608347 0.5983812136323986
0.2825906253378794 0.1631537736093154 0.5983812136323985
0.27780095372198316 0.16038845541254737 0.5983812136323985
0.2730112821060869 0.15762313721577928 0.5983812136323984
0.26822161049019055 0.15485781901901127 0.5983812136323983
0.26343193887429434 0.15209250082224318 0.5983812136323983
0.2586422672583981 0.14932718262547515 0.5983812136323982
0.2538525956425019 0.14656186442870708 0.5983812136323982
0.24906292402660557 0.1437965462319391 0.5983812136323979
0.2442732524107093 0.14103122803517096 0.5983812136323979
0.23948358079481308 0.1382659098384029 0.5983812136323978
0.23469390917891678 0.1355005916416348 0.5983812136323977
0.2299042375630205 0.1327352734448667 0.5983812136323976
0.22511456594712417 0.12996995524809865 0.5983812136323976
0.22032489433122796 0.12720463705133062 0.5983812136323975
0.21553522271533174 0.12443931885456261 0.5983812136323974
0.2107455510994355 0.12167400065779453 0.5983812136323974
0.20595587948353916 0.11890868246102648 0.5983812136323973
0.2011662078676429 0.11614336426425839 0.5983812136323972
0.19637653625174667 0.11337804606749034 0.598381213632397
0.19158686463585048 0.11061272787072235 0.598381213632397
0.18679719301995426 0.10784740967395424 0.5983812136323969
0.18200752140405793 0.10508209147718618 0.5983812136323969
0.17721784978816166 0.1023167732804181 0.5983812136323967
0.17242817817226536 0.09955145508365 0.5983812136323966
0.16763850655636908 0.09678613688688191 0.5983812136323966
0.16284883494047275 0.09402081869011392 0.5983812136323965
0.15805916332457653 0.09125550049334587 0.5983812136323964
0.15326949170868034 0.08849018229657782 0.5983812136323964
0.14847982009278407 0.08572486409980973 0.5983812136323963
0.14369014847688785 0.08295954590304168 0.5983812136323962
0.13890047686099147 0.08019422770627364 0.5983812136323962
0.13411080524509525 0.07742890950950554 0.598381213632396
0.12932113362919906 0.07466359131273749 0.5983812136323959
0.12453146201330284 0.07189827311596944 0.5983812136323958
0.11974179039740662 0.06913295491920139 0.5983812136323958
0.11495211878151025 0.06636763672243336 0.5983812136323957
0.11016244716561403 0.06360231852566531 0.5983812136323957
0.10537277554971777 0.06083700032889722 0.5983812136323956
0.10058310393382144 0.05807168213212911 0.5983812136323954
0.09579343231792513 0.055306363935361064 0.5983812136323954
0.09100376070202891 0.05254104573859301 0.5983812136323953
0.0862140890861327 0.049775727541825014 0.5983812136323952
0.08142441747023643 0.04701040934505693 0.5983812136323952
0.07663474585434016 0.04424509114828879 0.598381213632395
0.07184507423844384 0.041479772951520735 0.598381213632395
0.06705540262254762 0.038714454754752686 0.5983812136323949
0.06226573100665142 0.03594913655798469 0.5983812136323948
0.05747605939075521 0.03318381836121664 0.5983812136323947
0.05268638777485883 0.030418500164448553 0.5983812136323947
0.04789671615896262 0.027653181967680504 0.5983812136323946
0.043107044543066346 0.024887863770912417 0.5983812136323945
0.038317372927170024 0.022122545574144312 0.5983812136323944
0.03352770131127392 0.01935722737737637 0.5983812136323944
0.028738029695377493 0.016591909180608263 0.5983812136323943
0.023948358079481282 0.013826590983840212 0.5983812136323942
0.019158686463585012 0.011061272787072073 0.598381213632394
0.014369014847688802 0.00829595459030402 0.598381213632394
0.009579343231792423 0.005530636393535991 0.5983812136323939
0.004789671615896211 0.00276531819676794 0.5983812136323938
0.0 -1.1102230246251565e-16 0.5983812136323938
0.5254781850667205 -0.30338497160159583 0.19946040454412234
0.5239838899864622 -0.30252223993475974 0.20470936255844163
0.5224895949062036 -0.3016595082679237 0.2099583205727609
0.5209952998259453 -0.30079677660108756 0.2152072785870802
0.5195010047456866 -0.29993404493425146 0.22045623660139943
0.5180067096654283 -0.29907131326741543 0.22570519461571867
0.5165124145851698 -0.29820858160057934 0.23095415263003793
0.5150181195049114 -0.2973458499337432 0.23620311064435723
0.5135238244246529 -0.29648311826690715 0.24145206865867647
0.5120295293443944 -0.29562038660007106 0.24670102667299576
0.5105352342641359 -0.29475765493323497 0.251949984687315
0.5090409391838776 -0.29389492326639893 0.2571989427016343
0.507546644103619 -0.2930321915995628 0.26244790071595353
0.5060523490233607 -0.2921694599327267 0.2676968587302728
0.5045580539431023 -0.2913067282658907 0.2729458167445921
0.5030637588628437 -0.29044399659905457 0.27819477475891136
0.5015694637825854 -0.2895812649322185 0.28344373277323065
0.5000751687023268 -0.2887185332653824 0.2886926907875499
0.4985808736220685 -0.28785580159854635 0.2939416488018692
0.49708657854180993 -0.2869930699317102 0.2991906068161884
0.49559228346155154 -0.28613033826487416 0.30443956483050777
0.4940979883812931 -0.285267606598038 0.30968852284482695
0.49260369330103465 -0.284404874931202 0.3149374808591463
0.49110939822077615 -0.2835421432643658 0.3201864388734655
0.4896151031405178 -0.2826794115975298 0.32543539688778483
0.48812080806025937 -0.2818166799306937 0.33068435490210407
0.48662651298000087 -0.28095394826385756 0.33593331291642337
0.4851322178997423 -0.28009121659702146 0.34118227093074255
0.483637922819484 -0.2792284849301854 0.34643122894506184
0.48214362773922564 -0.2783657532633494 0.3516801869593812
0.48064933265896703 -0.27750302159651324 0.3569291449737004
0.4791550375787087 -0.27664028992967715 0.36217810298801967
0.4776607424984501 -0.27577755826284106 0.36742706100233896
0.47616644741819175 -0.274914826596005 0.37267601901665826
0.4746721523379333 -0.2740520949291689 0.37792497703097744
0.4731778572576748 -0.2731893632623328 0.3831739350452968
0.47168356217741636 -0.27232663159549675 0.388422893059616
0.4701892670971579 -0.27146389992866066 0.39367185107393526
0.4686949720168994 -0.2706011682618245 0.39892080908825456
0.4672006769366411 -0.2697384365949885 0.4041697671025738
0.4657063818563826 -0.2688757049281524 0.40941872511689315
0.46421208677612413 -0.2680129732613163 0.41466768313121233
0.4627177916958657 -0.26715024159448025 0.4199166411455317
0.46122349661560724 -0.2662875099276441 0.42516559915985086
0.4597292015353489 -0.26542477826080807 0.4304145571741702
0.4582349064550903 -0.264562046593972 0.43566351518848945
0.45674061137483196 -0.2636993149271359 0.4409124732028087
0.45524631629457335 -0.26283658326029974 0.446161431217128
0.453752021214315 -0.26197385159346376 0.4514103892314472
0.45225772613405657 -0.2611111199266276 0.4566593472457665
0.4507634310537981 -0.2602483882597915 0.46190830526008575
0.44926913597353973 -0.2593856565929555 0.46715726327440515
0.4477748408932812 -0.2585229249261194 0.47240622128872434
0.4462805458130227 -0.25766019325928324 0.4776551793030436
0.44478625073276434 -0.2567974615924472 0.48290413731736287
0.4432919556525059 -0.2559347299256111 0.4881530953316821
0.44179766057224745 -0.255071998258775 0.4934020533460014
0.44030336549198895 -0.254209266591939 0.49865101136032064
0.4388090704117305 -0.25334653492510284 0.5038999693746399
0.4373147753314721 -0.25248380325826675 0.5091489273889592
0.43582048025121356 -0.25162107159143066 0.5143978854032785
0.4343261851709552 -0.2507583399245946 0.5196468434175978
0.43283189009069684 -0.24989560825775853 0.524895801431917
0.4313375950104383 -0.24903287659092244 0.5301447594462363
0.42984329993017983 -0.24817014492408632 0.5353937174605555
0.4283490048499214 -0.24730741325725025 0.5406426754748748
0.426854709769663 -0.24644468159041422 0.5458916334891941
0.42536041468940455 -0.2455819499235781 0.5511405915035134
0.4238661196091461 -0.244719218256742 0.5563895495178326
0.42237182452888766 -0.24385648658990594 0.5616385075321519
0.4208775294486291 -0.24299375492306982 0.5668874655464712
0.41938323436837066 -0.2421310232562337 0.5721364235607904
0.4178889392881123 -0.24126829158939767 0.5773853815751097
0.4163946442078539 -0.2404055599225616 0.582634339589429
0.4149003491275954 -0.23954282825572548 0.5878832976037482
0.4134060540473368 -0.23868009658888933 0.5931322556180675
0.4119117589670785 -0.23781736492205333 0.5983812136323868
