-8.00000 1.664046861802516e-01
-7.98799 1.676506879145133e-01
-7.97598 1.689182790773447e-01
-7.96396 1.702089783918820e-01
-7.95195 1.715244616735392e-01
-7.93994 1.728665505307348e-01
-7.92793 1.742371936771469e-01
-7.91592 1.756384413801686e-01
-7.90390 1.770724137114518e-01
-7.89189 1.785412633161261e-01
-7.87988 1.800471333989065e-01
-7.86787 1.815921115867599e-01
-7.85586 1.831781803477608e-01
-7.84384 1.848071648298344e-01
-7.83183 1.864806794535472e-01
-7.81982 1.882000754692467e-01
-7.80781 1.899663930574388e-01
-7.79580 1.917803234291904e-01
-7.78378 1.936421886781527e-01
-7.77177 1.955519496147933e-01
-7.75976 1.975092540952250e-01
-7.74775 1.995135399424996e-01
-7.73574 2.015642069138656e-01
-7.72372 2.036608708636896e-01
-7.71171 2.058037101378907e-01
-7.69970 2.079939096049619e-01
-7.68769 2.102342023990629e-01
-7.67568 2.125295046869125e-01
-7.66366 2.148876360263162e-01
-7.65165 2.173201185030881e-01
-7.63964 2.198430531003528e-01
-7.62763 2.224780839883864e-01
-7.61562 2.252534868257045e-01
-7.60360 2.282054704195308e-01
-7.59159 2.313798895712679e-01
-7.57958 2.348347687918809e-01
-7.56757 2.386443671403575e-01
-7.55556 2.429060041442373e-01
-7.54354 2.477517057514095e-01
-7.53153 2.533690014427148e-01
-7.51952 2.600421869954921e-01
-7.50751 2.682401623981033e-01
-7.49550 2.787773478935729e-01
-7.48348 2.929463061500813e-01
-7.47147 3.121579115204443e-01
-7.45946 3.366537083399935e-01
-7.44745 3.646043749783878e-01
-7.43544 3.968010623774036e-01
-7.42342 4.723095846573792e-01
-7.41141 5.734695936442499e-01
-7.39940 4.889716164842972e-01
-7.38739 4.999868197159629e-01
-7.37538 5.226534264421021e-01
-7.36336 5.407031279530895e-01
-7.35135 5.522519780886335e-01
-7.33934 5.573381957607486e-01
-7.32733 5.571603665042197e-01
-7.31532 5.535940515253789e-01
-7.30330 5.486675279266685e-01
-7.29129 5.441128928730453e-01
-7.27928 5.410845795556961e-01
-7.26727 5.400780959312750e-01
-7.25526 5.410214700315865e-01
-7.24324 5.434732112663528e-01
-7.23123 5.468537183836240e-01
-7.21922 5.506550034849642e-01
-7.20721 5.546006971176137e-01
-7.19520 5.587503454432601e-01
-7.18318 5.635517918817849e-01
-7.17117 5.698368713197626e-01
-7.15916 5.787113664689897e-01
-7.14715 5.912156478982328e-01
-7.13514 6.076681860339100e-01
-7.12312 6.269702402475968e-01
-7.11111 6.466282654708110e-01
-7.09910 6.639721315197838e-01
-7.08709 6.777835967854927e-01
-7.07508 6.888257540759862e-01
-7.06306 6.988610468148742e-01
-7.05105 7.093035819309226e-01
-7.03904 7.206541753869791e-01
-7.02703 7.327330258772908e-01
-7.01502 7.451222555973505e-01
-7.00300 7.574680383620649e-01
-6.99099 7.696213839491268e-01
-6.97898 7.816694494686042e-01
-6.96697 7.938848998177103e-01
-6.95495 8.066273735517191e-01
-6.94294 8.202448181832935e-01
-6.93093 8.350063750753772e-01
-6.91892 8.510624245697511e-01
-6.90691 8.684066832069542e-01
-6.89489 8.868342554269529e-01
-6.88288 9.059284426710642e-01
-6.87087 9.251110158678806e-01
-6.85886 9.437350355133471e-01
-6.84685 9.611559742758383e-01
-6.83483 9.767640901889724e-01
-6.82282 9.900494287096148e-01
-6.81081 1.000761945590266e+00
-6.79880 1.009100233520305e+00
-6.78679 1.015771586196637e+00
-6.77477 1.021849111117686e+00
-6.76276 1.028531285340287e+00
-6.75075 1.036986132739631e+00
-6.73874 1.048345349461119e+00
-6.72673 1.063706758696328e+00
-6.71471 1.083903603139527e+00
-6.70270 1.108955591599431e+00
-6.69069 1.137500283983802e+00
-6.67868 1.166803933509797e+00
-6.66667 1.193725290590305e+00
-6.65465 1.216218082594207e+00
-6.64264 1.234317137109340e+00
-6.63063 1.249854216568583e+00
-6.61862 1.265195014165075e+00
-6.60661 1.281997085909963e+00
-6.59459 1.300722167238928e+00
-6.58258 1.320878241539572e+00
-6.57057 1.341529481223312e+00
-6.55856 1.361707652739375e+00
-6.54655 1.380649016764371e+00
-6.53453 1.397939615907082e+00
-6.52252 1.413622147763635e+00
-6.51051 1.428208620666498e+00
-6.49850 1.442484791903055e+00
-6.48649 1.457071168821008e+00
-6.47447 1.471912946933750e+00
-6.46246 1.486056950592539e+00
-6.45045 1.498009169774038e+00
-6.43844 1.506576457050941e+00
-6.42643 1.511645481630522e+00
-6.41441 1.514283338427953e+00
-6.40240 1.516018502322159e+00
-6.39039 1.517812203898756e+00
-6.37838 1.519481978701131e+00
-6.36637 1.519968622955830e+00
-6.35435 1.518180304315339e+00
-6.34234 1.513758180771488e+00
-6.33033 1.507261320417606e+00
-6.31832 1.499763074210531e+00
-6.30631 1.492245876464357e+00
-6.29429 1.485206497147507e+00
-6.28228 1.478625649595330e+00
-6.27027 1.472189804849688e+00
-6.25826 1.465560077691748e+00
-6.24625 1.458546590637531e+00
-6.23423 1.451153948482383e+00
-6.22222 1.443533388046450e+00
-6.21021 1.435896312693097e+00
-6.19820 1.428433294595106e+00
-6.18619 1.421263162237836e+00
-6.17417 1.414418889337337e+00
-6.16216 1.407864076062362e+00
-6.15015 1.401526711476578e+00
-6.13814 1.395335453394391e+00
-6.12613 1.389246715748847e+00
-6.11411 1.383256435956784e+00
-6.10210 1.377396288098304e+00
-6.09009 1.371718571942274e+00
-6.07808 1.366276207014917e+00
-6.06607 1.361104256685446e+00
-6.05405 1.356207845371221e+00
-6.04204 1.351559048187972e+00
-6.03003 1.347103048331279e+00
-6.01802 1.342772026698272e+00
-6.00601 1.338504032371233e+00
-5.99399 1.334263413364279e+00
-5.98198 1.330059079539024e+00
-5.96997 1.325956762783443e+00
-5.95796 1.322081534468670e+00
-5.94595 1.318607386602516e+00
-5.93393 1.315732156429204e+00
-5.92192 1.313639008762176e+00
-5.90991 1.312450376708262e+00
-5.89790 1.312186306052708e+00
-5.88589 1.312744790869137e+00
-5.87387 1.313922852619633e+00
-5.86186 1.315487146355230e+00
-5.84985 1.317275842443398e+00
-5.83784 1.319273952936254e+00
-5.82583 1.321578613438245e+00
-5.81381 1.324202484807118e+00
-5.80180 1.326773612186246e+00
-5.78979 1.328327127684521e+00
-5.77778 1.327455525673221e+00
-5.76577 1.323180298500991e+00
-5.75375 1.317025098433119e+00
-5.74174 1.313912241873805e+00
-5.72973 1.313689743673465e+00
-5.71772 1.302218755123107e+00
-5.70571 1.270843236381678e+00
-5.69369 1.233666975663565e+00
-5.68168 1.204930036722180e+00
-5.66967 1.184191786683541e+00
-5.65766 1.166579909618657e+00
-5.64565 1.149440888372568e+00
-5.63363 1.131570372574184e+00
-5.62162 1.112153757992095e+00
-5.60961 1.090646211922653e+00
-5.59760 1.066903564857893e+00
-5.58559 1.041252773969266e+00
-5.57357 1.014434959232039e+00
-5.56156 9.874395815924790e-01
-5.54955 9.612905138894471e-01
-5.53754 9.368547267689737e-01
-5.52553 9.147252082186712e-01
-5.51351 8.951951449781207e-01
-5.50150 8.783075271555129e-01
-5.48949 8.639455105402100e-01
-5.47748 8.519272660659343e-01
-5.46547 8.420799019228192e-01
-5.45345 8.342822378986670e-01
-5.44144 8.284789122696130e-01
-5.42943 8.246753588436287e-01
-5.41742 8.229249150167899e-01
-5.40541 8.233177831303395e-01
-5.39339 8.259788851623815e-01
-5.38138 8.310791984426825e-01
-5.36937 8.388639518329118e-01
-5.35736 8.497028164670590e-01
-5.34535 8.641742272664577e-01
-5.33333 8.832060744884598e-01
-5.32132 9.082979959877951e-01
-5.30931 9.419513865471142e-01
-5.29730 9.893948549436431e-01
-5.28529 1.063008669528984e+00
-5.27327 1.175464233271306e+00
-5.26126 1.303047006752178e+00
-5.24925 1.395824380860309e+00
-5.23724 1.458805808650795e+00
-5.22523 1.528512338987607e+00
-5.21321 1.604641593128568e+00
-5.20120 1.668581986759455e+00
-5.18919 1.707284324540717e+00
-5.17718 1.713415497401091e+00
-5.16517 1.687533750817515e+00
-5.15315 1.640415634385383e+00
-5.14114 1.588047724231926e+00
-5.12913 1.542861518511178e+00
-5.11712 1.509305054290293e+00
-5.10511 1.485914093741083e+00
-5.09309 1.469627068790209e+00
-5.08108 1.458271400096447e+00
-5.06907 1.450786743076801e+00
-5.05706 1.446709273199535e+00
-5.04505 1.445971975388796e+00
-5.03303 1.448875766229843e+00
-5.02102 1.455514715727729e+00
-5.00901 1.464623573219447e+00
-4.99700 1.472979528687052e+00
-4.98498 1.476083546477774e+00
-4.97297 1.469523636147281e+00
-4.96096 1.451058260193719e+00
-4.94895 1.423166376535133e+00
-4.93694 1.392619930790808e+00
-4.92492 1.366355875524938e+00
-4.91291 1.355935317457421e+00
-4.90090 1.381093028698646e+00
-4.88889 1.428142327717564e+00
-4.87688 1.369423310204942e+00
-4.86486 1.300581327565563e+00
-4.85285 1.288330286646023e+00
-4.84084 1.281963834901750e+00
-4.82883 1.275817011274759e+00
-4.81682 1.268848180840384e+00
-4.80480 1.260363477900624e+00
-4.79279 1.250326206866437e+00
-4.78078 1.239411945407300e+00
-4.76877 1.228729827077156e+00
-4.75676 1.219375848356441e+00
-4.74474 1.212070214746974e+00
-4.73273 1.207036774148246e+00
-4.72072 1.204109468786085e+00
-4.70871 1.202938830356552e+00
-4.69670 1.203174007553187e+00
-4.68468 1.204567686686216e+00
-4.67267 1.207026440256832e+00
-4.66066 1.210677968515429e+00
-4.64865 1.216034323673402e+00
-4.63664 1.224228860548307e+00
-4.62462 1.237017050810808e+00
-4.61261 1.255984316249601e+00
-4.60060 1.280906818359656e+00
-4.58859 1.308653799591831e+00
-4.57658 1.334604911031332e+00
-4.56456 1.356211864777374e+00
-4.55255 1.375150867989225e+00
-4.54054 1.395407007569094e+00
-4.52853 1.419375514974132e+00
-4.51652 1.446572363079780e+00
-4.50450 1.476865326229535e+00
-4.49249 1.515371169386935e+00
-4.48048 1.575828273437869e+00
-4.46847 1.679187079362601e+00
-4.45646 1.816433594728404e+00
-4.44444 2.084505847416882e+00
-4.43243 2.118629431218007e+00
-4.42042 1.881826601713475e+00
-4.40841 1.779852547679884e+00
-4.39640 1.706674746911785e+00
-4.38438 1.640345478412356e+00
-4.37237 1.582726895110354e+00
-4.36036 1.535727801954365e+00
-4.34835 1.499294040962483e+00
-4.33634 1.468331842396178e+00
-4.32432 1.441707003442237e+00
-4.31231 1.427857358632216e+00
-4.30030 1.426248089286683e+00
-4.28829 1.406816448488661e+00
-4.27628 1.430925876825828e+00
-4.26426 1.397257560577462e+00
-4.25225 1.395354779113233e+00
-4.24024 1.368001112523324e+00
-4.22823 1.310280927607827e+00
-4.21622 1.280793482092871e+00
-4.20420 1.277309770627737e+00
-4.19219 1.279576357809734e+00
-4.18018 1.284034744353332e+00
-4.16817 1.438041418723017e+00
-4.15616 1.334203490518501e+00
-4.14414 1.365630847997013e+00
-4.13213 1.422273755164095e+00
-4.12012 1.494164505178869e+00
-4.10811 1.584246541864019e+00
-4.09610 1.686830072498437e+00
-4.08408 1.787914414456135e+00
-4.07207 1.901557426236939e+00
-4.06006 1.983599672156476e+00
-4.04805 2.091300426574813e+00
-4.03604 2.199633762251486e+00
-4.02402 2.302483286660368e+00
-4.01201 2.397637615901575e+00
-4.00000 2.476701252249726e+00
-3.98799 2.559996294456697e+00
-3.97598 2.697581782858240e+00
-3.96396 2.544787854235401e+00
-3.95195 2.432152760349081e+00
-3.93994 2.378874217270388e+00
-3.92793 2.340208462251574e+00
-3.91592 2.284681597659865e+00
-3.90390 2.148853698921016e+00
-3.89189 1.972073472129724e+00
-3.87988 1.822644655131133e+00
-3.86787 1.703911019688985e+00
-3.85586 1.610417946633374e+00
-3.84384 1.541658487128462e+00
-3.83183 1.490268439236003e+00
-3.81982 1.447529268682223e+00
-3.80781 1.408995696048797e+00
-3.79580 1.373694221106055e+00
-3.78378 1.341833920876054e+00
-3.77177 1.313564277353537e+00
-3.75976 1.288637877199303e+00
-3.74775 1.266495431074793e+00
-3.73574 1.246478472037152e+00
-3.72372 1.228008790773810e+00
-3.71171 1.210672625565694e+00
-3.69970 1.194218199988875e+00
-3.68769 1.178506064857483e+00
-3.67568 1.163450662026235e+00
-3.66366 1.148976548161843e+00
-3.65165 1.134997165891683e+00
-3.63964 1.121413074144381e+00
-3.62763 1.108120719291456e+00
-3.61562 1.095022089793610e+00
-3.60360 1.082031727265953e+00
-3.59159 1.069097047518672e+00
-3.57958 1.056288821580792e+00
-3.56757 1.044048128152844e+00
-3.55556 1.033532457489289e+00
-3.54354 1.026513162849257e+00
-3.53153 1.023933395969436e+00
-3.51952 1.023434403171228e+00
-3.50751 1.018711950604023e+00
-3.49550 1.003351590084676e+00
-3.48348 9.764568021047126e-01
-3.47147 9.437397832487259e-01
-3.45946 9.127273123889790e-01
-3.44745 8.877533183746982e-01
-3.43544 8.694602945693547e-01
-3.42342 8.579907397149021e-01
-3.41141 8.584095508889230e-01
-3.39940 8.959710199848724e-01
-3.38739 1.087199360017802e+00
-3.37538 1.563744826135920e+00
-3.36336 1.505243291146698e+00
-3.35135 1.470376990168917e+00
-3.33934 1.473067277040937e+00
-3.32733 1.492271807040448e+00
-3.31532 1.522412667886098e+00
-3.30330 1.560610132956709e+00
-3.29129 1.613243013695885e+00
-3.27928 1.698514323341267e+00
-3.26727 1.790265412209920e+00
-3.25526 1.794496980874546e+00
-3.24324 1.624436066681335e+00
-3.23123 1.388820263339015e+00
-3.21922 1.190792014131075e+00
-3.20721 1.150529581233780e+00
-3.19520 8.912381483991039e-01
-3.18318 7.931775372986225e-01
-3.17117 7.277431099039834e-01
-3.15916 6.893528816205217e-01
-3.14715 6.721418357302129e-01
-3.13514 6.716670757163303e-01
-3.12312 6.851669212957419e-01
-3.11111 7.109770575012327e-01
-3.09910 7.476283013193725e-01
-3.08709 7.929271950036852e-01
-3.07508 8.429128234102828e-01
-3.06306 8.913443498939196e-01
-3.05105 9.315814987465426e-01
-3.03904 9.605999840620389e-01
-3.02703 9.808732429649594e-01
-3.01502 9.976014949161469e-01
-3.00300 1.014807521018499e+00
-2.99099 1.034262246071472e+00
-2.97898 1.056598498969916e+00
-2.96697 1.082276621083070e+00
-2.95495 1.111744433504233e+00
-2.94294 1.145255819836872e+00
-2.93093 1.182864322157201e+00
-2.91892 1.225323936294311e+00
-2.90691 1.275700082701845e+00
-2.89489 1.337321188158688e+00
-2.88288 1.406063464011384e+00
-2.87087 1.469043460998341e+00
-2.85886 1.512675042407025e+00
-2.84685 1.528086205603343e+00
-2.83483 1.518461675798681e+00
-2.82282 1.500537449583070e+00
-2.81081 1.489238477125774e+00
-2.79880 1.486583847766828e+00
-2.78679 1.487238625008325e+00
-2.77477 1.487225236221977e+00
-2.76276 1.486121578680538e+00
-2.75075 1.485317568985484e+00
-2.73874 1.486322463350243e+00
-2.72673 1.490117046944317e+00
-2.71471 1.497186288529324e+00
-2.70270 1.507797075207882e+00
-2.69069 1.522164800898155e+00
-2.67868 1.540166376962376e+00
-2.66667 1.560434889631225e+00
-2.65465 1.579264756576739e+00
-2.64264 1.590507879511483e+00
-2.63063 1.587561512286153e+00
-2.61862 1.566985389961615e+00
-2.60661 1.531438922135776e+00
-2.59459 1.489587673555500e+00
-2.58258 1.452167781972022e+00
-2.57057 1.425135065189270e+00
-2.55856 1.404706476796558e+00
-2.54655 1.381826629422257e+00
-2.53453 1.353053214892792e+00
-2.52252 1.323102988851034e+00
-2.51051 1.297034584389376e+00
-2.49850 1.275411460992579e+00
-2.48649 1.256573418816731e+00
-2.47447 1.239360605475110e+00
-2.46246 1.223352878775801e+00
-2.45045 1.208313247607548e+00
-2.43844 1.193990520779307e+00
-2.42643 1.180191506364973e+00
-2.41441 1.166864126316195e+00
-2.40240 1.154114571827713e+00
-2.39039 1.142190256636886e+00
-2.37838 1.131482649284561e+00
-2.36637 1.122568808733426e+00
-2.35435 1.116216807480209e+00
-2.34234 1.113179367924621e+00
-2.33033 1.113676144992095e+00
-2.31832 1.116859555567007e+00
-2.30631 1.120949411739683e+00
-2.29429 1.124403720410245e+00
-2.28228 1.127414515722767e+00
-2.27027 1.132340452614773e+00
-2.25826 1.142422715899654e+00
-2.24625 1.159639170360354e+00
-2.23423 1.183357052039923e+00
-2.22222 1.210858270224421e+00
-2.21021 1.239245111441100e+00
-2.19820 1.267024216900817e+00
-2.18619 1.294193260049792e+00
-2.17417 1.321321493318258e+00
-2.16216 1.348772574098640e+00
-2.15015 1.376418019914018e+00
-2.13814 1.403531001414768e+00
-2.12613 1.428770085062385e+00
-2.11411 1.450454048719256e+00
-2.10210 1.467142268471967e+00
-2.09009 1.478215110690548e+00
-2.07808 1.484112115065819e+00
-2.06607 1.486123079063593e+00
-2.05405 1.485894403191667e+00
-2.04204 1.484924779878626e+00
-2.03003 1.484257587188496e+00
-2.01802 1.484425918991409e+00
-2.00601 1.485581844685428e+00
-1.99399 1.487699589362262e+00
-1.98198 1.490769162394471e+00
-1.96997 1.494945337546533e+00
-1.95796 1.500647700443050e+00
-1.94595 1.508608350886054e+00
-1.93393 1.519846130379805e+00
-1.92192 1.535539257179966e+00
-1.90991 1.556825823619048e+00
-1.89790 1.584738386820763e+00
-1.88589 1.620563667379334e+00
-1.87387 1.666040144227122e+00
-1.86186 1.720999883007049e+00
-1.84985 1.778138957874456e+00
-1.83784 1.854670110693637e+00
-1.82583 2.042834277892457e+00
-1.81381 1.872029881994354e+00
-1.80180 1.792907735463926e+00
-1.78979 1.752421561079646e+00
-1.77778 1.706716209260829e+00
-1.76577 1.658681112821517e+00
-1.75375 1.612620972153048e+00
-1.74174 1.570616200246940e+00
-1.72973 1.530601773445557e+00
-1.71772 1.489461778804528e+00
-1.70571 1.447395125758738e+00
-1.69369 1.407725056607356e+00
-1.68168 1.373141459635319e+00
-1.66967 1.343699219459468e+00
-1.65766 1.317885369006583e+00
-1.64565 1.294251238387666e+00
-1.63363 1.272068705066602e+00
-1.62162 1.251232875187201e+00
-1.60961 1.231901912026152e+00
-1.59760 1.214118338000304e+00
-1.58559 1.197573940005320e+00
-1.57357 1.181646740232044e+00
-1.56156 1.165751729904729e+00
-1.54955 1.149955090361609e+00
-1.53754 1.135607814868000e+00
-1.52553 1.125223271661791e+00
-1.51351 1.120968080789700e+00
-1.50150 1.124603237944526e+00
-1.48949 1.143053576447390e+00
-1.47748 1.295321096388336e+00
-1.46547 1.278200899573102e+00
-1.45345 1.306140597957345e+00
-1.44144 1.271189521195643e+00
-1.42943 1.269364722981775e+00
-1.41742 1.268187613341937e+00
-1.40541 1.262644280179039e+00
-1.39339 1.256315355914923e+00
-1.38138 1.250255105403539e+00
-1.36937 1.244052125117662e+00
-1.35736 1.237152664096951e+00
-1.34535 1.229571323709405e+00
-1.33333 1.221761840998772e+00
-1.32132 1.214198479737886e+00
-1.30931 1.207152761055113e+00
-1.29730 1.200710477792197e+00
-1.28529 1.194866511527120e+00
-1.27327 1.189578464623649e+00
-1.26126 1.184769285359297e+00
-1.24925 1.180322086553791e+00
-1.23724 1.176097118843735e+00
-1.22523 1.171967098709610e+00
-1.21321 1.167849903017727e+00
-1.20120 1.163722713349858e+00
-1.18919 1.159615837335875e+00
-1.17718 1.155594571261868e+00
-1.16517 1.151739226908743e+00
-1.15315 1.148129546615567e+00
-1.14114 1.144834860107071e+00
-1.12913 1.141908489003731e+00
-1.11712 1.139384522344007e+00
-1.10511 1.137276044127931e+00
-1.09309 1.135574871852884e+00
-1.08108 1.134253173944323e+00
-1.06907 1.133267010016999e+00
-1.05706 1.132561297596658e+00
-1.04505 1.132075350808504e+00
-1.03303 1.131748124661890e+00
-1.02102 1.131522561960305e+00
-1.00901 1.131348795489259e+00
-0.99700 1.131186242661865e+00
-0.98498 1.131004770415075e+00
-0.97297 1.130785121984641e+00
-0.96096 1.130518748201282e+00
-0.94895 1.130207136681899e+00
-0.93694 1.129860715278993e+00
-0.92492 1.129497420688413e+00
-0.91291 1.129141048961384e+00
-0.90090 1.128819519852657e+00
-0.88889 1.128563179860016e+00
-0.87688 1.128403241151641e+00
-0.86486 1.128370415984820e+00
-0.85285 1.128493771209087e+00
-0.84084 1.128799803604025e+00
-0.82883 1.129311726371486e+00
-0.81682 1.130048956910709e+00
-0.80480 1.131026800277792e+00
-0.79279 1.132256326065214e+00
-0.78078 1.133744435698527e+00
-0.76877 1.135494111893408e+00
-0.75676 1.137504833760129e+00
-0.74474 1.139773132031569e+00
-0.73273 1.142293251042550e+00
-0.72072 1.145057878451216e+00
-0.70871 1.148058900470195e+00
-0.69670 1.151288139299830e+00
-0.68468 1.154738030236368e+00
-0.67267 1.158402198534578e+00
-0.66066 1.162275900807058e+00
-0.64865 1.166356302948528e+00
-0.63664 1.170642576581371e+00
-0.62462 1.175135808818419e+00
-0.61261 1.179838735334765e+00
-0.60060 1.184755323603563e+00
-0.58859 1.189890250754353e+00
-0.57658 1.195248337867451e+00
-0.56456 1.200834018642122e+00
-0.55255 1.206650934252153e+00
-0.54054 1.212701756623814e+00
-0.52853 1.218988347713942e+00
-0.51652 1.225512360349231e+00
-0.50450 1.232276373716537e+00
-0.49249 1.239285629788571e+00
-0.48048 1.246550391507871e+00
-0.46847 1.254088875448530e+00
-0.45646 1.261930618596762e+00
-0.44444 1.270120022041798e+00
-0.43243 1.278719680840999e+00
-0.42042 1.287812974641960e+00
-0.40841 1.297505284004115e+00
-0.39640 1.307923150743724e+00
-0.38438 1.319210765205800e+00
-0.37237 1.331523389873878e+00
-0.36036 1.345017750684450e+00
-0.34835 1.359840022537703e+00
-0.33634 1.376112671598421e+00
-0.32432 1.393921817413345e+00
-0.31231 1.413306590186010e+00
-0.30030 1.434251021767938e+00
-0.28829 1.456677782367799e+00
-0.27628 1.480442869118912e+00
-0.26426 1.505332814665505e+00
-0.25225 1.531072203302172e+00
-0.24024 1.557361499372192e+00
-0.22823 1.583994201968626e+00
-0.21622 1.611171389698772e+00
-0.20420 1.640249121856104e+00
-0.19219 1.675131680606957e+00
-0.18018 1.723241189365432e+00
-0.16817 1.791142876954887e+00
-0.15616 1.871127681124171e+00
-0.14414 1.934764671983850e+00
-0.13213 1.956528060028123e+00
-0.12012 1.942790835707139e+00
-0.10811 1.921647212304678e+00
-0.09610 1.912813987085545e+00
-0.08408 1.918902398380975e+00
-0.07207 1.933836459334970e+00
-0.06006 1.949889423874556e+00
-0.04805 1.960712569602979e+00
-0.03604 1.963244154757928e+00
-0.02402 1.958533357623341e+00
-0.01201 1.950204424993462e+00
0.00000 1.941133162529000e+00
0.01201 1.935499315853707e+00
0.02402 1.985411486470825e+00
0.03604 2.047842370209983e+00
0.04805 1.920891043877455e+00
0.06006 1.864919262180978e+00
0.07207 1.873957324239569e+00
0.08408 1.859679687956916e+00
0.09610 1.805673275993490e+00
0.10811 1.751682257991986e+00
0.12012 1.706786769922026e+00
0.13213 1.662511826784907e+00
0.14414 1.619378075858289e+00
0.15616 1.578175746523556e+00
0.16817 1.537604083617985e+00
0.18018 1.496707251043144e+00
0.19219 1.454880832012830e+00
0.20420 1.411987908981333e+00
0.21622 1.369064573656318e+00
0.22823 1.327534100952402e+00
0.24024 1.287259275214018e+00
0.25225 1.246679741691623e+00
0.26426 1.205668817199502e+00
0.27628 1.166783172923521e+00
0.28829 1.132322267382899e+00
0.30030 1.101161919669935e+00
0.31231 1.069926866770948e+00
0.32432 1.036921875240655e+00
0.33634 1.003937798624171e+00
0.34835 9.743913355222388e-01
0.36036 9.504670804841650e-01
0.37237 9.320049602173387e-01
0.38438 9.172891985016169e-01
0.39640 9.043218284986078e-01
0.40841 8.915506399711201e-01
0.42042 8.779718611608837e-01
0.43243 8.629489197650294e-01
0.44444 8.460186233643522e-01
0.45646 8.267875235049845e-01
0.46847 8.049245192459868e-01
0.48048 7.802172543484654e-01
0.49249 7.526471247650260e-01
0.50450 7.224654555207476e-01
0.51652 7.030916910105832e-01
0.52853 7.551983263096476e-01
0.54054 7.165125610348899e-01
0.55255 6.589386221518320e-01
0.56456 6.205513623474271e-01
0.57658 5.584711755300888e-01
0.58859 5.235587526247212e-01
0.60060 4.974947020803635e-01
0.61261 4.673946207341966e-01
0.62462 4.368769683995647e-01
0.63664 4.112699963163327e-01
0.64865 3.921809974939431e-01
0.66066 3.781911482466082e-01
0.67267 3.674305920415998e-01
0.68468 3.587187827686417e-01
0.69670 3.514376292460096e-01
0.70871 3.452196109148913e-01
0.72072 3.398072710223667e-01
0.73273 3.350159620022430e-01
0.74474 3.307200673889082e-01
0.75676 3.268386071594090e-01
0.76877 3.233193268028555e-01
0.78078 3.201246320803185e-01
0.79279 3.172218666179328e-01
0.80480 3.145786319060308e-01
0.81682 3.121622945521058e-01
0.82883 3.099419634709215e-01
0.84084 3.078911197089699e-01
0.85285 3.059895429942743e-01
0.86486 3.042238813782843e-01
0.87688 3.025868608154307e-01
0.88889 3.010755547043468e-01
0.90090 2.996892874495247e-01
0.91291 2.984276864193612e-01
0.92492 2.972892203476794e-01
0.93694 2.962703610144549e-01
0.94895 2.953653401047039e-01
0.96096 2.945663705830071e-01
0.97297 2.938641610937904e-01
0.98498 2.932485576976783e-01
0.99700 2.927091805323200e-01
1.00901 2.922359669218115e-01
1.02102 2.918195751804458e-01
1.03303 2.914516381093187e-01
1.04505 2.911248793328911e-01
1.05706 2.908331193402634e-01
1.06907 2.905712031658237e-01
1.08108 2.903348805220966e-01
1.09309 2.901206643588660e-01
1.10511 2.899256873627767e-01
1.11712 2.897475693626549e-01
1.12913 2.895843029124977e-01
1.14114 2.894341599258363e-01
1.15315 2.892956191999922e-01
1.16517 2.891673128359254e-01
1.17718 2.890479886619634e-01
1.18919 2.889364855228780e-01
1.20120 2.888317184494900e-01
1.21321 2.887326710860443e-01
1.22523 2.886383931912382e-01
1.23724 2.885480014638777e-01
1.24925 2.884606823341020e-01
1.26126 2.883756956899035e-01
1.27327 2.882923787752705e-01
1.28529 2.882101497071740e-01
1.29730 2.881285102230424e-01
1.30931 2.880470473977143e-01
1.32132 2.879654341673739e-01
1.33333 2.878834285744390e-01
1.34535 2.878008717070483e-01
1.35736 2.877176843536813e-01
1.36937 2.876338624305056e-01
1.38138 2.875494712684197e-01
1.39339 2.874646388700222e-01
1.40541 2.873795482649619e-01
1.41742 2.872944291061069e-01
1.42943 2.872095486592412e-01
1.44144 2.871252023459442e-01
1.45345 2.870417040032058e-01
1.46547 2.869593760243930e-01
1.47748 2.868785395445917e-01
1.48949 2.867995048292548e-01
1.50150 2.867225620186682e-01
1.51351 2.866479723721670e-01
1.52553 2.865759601454751e-01
1.53754 2.865067052222108e-01
1.54955 2.864403366067168e-01
1.56156 2.863769268701553e-01
1.57357 2.863164876255235e-01
1.58559 2.862589660901275e-01
1.59760 2.862042427763810e-01
1.60961 2.861521303338273e-01
1.62162 2.861023735472889e-01
1.63363 2.860546504782894e-01
1.64565 2.860085747196258e-01
1.65766 2.859636987164349e-01
1.66967 2.859195180915261e-01
1.68168 2.858754768983653e-01
1.69369 2.858309737120703e-01
1.70571 2.857853684572943e-01
1.71772 2.857379898620767e-01
1.72973 2.856881434187434e-01
1.74174 2.856351197268334e-01
1.75375 2.855782030888755e-01
1.76577 2.855166802276743e-01
1.77778 2.854498489935803e-01
1.78979 2.853770269319985e-01
1.80180 2.852975595850709e-01
1.81381 2.852108284069655e-01
1.82583 2.851162581794190e-01
1.83784 2.850133238229665e-01
1.84985 2.849015565095073e-01
1.86186 2.847805489933151e-01
1.87387 2.846499600901319e-01
1.88589 2.845095182473664e-01
1.89790 2.843590241624512e-01
1.90991 2.841983524208792e-01
1.92192 2.840274521401052e-01
1.93393 2.838463466201628e-01
1.94595 2.836551320162700e-01
1.95796 2.834539750626865e-01
1.96997 2.832431098904307e-01
1.98198 2.830228339939794e-01
1.99399 2.827935034135899e-01
2.00601 2.825555272102399e-01
2.01802 2.823093613192517e-01
2.03003 2.820555018763285e-01
2.04204 2.817944781159043e-01
2.05405 2.815268449463195e-01
2.06607 2.812531753093483e-01
2.07808 2.809740524329967e-01
2.09009 2.806900620862795e-01
2.10210 2.804017849428948e-01
2.11411 2.801097891574039e-01
2.12613 2.798146232527725e-01
2.13814 2.795168094120289e-01
2.15015 2.792168372594668e-01
2.16216 2.789151582083900e-01
2.17417 2.786121804430202e-01
2.18619 2.783082645920106e-01
2.19820 2.780037201402085e-01
2.21021 2.776988026140447e-01
2.22222 2.773937115643885e-01
2.23423 2.770885893590596e-01
2.24625 2.767835207856021e-01
2.25826 2.764785334535859e-01
2.27027 2.761735989747496e-01
2.28228 2.758686348889004e-01
2.29429 2.755635072937755e-01
2.30631 2.752580341281740e-01
2.31832 2.749519890496960e-01
2.33033 2.746451058414817e-01
2.34234 2.743370832764823e-01
2.35435 2.740275903631095e-01
2.36637 2.737162718926012e-01
2.37838 2.734027542061654e-01
2.39039 2.730866510988990e-01
2.40240 2.727675697776192e-01
2.41441 2.724451167910600e-01
2.42643 2.721189038533164e-01
2.43844 2.717885534849085e-01
2.45045 2.714537044003036e-01
2.46246 2.711140165760845e-01
2.47447 2.707691759400855e-01
2.48649 2.704188986286267e-01
2.49850 2.700629347663361e-01
2.51051 2.697010717308505e-01
2.52252 2.693331368727833e-01
2.53453 2.689589996696429e-01
2.54655 2.685785733007217e-01
2.55856 2.681918156382626e-01
2.57057 2.677987296583094e-01
2.58258 2.673993632824526e-01
2.59459 2.669938086690983e-01
2.60661 2.665822009798136e-01
2.61862 2.661647166526483e-01
2.63063 2.657415712200488e-01
2.64264 2.653130167139663e-01
2.65465 2.648793387050222e-01
2.66667 2.644408530260345e-01
2.67868 2.639979022328535e-01
2.69069 2.635508518572723e-01
2.70270 2.631000865077622e-01
2.71471 2.626460058739702e-01
2.72673 2.621890206903094e-01
2.73874 2.617295487126203e-01
2.75075 2.612680107598267e-01
2.76276 2.608048268697951e-01
2.77477 2.603404126153176e-01
2.78679 2.598751756223106e-01
2.79880 2.594095123280541e-01
2.81081 2.589438050126552e-01
2.82282 2.584784191319746e-01
2.83483 2.580137009751111e-01
2.84685 2.575499756642438e-01
2.85886 2.570875455092952e-01
2.87087 2.566266887245601e-01
2.88288 2.561676585092155e-01
2.89489 2.557106824885814e-01
2.90691 2.552559625081647e-01
2.91892 2.548036747679908e-01
2.93093 2.543539702805315e-01
2.94294 2.539069756317300e-01
2.95495 2.534627940212544e-01
2.96697 2.530215065551788e-01
2.97898 2.525831737618683e-01
2.99099 2.521478372998907e-01
3.00300 2.517155218253506e-01
3.01502 2.512862369851132e-01
3.02703 2.508599795019531e-01
3.03904 2.504367353177291e-01
3.05105 2.500164817612108e-01
3.06306 2.495991897081523e-01
3.07508 2.491848257026006e-01
3.08709 2.487733540101780e-01
3.09910 2.483647385761926e-01
3.11111 2.479589448638244e-01
3.12312 2.475559415502932e-01
3.13514 2.471557020617820e-01
3.14715 2.467582059309087e-01
3.15916 2.463634399636872e-01
3.17117 2.459713992061201e-01
3.18318 2.455820877037980e-01
3.19520 2.451955190510843e-01
3.20721 2.448117167296043e-01
3.21922 2.444307142387908e-01
3.23123 2.440525550241305e-01
3.24324 2.436772922114666e-01
3.25526 2.433049881582242e-01
3.26727 2.429357138346949e-01
3.27928 2.425695480505397e-01
3.29129 2.422065765434125e-01
3.30330 2.418468909480676e-01
3.31532 2.414905876654752e-01
3.32733 2.411377666523330e-01
3.33934 2.407885301519190e-01
3.35135 2.404429813874907e-01
3.36336 2.401012232394027e-01
3.37538 2.397633569267983e-01
3.38739 2.394294807141454e-01
3.39940 2.390996886620486e-01
3.41141 2.387740694406969e-01
3.42342 2.384527052230244e-01
3.43544 2.381356706731837e-01
3.44745 2.378230320442981e-01
3.45946 2.375148463976811e-01
3.47147 2.372111609538237e-01
3.48348 2.369120125834812e-01
3.49550 2.366174274451620e-01
3.50751 2.363274207732654e-01
3.51952 2.360419968190558e-01
3.53153 2.357611489446260e-01
3.54354 2.354848598680126e-01
3.55556 2.352131020557137e-01
3.56757 2.349458382570305e-01
3.57958 2.346830221729483e-01
3.59159 2.344245992506888e-01
3.60360 2.341705075936308e-01
3.61562 2.339206789750234e-01
3.62763 2.336750399428081e-01
3.63964 2.334335130019395e-01
3.65165 2.331960178598551e-01
3.66366 2.329624727201894e-01
3.67568 2.327327956094647e-01
3.68769 2.325069057213187e-01
3.69970 2.322847247628378e-01
3.71171 2.320661782877612e-01
3.72372 2.318511970016826e-01
3.73574 2.316397180249100e-01
3.74775 2.314316860993247e-01
3.75976 2.312270547264085e-01
3.77177 2.310257872245572e-01
3.78378 2.308278576948705e-01
3.79580 2.306332518857655e-01
3.80781 2.304419679480140e-01
3.81982 2.302540170731120e-01
3.83183 2.300694240092503e-01
3.84384 2.298882274505495e-01
3.85586 2.297104802966279e-01
3.86787 2.295362497809806e-01
3.87988 2.293656174680365e-01
3.89189 2.291986791201194e-01
3.90390 2.290355444368530e-01
3.91592 2.288763366708041e-01
3.92793 2.287211921243415e-01
3.93994 2.285702595337909e-01
3.95195 2.284236993479769e-01
3.96396 2.282816829091550e-01
3.97598 2.281443915451428e-01
3.98799 2.280120155821527e-01
4.00000 2.278847532884108e-01
