0.00000 -6.206724129584340e-07
1.00000 2.313192482852153e-02
2.00000 9.715328266116191e-02
3.00000 2.343535536674926e-01
4.00000 4.489920406222352e-01
5.00000 7.453286209192115e-01
6.00000 1.098291096428279e+00
7.00000 1.457942400639616e+00
8.00000 1.728447470611756e+00
9.00000 1.835517285739549e+00
10.00000 1.751991444658052e+00
11.00000 1.512326441171705e+00
12.00000 1.189375699605514e+00
13.00000 8.580694967427407e-01
14.00000 5.708959346904712e-01
15.00000 3.518031123094190e-01
16.00000 2.018587050321703e-01
17.00000 1.085536084621759e-01
18.00000 5.425089888137968e-02
19.00000 2.228843765756250e-02
20.00000 5.620724025701129e-04
21.00000 -1.716434108078402e-02
22.00000 -3.178537875302978e-02
23.00000 -4.062392183009766e-02
24.00000 -3.976306720039124e-02
25.00000 -2.629625310102723e-02
26.00000 -4.007416900653205e-06
27.00000 3.578655182753443e-02
28.00000 7.427549526015009e-02
29.00000 1.059530835279524e-01
30.00000 1.199359082557347e-01
31.00000 1.055341484668343e-01
32.00000 5.381294177669260e-02
33.00000 -4.107120141923637e-02
34.00000 -1.809131948298372e-01
35.00000 -3.629693466234645e-01
36.00000 -5.799598906448233e-01
37.00000 -8.205363889982797e-01
38.00000 -1.070146174351012e+00
39.00000 -1.312199846898395e+00
40.00000 -1.529434443919069e+00
41.00000 -1.705366881284845e+00
42.00000 -1.825800026289060e+00
43.00000 -1.879590303697079e+00
44.00000 -1.860758124117094e+00
45.00000 -1.768164827125556e+00
46.00000 -1.606314501810605e+00
47.00000 -1.385116908579429e+00
48.00000 -1.119255858331092e+00
49.00000 -8.271106169338094e-01
50.00000 -5.293033846476869e-01
51.00000 -2.469881071576240e-01
52.00000 -1.218559690907561e-05
53.00000 1.947959711158359e-01
54.00000 3.253283581350765e-01
55.00000 3.852681035540688e-01
56.00000 3.748480504413161e-01
57.00000 3.008896888703660e-01
58.00000 1.761019305533247e-01
59.00000 1.752790504609369e-02
60.00000 -1.559588363081987e-01
61.00000 -3.272558846924192e-01
62.00000 -4.860497029239781e-01
63.00000 -6.360343380540106e-01
64.00000 -8.061617876072913e-01
65.00000 -1.069979789348331e+00
66.00000 -1.580682068044974e+00
67.00000 -2.629410116654582e+00
68.00000 -4.687959090388026e+00
69.00000 -8.077198000633206e+00
70.00000 -1.085531173434141e+01
71.00000 -5.992322774616818e+00
72.00000 5.590062719991455e+00
73.00000 9.791230713941671e+00
74.00000 7.343753648674941e+00
75.00000 4.166374297186118e+00
76.00000 1.954973233201610e+00
77.00000 6.531299418331411e-01
78.00000 -3.727386406193745e-06
79.00000 -1.806327258880798e-01
80.00000 1.069143138888640e-02
81.00000 5.076521011773236e-01
82.00000 1.247872545090248e+00
83.00000 2.154804566423043e+00
84.00000 3.129152231396673e+00
85.00000 4.047944281533661e+00
86.00000 4.770182701852193e+00
87.00000 5.148140402071538e+00
88.00000 5.043079675508224e+00
89.00000 4.343643793986942e+00
90.00000 2.984646177913508e+00
91.00000 9.635929350996832e-01
92.00000 -1.647825528307113e+00
93.00000 -4.699762873327106e+00
94.00000 -7.969556591945086e+00
95.00000 -1.117707933549838e+01
96.00000 -1.400942660899069e+01
97.00000 -1.615279450033914e+01
98.00000 -1.732807745743264e+01
99.00000 -1.732579364345797e+01
100.00000 -1.603563097392933e+01
101.00000 -1.346630589893780e+01
102.00000 -9.752509686902545e+00
103.00000 -5.147320752019398e+00
104.00000 2.779685739704617e+01
105.00000 3.544358382380730e+01
106.00000 4.303348512668485e+01
107.00000 5.018953421397006e+01
108.00000 5.660487366212256e+01
109.00000 6.207919265396816e+01
110.00000 6.654023314951547e+01
111.00000 7.003336655945142e+01
112.00000 7.263000202289271e+01
113.00000 7.415490460909552e+01
114.00000 7.399081599405781e+01
115.00000 7.316298494127807e+01
116.00000 7.571407211224630e+01
117.00000 8.030876674967283e+01
118.00000 8.473137011645133e+01
119.00000 8.998824481998835e+01
120.00000 9.708454239215246e+01
121.00000 1.064653175328074e+02
122.00000 1.183574283323771e+02
123.00000 1.329938875364700e+02
124.00000 3.693252117703597e+02
125.00000 4.344167285544707e+02
126.00000 4.663309963286486e+02
127.00000 4.672168197831830e+02
128.00000 4.427080436695383e+02
129.00000 4.008038950637253e+02
130.00000 3.498364364135031e+02
131.00000 2.978128175991005e+02
132.00000 2.490510638232920e+02
133.00000 2.496048015409608e+03
134.00000 1.434731465485134e+03
135.00000 8.920371623575240e+02
136.00000 5.896125692858573e+02
137.00000 4.078071455320841e+02
138.00000 -3.997550506111319e-01
139.00000 -3.829968940894592e-01
140.00000 -3.672287824403656e-01
141.00000 -3.526943032058361e-01
142.00000 -3.395577896194428e-01
143.00000 -3.279026726062310e-01
144.00000 -3.177324708578285e-01
145.00000 -3.089770153443540e-01
146.00000 -3.015058312771998e-01
147.00000 -2.951488765706534e-01
148.00000 -2.897226221463613e-01
149.00000 -2.850575387268705e-01
150.00000 -2.810217951400122e-01
151.00000 -2.775368034138025e-01
152.00000 -2.745810006313377e-01
153.00000 -2.721816590245130e-01
154.00000 -2.703968159215163e-01
155.00000 -2.692919739149653e-01
156.00000 -2.689174225315028e-01
157.00000 -2.690646997662520e-01
158.00000 -2.695065119289414e-01
159.00000 -2.702429859435350e-01
160.00000 -2.712744543909706e-01
161.00000 -2.726016713472303e-01
162.00000 -2.742260711665165e-01
163.00000 -2.761500624334324e-01
164.00000 -2.783773337863779e-01
165.00000 -2.809131487558110e-01
166.00000 -1.767831043268100e+02
167.00000 -2.015608435392147e+02
168.00000 -2.018559985272111e+02
169.00000 -1.806672387260371e+02
170.00000 -1.495088828161727e+02
171.00000 -1.184299576063327e+02
172.00000 -9.217332416302862e+01
173.00000 -7.164718079848865e+01
174.00000 -5.612167694642783e+01
175.00000 2.448656605634797e+00
176.00000 2.329597417153265e+00
177.00000 2.226106118067550e+00
178.00000 2.133189741343447e+00
179.00000 2.047344250490124e+00
180.00000 1.966173797568707e+00
181.00000 1.888091407755559e+00
182.00000 1.812089162720256e+00
183.00000 1.737565861451618e+00
184.00000 1.664196805945189e+00
185.00000 1.591840817885118e+00
186.00000 1.520470703854798e+00
187.00000 1.450123772902836e+00
188.00000 1.380866128086946e+00
189.00000 1.312766820696382e+00
190.00000 1.245878643512306e+00
191.00000 1.180222928925791e+00
192.00000 1.115776090467216e+00
193.00000 1.052455825146114e+00
194.00000 9.901048767438514e-01
195.00000 9.284700079528689e-01
196.00000 8.671732648762283e-01
197.00000 8.056716526552767e-01
198.00000 7.432000033686941e-01
199.00000 6.786907004716225e-01
200.00000 6.106657151853652e-01
201.00000 5.371109670747805e-01
202.00000 4.554037447118522e-01
203.00000 3.625757068858648e-01
204.00000 2.568292880430383e-01
205.00000 1.425607597831826e-01
206.00000 4.074999317133265e-02
207.00000 -7.159541897198363e-03
208.00000 3.064115013097535e-02
209.00000 1.438938156798233e-01
210.00000 2.872916764252911e-01
211.00000 3.999929309085037e-01
212.00000 4.610683192580118e-01
213.00000 4.875964144573368e-01
214.00000 4.966621452473046e-01
215.00000 4.973748986253859e-01
216.00000 4.940760655165888e-01
217.00000 4.888624547506768e-01
218.00000 4.827823131113447e-01
219.00000 4.763656797781910e-01
220.00000 4.698655316857803e-01
221.00000 4.633689679624489e-01
222.00000 4.568527029384457e-01
223.00000 4.502058836318010e-01
224.00000 4.432425457235185e-01
225.00000 4.357109390671514e-01
226.00000 4.273126856216063e-01
227.00000 4.177481295302634e-01
228.00000 4.068079022836333e-01
229.00000 3.945224518305839e-01
230.00000 3.813447532113514e-01
231.00000 3.682709970750295e-01
232.00000 3.567386928962755e-01
233.00000 3.482012487151529e-01
234.00000 3.436016944251037e-01
235.00000 3.435413939557144e-01
236.00000 3.478047799882944e-01
237.00000 3.574195485270906e-01
238.00000 3.725140688049038e-01
239.00000 3.924966186620225e-01
240.00000 4.164044992626259e-01
241.00000 4.432142621029289e-01
242.00000 4.720448849969996e-01
243.00000 5.022634458864177e-01
244.00000 5.335100909637411e-01
245.00000 5.656557272566980e-01
246.00000 5.987146051262418e-01
247.00000 6.327520991765612e-01
248.00000 6.678315861931505e-01
249.00000 7.040144738695342e-01
250.00000 7.413970582146292e-01
251.00000 7.801636048599891e-01
252.00000 8.206441295874409e-01
253.00000 8.633512368705754e-01
254.00000 9.087795068515174e-01
255.00000 9.557428690397496e-01
256.00000 9.979068712932153e-01
257.00000 1.031345482840434e+00
258.00000 1.069176248758977e+00
259.00000 1.116702684202539e+00
260.00000 1.169051588889327e+00
261.00000 1.224053271115763e+00
262.00000 1.280857350994692e+00
263.00000 1.338966970961990e+00
264.00000 1.397959963615800e+00
265.00000 1.457404248648315e+00
266.00000 1.516823392049484e+00
267.00000 1.575673742192526e+00
268.00000 1.633322839437035e+00
269.00000 1.689027261605518e+00
270.00000 1.741911172085397e+00
271.00000 1.790948233794817e+00
272.00000 1.834950210311203e+00
273.00000 1.872565811105930e+00
274.00000 1.902293311543497e+00
275.00000 1.922510280499700e+00
276.00000 1.931523280109960e+00
277.00000 1.927639207428240e+00
278.00000 1.909257263947380e+00
279.00000 1.874976112134985e+00
280.00000 1.823706037126967e+00
281.00000 1.754773719405385e+00
282.00000 1.668009166735107e+00
283.00000 1.563808674300645e+00
284.00000 1.443170870222901e+00
285.00000 1.307703404316275e+00
286.00000 1.159597122517276e+00
287.00000 1.001565151644793e+00
288.00000 8.367478538986415e-01
289.00000 6.685909206963263e-01
290.00000 5.007094943692980e-01
291.00000 5.448616674041795e-01
292.00000 6.125698735219864e-01
293.00000 6.265902764383460e-01
294.00000 6.118430344464696e-01
295.00000 5.821968383755460e-01
296.00000 3.348342035837001e-01
297.00000 3.486928412202435e-01
298.00000 3.686041155814535e-01
299.00000 3.980388425385484e-01
300.00000 4.373951307394004e-01
301.00000 4.838627973623922e-01
302.00000 5.320992946529217e-01
303.00000 5.756462527277811e-01
304.00000 6.084774090068579e-01
305.00000 6.224796742581922e-01
306.00000 5.847075834561539e-01
307.00000 7.300148694279113e-01
308.00000 7.163263692632363e-01
309.00000 7.208043190879032e-01
310.00000 7.541747376878831e-01
311.00000 8.131317947457847e-01
312.00000 8.889762572063796e-01
313.00000 9.646802407611607e-01
314.00000 1.014072488128044e+00
315.00000 1.006674894671130e+00
316.00000 9.118985988128732e-01
317.00000 7.377059514230124e-01
318.00000 4.324021913206466e-01
319.00000 5.246994937092797e-02
320.00000 -6.502097730381236e-01
321.00000 -9.570733377281080e-01
322.00000 -1.293895004994592e+00
323.00000 -1.338144889262594e+00
324.00000 -1.491384474095739e+00
325.00000 -1.418513660359569e+00
326.00000 -1.158454031823491e+00
327.00000 -7.510332539641409e-01
328.00000 -2.469895099232069e-01
329.00000 2.990537638705586e-01
330.00000 8.358810593975345e-01
331.00000 1.320224007274905e+00
332.00000 1.718764563695061e+00
333.00000 2.008855932285468e+00
334.00000 2.179041581213587e+00
335.00000 2.229694400565302e+00
336.00000 2.173270971357602e+00
337.00000 2.033081300345570e+00
338.00000 1.838950101497781e+00
339.00000 1.618525225321844e+00
340.00000 1.417365728835692e+00
341.00000 1.567393672448427e+00
342.00000 1.254978199972123e+00
343.00000 1.134194792862230e+00
344.00000 1.042115248136882e+00
345.00000 9.371968197855728e-01
346.00000 8.579187275771655e-01
347.00000 6.947918845616589e-01
348.00000 5.380119027935661e-01
349.00000 3.731084021769928e-01
350.00000 2.322756881689421e-01
351.00000 1.520080149667928e-01
352.00000 1.583881935966474e-01
353.00000 2.638227228037786e-01
354.00000 4.349099276831683e-01
355.00000 4.954798667988252e-01
356.00000 5.352090473641149e-01
357.00000 6.211123567017812e-01
358.00000 7.228079963235952e-01
359.00000 8.183090747838258e-01
360.00000 8.979113295807843e-01
361.00000 9.596396705453603e-01
362.00000 1.006358975869570e+00
363.00000 1.045264554445716e+00
364.00000 1.060427796905143e+00
365.00000 1.103981770105907e+00
366.00000 1.162152946088311e+00
367.00000 1.241177480735143e+00
368.00000 1.298399454068193e+00
369.00000 1.249939134989704e+00
370.00000 1.104499864224110e+00
371.00000 9.403963422157027e-01
372.00000 8.593312291500261e-01
373.00000 7.295707079991871e-01
374.00000 6.450958923663208e-01
375.00000 6.587181757955136e-01
376.00000 6.577651968806606e-01
377.00000 6.874090480616672e-01
378.00000 7.078039056840595e-01
379.00000 7.244733441198434e-01
380.00000 1.124887534775120e-01
381.00000 8.939500097107475e-02
382.00000 2.065439740163288e-02
383.00000 -8.539750306559774e-02
384.00000 -2.119600912542953e-01
385.00000 -3.279083731810970e-01
386.00000 -2.909765116110021e-01
387.00000 -4.290999341990137e-01
388.00000 -3.436304389378820e-01
389.00000 -1.715982784387319e-01
390.00000 7.171031991431065e-02
391.00000 3.555546930206817e-01
392.00000 6.356234375135679e-01
393.00000 8.681162838494396e-01
394.00000 1.035342047297619e+00
395.00000 1.147105902238905e+00
396.00000 1.169834087140960e+00
397.00000 1.211002515623850e+00
398.00000 1.302476503798846e+00
399.00000 1.241933463550872e+00
400.00000 9.277868084442868e-01
401.00000 3.686595503903995e-01
402.00000 -1.317503653159195e-01
403.00000 -4.428085221629816e-01
404.00000 -6.721150016076667e-01
405.00000 -8.115594101353434e-01
406.00000 -9.386846666278803e-01
407.00000 -9.619709638169085e-01
408.00000 -9.261705867626651e-01
409.00000 -8.559686778955342e-01
410.00000 -7.252754677795314e-01
411.00000 -5.320285512759669e-01
412.00000 -3.035532019291798e-01
413.00000 -7.701963839841786e-02
414.00000 1.107336497512212e-01
415.00000 2.307436746682807e-01
416.00000 2.690264299960610e-01
417.00000 2.300176782935186e-01
418.00000 1.343995018902084e-01
419.00000 1.345492920730673e-02
420.00000 -9.766848003532047e-02
421.00000 -1.666865385834628e-01
422.00000 -1.699977347462451e-01
423.00000 -9.668072493143609e-02
424.00000 4.981548957440241e-02
425.00000 2.521950219694981e-01
426.00000 4.817210845508654e-01
427.00000 7.023405566486280e-01
428.00000 8.764045898682029e-01
429.00000 9.713863306550711e-01
430.00000 9.663961562163199e-01
431.00000 8.571556065770699e-01
432.00000 6.584020249622169e-01
433.00000 4.030841491642472e-01
434.00000 1.380270017177327e-01
435.00000 -8.389147261043828e-02
436.00000 -2.147408238486403e-01
437.00000 -2.276237637932872e-01
438.00000 -7.468514375962343e-02
439.00000 2.282190279763965e-01
440.00000 5.384348302999458e-01
441.00000 8.682983545636498e-01
442.00000 9.274697977091346e-01
443.00000 8.056666580081027e-01
444.00000 4.680089899462097e-01
445.00000 -6.350218523087836e-02
446.00000 -6.876021209955487e-01
447.00000 -1.284901619139434e+00
448.00000 -1.765272175754730e+00
449.00000 -2.095447121388197e+00
450.00000 -2.287964182367279e+00
451.00000 -2.359210706952573e+00
452.00000 -2.280789657444001e+00
453.00000 -1.956654319087455e+00
454.00000 -1.291707836858196e+00
455.00000 -4.457018122170483e-01
456.00000 -6.206724129584340e-07
457.00000 -6.116265469020504e-01
458.00000 -2.243955499515543e+00
459.00000 -4.016820068129685e+00
460.00000 -4.730714755989691e+00
461.00000 -4.074919554502472e+00
462.00000 -2.770292623551580e+00
463.00000 -1.487952390783569e+00
464.00000 -5.006629523823989e-01
465.00000 1.376547012546396e-01
466.00000 4.570992699572116e-01
467.00000 5.215776277060939e-01
468.00000 4.094506573747481e-01
469.00000 4.760787981233960e-01
470.00000 2.663391170079876e-02
471.00000 -1.217570355979234e-01
472.00000 -1.724389852834634e-01
473.00000 -1.965839440244679e-01
474.00000 -9.124514143275064e-02
475.00000 5.503176332018711e-02
476.00000 1.504346561844301e-01
477.00000 1.646093719162849e-01
478.00000 7.915519587015751e-02
479.00000 -9.980144448252304e-02
480.00000 -3.425465341637306e-01
481.00000 -6.028585382768199e-01
482.00000 -8.283849879077110e-01
483.00000 -9.718260600437532e-01
484.00000 -1.000646374210802e+00
485.00000 -9.034385057189240e-01
486.00000 -6.917396172522103e-01
487.00000 -3.970262393464168e-01
488.00000 -6.362088830360335e-02
489.00000 2.608570951748490e-01
490.00000 5.351999178812648e-01
491.00000 7.318743372277439e-01
492.00000 8.396790852477451e-01
493.00000 8.615767566575201e-01
494.00000 8.122333690536720e-01
495.00000 7.041903792239452e-01
496.00000 5.651819276664725e-01
497.00000 4.195362407829464e-01
498.00000 2.748640611525843e-01
499.00000 1.312524217985924e-01
500.00000 3.801877956335176e-02
501.00000 -1.340971678587266e-06
502.00000 -5.634246955210642e-03
503.00000 1.352169218517218e-02
504.00000 5.334618223034582e-02
505.00000 1.092142528330129e-01
506.00000 1.783578191713069e-01
507.00000 2.451883734847655e-01
508.00000 2.563302725842682e-01
509.00000 2.267858653461161e-01
510.00000 2.097549380267338e-01
511.00000 2.064729610309897e-01
512.00000 1.944450487292464e-01
513.00000 1.643365360157283e-01
514.00000 1.300498650289938e-01
515.00000 1.091871746561139e-01
516.00000 1.088983569294513e-01
517.00000 1.236416594442424e-01
518.00000 1.398549929855299e-01
519.00000 1.434270780519320e-01
520.00000 1.266422255615716e-01
521.00000 9.171678599496147e-02
522.00000 4.934791387338322e-02
523.00000 1.291377961695162e-02
524.00000 -8.791281092154435e-03
525.00000 -1.634531933775030e-02
526.00000 -1.885449996860089e-02
527.00000 -2.572770048968209e-02
528.00000 -1.980098660267160e-02
529.00000 8.474467150574050e-02
530.00000 5.382936209474636e-01
531.00000 -1.889728997254962e+01
532.00000 -1.102959707361810e+00
533.00000 5.410487869716931e-01
534.00000 1.117375365817489e+00
535.00000 1.355101557642930e+00
536.00000 1.346023429222098e+00
537.00000 1.100009235230146e+00
538.00000 6.599506418032171e-01
539.00000 1.233945757308490e-01
540.00000 -3.770901072400754e-01
541.00000 -7.161847997586310e-01
542.00000 -8.211782469205620e-01
543.00000 -7.001622891282224e-01
544.00000 -4.393093685072387e-01
545.00000 -1.702968942854586e-01
546.00000 7.176973367251094e-05
547.00000 7.047924660405602e-03
548.00000 -7.961323290488131e-02
549.00000 -5.054954809641332e-02
550.00000 1.419488150861901e-01
551.00000 2.464089593391118e-01
552.00000 3.677649886004632e-01
553.00000 1.011687034012013e+00
554.00000 1.352183332973737e+00
555.00000 1.449997315887850e+00
556.00000 1.238868208715388e+00
557.00000 1.042983906652120e+01
558.00000 1.167296716729467e+01
559.00000 1.295190309484634e+01
560.00000 1.446978706220652e+01
561.00000 1.637409343577401e+01
562.00000 1.870888454667592e+01
563.00000 2.140877638417303e+01
564.00000 2.433489340227086e+01
565.00000 2.733618600606611e+01
566.00000 3.031009152438686e+01
567.00000 3.323546773998829e+01
568.00000 3.619974728397011e+01
569.00000 3.928446977785369e+01
570.00000 4.260044298810661e+01
571.00000 4.618353383177874e+01
572.00000 4.998235962014054e+01
573.00000 5.387193886628127e+01
574.00000 5.769804496101238e+01
575.00000 6.133358861397923e+01
576.00000 6.472321021614530e+01
577.00000 6.789831233729899e+01
578.00000 7.095837590259791e+01
579.00000 -7.141330679218962e+01
580.00000 -9.273373098869416e+01
581.00000 -1.197249904046813e+02
582.00000 -1.539896153511861e+02
583.00000 -1.975464894034781e+02
584.00000 -2.526815915195165e+02
585.00000 -3.214965348645765e+02
586.00000 -4.049329419714352e+02
587.00000 -5.010853311354301e+02
588.00000 -6.030105484467106e+02
589.00000 -6.972459865635392e+02
590.00000 -7.653964265409224e+02
591.00000 -7.904624038155943e+02
592.00000 -6.526950671447748e+02
593.00000 -4.057502659761137e+02
594.00000 -2.244158998675538e+02
595.00000 -1.222133482087666e+02
596.00000 -6.820934186662697e+01
597.00000 -3.948160511278408e+01
598.00000 -2.375037664355983e+01
599.00000 -1.484204443745522e+01
600.00000 -9.632989480579766e+00
601.00000 -6.498114356480773e+00
602.00000 -4.563363762172998e+00
603.00000 -3.342935390797740e+00
604.00000 -2.558481192290606e+00
605.00000 -2.046080711472600e+00
606.00000 -1.706805359516910e+00
607.00000 -1.479630300027738e+00
608.00000 -1.326166089636865e+00
609.00000 -1.221828291845811e+00
610.00000 -1.150610261913930e+00
611.00000 -1.101923262927098e+00
612.00000 -1.068649881548167e+00
613.00000 -1.045924435245376e+00
614.00000 -1.030357477706554e+00
615.00000 -1.019536658927046e+00
616.00000 -1.011702652750276e+00
617.00000 -1.005537635501986e+00
618.00000 -1.000026093358732e+00
619.00000 -9.943592004925552e-01
620.00000 -9.878566583819941e-01
621.00000 -9.798738211542650e-01
622.00000 -9.696546218256632e-01
623.00000 -9.561424943501740e-01
624.00000 -9.380741806939650e-01
625.00000 -9.151947790995996e-01
626.00000 -8.901604735125117e-01
627.00000 -8.677737694597401e-01
628.00000 -8.519565275618701e-01
629.00000 -8.440208503062738e-01
630.00000 -8.413856622458882e-01
631.00000 -8.362894292819680e-01
632.00000 -8.182541787632900e-01
633.00000 -7.933078836281329e-01
634.00000 -7.717891154519103e-01
635.00000 -7.531887414413365e-01
636.00000 -7.364088594518172e-01
637.00000 -7.213821616474974e-01
638.00000 -7.081093366623623e-01
639.00000 -6.962006181988230e-01
640.00000 -6.848316256371181e-01
641.00000 -6.728930308258150e-01
642.00000 -6.591642613217008e-01
643.00000 -6.424182524942261e-01
644.00000 -6.214428561044443e-01
645.00000 -5.950076197710086e-01
646.00000 -5.618236951025266e-01
647.00000 -5.205845975275341e-01
648.00000 -4.702732070742217e-01
649.00000 -4.109531394004851e-01
650.00000 -3.447243460457554e-01
651.00000 -2.754412803571165e-01
652.00000 -2.065118947162599e-01
653.00000 -1.389678355735759e-01
654.00000 -7.178635045634496e-02
655.00000 -3.405878289576059e-03
656.00000 6.728591219032420e-02
657.00000 1.406946905991431e-01
658.00000 2.168318040956172e-01
659.00000 2.955995108365068e-01
660.00000 3.770372002841518e-01
661.00000 4.614550572263245e-01
662.00000 5.494806468079121e-01
663.00000 6.420439930434725e-01
664.00000 7.403217833601867e-01
665.00000 8.456550092862987e-01
666.00000 9.594497260629220e-01
667.00000 1.083068221837356e+00
668.00000 1.217717353375241e+00
669.00000 1.364341292414225e+00
670.00000 1.523526419201175e+00
671.00000 1.695425735012984e+00
672.00000 1.879708517134746e+00
673.00000 2.075538117616409e+00
674.00000 2.281577341891689e+00
675.00000 2.496017422991489e+00
676.00000 2.716623771558630e+00
677.00000 2.940789538406923e+00
678.00000 3.165585962217567e+00
679.00000 3.387794658041655e+00
680.00000 3.603897087198851e+00
681.00000 3.809969887966677e+00
682.00000 4.001364753103434e+00
683.00000 4.171875479909882e+00
684.00000 4.311770979775823e+00
685.00000 4.404852129489594e+00
686.00000 4.436747883985834e+00
687.00000 4.436303672794575e+00
688.00000 4.897710489212692e+00
689.00000 5.307176428197035e+00
690.00000 5.655051896483636e+00
691.00000 5.933979484110823e+00
692.00000 6.139181640542677e+00
693.00000 6.268578656364475e+00
694.00000 6.322741532105827e+00
695.00000 6.304700867161721e+00
696.00000 6.219643996448413e+00
697.00000 6.074534518219012e+00
698.00000 5.877679645572754e+00
699.00000 5.638256849387275e+00
700.00000 5.365806671824202e+00
701.00000 5.069717033234450e+00
702.00000 4.758756503052667e+00
703.00000 4.440725561743143e+00
704.00000 4.122264921818474e+00
705.00000 3.808810152419610e+00
706.00000 3.504649049106892e+00
707.00000 3.213034433030979e+00
708.00000 2.936317765969537e+00
709.00000 2.676083405806860e+00
710.00000 2.433273508504208e+00
711.00000 2.208299733309288e+00
712.00000 2.001141822740881e+00
713.00000 1.811436037029097e+00
714.00000 1.638558630896645e+00
715.00000 1.481710601535629e+00
716.00000 1.340008826683350e+00
717.00000 1.212584381761788e+00
718.00000 1.098680734883118e+00
719.00000 9.977336186748043e-01
720.00000 9.094054585839584e-01
721.00000 8.335514920907077e-01
722.00000 7.701226418375038e-01
723.00000 7.190496242584534e-01
724.00000 6.801627472322345e-01
725.00000 6.531566098180908e-01
726.00000 6.375447529243852e-01
727.00000 6.325357468256829e-01
728.00000 6.368252191182995e-01
729.00000 6.483907752952156e-01
730.00000 6.644205532702196e-01
731.00000 6.814591529928133e-01
732.00000 6.957488486267636e-01
733.00000 7.036597873689647e-01
734.00000 7.020969730410247e-01
735.00000 6.888312107749393e-01
736.00000 6.627675702567490e-01
737.00000 6.241893397834826e-01
738.00000 5.749851199379172e-01
739.00000 5.187987950908202e-01
740.00000 4.609697886716191e-01
741.00000 4.080917677287630e-01
742.00000 3.670523765029188e-01
743.00000 3.436016944251037e-01
744.00000 3.543608994290288e-01
745.00000 3.655101144731674e-01
746.00000 3.773090862042494e-01
747.00000 3.901144204584597e-01
748.00000 4.043585804031906e-01
749.00000 4.205117679743218e-01
750.00000 4.390311494874588e-01
751.00000 4.603092255918639e-01
752.00000 4.846309029916931e-01
753.00000 5.121424603328002e-01
754.00000 5.428322013212643e-01
755.00000 5.765250605388061e-01
756.00000 6.129000815757202e-01
757.00000 6.515449120802081e-01
758.00000 6.920564996003655e-01
759.00000 7.341750980585608e-01
760.00000 7.779057988622107e-01
761.00000 8.235642753904884e-01
762.00000 8.717090055729955e-01
763.00000 9.229834300290474e-01
764.00000 9.779401614162868e-01
765.00000 1.036915288861518e+00
766.00000 1.099974693871184e+00
767.00000 1.166909133081823e+00
768.00000 1.237239838113480e+00
769.00000 1.310210092049777e+00
770.00000 1.384762764412072e+00
771.00000 1.459521811465331e+00
772.00000 1.532798194107052e+00
773.00000 1.602628741159126e+00
774.00000 1.666841668100165e+00
775.00000 1.723139663815058e+00
776.00000 1.769194929735162e+00
777.00000 1.802723328440511e+00
778.00000 1.821529314593084e+00
779.00000 1.823892776003252e+00
780.00000 1.809794247500218e+00
781.00000 1.782124407644293e+00
782.00000 1.745621263119641e+00
783.00000 1.704297066471801e+00
784.00000 1.659469519870775e+00
785.00000 1.610491923852710e+00
786.00000 1.556533564991883e+00
787.00000 1.497523192856981e+00
788.00000 1.434163586287429e+00
789.00000 1.367638822259421e+00
790.00000 1.299377010095624e+00
791.00000 1.230945986101339e+00
792.00000 1.164023080894941e+00
793.00000 1.100274898972676e+00
794.00000 1.040866602908640e+00
795.00000 9.854265197347676e-01
796.00000 9.310689904751870e-01
797.00000 8.729095348280422e-01
798.00000 8.062429438226424e-01
799.00000 7.286391192540371e-01
800.00000 6.445075641582036e-01
801.00000 5.874019070891716e-01
802.00000 5.560814303249648e-01
803.00000 4.757443755691613e-01
804.00000 3.787544930210585e-01
805.00000 2.812362270671169e-01
806.00000 1.851796715834428e-01
807.00000 9.056845383410561e-02
808.00000 -2.568052930420173e-03
809.00000 -9.388050775389267e-02
810.00000 -1.828387872384765e-01
811.00000 -2.690460699590034e-01
812.00000 -3.525082074614971e-01
813.00000 -4.336718541272120e-01
814.00000 -5.132528175383699e-01
815.00000 -5.920177525889576e-01
816.00000 -6.706378937204924e-01
817.00000 -7.496276976344092e-01
818.00000 -8.293937394758784e-01
819.00000 -9.102004443176170e-01
820.00000 -9.922989765814192e-01
821.00000 -1.075940769894236e+00
822.00000 -1.161433269261869e+00
823.00000 -1.249184665742595e+00
824.00000 -1.339747003357864e+00
825.00000 -1.433859743684534e+00
826.00000 -1.532496113625791e+00
827.00000 -1.636915149117837e+00
828.00000 -1.748723532460818e+00
829.00000 -1.869953285195254e+00
830.00000 -2.003164358751047e+00
831.00000 -2.151585571228901e+00
832.00000 -2.319313899768708e+00
833.00000 -2.511602127352086e+00
834.00000 -2.735280452414537e+00
835.00000 -2.999382676917417e+00
836.00000 -3.316088572175597e+00
837.00000 -3.702162643955335e+00
838.00000 -4.181186896809415e+00
839.00000 -4.787090493755576e+00
840.00000 -5.569846913987079e+00
841.00000 -6.604884893642262e+00
842.00000 -8.009035672466176e+00
843.00000 -9.968321265575216e+00
844.00000 -1.278786597445702e+01
845.00000 -1.698450509958155e+01
846.00000 -2.346454761833258e+01
847.00000 -3.387655762721430e+01
848.00000 -5.133097767472913e+01
849.00000 -8.187945756226361e+01
850.00000 -1.373968738546883e+02
851.00000 -2.397666649015350e+02
852.00000 -4.179767682049321e+02
853.00000 -6.576204443465620e+02
854.00000 -7.904624038155943e+02
855.00000 -6.603182310069162e+02
856.00000 -4.249416710988617e+02
857.00000 -2.488139377066383e+02
858.00000 -1.465559527254833e+02
859.00000 -9.024993003282525e+01
860.00000 -5.865794725663653e+01
861.00000 -4.018079031122634e+01
862.00000 -2.886090337393558e+01
863.00000 -2.160673893240078e+01
864.00000 -1.676086083245440e+01
865.00000 -1.339979258432918e+01
866.00000 -1.098875824567582e+01
867.00000 -9.206526783097544e+00
868.00000 -7.853453193259035e+00
869.00000 -6.801486227472423e+00
870.00000 -5.966070276644198e+00
871.00000 -5.289857198795956e+00
872.00000 -4.732994396254762e+00
873.00000 -4.267184781558108e+00
874.00000 -3.871968350400733e+00
875.00000 -3.532340690664359e+00
876.00000 -3.237185799902545e+00
877.00000 -2.978202409812330e+00
878.00000 -2.749120025862518e+00
879.00000 -2.545076781252936e+00
880.00000 -2.362126422122491e+00
881.00000 -2.197293001375243e+00
882.00000 -2.050316155290829e+00
883.00000 -1.920168341850766e+00
884.00000 -1.800929407614650e+00
885.00000 -1.690121015134354e+00
886.00000 -1.586940601039229e+00
887.00000 -1.490818849339908e+00
888.00000 -1.401558611100162e+00
889.00000 -1.319121721401366e+00
890.00000 -1.242891660842124e+00
891.00000 -1.171565615391575e+00
892.00000 -1.104360718441155e+00
893.00000 -1.041705688509070e+00
894.00000 -9.845893029242134e-01
895.00000 -9.336532416817267e-01
896.00000 -8.886954906958930e-01
897.00000 -8.487035872174360e-01
898.00000 -8.123136168484848e-01
899.00000 -7.782785624745516e-01
900.00000 -7.456023470678605e-01
901.00000 -7.134516376886433e-01
902.00000 -6.810727887408632e-01
903.00000 -6.477539007616731e-01
904.00000 -6.128102248783289e-01
905.00000 -5.756318009221779e-01
906.00000 -5.358823903138710e-01
907.00000 -4.938677199379748e-01
908.00000 -4.507294818229770e-01
909.00000 -4.078299984062834e-01
910.00000 -3.656147306151549e-01
911.00000 -3.233729215326129e-01
912.00000 -2.800741143006027e-01
913.00000 -2.350998765018097e-01
914.00000 -1.884110940889032e-01
915.00000 -1.404369383486204e-01
916.00000 -9.191795582906170e-02
917.00000 -4.374988000550140e-02
918.00000 3.147747742934470e-03
919.00000 4.807537450453525e-02
920.00000 9.027499376278758e-02
921.00000 1.291552386749322e-01
922.00000 1.642460181159722e-01
923.00000 1.953584999844953e-01
924.00000 2.226231972789283e-01
925.00000 2.464438731396994e-01
926.00000 2.674207589137199e-01
927.00000 2.862678395710812e-01
928.00000 3.037325168659861e-01
929.00000 3.205232915553373e-01
930.00000 3.372508627853392e-01
931.00000 3.543866968602156e-01
932.00000 3.722408075779882e-01
933.00000 3.909579853672858e-01
934.00000 4.105296059911065e-01
935.00000 4.308167431588448e-01
936.00000 4.515796462860102e-01
937.00000 4.725085747941429e-01
938.00000 4.932512226853993e-01
939.00000 5.134321465275198e-01
940.00000 5.326592382620887e-01
941.00000 5.505106443215217e-01
942.00000 5.664913656231163e-01
943.00000 5.799396387804370e-01
944.00000 5.898445671550117e-01
945.00000 5.945035022681373e-01
946.00000 5.909255641652029e-01
947.00000 5.741748974779544e-01
948.00000 5.394343054216746e-01
949.00000 4.992458360054162e-01
950.00000 5.007094943692980e-01
951.00000 4.436303672794575e+00
952.00000 4.494889737772169e+00
953.00000 4.610753512910668e+00
954.00000 4.756820533028501e+00
955.00000 4.924254197987228e+00
956.00000 5.100704222874556e+00
957.00000 5.288323174053527e+00
958.00000 5.496436669720464e+00
959.00000 5.726119932480427e+00
960.00000 5.975428257897451e+00
961.00000 6.229896325817657e+00
962.00000 6.477210545685931e+00
963.00000 6.739905426908107e+00
964.00000 6.996707516557247e+00
965.00000 7.249501784427180e+00
966.00000 7.499662627304652e+00
967.00000 7.747726554889103e+00
968.00000 7.992963095957826e+00
969.00000 8.234871822547859e+00
970.00000 8.474453649029119e+00
971.00000 8.712865533031479e+00
972.00000 8.948595495042806e+00
973.00000 9.175745066648156e+00
974.00000 9.388905890698295e+00
975.00000 9.585661959211036e+00
976.00000 9.763784813954128e+00
977.00000 9.920746619683406e+00
978.00000 1.005460089626784e+01
979.00000 1.016461833248736e+01
980.00000 1.025157657866517e+01
981.00000 1.031782075432170e+01
982.00000 1.036715133163128e+01
983.00000 1.040455166295576e+01
984.00000 1.043569365380870e+01
985.00000 1.046590426958443e+01
986.00000 1.049935046994006e+01
987.00000 1.054052245797371e+01
988.00000 1.059373163220190e+01
989.00000 -2.202148932054778e+01
990.00000 -2.616146040704754e+01
991.00000 -3.133295526091890e+01
992.00000 -3.738865601573215e+01
993.00000 -4.352127770918668e+01
994.00000 -4.799917243791381e+01
995.00000 -4.865245565772705e+01
996.00000 -4.434770713291456e+01
997.00000 -3.634897619671888e+01
998.00000 -2.735275073627115e-01
999.00000 -2.726335616948373e-01
1000.00000 -2.718396549643103e-01
1001.00000 -2.711437848695423e-01
1002.00000 -2.705249830485843e-01
1003.00000 -2.699825545697312e-01
1004.00000 -2.695320528034530e-01
1005.00000 -2.691943244004126e-01
1006.00000 -2.689869379649604e-01
1007.00000 -2.689174225315028e-01
