-8.00000 -2.008638622326137e+01
-7.97600 -2.097342706681539e+01
-7.95200 -2.189562457588738e+01
-7.92800 -2.285452486895486e+01
-7.90400 -2.385176476543908e+01
-7.88000 -2.488906988533912e+01
-7.85600 -2.596824847538067e+01
-7.83200 -2.709118080743544e+01
-7.80800 -2.825980442971028e+01
-7.78400 -2.947609623444507e+01
-7.76000 -3.074205392378809e+01
-7.73600 -3.205968283988071e+01
-7.71200 -3.343099951297479e+01
-7.68800 -3.485806938267771e+01
-7.66400 -3.634309995826850e+01
-7.64000 -3.788860907399456e+01
-7.61600 -3.949768050714047e+01
-7.59200 -4.117431036654240e+01
-7.56800 -4.292384896459042e+01
-7.54400 -4.475359083025830e+01
-7.52000 -4.667377876794541e+01
-7.49600 -4.870027969450270e+01
-7.47200 -5.086353651808156e+01
-7.44800 -5.321577689260936e+01
-7.42400 -5.581106489546708e+01
-7.40000 -5.882870760401294e+01
-7.37600 -6.182524883482638e+01
-7.35200 -6.499720316049746e+01
-7.32800 -6.829613759967977e+01
-7.30400 -7.167648490742293e+01
-7.28000 -7.512761538660352e+01
-7.25600 -7.866552809507428e+01
-7.23200 -8.231068655151252e+01
-7.20800 -8.607437236875926e+01
-7.18400 -8.995989491842926e+01
-7.16000 -9.397251060393627e+01
-7.13600 -9.812911043177900e+01
-7.11200 -1.024740302143369e+02
-7.08800 -1.069849525620637e+02
-7.06400 -1.116805025904071e+02
-7.04000 -1.165676352842030e+02
-7.01600 -1.216604967330631e+02
-6.99200 -1.269701744497683e+02
-6.96800 -1.325053523318007e+02
-6.94400 -1.382787136182975e+02
-6.92000 -1.443126733208499e+02
-6.89600 -1.506412618178159e+02
-6.87200 -1.573005116317485e+02
-6.84800 -1.643075885741210e+02
-6.82400 -1.716502461319092e+02
-6.80000 -1.792932884749199e+02
-6.77600 -1.871962947468158e+02
-6.75200 -1.953356648232503e+02
-6.72800 -2.037060574330130e+02
-6.70400 -2.123055753210876e+02
-6.68000 -2.211341378879839e+02
-6.65600 -2.301823516124750e+02
-6.63200 -2.394553423591301e+02
-6.60800 -2.489604419956578e+02
-6.58400 -2.587098891805152e+02
-6.56000 -2.687093179820234e+02
-6.53600 -2.789362984193966e+02
-6.51200 -2.893348324658474e+02
-6.48800 -2.998523196661964e+02
-6.46400 -3.104752086422014e+02
-6.44000 -3.211915031455972e+02
-6.41600 -3.319486842408542e+02
-6.39200 -3.427085272410498e+02
-6.36800 -3.534821294277731e+02
-6.34400 -3.642675071967022e+02
-6.32000 -3.750334506338335e+02
-6.29600 -3.857724366728914e+02
-6.27200 -3.965068040302846e+02
-6.24800 -4.072549078926037e+02
-6.22400 -4.180226663124170e+02
-6.20000 -4.288178670212716e+02
-6.17600 -4.396588653311328e+02
-6.15200 -4.505715797866643e+02
-6.12800 -4.615839715278461e+02
-6.10400 -4.727247806404554e+02
-6.08000 -4.840253109384154e+02
-6.05600 -4.955198947359733e+02
-6.03200 -5.072433574433040e+02
-6.00800 -5.192276403207463e+02
-5.98400 -5.315011205646596e+02
-5.96000 -5.440929505111027e+02
-5.93600 -5.570424901661701e+02
-5.91200 -5.704118957285398e+02
-5.88800 -5.842990244381558e+02
-5.86400 -5.988497096637808e+02
-5.84000 -6.142741240346679e+02
-5.81600 -6.308711841446487e+02
-5.79200 -6.491382407468221e+02
-5.76800 -6.693061145679337e+02
-5.74400 -6.917563349924098e+02
-5.72000 -7.162635375382828e+02
-5.69600 -7.437308812585810e+02
-5.67200 -7.751703260154057e+02
-5.64800 -8.098464633225598e+02
-5.62400 -8.466312452022497e+02
-5.60000 -8.836733136541417e+02
-5.57600 -9.188053233989841e+02
-5.55200 -9.504327074520037e+02
-5.52800 -9.780570623328862e+02
-5.50400 -1.002095045653978e+03
-5.48000 -1.023334335858665e+03
-5.45600 -1.042523873331844e+03
-5.43200 -1.060258885182639e+03
-5.40800 -1.077033684020661e+03
-5.38400 -1.093312723422939e+03
-5.36000 -1.109558201752288e+03
-5.33600 -1.126184793834734e+03
-5.31200 -1.143271108208133e+03
-5.28800 -1.158718110732889e+03
-5.26400 -1.157654717399260e+03
-5.24000 -1.138311274113019e+03
-5.21600 -1.129484784937618e+03
-5.19200 -1.127558098553962e+03
-5.16800 -1.137651542268613e+03
-5.14400 -1.163834461407602e+03
-5.12000 -1.200929322805521e+03
-5.09600 -1.240460630204264e+03
-5.07200 -1.278286815275489e+03
-5.04800 -1.314402648452066e+03
-5.02400 -1.350393579192559e+03
-5.00000 -1.388039171937316e+03
-4.97600 -1.427633813039370e+03
-4.95200 -1.469077614276110e+03
-4.92800 -1.508949300664534e+03
-4.90400 -1.549029400907724e+03
-4.88000 -1.588724007382395e+03
-4.85600 -1.630969890612698e+03
-4.83200 -1.674921325120235e+03
-4.80800 -1.720383779842326e+03
-4.78400 -1.767328479534951e+03
-4.76000 -1.815682142685914e+03
-4.73600 -1.865365591794356e+03
-4.71200 -1.916270207091371e+03
-4.68800 -1.968199751540498e+03
-4.66400 -2.020794119101527e+03
-4.64000 -2.073201433162300e+03
-4.61600 -2.122662030703357e+03
-4.59200 -2.163762133875919e+03
-4.56800 -2.196140879016937e+03
-4.54400 -2.229438635705974e+03
-4.52000 -2.268405771280756e+03
-4.49600 -2.308404719378627e+03
-4.47200 -2.346182232436497e+03
-4.44800 -2.383090424728961e+03
-4.42400 -2.416797471751898e+03
-4.40000 -2.437963619602390e+03
-4.37600 -2.451472797018499e+03
-4.35200 -2.460004875872387e+03
-4.32800 -2.462568203706285e+03
-4.30400 -2.458717678944008e+03
-4.28000 -2.447308060729610e+03
-4.25600 -2.427808404210120e+03
-4.23200 -2.399224531927191e+03
-4.20800 -2.370895931400899e+03
-4.18400 -2.338571281158254e+03
-4.16000 -2.301127773553024e+03
-4.13600 -2.254484200203140e+03
-4.11200 -2.201787471015367e+03
-4.08800 -2.146171671889803e+03
-4.06400 -2.088920411912949e+03
-4.04000 -2.017671635186232e+03
-4.01600 -1.942207741609265e+03
-3.99200 -1.867387705240260e+03
-3.96800 -1.802392481670012e+03
-3.94400 -1.756021671343388e+03
-3.92000 -1.727964509680094e+03
-3.89600 -1.711549726671690e+03
-3.87200 -1.697221813752670e+03
-3.84800 -1.683745939157408e+03
-3.82400 -1.671488948104348e+03
-3.80000 -1.660149432150342e+03
-3.77600 -1.648960441619860e+03
-3.75200 -1.637513361018825e+03
-3.72800 -1.625643290927283e+03
-3.70400 -1.613237651184054e+03
-3.68000 -1.600209924588479e+03
-3.65600 -1.586513336082580e+03
-3.63200 -1.572121250443689e+03
-3.60800 -1.556992592288354e+03
-3.58400 -1.541048333394694e+03
-3.56000 -1.524160400714297e+03
-3.53600 -1.506168142065580e+03
-3.51200 -1.486883512883344e+03
-3.48800 -1.465885962953703e+03
-3.46400 -1.442511150228005e+03
-3.44000 -1.416306666390207e+03
-3.41600 -1.386923086475451e+03
-3.39200 -1.352744267947262e+03
-3.36800 -1.303696042666066e+03
-3.34400 -1.242115404421901e+03
-3.32000 -1.168797500737473e+03
-3.29600 -1.078062605035238e+03
-3.27200 -9.596614957523753e+02
-3.24800 -8.154765477171787e+02
-3.22400 -6.909458583230615e+02
-3.20000 -5.908443719126210e+02
-3.17600 -5.396501666186692e+02
-3.15200 -5.125856581440588e+02
-3.12800 -5.052694303807753e+02
-3.10400 -5.164677187812695e+02
-3.08000 -5.421259664929669e+02
-3.05600 -5.725805358762173e+02
-3.03200 -5.970310383446021e+02
-3.00800 -6.106138697842579e+02
-2.98400 -6.154939810229744e+02
-2.96000 -6.162186821510545e+02
-2.93600 -6.158489628855782e+02
-2.91200 -6.154498196463601e+02
-2.88800 -6.148976652108412e+02
-2.86400 -6.136398126640521e+02
-2.84000 -6.120231034847830e+02
-2.81600 -6.111582050072250e+02
-2.79200 -6.111311605172084e+02
-2.76800 -6.117616721806712e+02
-2.74400 -6.133855145557071e+02
-2.72000 -6.166925370479370e+02
-2.69600 -6.228776630810028e+02
-2.67200 -6.336901870383597e+02
-2.64800 -6.506085718819047e+02
-2.62400 -6.725600072821251e+02
-2.60000 -6.953554194405250e+02
-2.57600 -7.167104365440482e+02
-2.55200 -7.391118515452717e+02
-2.52800 -7.628211319167550e+02
-2.50400 -7.868175467691738e+02
-2.48000 -8.123097213946360e+02
-2.45600 -8.387134092852780e+02
-2.43200 -8.638649520102485e+02
-2.40800 -8.853611418316880e+02
-2.38400 -9.014043053541301e+02
-2.36000 -9.109030436924681e+02
-2.33600 -9.122406380329454e+02
-2.31200 -9.029402664908423e+02
-2.28800 -8.841851173300269e+02
-2.26400 -8.602791796758058e+02
-2.24000 -8.274085008227720e+02
-2.21600 -7.807602195202550e+02
-2.19200 -7.308897224724586e+02
-2.16800 -6.872908073627393e+02
-2.14400 -6.483542502274028e+02
-2.12000 -6.120238777785457e+02
-2.09600 -5.782814014138655e+02
-2.07200 -5.475986533878521e+02
-2.04800 -5.202982194925813e+02
-2.02400 -4.962877942843548e+02
-2.00000 -4.752091998071688e+02
-1.97600 -4.567373393094339e+02
-1.95200 -4.407385010249548e+02
-1.92800 -4.272818996100726e+02
-1.90400 -4.165973847692724e+02
-1.88000 -4.090124335071840e+02
-1.85600 -4.049831611281589e+02
-1.83200 -4.043637686423232e+02
-1.80800 -4.069574135364846e+02
-1.78400 -4.118737284079387e+02
-1.76000 -4.198604037605662e+02
-1.73600 -4.335536351053812e+02
-1.71200 -4.514140616570041e+02
-1.68800 -4.667312222636521e+02
-1.66400 -4.791676862041525e+02
-1.64000 -4.908458330035467e+02
-1.61600 -5.022146197278020e+02
-1.59200 -5.144788817601242e+02
-1.56800 -5.283555955380119e+02
-1.54400 -5.409698454660667e+02
-1.52000 -5.507634635966532e+02
-1.49600 -5.609270915814510e+02
-1.47200 -4.485609660555468e+02
-1.44800 -3.835578007890219e+02
-1.42400 -3.394545724643893e+02
-1.40000 -2.981365877659132e+02
-1.37600 -2.605863685404920e+02
-1.35200 -2.264614065435779e+02
-1.32800 -1.950896341175673e+02
-1.30400 -1.657579341425009e+02
-1.28000 -1.378331334203067e+02
-1.25600 -1.109285955435052e+02
-1.23200 -8.484599598619386e+01
-1.20800 -5.947320580990451e+01
-1.18400 -3.470371036461085e+01
-1.16000 -1.038638901482125e+01
-1.13600 1.368284552191931e+01
-1.11200 3.773576680668870e+01
-1.08800 6.199645110219397e+01
-1.06400 8.665477131351791e+01
-1.04000 1.118553569212550e+02
-1.01600 1.376995259826959e+02
-0.99200 1.642540183909816e+02
-0.96800 1.915602953029813e+02
-0.94400 2.196398996740888e+02
-0.92000 2.484936858489291e+02
-0.89600 2.780948632612930e+02
-0.87200 3.083774210147394e+02
-0.84800 3.392225913078824e+02
-0.82400 3.704466701227782e+02
-0.80000 4.017937865399313e+02
-0.77600 4.329370328055430e+02
-0.75200 4.634906017376636e+02
-0.72800 4.930341091820148e+02
-0.70400 5.211481258811793e+02
-0.68000 5.474573803844535e+02
-0.65600 5.716757151757464e+02
-0.63200 5.936455555899220e+02
-0.60800 6.133654332929902e+02
-0.58400 6.310030803415927e+02
-0.56000 6.468995945269334e+02
-0.53600 6.615816923976718e+02
-0.51200 6.758099014660687e+02
-0.48800 5.874184383915241e+02
-0.46400 6.045709817472242e+02
-0.44000 6.262916748734056e+02
-0.41600 6.555330892305805e+02
-0.39200 6.955134632249138e+02
-0.36800 7.488583874858872e+02
-0.34400 8.164655983624866e+02
-0.32000 8.966131832163823e+02
-0.29600 9.849515040665646e+02
-0.27200 1.075682953653588e+03
-0.24800 1.163433387398544e+03
-0.22400 1.244614124046816e+03
-0.20000 1.317472620185017e+03
-0.17600 1.381427323852210e+03
-0.15200 1.553904971821795e+03
-0.12800 1.602109100968933e+03
-0.10400 1.645153021972550e+03
-0.08000 1.686112794632344e+03
-0.05600 1.726480203761974e+03
-0.03200 1.767247660364360e+03
-0.00800 1.809289228521697e+03
0.01600 1.852824982425451e+03
0.04000 1.903846161366566e+03
0.06400 1.943209369828420e+03
0.08800 1.972307696222721e+03
0.11200 1.985964013594324e+03
0.13600 1.985926625659426e+03
0.16000 1.976564394180561e+03
0.18400 1.959738108524768e+03
0.20800 1.936386922866183e+03
0.23200 1.907329226365587e+03
0.25600 1.877423878744177e+03
0.28000 1.840220971851979e+03
0.30400 1.800520985391652e+03
0.32800 1.745180396748528e+03
0.35200 1.701986836967868e+03
0.37600 1.657114482591601e+03
0.40000 1.610589031005792e+03
0.42400 1.562568539776144e+03
0.44800 1.513311051612682e+03
0.47200 1.463129204277645e+03
0.49600 1.412388330718028e+03
0.52000 1.361524763809009e+03
0.54400 1.310976697001633e+03
0.56800 1.261062668634940e+03
0.59200 1.212376466733789e+03
0.61600 1.165339628744485e+03
0.64000 1.120442984434358e+03
0.66400 1.077493233760199e+03
0.68800 1.036177295638965e+03
0.71200 9.963707617868444e+02
0.73600 9.580673945455354e+02
0.76000 9.213427396217669e+02
0.78400 8.863340225562233e+02
0.80800 8.532227783962541e+02
0.83200 8.222013913187293e+02
0.85600 7.934147297899469e+02
0.88000 7.668991355828471e+02
0.90400 7.348648981396854e+02
0.92800 7.124691815539826e+02
0.95200 6.917385265414842e+02
0.97600 6.723835180971251e+02
1.00000 6.541545071017614e+02
1.02400 6.368608574523681e+02
1.04800 6.203693657605136e+02
1.07200 6.045915575634377e+02
1.09600 5.894686278204849e+02
1.12000 5.749590210193452e+02
1.14400 5.610301184183334e+02
1.16800 5.476534890036151e+02
1.19200 5.348025377817106e+02
1.21600 5.224515165624631e+02
1.24000 5.105752135074498e+02
1.26400 4.991489428029655e+02
1.28800 4.881486489553249e+02
1.31200 4.775510423641427e+02
1.33600 4.673337309222588e+02
1.36000 4.574753335055564e+02
1.38400 4.479555702498999e+02
1.40800 4.387553284457025e+02
1.43200 4.298567046926673e+02
1.45600 4.212430248631451e+02
1.48000 4.128988439132697e+02
1.50400 4.048099278549073e+02
1.52800 3.969632203420045e+02
1.55200 3.893467963688599e+02
1.57600 3.819498055455791e+02
1.60000 3.747624073222457e+02
1.62400 3.677757003910594e+02
1.64800 3.609816483170068e+02
1.67200 3.543730032442043e+02
1.69600 3.479432293070770e+02
1.72000 3.416864271520817e+02
1.74400 3.355972607541685e+02
1.76800 3.296708874984539e+02
1.79200 3.281488643086327e+02
1.81600 3.225351983274574e+02
1.84000 3.170721227535748e+02
1.86400 3.117561578385183e+02
1.88800 3.065840373615756e+02
1.91200 3.015526685138980e+02
1.93600 2.966590971127087e+02
1.96000 2.919004779686023e+02
1.98400 2.872740501590272e+02
2.00800 2.827771169044560e+02
2.03200 2.784070296999409e+02
2.05600 2.741611763224333e+02
2.08000 2.700369723126390e+02
2.10400 2.660318555183088e+02
2.12800 2.621432832828726e+02
2.15200 2.583687318683021e+02
2.17600 2.547056977132624e+02
2.20000 2.511517001460224e+02
2.22400 2.477042851953406e+02
2.24800 2.443610301708561e+02
2.27200 2.411195487162241e+02
2.29600 2.379774960726698e+02
2.32000 2.349325743266388e+02
2.34400 2.319825374520813e+02
2.36800 2.291251959945366e+02
2.39200 2.263584212800105e+02
2.41600 2.236801490656554e+02
2.44000 2.210883825810495e+02
2.46400 2.185811949376268e+02
2.48800 2.161567309093388e+02
2.51200 2.138132081093718e+02
2.53600 2.115489176056818e+02
2.56000 2.093622240320111e+02
2.58400 2.072515652611106e+02
2.60800 2.052154517131293e+02
2.63200 2.032524653749228e+02
2.65600 2.013612586055787e+02
2.68000 1.995405528003747e+02
2.70400 1.977891369799205e+02
2.72800 1.961058663640451e+02
2.75200 1.944896609815531e+02
2.77600 1.929395043577115e+02
2.80000 1.914544423118892e+02
2.82400 1.900335818884692e+02
2.84800 1.886760904354273e+02
2.87200 1.873811948372450e+02
2.89600 1.861481809022403e+02
2.92000 1.849763928993416e+02
2.94400 1.838652332357339e+02
2.96800 1.828141622649790e+02
2.99200 1.818226982149275e+02
3.01600 1.808904172261773e+02
3.04000 1.800169534946306e+02
3.06400 1.792019995159706e+02
3.08800 1.784453064351773e+02
3.11200 1.777466845104944e+02
3.13600 1.771060037081041e+02
3.16000 1.765231944511505e+02
3.18400 1.759982485540321e+02
3.20800 1.755312203801798e+02
3.23200 1.751222282682235e+02
3.25600 1.747714562775018e+02
3.28000 1.744791563089395e+02
3.30400 1.742456506611503e+02
3.32800 1.740713350842120e+02
3.35200 1.739566823945395e+02
3.37600 1.739022467137583e+02
3.40000 1.739086683923411e+02
3.42400 1.739766796750318e+02
3.44800 1.741071111599098e+02
3.47200 1.743008990964594e+02
3.49600 1.745590935604883e+02
3.52000 1.748828675354131e+02
3.54400 1.752735269208044e+02
3.56800 1.757325214803526e+02
3.59200 1.762614567332304e+02
3.61600 1.768621067854310e+02
3.64000 1.775364280915047e+02
3.66400 1.782865741325963e+02
3.68800 1.791149109937666e+02
3.71200 1.800240338225926e+02
3.73600 1.810167841514928e+02
3.76000 1.820962680679038e+02
3.78400 1.832658752183279e+02
3.80800 1.845292986335719e+02
3.83200 1.858905553613311e+02
3.85600 1.873540078872005e+02
3.88000 1.889243863137131e+02
3.90400 1.906068112468938e+02
3.92800 1.924068173083056e+02
3.95200 1.943303771451066e+02
3.97600 1.963839257487455e+02
4.00000 1.985743848123740e+02
