# Energy (eV)        Projectability
    -7.3258726289997       0.9725682788286
    -6.4222374082281       0.9855842361242
    -6.2690698099864       0.9850992496837
    -5.7957744546659       0.9809640515787
    -5.5269840517238       0.9813091544464
    -4.6191411611886       0.9802016760945
    -4.2729650744767       0.9808511561302
    -3.1527719197592       0.9836487608349
    -2.6575647982929       0.9871708111902
    -1.9070769572241       0.9864238095802
    -1.1356375588761       0.9875319424205
    -0.4034940690344       0.9857614584320
    -0.2982102542285       0.9865282682874
    -0.1639836167140       0.9871059228342
    -0.1495064459601       0.9876626199094
    -0.1435854722017       0.9877115985513
     0.2719074706797       0.9869704467701
     0.5738933983328       0.9876920866329
     0.5819230428119       0.9867344954865
     0.5871014251305       0.9874969872398
     0.8807425500642       0.9835421286043
     1.4531922470641       0.9697524710082
     1.7786582320374       0.9619168929021
     1.8276302645044       0.9610566116982
     1.8518826210550       0.9597054188290
     2.4529222413758       0.6441874980189
     2.4804005930207       0.3400777308188
     2.4951203762332       0.9027484660237
     2.7235000982591       0.1788149275060
     2.7620161082723       0.1567181902825
     3.0799491020475       0.7946345744281
     3.4410162443754       0.4279867064536
     3.4524600984796       0.1337604852787
     3.5132428335447       0.8498714362625
     3.5435157034181       0.5180562499967
     3.5541768158472       0.8487435769695
     3.7797056768195       0.2587483620502
     4.0515724821821       0.0700414590248
     4.1504129423525       0.0028088653623
     4.2269847603548       0.1645299229910
     4.2746633130728       0.1560536089385
     4.7703003912219       0.1029357706276
     4.9291698907667       0.0095039281645
     5.4097577407639       0.9641147937121
     5.4604310738816       0.9797749585963
     5.6672143298172       0.1444126499286
     5.6916612049354       0.0013857051084
     5.9464003364717       0.0008507034702
     6.0011628241738       0.0037115265558
     6.0251844125766       0.6096815928246
     6.0893655705605       0.0000584989472
     6.1198044198796       0.7620495338512
     6.1925272433381       0.1510316600558
     6.2635430298888       0.0099023213192
     6.7340822444115       0.0004918226563
     6.7843923331637       0.0010106410443
     6.9388301119331       0.0827386172049
     6.9747617932177       0.0845615300879
     7.0155485356400       0.0333899656530
     7.0265156404347       0.0104748271173
    -7.3257933034480       0.9725776310400
    -6.4281127162441       0.9857209075737
    -6.2549486000734       0.9848763010513
    -5.8290886972401       0.9813631262206
    -5.4875446560360       0.9809784635591
    -4.6769365496296       0.9801519392275
    -4.2100588491556       0.9810082096360
    -3.2047589574884       0.9837297611297
    -2.6205066135246       0.9868126108218
    -1.8973371634645       0.9867115776659
    -1.1588029039870       0.9876070340976
    -0.3997948883417       0.9857887294832
    -0.3026193768245       0.9865292249333
    -0.2118280882355       0.9870599711005
    -0.1380534776761       0.9876447043633
    -0.0879579478373       0.9877521168161
     0.2459684414951       0.9873188901612
     0.4656694922014       0.9877571457923
     0.6064392455353       0.9870511930078
     0.7110483344558       0.9861235496871
     0.9198724131065       0.9825049007324
     1.3998262399101       0.9720652128986
     1.6314924470460       0.9673743780985
     1.8885291085745       0.9576289513323
     2.0067478757825       0.9529091184404
     2.1957408991801       0.9267797417636
     2.4740184208433       0.0909657015249
     2.6823136440955       0.1682030588526
     2.7677093376769       0.8522337313217
     2.8064564276101       0.1915493113333
     3.0110451834516       0.8129185906160
     3.2925293181895       0.8693961827548
     3.3384227031293       0.1868476200388
     3.5560602584625       0.6589376186945
     3.5806837157943       0.1055851017724
     3.7820670671858       0.8280765682350
     3.8253938172378       0.3359659102695
     4.0363998998188       0.0680252966413
     4.1773246853910       0.0616135399981
     4.1885287660832       0.2162532828339
     4.2445560631121       0.1154197686361
     4.7103498655529       0.0758646153186
     4.9854436419324       0.0841108939465
     5.2596306437843       0.7073959200307
     5.3373119038677       0.8667811720732
     5.6967352642356       0.0048470637687
     5.7840697938574       0.2996481078624
     5.9085938879819       0.0008604667879
     5.9770965968723       0.5680540650053
     6.0493635690521       0.0018343638307
     6.0860197406594       0.1274997015883
     6.2162391036165       0.1111184800722
     6.2564722630487       0.7806845393997
     6.4137764323977       0.0576844943251
     6.6315128612951       0.0011765235327
     6.7382126040122       0.1123304849363
     6.8952308330301       0.0009167044958
     7.0124921466856       0.0348856551644
     7.0303676825305       0.0103889045902
     7.1851419105605       0.0587796945442
    -7.3257399213434       0.9725677259554
    -6.4398767443935       0.9859636468410
    -6.2195853474184       0.9843590340376
    -5.8960266266876       0.9820558676629
    -5.4032102103243       0.9804641390689
    -4.7885693685909       0.9801156603655
    -4.0836073350996       0.9813394351649
    -3.3217497587737       0.9836697895774
    -2.5485554923073       0.9860877219269
    -1.8697154311494       0.9875378594612
    -1.2176510207899       0.9877148043294
    -0.3889583357543       0.9858617372093
    -0.3116771347652       0.9865235507942
    -0.2605345007977       0.9868080056261
    -0.1093916992782       0.9876009154884
    -0.0157857514989       0.9880036310109
     0.1913368259369       0.9878461164350
     0.3546258267295       0.9881181267511
     0.6789475389601       0.9856643861191
     0.8450530934289       0.9846836859926
     1.0306457410141       0.9794767793313
     1.2961042722989       0.9758356591841
     1.4608638432533       0.9726285543745
     1.9137449889572       0.9448993318961
     2.0250802584072       0.9498884752164
     2.2002018622364       0.9436322102588
     2.4826381009493       0.1104253805468
     2.6395648326404       0.1245240784279
     2.8236561147552       0.7110172341319
     2.9036928102928       0.3300544030540
     3.0601721888765       0.8878822472628
     3.0622469669748       0.8332960022318
     3.2375244919817       0.1615241054971
     3.5846565622770       0.4835409498381
     3.7061140553804       0.1097969609076
     3.9381858298053       0.2966470802283
     4.0311789721388       0.2276779323861
     4.0359772903227       0.8065994831510
     4.0636663690692       0.4360103513986
     4.1715396470010       0.0556802920286
     4.2411102378245       0.0593646426906
     4.6149078315882       0.0635697627955
     4.9434588365702       0.5810054211871
     5.0966043471036       0.7865707281573
     5.1750111189024       0.1612729645485
     5.7072348402028       0.0038332689658
     5.7576688103208       0.1124611055008
     5.8616818401911       0.0006376718663
     5.9879270591525       0.4854478484925
     6.1237210962005       0.0006719534879
     6.1742971144482       0.3063162430145
     6.4641220999080       0.1460579436954
     6.4664528564535       0.6835819690949
     6.5287279414627       0.0491672773799
     6.5378644863424       0.2705801475777
     6.6187662480895       0.0659113247216
     7.0243053977799       0.0386740654928
     7.0277833721902       0.0053922226051
     7.0486386984484       0.0061425928570
     7.1746645514620       0.0237510395669
    -7.3256562300563       0.9725686858108
    -6.4494898149020       0.9861400324683
    -6.1768983093631       0.9837322488670
    -5.9609793965685       0.9827642380738
    -5.3149665182548       0.9800260791213
    -4.8952457082738       0.9801848879168
    -3.9551247511222       0.9816816475611
    -3.4477826420127       0.9834620549268
    -2.4910993903842       0.9854355266081
    -1.8337466014965       0.9885437158550
    -1.2826531720013       0.9876774160442
    -0.3719877123355       0.9859590431540
    -0.3191588918542       0.9865114924250
    -0.3003695442147       0.9865884636095
    -0.0758495687799       0.9874980754662
     0.0637579452632       0.9882486823545
     0.1384909422998       0.9882567680550
     0.2518927513633       0.9882473904185
     0.7547953718067       0.9839932118704
     0.9859801332786       0.9826917022815
     1.1736143808547       0.9780338536794
     1.2244940255386       0.9754570573985
     1.2973969435708       0.9768917711868
     1.6577866449036       0.9572960433136
     2.1561751351207       0.9411758094808
     2.4015518837075       0.9327628285740
     2.4953797285483       0.1407984905133
     2.6056446906405       0.1011426237939
     2.6897126814036       0.8810009726949
     2.8358760920374       0.9044145824532
     2.9659751112282       0.1733806826972
     3.1407847354089       0.1618714993483
     3.3362360774509       0.7715791449506
     3.5980375040266       0.4363336843372
     3.8170397421552       0.1832018664175
     3.8846676025824       0.4597850336960
     3.9684532092813       0.0188537338893
     4.0667669854425       0.0511807253842
     4.1592165642696       0.4546850214641
     4.2964257998316       0.7865136612511
     4.3267782669743       0.1709672501660
     4.5289313148897       0.0777270522660
     4.7198158056350       0.6528397313397
     4.8311534797799       0.7663257611827
     5.2821065360681       0.0802688510137
     5.6266510437432       0.0393263998238
     5.7205795196076       0.0033124439554
     5.8253075138478       0.0002897816793
     6.0500677403966       0.3602413265053
     6.2079409170276       0.0005094066774
     6.3109474575666       0.2322537793961
     6.4012263191236       0.0014848007491
     6.4106337087765       0.3604868415944
     6.7262182909273       0.7410009509884
     6.7847279835622       0.2152924905518
     6.8317789126566       0.1172469707482
     7.0464105002611       0.0538441307279
     7.0540864918723       0.0102594498417
     7.1414752237803       0.0242095630666
     7.1461061103279       0.0100702016220
    -7.3255969316825       0.9725665912485
    -6.4530296930300       0.9861984973896
    -6.1531432800432       0.9833192235268
    -5.9924498259899       0.9831878038140
    -5.2705159817116       0.9797950274870
    -4.9460096798296       0.9802849592295
    -3.8896752660035       0.9818450527774
    -3.5129727418388       0.9833365097531
    -2.4701576790718       0.9851716320566
    -1.8153635816267       0.9890393652640
    -1.3124803972769       0.9875980899194
    -0.3582408716111       0.9859942271631
    -0.3219045663685       0.9865069838562
    -0.3217054749178       0.9865138227388
    -0.0584770179142       0.9873857241367
     0.1142640381262       0.9884537153319
     0.1349337143879       0.9886234738257
     0.1729669461198       0.9879804880054
     0.7914503829693       0.9829820919769
     1.1114686845230       0.9800336054805
     1.1480441715036       0.9809356545270
     1.1643619123229       0.9803025603717
     1.3972474489529       0.9664829002239
     1.4375350662767       0.9674566223111
     2.2269969184317       0.9331910664604
     2.5061328489052       0.1458599394619
     2.5803465153224       0.9228826328071
     2.5839970864789       0.2889120256980
     2.6177600571703       0.7039072238410
     2.6494449358967       0.9162071289567
     3.0463451078771       0.1543190810832
     3.0528123897165       0.1778980901674
     3.5262589677488       0.6101232503066
     3.6461371327787       0.4919013374691
     3.6564192376729       0.6969082880851
     3.9448687988345       0.0379719056226
     3.9569302855733       0.0302461313987
     3.9773473314406       0.0192371589373
     4.2411019300864       0.3124711624648
     4.4317259739526       0.1527140727905
     4.5038349352821       0.3365403645982
     4.5312041335842       0.6123052106220
     4.5552385815725       0.7661831245262
     4.5693911671144       0.7759865264829
     5.3640149365384       0.1025132784562
     5.5378089109637       0.0004607738154
     5.7282669410027       0.0033514166471
     5.8098410009610       0.0000098126333
     6.1509663962599       0.2562887210297
     6.1899374894097       0.2726345187356
     6.2978329712071       0.0002012491641
     6.3037267790818       0.0010507392360
     6.4943754771763       0.4197088070827
     6.9588384726015       0.6591973581366
     7.0116707123315       0.6571081874463
     7.0439913727663       0.1390920248387
     7.0603019632567       0.2526134421651
     7.0637739299568       0.0129868971542
     7.0990588050334       0.2145190406893
     7.1063685718013       0.1908140527443
    -7.3256562300563       0.9725686859375
    -6.4494898149020       0.9861400324536
    -6.1768983093632       0.9837322488776
    -5.9609793965685       0.9827642380736
    -5.3149665182548       0.9800260790205
    -4.8952457082737       0.9801848879307
    -3.9551247511223       0.9816816475763
    -3.4477826420127       0.9834620549260
    -2.4910993903842       0.9854355268152
    -1.8337466014966       0.9885437158550
    -1.2826531720013       0.9876774159389
    -0.3719877123355       0.9859590431403
    -0.3191588918542       0.9865114924085
    -0.3003695442147       0.9865884636277
    -0.0758495687799       0.9874980755439
     0.0637579452632       0.9882486823045
     0.1384909422998       0.9882567680492
     0.2518927513633       0.9882473903035
     0.7547953718067       0.9839932117270
     0.9859801332786       0.9826917023633
     1.1736143808547       0.9780338533163
     1.2244940255386       0.9754570568528
     1.2973969435708       0.9768917707046
     1.6577866449036       0.9572960433912
     2.1561751351207       0.9411758093360
     2.4015518837075       0.9327628297247
     2.4953797285483       0.1407984906003
     2.6056446906405       0.1011426237051
     2.6897126814036       0.8810009722068
     2.8358760920374       0.9044145896041
     2.9659751112282       0.1733806823535
     3.1407847354089       0.1618714994670
     3.3362360774509       0.7715791449478
     3.5980375040266       0.4363336848834
     3.8170397421552       0.1832018663526
     3.8846676025824       0.4597850337345
     3.9684532092813       0.0188537339515
     4.0667669854425       0.0511807253445
     4.1592165642696       0.4546850220885
     4.2964257998316       0.7865136624352
     4.3267782669744       0.1709672496177
     4.5289313148898       0.0777270509304
     4.7198158056350       0.6528397304821
     4.8311534797799       0.7663257610876
     5.2821065360681       0.0802688522042
     5.6266510437432       0.0393263987591
     5.7205795196076       0.0033124436769
     5.8253075138479       0.0002897818244
     6.0500677403965       0.3602413272166
     6.2079409170275       0.0005094073489
     6.3109474575666       0.2322537821708
     6.4012263191220       0.0014848007353
     6.4106337087767       0.3604868677267
     6.7262182909274       0.7410009455673
     6.7847279835746       0.2152924828585
     6.8317789126571       0.1172469361940
     7.0464105002343       0.0538443246214
     7.0540864918820       0.0102594593846
     7.1414752225521       0.0242099302564
     7.1461061115658       0.0100701980976
    -7.3257399213434       0.9725677271144
    -6.4398767443936       0.9859636468274
    -6.2195853474184       0.9843590342824
    -5.8960266266876       0.9820558681928
    -5.4032102103243       0.9804641397746
    -4.7885693685909       0.9801156606448
    -4.0836073350996       0.9813394360807
    -3.3217497587738       0.9836697899398
    -2.5485554923072       0.9860877191786
    -1.8697154311494       0.9875378642267
    -1.2176510207899       0.9877148078390
    -0.3889583357543       0.9858617372098
    -0.3116771347652       0.9865235538089
    -0.2605345007977       0.9868080056270
    -0.1093916992783       0.9876009148076
    -0.0157857514989       0.9880036310112
     0.1913368259368       0.9878461150782
     0.3546258267295       0.9881181267158
     0.6789475389602       0.9856643850577
     0.8450530934289       0.9846836861485
     1.0306457410141       0.9794767791695
     1.2961042722990       0.9758356583184
     1.4608638432533       0.9726285544716
     1.9137449889572       0.9448993292513
     2.0250802584072       0.9498884752833
     2.2002018622364       0.9436322096187
     2.4826381009493       0.1104253785664
     2.6395648326404       0.1245240779732
     2.8236561147552       0.7110172329419
     2.9036928102927       0.3300544043423
     3.0601721888765       0.8878822464017
     3.0622469669748       0.8332960022077
     3.2375244919817       0.1615241049387
     3.5846565622770       0.4835409418194
     3.7061140553804       0.1097969622614
     3.9381858298053       0.2966470827320
     4.0311789721388       0.2276779326459
     4.0359772903227       0.8065994787312
     4.0636663690692       0.4360103518400
     4.1715396470010       0.0556802921363
     4.2411102378245       0.0593646394697
     4.6149078315881       0.0635697580771
     4.9434588365702       0.5810054110637
     5.0966043471036       0.7865707278382
     5.1750111189024       0.1612729641378
     5.7072348402029       0.0038332680966
     5.7576688103210       0.1124610939899
     5.8616818401910       0.0006376717241
     5.9879270591525       0.4854478492869
     6.1237210962008       0.0006719537404
     6.1742971144482       0.3063162300552
     6.4641220999086       0.1460579436685
     6.4664528564536       0.6835819714429
     6.5287279414638       0.0491672770546
     6.5378644863426       0.2705801469072
     6.6187662480901       0.0659113042023
     7.0243053977844       0.0386740288392
     7.0277833721960       0.0053922265725
     7.0486386984664       0.0061425993899
     7.1746644354975       0.0237275444260
    -7.3257933034480       0.9725776292600
    -6.4281127162441       0.9857209076394
    -6.2549486000734       0.9848763010639
    -5.8290886972401       0.9813631262186
    -5.4875446560359       0.9809784634373
    -4.6769365496296       0.9801519392954
    -4.2100588491557       0.9810082096193
    -3.2047589574883       0.9837297604143
    -2.6205066135246       0.9868126101728
    -1.8973371634645       0.9867115778656
    -1.1588029039870       0.9876070342714
    -0.3997948883417       0.9857887294786
    -0.3026193768245       0.9865292250636
    -0.2118280882355       0.9870599711827
    -0.1380534776761       0.9876447047427
    -0.0879579478373       0.9877521169090
     0.2459684414951       0.9873188915227
     0.4656694922014       0.9877571459358
     0.6064392455353       0.9870511952039
     0.7110483344557       0.9861235502754
     0.9198724131066       0.9825049017714
     1.3998262399101       0.9720652139967
     1.6314924470460       0.9673743795484
     1.8885291085745       0.9576289536687
     2.0067478757825       0.9529091227916
     2.1957408991801       0.9267797414091
     2.4740184208433       0.0909657014496
     2.6823136440955       0.1682030588537
     2.7677093376768       0.8522337314211
     2.8064564276102       0.1915493121607
     3.0110451834516       0.8129185904520
     3.2925293181895       0.8693961840002
     3.3384227031293       0.1868476200360
     3.5560602584624       0.6589376179861
     3.5806837157943       0.1055851018442
     3.7820670671858       0.8280765672469
     3.8253938172378       0.3359659105727
     4.0363998998188       0.0680252979377
     4.1773246853910       0.0616135386880
     4.1885287660832       0.2162532826609
     4.2445560631121       0.1154197687093
     4.7103498655529       0.0758646162968
     4.9854436419323       0.0841108936798
     5.2596306437843       0.7073959192521
     5.3373119038677       0.8667811725215
     5.6967352642357       0.0048470631915
     5.7840697938575       0.2996481028719
     5.9085938879820       0.0008604652789
     5.9770965968723       0.5680540614586
     6.0493635690522       0.0018343649372
     6.0860197406594       0.1274997017310
     6.2162391036174       0.1111184799089
     6.2564722630487       0.7806845428735
     6.4137764323965       0.0576844980997
     6.6315128612961       0.0011765235600
     6.7382126040133       0.1123304921838
     6.8952308330663       0.0009167071477
     7.0124921468347       0.0348862390609
     7.0303676826419       0.0103889019425
     7.1851419128792       0.0587777707366
