-4.00000 0.000000000000000e+00
-3.98400 0.000000000000000e+00
-3.96800 0.000000000000000e+00
-3.95200 0.000000000000000e+00
-3.93600 0.000000000000000e+00
-3.92000 0.000000000000000e+00
-3.90400 0.000000000000000e+00
-3.88800 0.000000000000000e+00
-3.87200 0.000000000000000e+00
-3.85600 0.000000000000000e+00
-3.84000 0.000000000000000e+00
-3.82400 0.000000000000000e+00
-3.80800 0.000000000000000e+00
-3.79200 0.000000000000000e+00
-3.77600 0.000000000000000e+00
-3.76000 0.000000000000000e+00
-3.74400 0.000000000000000e+00
-3.72800 0.000000000000000e+00
-3.71200 0.000000000000000e+00
-3.69600 0.000000000000000e+00
-3.68000 0.000000000000000e+00
-3.66400 0.000000000000000e+00
-3.64800 0.000000000000000e+00
-3.63200 0.000000000000000e+00
-3.61600 0.000000000000000e+00
-3.60000 0.000000000000000e+00
-3.58400 0.000000000000000e+00
-3.56800 0.000000000000000e+00
-3.55200 0.000000000000000e+00
-3.53600 0.000000000000000e+00
-3.52000 7.554898829660794e-21
-3.50400 2.467709331329959e-20
-3.48800 7.942550412172283e-20
-3.47200 2.440221674031651e-19
-3.45600 7.425463075048881e-19
-3.44000 2.227420884266480e-18
-3.42400 6.604021934611036e-18
-3.40800 1.937608016100121e-17
-3.39200 5.625158679954915e-17
-3.37600 1.615931981055866e-16
-3.36000 4.592926531635811e-16
-3.34400 1.291359530795354e-15
-3.32800 3.591092382231171e-15
-3.31200 9.874962563233337e-15
-3.29600 2.684539037927964e-14
-3.28000 7.212928870900217e-14
-3.26400 1.914813031808307e-13
-3.24800 5.020633612997803e-13
-3.23200 1.299656438308935e-12
-3.21600 3.319920359367865e-12
-3.20000 8.363951730885884e-12
-3.18400 2.076788897805480e-11
-3.16800 5.078420963296658e-11
-3.15200 1.221833471281795e-10
-3.13600 2.889011439641473e-10
-3.12000 6.704087752990638e-10
-3.10400 1.524205494933951e-09
-3.08800 3.387972755930096e-09
-3.07200 7.342956150008356e-09
-3.05600 1.546553122482175e-08
-3.04000 3.151681338332384e-08
-3.02400 6.180427997391238e-08
-3.00800 1.158426982741552e-07
-2.99200 2.060533334461353e-07
-2.97600 3.463408542854531e-07
-2.96000 5.512340004236309e-07
-2.94400 8.358130719486280e-07
-2.92800 1.215740632759903e-06
-2.91200 1.707278913981464e-06
-2.89600 2.327317112554962e-06
-2.88000 3.093397660644412e-06
-2.86400 4.023741476924740e-06
-2.84800 5.137277379438080e-06
-2.83200 6.453671382429856e-06
-2.81600 7.993357200234636e-06
-2.80000 9.777568743573092e-06
-2.78400 1.182837393542821e-05
-2.76800 1.416870997252515e-05
-2.75200 1.682242035408831e-05
-2.73600 1.981429369233872e-05
-2.72000 2.317010432632605e-05
-2.70400 2.691665487328617e-05
-2.68800 3.108182084613962e-05
-2.67200 3.569459743384727e-05
-2.65600 4.078514855251365e-05
-2.64000 4.638485829690402e-05
-2.62400 5.252638492902772e-05
-2.60800 5.924371754270867e-05
-2.59200 6.657223555116561e-05
-2.57600 7.454877115618403e-05
-2.56000 8.321167496816464e-05
-2.54400 9.260088495614920e-05
-2.52800 1.027579989177864e-04
-2.51200 1.137263506715637e-04
-2.49600 1.255510901870040e-04
-2.48000 1.382792678825186e-04
-2.46400 1.519599233355240e-04
-2.44800 1.666441786654712e-04
-2.43200 1.823853368677742e-04
-2.41600 1.992389853952784e-04
-2.40000 2.172631053038959e-04
-2.38400 2.365181863004959e-04
-2.36800 2.570673480543315e-04
-2.35200 2.789764681581539e-04
-2.33600 3.023143171520983e-04
-2.32000 3.271527010523917e-04
-2.30400 3.535666118581921e-04
-2.28800 3.816343865437066e-04
-2.27200 4.114378750791956e-04
-2.25600 4.430626180640319e-04
-2.24000 4.765980345977255e-04
-2.22400 5.121376210611451e-04
-2.20800 5.497791615305012e-04
-2.19200 5.896249506010860e-04
-2.17600 6.317820294570894e-04
-2.16000 6.763624360882279e-04
-2.14400 7.234834706240244e-04
-2.12800 7.732679768329728e-04
-2.11200 8.258446409171873e-04
-2.09600 8.813483088240675e-04
-2.08000 9.399203233959192e-04
-2.06400 1.001708882787411e-03
-2.04800 1.066869421699764e-03
-2.03200 1.135565017111588e-03
-2.01600 1.207966820329665e-03
-2.00000 1.284254517341209e-03
-1.98400 1.364616819622956e-03
-1.96800 1.449251987754465e-03
-1.95200 1.538368390395020e-03
-1.93600 1.632185101417943e-03
-1.92000 1.730932538256375e-03
-1.90400 1.834853144802583e-03
-1.88800 1.944202122524343e-03
-1.87200 2.059248213818668e-03
-1.85600 2.180274542022643e-03
-1.84000 2.307579512946794e-03
-1.82400 2.441477783296476e-03
-1.80800 2.582301301908379e-03
-1.79200 2.730400430360682e-03
-1.77600 2.886145150228668e-03
-1.76000 3.049926365063598e-03
-1.74400 3.222157306086758e-03
-1.72800 3.403275051629484e-03
-1.71200 3.593742171534938e-03
-1.69600 3.794048509090867e-03
-1.68000 4.004713114616272e-03
-1.66400 4.226286346610511e-03
-1.64800 4.459352158435573e-03
-1.63200 4.704530590890326e-03
-1.61600 4.962480493811169e-03
-1.60000 5.233902503073773e-03
-1.58400 5.519542303165694e-03
-1.56800 5.820194209967267e-03
-1.55200 6.136705113655536e-03
-1.53600 6.469978827913818e-03
-1.52000 6.820980899109320e-03
-1.50400 7.190743938078423e-03
-1.48800 7.580373547998092e-03
-1.47200 7.991054934986043e-03
-1.45600 8.424060304142233e-03
-1.44000 8.880757163461895e-03
-1.42400 9.362617682406364e-03
-1.40800 9.871229282325507e-03
-1.39200 1.040830667442155e-02
-1.37600 1.097570561028622e-02
-1.36000 1.157543867343771e-02
-1.34400 1.220969352107296e-02
-1.32800 1.288085408781311e-02
-1.31200 1.359152539735625e-02
-1.29600 1.434456281630023e-02
-1.28000 1.514310686385566e-02
-1.26400 1.599062509103470e-02
-1.24800 1.689096304218307e-02
-1.23200 1.784840685781989e-02
-1.21600 1.886776083098500e-02
-1.20000 1.995444500626645e-02
-1.18400 2.111462200085746e-02
-1.16800 2.235536807138985e-02
-1.15200 2.368490558021151e-02
-1.13600 2.511290987940877e-02
-1.12000 2.665092699793127e-02
-1.10400 2.831307060858725e-02
-1.08800 3.011734680586491e-02
-1.07200 3.208767715026498e-02
-1.05600 3.425628355968988e-02
-1.04000 3.667212077049244e-02
-1.02400 3.943179493997815e-02
-1.00800 4.268725817757002e-02
-0.99200 4.666296468945352e-02
-0.97600 5.049313213569914e-02
-0.96000 5.409067372156445e-02
-0.94400 5.750450735161988e-02
-0.92800 6.078618790814311e-02
-0.91200 6.396870678226188e-02
-0.89600 6.708324738895860e-02
-0.88000 7.015363760647093e-02
-0.86400 7.319862865424544e-02
-0.84800 7.623400769865779e-02
-0.83200 7.927297965758670e-02
-0.81600 8.232658374239241e-02
-0.80000 8.540430662496781e-02
-0.78400 8.851454261878178e-02
-0.76800 9.166487023006076e-02
-0.75200 9.486223688917625e-02
-0.73600 9.811307525928901e-02
-0.72000 1.014233507931960e-01
-0.70400 1.047986082179445e-01
-0.68800 1.082441566520873e-01
-0.67200 1.117654868566584e-01
-0.65600 1.153687516803649e-01
-0.64000 1.190606504468585e-01
-0.62400 1.228466234775901e-01
-0.60800 1.267274721142092e-01
-0.59200 1.307009277386651e-01
-0.57600 1.347802037544749e-01
-0.56000 1.390080808321357e-01
-0.54400 1.433757250143792e-01
-0.52800 1.476425849913382e-01
-0.51200 1.522180624208820e-01
-0.49600 1.549341490106671e-01
-0.48000 1.566652878767300e-01
-0.46400 1.576751695879246e-01
-0.44800 1.582483298461931e-01
-0.43200 1.585733721225978e-01
-0.41600 1.587570077137833e-01
-0.40000 1.588598358403491e-01
-0.38400 1.589170037624885e-01
-0.36800 1.589486756145949e-01
-0.35200 1.589661913699833e-01
-0.33600 1.589758561131339e-01
-0.32000 1.589811681205399e-01
-0.30400 1.589840717885105e-01
-0.28800 1.589856486562453e-01
-0.27200 1.589864989244612e-01
-0.25600 1.589869540028020e-01
-0.24000 1.589871956918741e-01
-0.22400 1.589873230182618e-01
-0.20800 1.589873895315742e-01
-0.19200 1.589874239728914e-01
-0.17600 1.589874416462290e-01
-0.16000 1.589874506319369e-01
-0.14400 1.589874551582277e-01
-0.12800 1.589874574169974e-01
-0.11200 1.589874585336835e-01
-0.09600 1.589874590805778e-01
-0.08000 1.589874593458761e-01
-0.06400 1.589874594732897e-01
-0.04800 1.589874595337427e-01
-0.03200 1.589874595617913e-01
-0.01600 1.589874595738750e-01
0.00000 1.589874595772261e-01
0.01600 1.589874595738750e-01
0.03200 1.589874595617913e-01
0.04800 1.589874595337427e-01
0.06400 1.589874594732897e-01
0.08000 1.589874593458761e-01
0.09600 1.589874590805777e-01
0.11200 1.589874585336835e-01
0.12800 1.589874574169974e-01
0.14400 1.589874551582277e-01
0.16000 1.589874506319369e-01
0.17600 1.589874416462290e-01
0.19200 1.589874239728914e-01
0.20800 1.589873895315742e-01
0.22400 1.589873230182617e-01
0.24000 1.589871956918741e-01
0.25600 1.589869540028020e-01
0.27200 1.589864989244612e-01
0.28800 1.589856486562453e-01
0.30400 1.589840717885105e-01
0.32000 1.589811681205399e-01
0.33600 1.589758561131339e-01
0.35200 1.589661913699833e-01
0.36800 1.589486756145949e-01
0.38400 1.589170037624885e-01
0.40000 1.588598358403491e-01
0.41600 1.587570077137833e-01
0.43200 1.585733721225978e-01
0.44800 1.582483298461931e-01
0.46400 1.576751695879245e-01
0.48000 1.566652878767299e-01
0.49600 1.549341490106670e-01
0.51200 1.522180624208818e-01
0.52800 1.476425849913381e-01
0.54400 1.433757250143791e-01
0.56000 1.390080808321356e-01
0.57600 1.347802037544749e-01
0.59200 1.307009277386650e-01
0.60800 1.267274721142091e-01
0.62400 1.228466234775901e-01
0.64000 1.190606504468587e-01
0.65600 1.153687516803650e-01
0.67200 1.117654868566584e-01
0.68800 1.082441566520874e-01
0.70400 1.047986082179445e-01
0.72000 1.014233507931962e-01
0.73600 9.811307525928911e-02
0.75200 9.486223688917629e-02
0.76800 9.166487023006074e-02
0.78400 8.851454261878189e-02
0.80000 8.540430662496790e-02
0.81600 8.232658374239231e-02
0.83200 7.927297965758670e-02
0.84800 7.623400769865780e-02
0.86400 7.319862865424551e-02
0.88000 7.015363760647093e-02
0.89600 6.708324738895864e-02
0.91200 6.396870678226180e-02
0.92800 6.078618790814313e-02
0.94400 5.750450735161981e-02
0.96000 5.409067372156428e-02
0.97600 5.049313213569923e-02
0.99200 4.666296468945343e-02
1.00800 4.268725817757001e-02
1.02400 3.943179493997813e-02
1.04000 3.667212077049237e-02
1.05600 3.425628355968985e-02
1.07200 3.208767715026485e-02
1.08800 3.011734680586488e-02
1.10400 2.831307060858723e-02
1.12000 2.665092699793112e-02
1.13600 2.511290987940869e-02
1.15200 2.368490558021143e-02
1.16800 2.235536807138975e-02
1.18400 2.111462200085736e-02
1.20000 1.995444500626628e-02
1.21600 1.886776083098487e-02
1.23200 1.784840685781975e-02
1.24800 1.689096304218291e-02
1.26400 1.599062509103450e-02
1.28000 1.514310686385553e-02
1.29600 1.434456281630004e-02
1.31200 1.359152539735606e-02
1.32800 1.288085408781289e-02
1.34400 1.220969352107277e-02
1.36000 1.157543867343753e-02
1.37600 1.097570561028600e-02
1.39200 1.040830667442133e-02
1.40800 9.871229282325304e-03
1.42400 9.362617682406146e-03
1.44000 8.880757163461662e-03
1.45600 8.424060304142039e-03
1.47200 7.991054934985834e-03
1.48800 7.580373547997882e-03
1.50400 7.190743938078212e-03
1.52000 6.820980899109074e-03
1.53600 6.469978827913557e-03
1.55200 6.136705113655332e-03
1.56800 5.820194209967047e-03
1.58400 5.519542303165452e-03
1.60000 5.233902503073524e-03
1.61600 4.962480493810937e-03
1.63200 4.704530590890084e-03
1.64800 4.459352158435333e-03
1.66400 4.226286346610276e-03
1.68000 4.004713114616042e-03
1.69600 3.794048509090622e-03
1.71200 3.593742171534689e-03
1.72800 3.403275051629247e-03
1.74400 3.222157306086521e-03
1.76000 3.049926365063357e-03
1.77600 2.886145150228429e-03
1.79200 2.730400430360450e-03
1.80800 2.582301301908161e-03
1.82400 2.441477783296251e-03
1.84000 2.307579512946579e-03
1.85600 2.180274542022444e-03
1.87200 2.059248213818460e-03
1.88800 1.944202122524142e-03
1.90400 1.834853144802393e-03
1.92000 1.730932538256188e-03
1.93600 1.632185101417768e-03
1.95200 1.538368390394852e-03
1.96800 1.449251987754308e-03
1.98400 1.364616819622799e-03
2.00000 1.284254517341067e-03
2.01600 1.207966820329533e-03
2.03200 1.135565017111461e-03
2.04800 1.066869421699649e-03
2.06400 1.001708882787307e-03
2.08000 9.399203233958262e-04
2.09600 8.813483088239839e-04
2.11200 8.258446409171150e-04
2.12800 7.732679768329093e-04
2.14400 7.234834706239780e-04
2.16000 6.763624360881951e-04
2.17600 6.317820294570685e-04
2.19200 5.896249506010790e-04
2.20800 5.497791615305081e-04
2.22400 5.121376210611650e-04
2.24000 4.765980345977593e-04
2.25600 4.430626180640801e-04
2.27200 4.114378750792568e-04
2.28800 3.816343865437819e-04
2.30400 3.535666118582806e-04
2.32000 3.271527010524931e-04
2.33600 3.023143171522135e-04
2.35200 2.789764681582827e-04
2.36800 2.570673480544728e-04
2.38400 2.365181863006503e-04
2.40000 2.172631053040621e-04
2.41600 1.992389853954570e-04
2.43200 1.823853368679639e-04
2.44800 1.666441786656721e-04
2.46400 1.519599233357354e-04
2.48000 1.382792678827396e-04
2.49600 1.255510901872352e-04
2.51200 1.137263506718036e-04
2.52800 1.027579989180329e-04
2.54400 9.260088495640215e-05
2.56000 8.321167496842284e-05
2.57600 7.454877115644587e-05
2.59200 6.657223555143030e-05
2.60800 5.924371754297538e-05
2.62400 5.252638492929488e-05
2.64000 4.638485829717134e-05
2.65600 4.078514855278036e-05
2.67200 3.569459743411361e-05
2.68800 3.108182084640502e-05
2.70400 2.691665487355083e-05
2.72000 2.317010432659025e-05
2.73600 1.981429369260325e-05
2.75200 1.682242035435385e-05
2.76800 1.416870997279302e-05
2.78400 1.182837393569912e-05
2.80000 9.777568743848563e-06
2.81600 7.993357200515898e-06
2.83200 6.453671382718007e-06
2.84800 5.137277379734230e-06
2.86400 4.023741477229631e-06
2.88000 3.093397660958493e-06
2.89600 2.327317112877909e-06
2.91200 1.707278914312578e-06
2.92800 1.215740633097652e-06
2.94400 8.358130722912383e-07
2.96000 5.512340007695725e-07
2.97600 3.463408546337781e-07
2.99200 2.060533337964636e-07
3.00800 1.158426986258577e-07
3.02400 6.180428032636981e-08
3.04000 3.151681373619303e-08
3.05600 1.546553157785033e-08
3.07200 7.342956503155993e-09
3.08800 3.387973109104967e-09
3.10400 1.524205848168526e-09
3.12000 6.704091285101858e-10
3.13600 2.889014971996224e-10
3.15200 1.221837003926050e-10
3.16800 5.078456289346832e-11
3.18400 2.076824225513993e-11
3.20000 8.364304997611549e-12
3.21600 3.320273626419734e-12
3.23200 1.300009717071092e-12
3.24800 5.024165909499896e-13
3.26400 1.918345564263705e-13
3.28000 7.248253131941795e-14
3.29600 2.719862929541644e-14
3.31200 1.022822988688009e-14
3.32800 3.944319111325124e-15
3.34400 1.644615019164306e-15
3.36000 8.125384919889394e-16
3.37600 5.148593123226397e-16
3.39200 4.095027542785510e-16
3.40800 3.726505474038826e-16
3.42400 3.598662450084526e-16
3.44000 3.554794261859648e-16
3.45600 3.539851117036187e-16
3.47200 3.534901758510487e-16
3.48800 3.533458166696856e-16
3.50400 3.532884002008973e-16
3.52000 3.532597309193314e-16
3.53600 3.532573937496385e-16
3.55200 3.532573937496385e-16
3.56800 3.532573937496385e-16
3.58400 3.532573937496385e-16
3.60000 3.532573937496385e-16
3.61600 3.532573937496385e-16
3.63200 3.532573937496385e-16
3.64800 3.532573937496385e-16
3.66400 3.532573937496385e-16
3.68000 3.532573937496385e-16
3.69600 3.532573937496385e-16
3.71200 3.532573937496385e-16
3.72800 3.532573937496385e-16
3.74400 3.532573937496385e-16
3.76000 3.532573937496385e-16
3.77600 3.532573937496385e-16
3.79200 3.532573937496385e-16
3.80800 3.532573937496385e-16
3.82400 3.532573937496385e-16
3.84000 3.532573937496385e-16
3.85600 3.532573937496385e-16
3.87200 3.532573937496385e-16
3.88800 3.532573937496385e-16
3.90400 3.532573937496385e-16
3.92000 3.532573937496385e-16
3.93600 3.532573937496385e-16
3.95200 3.532573937496385e-16
3.96800 3.532573937496385e-16
3.98400 3.532573937496385e-16
4.00000 3.532573937496385e-16
