0.00001 5.339204189160392e+05
0.01250 2.070273294864644e+07
0.02500 3.030693632619803e+07
0.03750 3.686368355970452e+07
0.05000 4.127155191652958e+07
0.06250 4.421368973821726e+07
0.07500 4.618776815823907e+07
0.08750 4.752383167435776e+07
0.10000 4.843252725663503e+07
0.11250 4.904949531823350e+07
0.12500 4.947030766851982e+07
0.13750 4.977688417825980e+07
0.15000 5.001872215528961e+07
0.16250 5.016776210802119e+07
0.17500 5.021530363513903e+07
0.18750 5.019557724676398e+07
0.20000 5.013603959096702e+07
0.21250 5.005409408820794e+07
0.22500 4.996472957872600e+07
0.23750 4.988483157123984e+07
0.25000 4.983220304026428e+07
0.26250 4.981584127942901e+07
0.27500 4.982250483855868e+07
0.28750 4.982043809147992e+07
0.30000 4.978402136193826e+07
0.31250 4.970850274612831e+07
0.32500 4.960304011932609e+07
0.33750 4.947982924265635e+07
0.35000 4.934945719049228e+07
0.36250 4.922064130456687e+07
0.37500 4.910116521639612e+07
0.38750 4.899804793214332e+07
0.40000 4.891454847608534e+07
0.41250 4.884145348852555e+07
0.42500 4.874155708091509e+07
0.43750 4.852567431024996e+07
0.45000 4.871120485460756e+07
0.46250 5.023203259832233e+07
0.47500 4.974711429658490e+07
0.48750 4.958522321972261e+07
0.50000 4.949509582522452e+07
0.51250 4.942803533502180e+07
0.52500 4.939242727705593e+07
0.53750 4.939778366631138e+07
0.55000 4.943002529268532e+07
0.56250 4.946458550299985e+07
0.57500 4.950904820726440e+07
0.58750 4.956781787611856e+07
0.60000 4.963749195115416e+07
0.61250 4.972437811104812e+07
0.62500 4.983958564966823e+07
0.63750 4.997972996552146e+07
0.65000 5.013192089891244e+07
0.66250 5.028971942172565e+07
0.67500 5.043958833300590e+07
0.68750 5.056078148550149e+07
0.70000 5.064576409616937e+07
0.71250 5.070289392022182e+07
0.72500 5.073814148043289e+07
0.73750 5.075407623555069e+07
0.75000 5.076785684068178e+07
0.76250 5.080359559968232e+07
0.77500 5.087355054200072e+07
0.78750 5.097141893505306e+07
0.80000 5.108172342418190e+07
0.81250 5.119643132584336e+07
0.82500 5.131882598649923e+07
0.83750 5.145204767098167e+07
0.85000 5.158787140145839e+07
0.86250 5.171133843149833e+07
0.87500 5.181739819021458e+07
0.88750 5.191528501463837e+07
0.90000 5.202135698688564e+07
0.91250 5.215526914760701e+07
0.92500 5.232978053782747e+07
0.93750 5.252990855701896e+07
0.95000 5.272469291408247e+07
0.96250 5.290993839838468e+07
0.97500 5.310950760334444e+07
0.98750 5.335189599024606e+07
1.00000 5.365417109337794e+07
1.01250 5.401303154597885e+07
1.02500 5.440700665888739e+07
1.03750 5.481018636248054e+07
1.05000 5.520222806141104e+07
1.06250 5.556417747246154e+07
1.07500 5.587448272336749e+07
1.08750 5.611937875709923e+07
1.10000 5.630192605884133e+07
1.11250 5.644154194865087e+07
1.12500 5.656949771324491e+07
1.13750 5.671948235529862e+07
1.15000 5.691786989648545e+07
1.16250 5.717779760104082e+07
1.17500 5.749584178250311e+07
1.18750 5.784975335638792e+07
1.20000 5.820146200176808e+07
1.21250 5.851409888839711e+07
1.22500 5.877294340166926e+07
1.23750 5.898474179706133e+07
1.25000 5.916052719839834e+07
1.26250 5.930638962595081e+07
1.27500 5.942638644875382e+07
1.28750 5.952736345665390e+07
1.30000 5.961969499942418e+07
1.31250 5.971478346497109e+07
1.32500 5.982140023416416e+07
1.33750 5.994251645939344e+07
1.35000 6.007577602149433e+07
1.36250 6.021879060440870e+07
1.37500 6.037317924225183e+07
1.38750 6.054255144937625e+07
1.40000 6.072970888807021e+07
1.41250 6.093669792109484e+07
1.42500 6.116251314189717e+07
1.43750 6.139753353320786e+07
1.45000 6.162337199489587e+07
1.46250 6.182238715386003e+07
1.47500 6.198816788246752e+07
1.48750 6.212810736473823e+07
1.50000 6.225956687573382e+07
1.51250 6.240472580249689e+07
1.52500 6.258573395820384e+07
1.53750 6.281884189826646e+07
1.55000 6.310719956553977e+07
1.56250 6.343742288670059e+07
1.57500 6.378739607549295e+07
1.58750 6.414044205424336e+07
1.60000 6.448967378294875e+07
1.61250 6.483094911671896e+07
1.62500 6.515752747408742e+07
1.63750 6.546193784083083e+07
1.65000 6.574103031605409e+07
1.66250 6.599800453914438e+07
1.67500 6.623883378111888e+07
1.68750 6.646609447859120e+07
1.70000 6.667392916859383e+07
1.71250 6.685552218148290e+07
1.72500 6.702734093085209e+07
1.73750 6.723727270081556e+07
1.75000 6.753593963049144e+07
1.76250 6.793199694706407e+07
1.77500 6.836186596836030e+07
1.78750 6.872362626469372e+07
1.80000 6.898776569422974e+07
1.81250 6.923746211805533e+07
1.82500 6.952552225653423e+07
1.83750 6.980649869185863e+07
1.85000 7.010940933807182e+07
1.86250 7.047969433985385e+07
1.87500 7.110550138583127e+07
1.88750 7.216273807935932e+07
1.90000 7.244736705757476e+07
1.91250 7.212581285937548e+07
1.92500 7.177470076624188e+07
1.93750 7.150723676822573e+07
1.95000 7.131330279911754e+07
1.96250 7.114091041219677e+07
1.97500 7.096870708374053e+07
1.98750 7.081313295673554e+07
2.00000 7.069051554525198e+07
2.01250 7.060674920556340e+07
2.02500 7.056026838142079e+07
2.03750 7.054344070283976e+07
2.05000 7.054333242170681e+07
2.06250 7.054467697841735e+07
2.07500 7.053508936829801e+07
2.08750 7.050944428985529e+07
2.10000 7.047008036431962e+07
2.11250 7.042342177263400e+07
2.12500 7.037629935482900e+07
2.13750 7.033381392482275e+07
2.15000 7.029871032815646e+07
2.16250 7.027168821253850e+07
2.17500 7.025198278832734e+07
2.18750 7.023790197971715e+07
2.20000 7.022773919230892e+07
2.21250 7.022094688703085e+07
2.22500 7.021816610891408e+07
2.23750 7.021973511843482e+07
2.25000 7.022459076829953e+07
2.26250 7.023142389495660e+07
2.27500 7.024088094402763e+07
2.28750 7.025592553965329e+07
2.30000 7.028033474825813e+07
2.31250 7.031699738293430e+07
2.32500 7.036629279861388e+07
2.33750 7.042491153456818e+07
2.35000 7.048652185374096e+07
2.36250 7.054483213702634e+07
2.37500 7.059650341268113e+07
2.38750 7.063965171942827e+07
2.40000 7.067116328232652e+07
2.41250 7.068672080500425e+07
2.42500 7.068247196355897e+07
2.43750 7.065660157442890e+07
2.45000 7.060999092052028e+07
2.46250 7.054591690665376e+07
2.47500 7.046921970073999e+07
2.48750 7.038538927515717e+07
2.50000 7.029978211783932e+07
2.51250 7.021701866082783e+07
2.52500 7.014060816553234e+07
2.53750 7.007287016031370e+07
2.55000 7.001518255233432e+07
2.56250 6.996849558464760e+07
2.57500 6.993393877861317e+07
2.58750 6.991327148349845e+07
2.60000 6.990897263654307e+07
2.61250 6.992394159693371e+07
2.62500 6.996095740024656e+07
2.63750 7.002206258512743e+07
2.65000 7.010790381911317e+07
2.66250 7.021695217222567e+07
2.67500 7.034461270660342e+07
2.68750 7.048255375466257e+07
2.70000 7.061899704816867e+07
2.71250 7.074072161219043e+07
2.72500 7.083657269111073e+07
2.73750 7.090082532475232e+07
2.75000 7.093450163885982e+07
2.76250 7.094424287300687e+07
2.77500 7.093994636300690e+07
2.78750 7.093260620653732e+07
2.80000 7.093303549244492e+07
2.81250 7.095141818979008e+07
2.82500 7.099718638320220e+07
2.83750 7.107820910955633e+07
2.85000 7.119784204872255e+07
2.86250 7.134973847674464e+07
2.87500 7.151535510418673e+07
2.88750 7.167148905029441e+07
2.90000 7.180344331636007e+07
2.91250 7.190914511545190e+07
2.92500 7.199241878640841e+07
2.93750 7.205573405330695e+07
2.95000 7.209773679865715e+07
2.96250 7.211445738745274e+07
2.97500 7.210204231751715e+07
2.98750 7.205936472766130e+07
3.00000 7.198942854437733e+07
3.01250 7.189928373269117e+07
3.02500 7.179869771472441e+07
3.03750 7.169796016552766e+07
3.05000 7.160554277904043e+07
3.06250 7.152696533231613e+07
3.07500 7.146605777622825e+07
3.08750 7.142777433930980e+07
3.10000 7.141958293706319e+07
3.11250 7.144948194157471e+07
3.12500 7.152163565817194e+07
3.13750 7.163195815104769e+07
3.15000 7.176604040158853e+07
3.16250 7.190154864191347e+07
3.17500 7.201489475600249e+07
3.18750 7.208827507042395e+07
3.20000 7.211283809950121e+07
3.21250 7.208748904516374e+07
3.22500 7.201578986076328e+07
3.23750 7.190364563396189e+07
3.25000 7.175950013514602e+07
3.26250 7.159634593423256e+07
3.27500 7.143234552526259e+07
3.28750 7.128745948663267e+07
3.30000 7.117626758157703e+07
3.31250 7.110229240596180e+07
3.32500 7.106434439582215e+07
3.33750 7.107286308665802e+07
3.35000 7.115459237758128e+07
3.36250 7.133809155592082e+07
3.37500 7.163373183976395e+07
3.38750 7.202028942290765e+07
3.40000 7.244579658273809e+07
3.41250 7.284554052281462e+07
3.42500 7.316920126923062e+07
3.43750 7.340005491868743e+07
3.45000 7.355178576695974e+07
3.46250 7.364804535903627e+07
3.47500 7.370436682258399e+07
3.48750 7.372451793951711e+07
3.50000 7.370984226669492e+07
3.51250 7.367119518395332e+07
3.52500 7.363492502268536e+07
3.53750 7.363764838681294e+07
3.55000 7.370592774533740e+07
3.56250 7.383715551614198e+07
3.57500 7.401100368536590e+07
3.58750 7.420954570919803e+07
3.60000 7.441898357096213e+07
3.61250 7.464122246096127e+07
3.62500 7.489272177331032e+07
3.63750 7.517259819997048e+07
3.65000 7.544132741849801e+07
3.66250 7.563711900754580e+07
3.67500 7.572480949093819e+07
3.68750 7.571707164214414e+07
3.70000 7.563244927507511e+07
3.71250 7.550790322742139e+07
3.72500 7.568772682323971e+07
3.73750 7.638636160054936e+07
3.75000 7.605536186003082e+07
3.76250 7.563530832086644e+07
3.77500 7.545500385104029e+07
3.78750 7.548123371686585e+07
3.80000 7.526662652951901e+07
3.81250 7.487448602635625e+07
3.82500 7.474454942559208e+07
3.83750 7.433734634029245e+07
3.85000 7.379287046682207e+07
3.86250 7.331652182735707e+07
3.87500 7.290231876681875e+07
3.88750 7.253281149275434e+07
3.90000 7.219558864738771e+07
3.91250 7.188004195241863e+07
3.92500 7.157521971200359e+07
3.93750 7.127413122403204e+07
3.95000 7.097686473922315e+07
3.96250 7.068785610066265e+07
3.97500 7.041337043237539e+07
3.98750 7.015916611523671e+07
4.00000 6.992918002961859e+07
4.01250 6.972777899172013e+07
4.02500 6.955926119763181e+07
4.03750 6.942416531887089e+07
4.05000 6.931816481937425e+07
4.06250 6.923455682959047e+07
4.07500 6.916765025259145e+07
4.08750 6.911294241897726e+07
4.10000 6.906462571837647e+07
4.11250 6.901354270594810e+07
4.12500 6.894882590317829e+07
4.13750 6.886264523711604e+07
4.15000 6.875105276521914e+07
4.16250 6.861135114969771e+07
4.17500 6.844151109380279e+07
4.18750 6.824162653262700e+07
4.20000 6.801418651033087e+07
4.21250 6.776205155991566e+07
4.22500 6.748776109379233e+07
4.23750 6.719640294082768e+07
4.25000 6.689580160331353e+07
4.26250 6.659186572340959e+07
4.27500 6.628600198561705e+07
4.28750 6.597830862017045e+07
4.30000 6.567188408351639e+07
4.31250 6.537306392624349e+07
4.32500 6.508928496856558e+07
4.33750 6.482644637147770e+07
4.35000 6.458575854160468e+07
4.36250 6.436337945804148e+07
4.37500 6.415613844018107e+07
4.38750 6.396607204152914e+07
4.40000 6.379757461456078e+07
4.41250 6.365313346382188e+07
4.42500 6.353080450886450e+07
4.43750 6.342234739935085e+07
4.45000 6.331478547769340e+07
4.46250 6.319627326467322e+07
4.47500 6.305967784403139e+07
4.48750 6.290128805955657e+07
4.50000 6.271947533720553e+07
4.51250 6.251538397135495e+07
4.52500 6.229356083796328e+07
4.53750 6.206099070496267e+07
4.55000 6.182534191481593e+07
4.56250 6.159363311182590e+07
4.57500 6.137144664035258e+07
4.58750 6.116247054931350e+07
4.60000 6.096850022717432e+07
4.61250 6.079011388352502e+07
4.62500 6.062830848606349e+07
4.63750 6.048615638732325e+07
4.65000 6.036584764442640e+07
4.66250 6.025954749790713e+07
4.67500 6.014708865437366e+07
4.68750 6.001187205852049e+07
4.70000 5.985431523025278e+07
4.71250 5.968553475537211e+07
4.72500 5.951589493168704e+07
4.73750 5.934990145762510e+07
4.75000 5.918758467556506e+07
4.76250 5.902943244557379e+07
4.77500 5.888024772537982e+07
4.78750 5.874998622333131e+07
4.80000 5.865362668600719e+07
4.81250 5.861114023074466e+07
4.82500 5.864238914324606e+07
4.83750 5.874162428406494e+07
4.85000 5.884552183398618e+07
4.86250 5.888685280681658e+07
4.87500 5.894197470876281e+07
4.88750 6.091065872483174e+07
4.90000 6.042164391811415e+07
4.91250 5.995732620254332e+07
4.92500 5.987779104289151e+07
4.93750 5.976618370420243e+07
4.95000 5.951158912196643e+07
4.96250 5.924884046363421e+07
4.97500 5.901245837824700e+07
4.98750 5.877728363223427e+07
5.00000 5.851839738675011e+07
5.01250 5.823376419265035e+07
5.02500 5.793283008974172e+07
5.03750 5.762240698179468e+07
5.05000 5.730496928855711e+07
5.06250 5.698178194123671e+07
5.07500 5.665497619773813e+07
5.08750 5.632788531861239e+07
5.10000 5.600440368016803e+07
5.11250 5.568808277497354e+07
5.12500 5.538138876003563e+07
5.13750 5.508528206446628e+07
5.15000 5.479916811794035e+07
5.16250 5.452130079281349e+07
5.17500 5.424966483212148e+07
5.18750 5.398301416740461e+07
5.20000 5.372144134970918e+07
5.21250 5.346617304049492e+07
5.22500 5.321894088193862e+07
5.23750 5.298145418166038e+07
5.25000 5.275512999782018e+07
5.26250 5.254087609631295e+07
5.27500 5.233872377154557e+07
5.28750 5.214737909177367e+07
5.30000 5.196399487299290e+07
5.31250 5.178442513508930e+07
5.32500 5.160392079649868e+07
5.33750 5.141793154470884e+07
5.35000 5.122269472408941e+07
5.36250 5.101557054369276e+07
5.37500 5.079526523131917e+07
5.38750 5.056200654280637e+07
5.40000 5.031759293763252e+07
5.41250 5.006522033085506e+07
5.42500 4.980907279315771e+07
5.43750 4.955374689706283e+07
5.45000 4.930365848527858e+07
5.46250 4.906279761226416e+07
5.47500 4.883619324013080e+07
5.48750 4.864077952882686e+07
5.50000 4.858318040940299e+07
5.51250 4.883283481496295e+07
5.52500 4.853859993211932e+07
5.53750 4.826143527910513e+07
5.55000 4.809213182007042e+07
5.56250 4.811044789616814e+07
5.57500 4.785800524969772e+07
5.58750 4.772856874782868e+07
5.60000 4.760755428283563e+07
5.61250 4.760507995538846e+07
5.62500 4.745458485088020e+07
5.63750 4.727829695673451e+07
5.65000 4.717477444954661e+07
5.66250 4.715458418494928e+07
5.67500 4.725108062429573e+07
5.68750 4.740008003330526e+07
5.70000 4.738540829983410e+07
5.71250 4.721712153936575e+07
5.72500 4.699000705304109e+07
5.73750 4.674176704004420e+07
5.75000 4.649520977481315e+07
5.76250 4.626333298267701e+07
5.77500 4.605001421011690e+07
5.78750 4.585236332153080e+07
5.80000 4.566151176128761e+07
5.81250 4.546587094474710e+07
5.82500 4.525896529418585e+07
5.83750 4.504405140531309e+07
5.85000 4.482996326239545e+07
5.86250 4.462460453905067e+07
5.87500 4.443229042486669e+07
5.88750 4.425440187673147e+07
5.90000 4.409076800266492e+07
5.91250 4.394039560135270e+07
5.92500 4.380143499465214e+07
5.93750 4.367089580832165e+07
5.95000 4.354510751376662e+07
5.96250 4.342086105363245e+07
5.97500 4.329564075233465e+07
5.98750 4.316726991772419e+07
6.00000 4.303397812289070e+07
6.01250 4.289473528081420e+07
6.02500 4.274938340662691e+07
6.03750 4.259839589804688e+07
6.05000 4.244317580857944e+07
6.06250 4.229416276815918e+07
6.07500 4.226260249925031e+07
6.08750 4.426414032851541e+07
6.10000 4.845101371560758e+07
6.11250 4.470089745973776e+07
6.12500 4.382389034431058e+07
6.13750 4.352962060370120e+07
6.15000 4.342535750743646e+07
6.16250 4.340297680544444e+07
6.17500 4.341691930414888e+07
6.18750 4.344141966855517e+07
6.20000 4.346057598856395e+07
6.21250 4.346697659549773e+07
6.22500 4.346048413057317e+07
6.23750 4.344497955523928e+07
6.25000 4.343070651414093e+07
6.26250 4.342737878171235e+07
6.27500 4.339912431215532e+07
6.28750 4.337444832497973e+07
6.30000 4.342744776281089e+07
6.31250 4.351081681878026e+07
6.32500 4.352683495474235e+07
6.33750 4.358060235892113e+07
6.35000 4.367656092685089e+07
6.36250 4.379998334211937e+07
6.37500 4.394269236746638e+07
6.38750 4.409590397133442e+07
6.40000 4.424896636952305e+07
6.41250 4.439468256125908e+07
6.42500 4.452947928572686e+07
6.43750 4.465148238866773e+07
6.45000 4.476251744723687e+07
6.46250 4.486867305924681e+07
6.47500 4.497615445983645e+07
6.48750 4.508648087994482e+07
6.50000 4.519623625488101e+07
6.51250 4.530031459606002e+07
6.52500 4.539616072150670e+07
6.53750 4.548828864824732e+07
6.55000 4.558976020254347e+07
6.56250 4.571685980024116e+07
6.57500 4.588106541018050e+07
6.58750 4.608489727073137e+07
6.60000 4.632178101225088e+07
6.61250 4.657562444525526e+07
6.62500 4.682144390094316e+07
6.63750 4.703702333735494e+07
6.65000 4.721858389047421e+07
6.66250 4.737736396145712e+07
6.67500 4.752449729637691e+07
6.68750 4.766525621317538e+07
6.70000 4.780198978039269e+07
6.71250 4.793522697908346e+07
6.72500 4.805788292971676e+07
6.73750 4.814781050214896e+07
6.75000 4.817514475240993e+07
6.76250 4.813017231771384e+07
6.77500 4.804243958982878e+07
6.78750 4.796447247060993e+07
6.80000 4.794061443297204e+07
6.81250 4.799054595909412e+07
6.82500 4.810994402925409e+07
6.83750 4.827867620867118e+07
6.85000 4.846106881524108e+07
6.86250 4.860037767696592e+07
6.87500 4.866421354118504e+07
6.88750 4.870878719895758e+07
6.90000 4.882558343333796e+07
6.91250 4.906246782334633e+07
6.92500 4.941698256901100e+07
6.93750 4.986183196563922e+07
6.95000 5.032147690957870e+07
6.96250 5.065809744825346e+07
6.97500 5.087122661763586e+07
6.98750 5.115396719135596e+07
7.00000 5.168215759102831e+07
7.01250 5.253686767301814e+07
7.02500 5.338721279182464e+07
7.03750 5.408463050964308e+07
7.05000 5.440844749704266e+07
7.06250 5.388017612033145e+07
7.07500 5.369629748436740e+07
7.08750 5.358466194640961e+07
7.10000 5.340456050961657e+07
7.11250 5.324569338715583e+07
7.12500 5.322523219343881e+07
7.13750 5.333058634175871e+07
7.15000 5.350018711405258e+07
7.16250 5.366417933694143e+07
7.17500 5.377388771682438e+07
7.18750 5.383021530407942e+07
7.20000 5.385635606982277e+07
7.21250 5.387407572570178e+07
7.22500 5.390557160207882e+07
7.23750 5.396569649895436e+07
7.25000 5.404931003115804e+07
7.26250 5.413159283404183e+07
7.27500 5.418476746788588e+07
7.28750 5.419761039406952e+07
7.30000 5.417950833567426e+07
7.31250 5.414854062040455e+07
7.32500 5.411857238736670e+07
7.33750 5.409530952263764e+07
7.35000 5.407898064384717e+07
7.36250 5.406749315432295e+07
7.37500 5.405797803012247e+07
7.38750 5.404776304779632e+07
7.40000 5.403527775825622e+07
7.41250 5.402055853704282e+07
7.42500 5.400525417139164e+07
7.43750 5.399209535784391e+07
7.45000 5.398350174805569e+07
7.46250 5.397960421691705e+07
7.47500 5.397747802102616e+07
7.48750 5.397344456826795e+07
7.50000 5.396731270488484e+07
7.51250 5.396476853792826e+07
7.52500 5.397617027358291e+07
7.53750 5.401386094273934e+07
7.55000 5.409007415123501e+07
7.56250 5.421343433473181e+07
7.57500 5.437745324365342e+07
7.58750 5.454358090363285e+07
7.60000 5.465901521886875e+07
7.61250 5.471339092940041e+07
7.62500 5.473506047948640e+07
7.63750 5.474571740229542e+07
7.65000 5.475299854003418e+07
7.66250 5.476251361971217e+07
7.67500 5.478170438449717e+07
7.68750 5.481702660778549e+07
7.70000 5.487183314326081e+07
7.71250 5.494650290887328e+07
7.72500 5.503939116735937e+07
7.73750 5.514761894880088e+07
7.75000 5.526759677372792e+07
7.76250 5.539554514585261e+07
7.77500 5.552818263704994e+07
7.78750 5.566340672218239e+07
7.80000 5.580058221770843e+07
7.81250 5.594029658591729e+07
7.82500 5.608389903033250e+07
7.83750 5.623324658686599e+07
7.85000 5.639072876722296e+07
7.86250 5.655928959416909e+07
7.87500 5.674219145504756e+07
7.88750 5.694254611227024e+07
7.90000 5.716278628163289e+07
7.91250 5.740411775185545e+07
7.92500 5.766581986478144e+07
7.93750 5.794434646078914e+07
7.95000 5.823251614304349e+07
7.96250 5.851941729479393e+07
7.97500 5.879171391071331e+07
7.98750 5.903659243170888e+07
8.00000 5.924556420825607e+07
8.01250 5.941725517761140e+07
8.02500 5.955739660057307e+07
8.03750 5.967597825018442e+07
8.05000 5.978339213744315e+07
8.06250 5.988761963596299e+07
8.07500 5.999339404060081e+07
8.08750 6.010310308007628e+07
8.10000 6.021854792030846e+07
8.11250 6.034251541621476e+07
8.12500 6.047941278256512e+07
8.13750 6.063481690133569e+07
8.15000 6.081431401264061e+07
8.16250 6.102217795694588e+07
8.17500 6.126036437465734e+07
8.18750 6.152811446020608e+07
8.20000 6.182209332515325e+07
8.21250 6.213663964916757e+07
8.22500 6.246360704103182e+07
8.23750 6.279304467382818e+07
8.25000 6.311486865591828e+07
8.26250 6.342165808769993e+07
8.27500 6.371027077378754e+07
8.28750 6.398064424638425e+07
8.30000 6.423348513167404e+07
8.31250 6.446941347611342e+07
8.32500 6.469011172508465e+07
8.33750 6.490009929280297e+07
8.35000 6.510809357004817e+07
8.36250 6.533095451845919e+07
8.37500 6.562077857405567e+07
8.38750 6.625863052298854e+07
8.40000 6.701948140060824e+07
8.41250 6.706769608557759e+07
8.42500 6.713318211782928e+07
8.43750 6.731904108592238e+07
8.45000 6.762290812524599e+07
8.46250 6.803682481284569e+07
8.47500 6.857428314796974e+07
8.48750 6.932624894051750e+07
8.50000 7.043173646250185e+07
8.51250 7.149054540930924e+07
8.52500 7.170100537606230e+07
8.53750 7.144372266121991e+07
8.55000 7.120331382483287e+07
8.56250 7.105779826546329e+07
8.57500 7.099153990434353e+07
8.58750 7.098631547172303e+07
8.60000 7.102700103873996e+07
8.61250 7.113639012285632e+07
8.62500 7.134857679991563e+07
8.63750 7.167821479663326e+07
8.65000 7.212437601024878e+07
8.66250 7.281327310222043e+07
8.67500 7.368961401816264e+07
8.68750 7.400641253176445e+07
8.70000 7.460126317036532e+07
8.71250 7.531830517318779e+07
8.72500 7.610833668593420e+07
8.73750 7.686391265902200e+07
8.75000 7.744058867186905e+07
8.76250 7.776389383273551e+07
8.77500 7.787717707674783e+07
8.78750 7.788063620177135e+07
8.80000 7.787080057805039e+07
8.81250 7.794306482007591e+07
8.82500 7.829901811995941e+07
8.83750 7.969066736652800e+07
8.85000 8.180348258666299e+07
8.86250 8.124720627588834e+07
8.87500 8.043491429775475e+07
8.88750 8.017050988539535e+07
8.90000 8.017964349869046e+07
8.91250 8.030468673142965e+07
8.92500 8.044886337895599e+07
8.93750 8.055120156770414e+07
8.95000 8.059370586989707e+07
8.96250 8.059468571193671e+07
8.97500 8.058610659959359e+07
8.98750 8.059485043237929e+07
9.00000 8.063594619489272e+07
9.01250 8.071341019736217e+07
9.02500 8.082340664410800e+07
9.03750 8.095732762353277e+07
9.05000 8.110426599451661e+07
9.06250 8.125293987703660e+07
9.07500 8.139316879792142e+07
9.08750 8.151690918915239e+07
9.10000 8.161872014309327e+07
9.11250 8.169550189574328e+07
9.12500 8.174569455637276e+07
9.13750 8.176875165195474e+07
9.15000 8.176568264427555e+07
9.16250 8.174024348648451e+07
9.17500 8.169929281587158e+07
9.18750 8.165137979505244e+07
9.20000 8.160408846412700e+07
9.21250 8.156142765454550e+07
9.22500 8.152237820140295e+07
9.23750 8.148129112154746e+07
9.25000 8.143026111193959e+07
9.26250 8.136264025368525e+07
9.27500 8.127600034264740e+07
9.28750 8.117295566769208e+07
9.30000 8.105960707751794e+07
9.31250 8.094374692837670e+07
9.32500 8.083476490005611e+07
9.33750 8.074257923064925e+07
9.35000 8.067537890108049e+07
9.36250 8.063872734868872e+07
9.37500 8.063554093064639e+07
9.38750 8.066604232012564e+07
9.40000 8.072769414113826e+07
9.41250 8.081549200049065e+07
9.42500 8.092295648854063e+07
9.43750 8.104453432003739e+07
9.45000 8.117528969922604e+07
9.46250 8.128303497008134e+07
9.47500 8.136003723302080e+07
9.48750 8.141661717864642e+07
9.50000 8.145056309382190e+07
9.51250 8.146354156531195e+07
9.52500 8.145918594923210e+07
9.53750 8.142311827205859e+07
9.55000 8.134131818058468e+07
9.56250 8.123654567947909e+07
9.57500 8.112047719351515e+07
9.58750 8.098361744890174e+07
9.60000 8.082612109620583e+07
9.61250 8.065877562505621e+07
9.62500 8.048631991799736e+07
9.63750 8.030994469093181e+07
9.65000 8.013282360233310e+07
9.66250 7.996044549375370e+07
9.67500 7.979310146731171e+07
9.68750 7.961798128353232e+07
9.70000 7.942392679849932e+07
9.71250 7.922266926697522e+07
9.72500 7.903721489145176e+07
9.73750 7.888457360521354e+07
9.75000 7.877350244756269e+07
9.76250 7.870515696939231e+07
9.77500 7.867161218382581e+07
9.78750 7.865909945796004e+07
9.80000 7.865546979426125e+07
9.81250 7.865146301117195e+07
9.82500 7.864139967186998e+07
9.83750 7.862540129467089e+07
9.85000 7.860694943201859e+07
9.86250 7.858890615565184e+07
9.87500 7.857231876190554e+07
9.88750 7.855734823174585e+07
9.90000 7.854470751981317e+07
9.91250 7.853718915132822e+07
9.92500 7.854064262117833e+07
9.93750 7.856164579586375e+07
9.95000 7.859822880879541e+07
9.96250 7.862985338598308e+07
9.97500 7.863168940850225e+07
9.98750 7.860786598794603e+07
10.00000 7.858588490009324e+07
