-12.00000 2.531118208406690e-62
-11.98288 9.735934837996380e-62
-11.96577 3.722162369872103e-61
-11.94865 1.414596390268333e-60
-11.93153 5.345289425318056e-60
-11.91441 2.008681001876389e-59
-11.89730 7.508836823780214e-59
-11.88018 2.793202807125100e-58
-11.86306 1.034370869041496e-57
-11.84595 3.815087463432177e-57
-11.82883 1.402286651571299e-56
-11.81171 5.140039582061103e-56
-11.79459 1.880327602333954e-55
-11.77748 6.871091494924100e-55
-11.76036 2.510591754698223e-54
-11.74324 9.182385174160532e-54
-11.72613 3.365573906382060e-53
-11.70901 1.237615673447285e-52
-11.69189 4.570992607726951e-52
-11.67477 1.697274001952972e-51
-11.65766 6.340718058131597e-51
-11.64054 2.384390442281021e-50
-11.62342 9.026792085283002e-50
-11.60631 3.439694330822283e-49
-11.58919 1.318573603266725e-48
-11.57207 5.080763541217788e-48
-11.55495 1.965799241849036e-47
-11.53784 7.628124192440425e-47
-11.52072 2.964955065702048e-46
-11.50360 1.152903107044014e-45
-11.48649 4.479357256680984e-45
-11.46937 1.736988639890920e-44
-11.45225 6.715707331524951e-44
-11.43514 2.586447080649509e-43
-11.41802 9.914806710624370e-43
-11.40090 3.780342397417868e-42
-11.38378 1.432792861117549e-41
-11.36667 5.395323974416147e-41
-11.34955 2.017635860442200e-40
-11.33243 7.490264333050926e-40
-11.31532 2.759583329132131e-39
-11.29820 1.008710713610865e-38
-11.28108 3.657383692111305e-38
-11.26396 1.315153741384726e-37
-11.24685 4.689450235953819e-37
-11.22973 1.657903350498209e-36
-11.21261 5.811065811971655e-36
-11.19550 2.019270530464902e-35
-11.17838 6.956241093949590e-35
-11.16126 2.375820769687316e-34
-11.14414 8.045444330595412e-34
-11.12703 2.701758167426756e-33
-11.10991 8.999010239059832e-33
-11.09279 2.973866019594563e-32
-11.07568 9.754273298594022e-32
-11.05856 3.177125270078626e-31
-11.04144 1.028298652366923e-30
-11.02432 3.309795656782800e-30
-11.00721 1.060511629407797e-29
-10.99009 3.386826223352950e-29
-10.97297 1.079616569517793e-28
-10.95586 3.441048729395684e-28
-10.93874 1.098771949782560e-27
-10.92162 3.522557627135892e-27
-10.90450 1.136403338209330e-26
-10.88739 3.697564881198509e-26
-10.87027 1.215938972876950e-25
-10.85315 4.048129806694186e-25
-10.83604 1.365907543735405e-24
-10.81892 4.672682712694418e-24
-10.80180 1.619898623328784e-23
-10.78468 5.683821307657993e-23
-10.76757 2.014587039511712e-22
-10.75045 7.195697346410034e-22
-10.73333 2.582999280355950e-21
-10.71622 9.292289728244255e-21
-10.69910 3.341023314338104e-20
-10.68198 1.197528237037117e-19
-10.66486 4.269197954056323e-19
-10.64775 1.510771406323016e-18
-10.63063 5.298128133948025e-18
-10.61351 1.838823261520594e-17
-10.59640 6.309779516134811e-17
-10.57928 2.139151887537262e-16
-10.56216 7.162141343292127e-16
-10.54505 2.367821437186595e-15
-10.52793 7.730057866410323e-15
-10.51081 2.492502313072078e-14
-10.49369 7.940345615987459e-14
-10.47658 2.499994883656295e-13
-10.45946 7.781651468175992e-13
-10.44234 2.395317825306467e-12
-10.42523 7.293765695830364e-12
-10.40811 2.198096896622010e-11
-10.39099 6.561668334698891e-11
-10.37387 1.942984536154545e-10
-10.35676 5.719089913281815e-10
-10.33964 1.677803562971242e-09
-10.32252 4.918896176383835e-09
-10.30541 1.443602865492694e-08
-10.28829 4.239889239120259e-08
-10.27117 1.242807449390284e-07
-10.25405 3.620458161958104e-07
-10.23694 1.044904938563323e-06
-10.21982 2.991496980110149e-06
-10.20270 8.552318385263954e-06
-10.18559 2.456949394287900e-05
-10.16847 7.046767462281543e-05
-10.15135 1.963317585569507e-04
-10.13423 5.099849603960414e-04
-10.11712 1.186743143808553e-03
-10.10000 2.403580314397742e-03
-10.08288 4.174238806666614e-03
-10.06577 6.211487950425983e-03
-10.04865 8.034864002486689e-03
-10.03153 9.318870620935855e-03
-10.01441 1.013251562965435e-02
-9.99730 1.080066581306153e-02
-9.98018 1.157506385174529e-02
-9.96306 1.247581584457014e-02
-9.94595 1.337932580752501e-02
-9.92883 1.417159573003029e-02
-9.91171 1.482145416883813e-02
-9.89459 1.536789473441463e-02
-9.87748 1.587523326897090e-02
-9.86036 1.639592019895856e-02
-9.84324 1.695387381473828e-02
-9.82613 1.754563098603392e-02
-9.80901 1.815145696510977e-02
-9.79189 1.874867314304923e-02
-9.77477 1.932173591670422e-02
-9.75766 1.986656304929330e-02
-9.74054 2.038935335745102e-02
-9.72342 2.090196949180101e-02
-9.70631 2.141650816354942e-02
-9.68919 2.194114534294930e-02
-9.67207 2.247825961496469e-02
-9.65495 2.302478155417963e-02
-9.63784 2.357404547339882e-02
-9.62072 2.411820808145177e-02
-9.60360 2.465043305575039e-02
-9.58649 2.516634527350989e-02
-9.56937 2.566458383726817e-02
-9.55225 2.614653999334082e-02
-9.53514 2.661552189212844e-02
-9.51802 2.707564712836329e-02
-9.50090 2.753074798163437e-02
-9.48378 2.798350971381050e-02
-9.46667 2.843497372834096e-02
-9.44955 2.888444516362345e-02
-9.43243 2.932976404869288e-02
-9.41532 2.976784090649547e-02
-9.39820 3.019532681501944e-02
-9.38108 3.060928446589163e-02
-9.36396 3.100774633101911e-02
-9.34685 3.139008128421544e-02
-9.32973 3.175713330087210e-02
-9.31261 3.211113701885009e-02
-9.29550 3.245544860564718e-02
-9.27838 3.279415262866803e-02
-9.26126 3.313161512191733e-02
-9.24414 3.347205064530739e-02
-9.22703 3.381915929071317e-02
-9.20991 3.417587163750280e-02
-9.19279 3.454421916982182e-02
-9.17568 3.492532791273588e-02
-9.15856 3.531951662549181e-02
-9.14144 3.572646951767439e-02
-9.12432 3.614544787995479e-02
-9.10721 3.657550510390685e-02
-9.09009 3.701567443711741e-02
-9.07297 3.746510711973358e-02
-9.05586 3.792314868192113e-02
-9.03874 3.838935156519464e-02
-9.02162 3.886343149300558e-02
-9.00450 3.934518213462575e-02
-8.98739 3.983436697367626e-02
-8.97027 4.033060871901880e-02
-8.95315 4.083329526251787e-02
-8.93604 4.134151756817822e-02
-8.91892 4.185404963916848e-02
-8.90180 4.236937462034571e-02
-8.88468 4.288575492894253e-02
-8.86757 4.340133877012899e-02
-8.85045 4.391429106123105e-02
-8.83333 4.442293405818899e-02
-8.81622 4.492588205147537e-02
-8.79910 4.542215537373577e-02
-8.78198 4.591126144586431e-02
-8.76486 4.639323433174136e-02
-8.74775 4.686862881098951e-02
-8.73063 4.733846979181909e-02
-8.71351 4.780416244962647e-02
-8.69640 4.826737232303831e-02
-8.67928 4.872988735950758e-02
-8.66216 4.919347534228653e-02
-8.64505 4.965975016389395e-02
-8.62793 5.013005910104867e-02
-8.61081 5.060540078807406e-02
-8.59369 5.108638027957901e-02
-8.57658 5.157320380541372e-02
-8.55946 5.206571194438468e-02
-8.54234 5.256344635711074e-02
-8.52523 5.306574225250514e-02
-8.50811 5.357183666901479e-02
-8.49099 5.408098158707873e-02
-8.47387 5.459255090462704e-02
-8.45676 5.510613135090925e-02
-8.43964 5.562158934098812e-02
-8.42252 5.613910836500399e-02
-8.40541 5.665919449340556e-02
-8.38829 5.718265066878992e-02
-8.37117 5.771052335793914e-02
-8.35405 5.824402759526975e-02
-8.33694 5.878445825450496e-02
-8.31982 5.933309640068697e-02
-8.30270 5.989111973933495e-02
-8.28559 6.045952551323296e-02
-8.26847 6.103907279417622e-02
-8.25135 6.163024913384189e-02
-8.23423 6.223326417714493e-02
-8.21712 6.284807033041291e-02
-8.20000 6.347440814611963e-02
-8.18288 6.411187194863043e-02
-8.16577 6.475998955816292e-02
-8.14865 6.541830889937224e-02
-8.13153 6.608648387382611e-02
-8.11441 6.676435213687790e-02
-8.09730 6.745199829381335e-02
-8.08018 6.814979741008223e-02
-8.06306 6.885843546837492e-02
-8.04595 6.957890532976496e-02
-8.02883 7.031247869055578e-02
-8.01171 7.106065630971964e-02
-7.99459 7.182510028829540e-02
-7.97748 7.260755333864644e-02
-7.96036 7.340975077679762e-02
-7.94324 7.423333145312709e-02
-7.92613 7.507975409359735e-02
-7.90901 7.595022564695923e-02
-7.89189 7.684564826758158e-02
-7.87477 7.776659145484388e-02
-7.85766 7.871329543296848e-02
-7.84054 7.968571078453172e-02
-7.82342 8.068357730398949e-02
-7.80631 8.170654180245088e-02
-7.78919 8.275431032993186e-02
-7.77207 8.382682574910176e-02
-7.75495 8.492445821704561e-02
-7.73784 8.604819559744274e-02
-7.72072 8.719982402288626e-02
-7.70360 8.838209425605476e-02
-7.68649 8.959887213560475e-02
-7.66937 9.085526382625905e-02
-7.65225 9.215768400362351e-02
-7.63514 9.351380308936810e-02
-7.61802 9.493228939027953e-02
-7.60090 9.642228452980008e-02
-7.58378 9.799263646025763e-02
-7.56667 9.965104778253044e-02
-7.54955 1.014034153026068e-01
-7.53243 1.032536515454429e-01
-7.51532 1.052041242310680e-01
-7.49820 1.072565306807585e-01
-7.48108 1.094126575689482e-01
-7.46396 1.116743313301376e-01
-7.44685 1.140423543201892e-01
-7.42973 1.165156624001592e-01
-7.41261 1.190939161915780e-01
-7.39550 1.217874617159758e-01
-7.37838 1.246355109646905e-01
-7.36126 1.277267320743927e-01
-7.34414 1.312153379815945e-01
-7.32703 1.353399434763467e-01
-7.30991 1.404333675833365e-01
-7.29279 1.467901041728630e-01
-7.27568 1.543912767785916e-01
-7.25856 1.632861533116604e-01
-7.24144 1.758032301625651e-01
-7.22432 2.034860008531232e-01
-7.20721 2.543004215010168e-01
-7.19009 2.509302062271637e-01
-7.17297 2.692844179659353e-01
-7.15586 2.732283123062194e-01
-7.13874 2.690902545536227e-01
-7.12162 2.668858273227841e-01
-7.10450 2.690165185807753e-01
-7.08739 2.722176518594299e-01
-7.07027 2.738284948285660e-01
-7.05315 2.737849186973601e-01
-7.03604 2.733043220038152e-01
-7.01892 2.734511872124199e-01
-7.00180 2.746617289896334e-01
-6.98468 2.771802574652996e-01
-6.96757 2.823863474045481e-01
-6.95045 2.939868626771811e-01
-6.93333 3.127150403572883e-01
-6.91622 3.280730255330384e-01
-6.89910 3.372233603417782e-01
-6.88198 3.464895065685648e-01
-6.86486 3.555765087706491e-01
-6.84775 3.637210968336340e-01
-6.83063 3.721656215752556e-01
-6.81351 3.813057159766260e-01
-6.79640 3.905439405129496e-01
-6.77928 3.998134705203766e-01
-6.76216 4.097269226759045e-01
-6.74505 4.210452256419039e-01
-6.72793 4.341562802750941e-01
-6.71081 4.484883238237174e-01
-6.69369 4.712617178214381e-01
-6.67658 4.763251184175331e-01
-6.65946 4.836370805297465e-01
-6.64234 4.886752277692917e-01
-6.62523 4.921524071920882e-01
-6.60811 4.960405576735125e-01
-6.59099 5.003047873503159e-01
-6.57387 5.042946127663062e-01
-6.55676 5.078679986924637e-01
-6.53964 5.115012475874336e-01
-6.52252 5.167475134689272e-01
-6.50541 5.280579410941357e-01
-6.48829 5.498543667468712e-01
-6.47117 5.735915918409289e-01
-6.45405 5.886012754607769e-01
-6.43694 6.012212295119148e-01
-6.41982 6.152395708925309e-01
-6.40270 6.280579063034507e-01
-6.38559 6.394808654648568e-01
-6.36847 6.505013609082975e-01
-6.35135 6.614068971357718e-01
-6.33423 6.722858315597655e-01
-6.31712 6.834014477180330e-01
-6.30000 6.945585405638766e-01
-6.28288 7.047156377942976e-01
-6.26577 7.131135189881810e-01
-6.24865 7.205710075068325e-01
-6.23153 7.280782265829506e-01
-6.21441 7.343547159350443e-01
-6.19730 7.376811740039256e-01
-6.18018 7.390940305594212e-01
-6.16306 7.399354218735732e-01
-6.14595 7.389757190269006e-01
-6.12883 7.352379226350222e-01
-6.11171 7.302153590745606e-01
-6.09459 7.255500894167961e-01
-6.07748 7.212914841595661e-01
-6.06036 7.169448953104147e-01
-6.04324 7.124942124991457e-01
-6.02613 7.081635824840797e-01
-6.00901 7.039411692837443e-01
-5.99189 6.995999905381349e-01
-5.97477 6.950134451830337e-01
-5.95766 6.903033838767281e-01
-5.94054 6.856908062725777e-01
-5.92342 6.812712727067638e-01
-5.90631 6.769554491889394e-01
-5.88919 6.725967516109107e-01
-5.87207 6.681520754443043e-01
-5.85495 6.637291825915450e-01
-5.83784 6.595026557769368e-01
-5.82072 6.555896690285130e-01
-5.80360 6.519875692188131e-01
-5.78649 6.486075760771894e-01
-5.76937 6.453632635474659e-01
-5.75225 6.422423974745330e-01
-5.73514 6.393133329447209e-01
-5.71802 6.366668342691113e-01
-5.70090 6.343411871581096e-01
-5.68378 6.323047305579981e-01
-5.66667 6.305565882163515e-01
-5.64955 6.293124132298377e-01
-5.63243 6.290618514719969e-01
-5.61532 6.302323191210600e-01
-5.59820 6.326906054992869e-01
-5.58108 6.360904868414140e-01
-5.56396 6.406201174641935e-01
-5.54685 6.445169544408200e-01
-5.52973 6.430083816305828e-01
-5.51261 6.357903618686759e-01
-5.49550 6.212893128414386e-01
-5.47838 6.005291952621290e-01
-5.46126 5.830662691374670e-01
-5.44414 5.691351079487195e-01
-5.42703 5.563409519172189e-01
-5.40991 5.439125935596729e-01
-5.39279 5.318099661870469e-01
-5.37568 5.202845012318488e-01
-5.35856 5.095772926814167e-01
-5.34144 4.997617216119345e-01
-5.32432 4.907695886339499e-01
-5.30721 4.825167591763445e-01
-5.29009 4.750200530601226e-01
-5.27297 4.684408662710964e-01
-5.25586 4.630533932762934e-01
-5.23874 4.591744367933603e-01
-5.22162 4.570961270099881e-01
-5.20450 4.570480559323785e-01
-5.18739 4.592011678866874e-01
-5.17027 4.637179381056021e-01
-5.15315 4.708403416209683e-01
-5.13604 4.809898363909906e-01
-5.11892 4.949380146399932e-01
-5.10180 5.143357689250281e-01
-5.08468 5.418796767855580e-01
-5.06757 5.773877550844797e-01
-5.05045 6.121654405953065e-01
-5.03333 6.362055350685922e-01
-5.01622 6.498570342392356e-01
-4.99910 6.581306343470076e-01
-4.98198 6.631394337032989e-01
-4.96486 6.658951365859483e-01
-4.94775 6.677173921398446e-01
-4.93063 6.700243255783717e-01
-4.91351 6.733614446318744e-01
-4.89640 6.758028573014334e-01
-4.87928 6.741477356473293e-01
-4.86216 6.679113104517980e-01
-4.84505 6.603876072819117e-01
-4.82793 6.550837064608873e-01
-4.81081 6.528976505381081e-01
-4.79369 6.529852195071448e-01
-4.77658 6.547303081401016e-01
-4.75946 6.585042178868359e-01
-4.74234 6.651987410506517e-01
-4.72523 6.750280266984712e-01
-4.70811 6.866051308309116e-01
-4.69099 6.982433649238693e-01
-4.67387 7.152038298297230e-01
-4.65676 7.289724254314212e-01
-4.63964 7.204729171576760e-01
-4.62252 7.193204841994427e-01
-4.60541 7.180843130215042e-01
-4.58829 7.175279301358911e-01
-4.57117 7.169157029992409e-01
-4.55405 7.159094744819088e-01
-4.53694 7.150846352484919e-01
-4.51982 7.153290319107934e-01
-4.50270 7.172121323692802e-01
-4.48559 7.204737078565437e-01
-4.46847 7.238158680493005e-01
-4.45135 7.255091446137871e-01
-4.43423 7.246630563864533e-01
-4.41712 7.219380629235413e-01
-4.40000 7.190028609160548e-01
-4.38288 7.174500581623540e-01
-4.36577 7.181038110322915e-01
-4.34865 7.209758174500123e-01
-4.33153 7.256205800346536e-01
-4.31441 7.314668806174025e-01
-4.29730 7.379033455761381e-01
-4.28018 7.443143533826311e-01
-4.26306 7.503629118389885e-01
-4.24595 7.563706228024615e-01
-4.22883 7.630980092857019e-01
-4.21171 7.705275968538876e-01
-4.19459 7.768479206757204e-01
-4.17748 7.799653284455402e-01
-4.16036 7.873723689757652e-01
-4.14324 7.821910403007895e-01
-4.12613 7.724053973338412e-01
-4.10901 7.684740186174511e-01
-4.09189 7.676587282730067e-01
-4.07477 7.697660388684000e-01
-4.05766 7.735880587380437e-01
-4.04054 7.785223939670103e-01
-4.02342 7.843799237696127e-01
-4.00631 7.911186540516657e-01
-3.98919 7.989169492958121e-01
-3.97207 8.084141706389183e-01
-3.95495 8.207221712281221e-01
-3.93784 8.367244168557242e-01
-3.92072 8.556059125268289e-01
-3.90360 8.738031481213890e-01
-3.88649 8.868100598197614e-01
-3.86937 8.936815941644117e-01
-3.85225 8.972712262597313e-01
-3.83514 8.981320375854623e-01
-3.81802 8.990244855040020e-01
-3.80090 9.171660164573934e-01
-3.78378 9.083602467926875e-01
-3.76667 9.087838918772089e-01
-3.74955 9.088620613282599e-01
-3.73243 9.238390663061539e-01
-3.71532 9.368337132633497e-01
-3.69820 9.489285232527530e-01
-3.68108 9.622869752699839e-01
-3.66396 9.752940709211778e-01
-3.64685 9.877834980190402e-01
-3.62973 1.000781438943660e+00
-3.61261 1.014625216504555e+00
-3.59550 1.028146947703244e+00
-3.57838 1.040414769660605e+00
-3.56126 1.051996843430210e+00
-3.54414 1.064091352069534e+00
-3.52703 1.076866126521742e+00
-3.50991 1.089178009987670e+00
-3.49279 1.101366823581372e+00
-3.47568 1.155091467848745e+00
-3.45856 1.123913744771460e+00
-3.44144 1.134625946628758e+00
-3.42432 1.150945235852663e+00
-3.40721 1.178574743634470e+00
-3.39009 1.228949530798969e+00
-3.37297 1.323221016254373e+00
-3.35586 1.390202215690524e+00
-3.33874 1.382770890777526e+00
-3.32162 1.408031538894387e+00
-3.30450 1.165831720643757e+00
-3.28739 1.050309731454564e+00
-3.27027 9.871016950605733e-01
-3.25315 9.358930977173692e-01
-3.23604 8.932312993313891e-01
-3.21892 8.602201557223167e-01
-3.20180 8.343570860843459e-01
-3.18468 8.131031919066822e-01
-3.16757 7.949260819766677e-01
-3.15045 7.788198757243905e-01
-3.13333 7.640914729697799e-01
-3.11622 7.503592000113968e-01
-3.09910 7.375753277765071e-01
-3.08198 7.261580059656951e-01
-3.06486 7.172765606646252e-01
-3.04775 7.125682427826332e-01
-3.03063 7.118942191014945e-01
-3.01351 7.104537855181347e-01
-2.99640 7.089124398651505e-01
-2.97928 6.821119615966919e-01
-2.96216 6.574134901782414e-01
-2.94505 6.369759734354542e-01
-2.92793 6.226963962498375e-01
-2.91081 6.132117498452474e-01
-2.89369 6.063780314662879e-01
-2.87658 6.008198063025363e-01
-2.85946 5.958738223955540e-01
-2.84234 5.912439057324954e-01
-2.82523 5.868099441589182e-01
-2.80811 5.825478961102922e-01
-2.79099 5.784887777652126e-01
-2.77387 5.746914065920028e-01
-2.75676 5.712225576627890e-01
-2.73964 5.681419316821450e-01
-2.72252 5.654915161410392e-01
-2.70541 5.632915297959170e-01
-2.68829 5.615457317118326e-01
-2.67117 5.602567312891824e-01
-2.65405 5.594576970445471e-01
-2.63694 5.593077447076900e-01
-2.61982 5.603092247753132e-01
-2.60270 5.632844684405736e-01
-2.58559 5.681527389739846e-01
-2.56847 5.724838779521373e-01
-2.55135 5.735494446542198e-01
-2.53423 5.720984908096809e-01
-2.51712 5.712220556702502e-01
-2.50000 5.725299672433274e-01
-2.48288 5.756680131559758e-01
-2.46577 5.799816147849303e-01
-2.44865 5.853827611385315e-01
-2.43153 5.922906312206350e-01
-2.41441 6.012561295645342e-01
-2.39730 6.125378012745665e-01
-2.38018 6.259495897161199e-01
-2.36306 6.415203716146132e-01
-2.34595 6.602401704287946e-01
-2.32883 6.804706762146986e-01
-2.31171 6.941357034771680e-01
-2.29459 6.975652202854519e-01
-2.27748 6.974558964078796e-01
-2.26036 6.985855378521645e-01
-2.24324 7.008013196084635e-01
-2.22613 7.035170073425370e-01
-2.20901 7.064275949970968e-01
-2.19189 7.092974154284148e-01
-2.17477 7.121818382853728e-01
-2.15766 7.153914614277852e-01
-2.14054 7.192060694759377e-01
-2.12342 7.236477777116459e-01
-2.10631 7.284885763453468e-01
-2.08919 7.335380763774849e-01
-2.07207 7.392186500616269e-01
-2.05495 7.473785066843392e-01
-2.03784 7.622375897381262e-01
-2.02072 7.927757345484034e-01
-2.00360 8.489891968462477e-01
-1.98649 9.124649677734522e-01
-1.96937 9.500817047651009e-01
-1.95225 9.465671885618936e-01
-1.93514 8.898513872860192e-01
-1.91802 8.295727258543641e-01
-1.90090 7.878386230320346e-01
-1.88378 7.593854934093327e-01
-1.86667 7.368015145975845e-01
-1.84955 7.168148342550916e-01
-1.83243 6.981486250361744e-01
-1.81532 6.807040307481906e-01
-1.79820 6.647517864860564e-01
-1.78108 6.503933154729478e-01
-1.76396 6.377805145491022e-01
-1.74685 6.276576129867035e-01
-1.72973 6.210747949314983e-01
-1.71261 6.186569340155880e-01
-1.69550 6.226426613414043e-01
-1.67838 6.418799623290332e-01
-1.66126 7.167328169471632e-01
-1.64414 6.780772457010468e-01
-1.62703 6.704947975284641e-01
-1.60991 6.606818641619004e-01
-1.59279 6.529035154742671e-01
-1.57568 6.446636812713047e-01
-1.55856 6.368933769905991e-01
-1.54144 6.304413368751007e-01
-1.52432 6.250307283196592e-01
-1.50721 6.201014602916555e-01
-1.49009 6.152663677201049e-01
-1.47297 6.104454495419160e-01
-1.45586 6.058549035162476e-01
-1.43874 6.017781513651475e-01
-1.42162 5.982963870542561e-01
-1.40450 5.952720979693342e-01
-1.38739 5.924993062150076e-01
-1.37027 5.898201306378292e-01
-1.35315 5.871655720667475e-01
-1.33604 5.845437800032636e-01
-1.31892 5.820045345477276e-01
-1.30180 5.799074404406301e-01
-1.28468 5.794753170781601e-01
-1.26757 5.763278821566991e-01
-1.25045 5.734019438388931e-01
-1.23333 5.716052434130552e-01
-1.21622 5.699641957283199e-01
-1.19910 5.684197017484893e-01
-1.18198 5.669662769022882e-01
-1.16486 5.656154591472934e-01
-1.14775 5.643946469059345e-01
-1.13063 5.633427031200571e-01
-1.11351 5.625032191204684e-01
-1.09640 5.619173510282798e-01
-1.07928 5.616175887272248e-01
-1.06216 5.616289349803618e-01
-1.04505 5.666304398926530e-01
-1.02793 5.625758593534571e-01
-1.01081 5.634106529884919e-01
-0.99369 5.644965263613037e-01
-0.97658 5.657460405955210e-01
-0.95946 5.671012387999220e-01
-0.94234 5.685067334363355e-01
-0.92523 5.699170327527145e-01
-0.90811 5.713038851176413e-01
-0.89099 5.726627012587047e-01
-0.87387 5.740169080212036e-01
-0.85676 5.754193144487115e-01
-0.83964 5.769678624165445e-01
-0.82252 5.790235883734294e-01
-0.80541 5.821094688464732e-01
-0.78829 5.846891530109424e-01
-0.77117 5.866056532419983e-01
-0.75405 5.896749000142654e-01
-0.73694 5.935535295818141e-01
-0.71982 5.978501253239057e-01
-0.70270 6.024279134818847e-01
-0.68559 6.071646902618313e-01
-0.66847 6.119540307317740e-01
-0.65135 6.167342410368728e-01
-0.63423 6.215130583461415e-01
-0.61712 6.263880952758342e-01
-0.60000 6.316036830464102e-01
-0.58288 6.376037857889200e-01
-0.56577 6.444990055082948e-01
-0.54865 6.516272856658236e-01
-0.53153 6.590910997704776e-01
-0.51441 6.676869967408059e-01
-0.49730 6.773431624110537e-01
-0.48018 6.875816531423331e-01
-0.46306 6.980792874447679e-01
-0.44595 7.087254481140581e-01
-0.42883 7.197394980815984e-01
-0.41171 7.318197218022470e-01
-0.39459 7.461768593297442e-01
-0.37748 7.643242613364101e-01
-0.36036 7.871580234382974e-01
-0.34324 8.135690252449709e-01
-0.32613 8.415886899940671e-01
-0.30901 8.711181692751985e-01
-0.29189 9.123102826290032e-01
-0.27477 9.804359104971558e-01
-0.25766 1.015966470847343e+00
-0.24054 1.010489268932635e+00
-0.22342 1.019962493582821e+00
-0.20631 1.030642190854283e+00
-0.18919 1.034138929161968e+00
-0.17207 1.033629004291251e+00
-0.15495 1.035174895922599e+00
-0.13784 1.040597673080162e+00
-0.12072 1.045929743534681e+00
-0.10360 1.045698534537764e+00
-0.08649 1.037928060670799e+00
-0.06937 1.035575982934854e+00
-0.05225 1.021871654426806e+00
-0.03514 1.034423326447660e+00
-0.01802 9.527874417365412e-01
-0.00090 9.048634218073667e-01
0.01622 8.637600361446930e-01
0.03333 8.252130679649070e-01
0.05045 7.887997308984437e-01
0.06757 7.553597313758358e-01
0.08468 7.246886554026071e-01
0.10180 6.940042368674624e-01
0.11892 6.611071891392432e-01
0.13604 6.273044382183073e-01
0.15315 5.941798579801334e-01
0.17027 5.642395449158480e-01
0.18739 5.317864145298041e-01
0.20450 5.072368083477337e-01
0.22162 4.846640749321752e-01
0.23874 4.616853307999214e-01
0.25586 4.440562469795220e-01
0.27297 4.307371710427488e-01
0.29009 4.211655072942083e-01
0.30721 4.154481296830416e-01
0.32432 4.126146253698864e-01
0.34144 4.073416899839497e-01
0.35856 3.877965762562404e-01
0.37568 3.454058400808562e-01
0.39279 2.873290309072148e-01
0.40991 2.307674909527489e-01
0.42703 1.888462113962987e-01
0.44414 1.635682621241611e-01
0.46126 1.505816574147631e-01
0.47838 1.446430794121933e-01
0.49550 1.420946298917005e-01
0.51261 1.409866605146125e-01
0.52973 1.404489541240818e-01
0.54685 1.401361899487634e-01
0.56396 1.399203025829593e-01
0.58108 1.397552259048115e-01
0.59820 1.396243505465040e-01
0.61532 1.395211531065739e-01
0.63243 1.394422015728190e-01
0.64955 1.393847077490025e-01
0.66667 1.393457457690643e-01
0.68378 1.393220778698313e-01
0.70090 1.393102017224184e-01
0.71802 1.393064787074898e-01
0.73514 1.393072890260061e-01
0.75225 1.393091895330693e-01
0.76937 1.393090609569186e-01
0.78649 1.393042356520540e-01
0.80360 1.392925995528592e-01
0.82072 1.392726639458496e-01
0.83784 1.392436044922401e-01
0.85495 1.392052667020831e-01
0.87207 1.391581387660050e-01
0.88919 1.391032942330441e-01
0.90631 1.390423084191488e-01
0.92342 1.389771535825939e-01
0.94054 1.389100787640725e-01
0.95766 1.388434807298387e-01
0.97477 1.387797726617985e-01
0.99189 1.387212571113828e-01
1.00901 1.386700092929304e-01
1.02613 1.386277760702478e-01
1.04324 1.385958950324629e-01
1.06036 1.385752369174731e-01
1.07748 1.385661733850668e-01
1.09459 1.385685708325006e-01
1.11171 1.385818096483931e-01
1.12883 1.386048270787099e-01
1.14595 1.386361807878930e-01
1.16306 1.386741292870047e-01
1.18018 1.387167247068589e-01
1.19730 1.387619129435000e-01
1.21441 1.388076360094302e-01
1.23153 1.388519314873057e-01
1.24865 1.388930242917176e-01
1.26577 1.389294064760971e-01
1.28288 1.389599015428607e-01
1.30000 1.389837105847919e-01
1.31712 1.390004385577265e-01
1.33423 1.390101000088452e-01
1.35135 1.390131046103207e-01
1.36847 1.390102238252026e-01
1.38559 1.390025409154804e-01
1.40270 1.389913872512579e-01
1.41982 1.389782684623801e-01
1.43694 1.389647843660261e-01
1.45405 1.389525467917732e-01
1.47117 1.389430994056989e-01
1.48829 1.389378434135964e-01
1.50541 1.389379726163651e-01
1.52252 1.389444207227882e-01
1.53964 1.389578231282876e-01
1.55676 1.389784945805523e-01
1.57387 1.390064233156159e-01
1.59099 1.390412814040973e-01
1.60811 1.390824502394687e-01
1.62523 1.391290593682996e-01
1.64234 1.391800362417620e-01
1.65946 1.392341639872510e-01
1.67658 1.392901439800405e-01
1.69369 1.393466598500291e-01
1.71081 1.394024395911751e-01
1.72793 1.394563126452641e-01
1.74505 1.395072591924830e-01
1.76216 1.395544493762741e-01
1.77928 1.395972707899512e-01
1.79640 1.396353432234646e-01
1.81351 1.396685203734362e-01
1.83063 1.396968789200495e-01
1.84775 1.397206960335952e-01
1.86486 1.397404169574816e-01
1.88198 1.397566147941635e-01
1.89910 1.397699449728315e-01
1.91622 1.397810970873067e-01
1.93333 1.397907468518826e-01
1.95045 1.397995108325841e-01
1.96757 1.398079063802065e-01
1.98468 1.398163188356238e-01
2.00180 1.398249776195770e-01
2.01892 1.398339422857604e-01
2.03604 1.398430990381371e-01
2.05315 1.398521676232588e-01
2.07027 1.398607179380134e-01
2.08739 1.398681951728571e-01
2.10450 1.398739518669691e-01
2.12162 1.398772849068765e-01
2.13874 1.398774752701040e-01
2.15586 1.398738282099681e-01
2.17297 1.398657115995394e-01
2.19009 1.398525902980164e-01
2.20721 1.398340546608122e-01
2.22432 1.398098416693543e-01
2.24144 1.397798475870103e-01
2.25856 1.397441315292355e-01
2.27568 1.397029098423811e-01
2.29279 1.396565416892883e-01
2.30991 1.396055067142059e-01
2.32703 1.395503760801725e-01
2.34414 1.394917785175560e-01
2.36126 1.394303632760109e-01
2.37838 1.393667620218630e-01
2.39550 1.393015517626007e-01
2.41261 1.392352208092946e-01
2.42973 1.391681396116112e-01
2.44685 1.391005380291981e-01
2.46396 1.390324902528407e-01
2.48108 1.389639081780017e-01
2.49820 1.388945435840070e-01
2.51532 1.388239990077753e-01
2.53243 1.387517467455304e-01
2.54955 1.386771549925848e-01
2.56667 1.385995197613037e-01
2.58378 1.385181009190555e-01
2.60090 1.384321604758352e-01
2.61802 1.383410011353162e-01
2.63514 1.382440031084153e-01
2.65225 1.381406572750408e-01
2.66937 1.380305929624272e-01
2.68649 1.379135988775613e-01
2.70360 1.377896360726329e-01
2.72072 1.376588422187500e-01
2.73784 1.375215268942908e-01
2.75495 1.373781580386510e-01
2.77207 1.372293401577153e-01
2.78919 1.370757852726985e-01
2.80631 1.369182779592988e-01
2.82342 1.367576361122188e-01
2.84054 1.365946692773528e-01
2.85766 1.364301365107036e-01
2.87477 1.362647057442957e-01
2.89189 1.360989165646884e-01
2.90901 1.359331481435498e-01
2.92613 1.357675938110088e-01
2.94324 1.356022434440206e-01
2.96036 1.354368744699524e-01
2.97748 1.352710518786869e-01
2.99459 1.351041372149721e-01
3.01171 1.349353061072322e-01
3.02883 1.347635734997951e-01
3.04595 1.345878254111320e-01
3.06306 1.344068557574474e-01
3.08018 1.342194065717375e-01
3.09730 1.340242098223201e-01
3.11441 1.338200289966371e-01
3.13153 1.336056986661384e-01
3.14865 1.333801603821936e-01
3.16577 1.331424934629679e-01
3.18288 1.328919395051349e-01
3.20000 1.326279197772570e-01
3.21712 1.323500450065604e-01
3.23423 1.320581174393227e-01
3.25135 1.317521254185586e-01
3.26847 1.314322310632066e-01
3.28559 1.310987519342670e-01
3.30270 1.307521378214317e-01
3.31982 1.303929439678692e-01
3.33694 1.300218021637788e-01
3.35405 1.296393911777342e-01
3.37117 1.292464079593025e-01
3.38829 1.288435409413116e-01
3.40541 1.284314466032893e-01
3.42252 1.280107302397662e-01
3.43964 1.275819316213466e-01
3.45676 1.271455159572382e-01
3.47387 1.267018702804915e-01
3.49099 1.262513050965877e-01
3.50811 1.257940608763109e-01
3.52523 1.253303187474968e-01
3.54234 1.248602145574168e-01
3.55946 1.243838553457045e-01
3.57658 1.239013371913123e-01
3.59369 1.234127633773754e-01
3.61081 1.229182618533775e-01
3.62793 1.224180010601849e-01
3.64505 1.219122033134546e-01
3.66216 1.214011551057526e-01
3.67928 1.208852138772626e-01
3.69640 1.203648110082159e-01
3.71351 1.198404509920513e-01
3.73063 1.193127069461599e-01
3.74775 1.187822127972648e-01
3.76486 1.182496526328299e-01
3.78198 1.177157478320107e-01
3.79910 1.171812426751964e-01
3.81622 1.166468891779127e-01
3.83333 1.161134319026419e-01
3.85045 1.155815934728334e-01
3.86757 1.150520614506310e-01
3.88468 1.145254771486838e-01
3.90180 1.140024268329837e-01
3.91892 1.134834356448034e-01
3.93604 1.129689644326237e-01
3.95315 1.124594095464802e-01
3.97027 1.119551055140155e-01
3.98739 1.114563303955760e-01
4.00450 1.109633135098306e-01
4.02162 1.104762451353975e-01
4.03874 1.099952877303811e-01
4.05586 1.095205881718590e-01
4.07297 1.090522905013101e-01
4.09009 1.085905486687589e-01
4.10721 1.081355387960513e-01
4.12432 1.076874705254551e-01
4.14144 1.072465970803828e-01
4.15856 1.068132237367601e-01
4.17568 1.063877144825870e-01
4.19279 1.059704967256971e-01
4.20991 1.055620639920003e-01
4.22703 1.051629766352665e-01
4.24414 1.047738606519176e-01
4.26126 1.043954047580034e-01
4.27838 1.040283559387565e-01
4.29550 1.036735137226973e-01
4.31261 1.033317234615691e-01
4.32973 1.030038689144378e-01
4.34685 1.026908644395704e-01
4.36396 1.023936470922536e-01
4.38108 1.021131689119741e-01
4.39820 1.018503896602464e-01
4.41532 1.016062702430728e-01
4.43243 1.013817670220907e-01
4.44955 1.011778271886474e-01
4.46667 1.009953853481825e-01
4.48378 1.008353614411743e-01
4.50090 1.006986601140258e-01
4.51802 1.005861716506304e-01
4.53514 1.004987745841788e-01
4.55225 1.004373401292107e-01
4.56937 1.004027386049040e-01
4.58649 1.003958480597214e-01
4.60360 1.004175653512015e-01
4.62072 1.004688199785529e-01
4.63784 1.005505910055922e-01
4.65495 1.006639274449498e-01
4.67207 1.008099725028777e-01
4.68919 1.009899921162820e-01
4.70631 1.012054082697516e-01
4.72342 1.014578376943046e-01
4.74054 1.017491367672444e-01
4.75766 1.020814537980984e-01
4.77477 1.024572904060833e-01
4.79189 1.028795742723385e-01
4.80901 1.033517458823695e-01
4.82613 1.038778613384283e-01
4.84324 1.044627109080187e-01
4.86036 1.051119473683412e-01
4.87748 1.058322081529001e-01
4.89459 1.066312003578381e-01
4.91171 1.075176992588094e-01
4.92883 1.085013935401510e-01
4.94595 1.095925018131565e-01
4.96306 1.108010955467971e-01
4.98018 1.121361031287065e-01
4.99730 1.136040434369408e-01
5.01441 1.152076421169082e-01
5.03153 1.169446135589549e-01
5.04865 1.188070627365708e-01
5.06577 1.207822830659775e-01
5.08288 1.228565288404048e-01
5.10000 1.250252316316498e-01
