0.00001 1.802113121915016e-08
0.01250 2.254161414050006e-05
0.02500 4.521316041059239e-05
0.03750 6.815984064678631e-05
0.05000 9.154724008185823e-05
0.06250 1.155704722634072e-04
0.07500 1.404655065662272e-04
0.08750 1.665251497592967e-04
0.10000 1.941274420506053e-04
0.11250 2.237745664497728e-04
0.12500 2.560622446300935e-04
0.13750 2.912068383818294e-04
0.15000 3.283103282006675e-04
0.16250 3.675885497136461e-04
0.17500 4.113550384824537e-04
0.18750 4.611745191057639e-04
0.20000 5.179835937761195e-04
0.21250 5.827329329959264e-04
0.22500 6.563635265817296e-04
0.23750 7.393710065478612e-04
0.25000 8.310527292374203e-04
0.26250 9.291303372128858e-04
0.27500 1.031195985038309e-03
0.28750 1.137485422553192e-03
0.30000 1.251374824909185e-03
0.31250 1.377018468662620e-03
0.32500 1.517531273344507e-03
0.33750 1.674878224279591e-03
0.35000 1.850328176298681e-03
0.36250 2.044699281473674e-03
0.37500 2.258266764832088e-03
0.38750 2.490428594492419e-03
0.40000 2.739698751800855e-03
0.41250 3.005880966541032e-03
0.42500 3.298290795022406e-03
0.43750 3.667192945561373e-03
0.45000 4.223601756274471e-03
0.46250 3.865376276895804e-03
0.47500 4.171291792839481e-03
0.48750 4.501059387577815e-03
0.50000 4.835602720499187e-03
0.51250 5.189406445895076e-03
0.52500 5.558415996682010e-03
0.53750 5.932825157968642e-03
0.55000 6.307431736415444e-03
0.56250 6.691882270110736e-03
0.57500 7.086852140432805e-03
0.58750 7.488015391977574e-03
0.60000 7.895952214426337e-03
0.61250 8.308348145704331e-03
0.62500 8.716110431457277e-03
0.63750 9.113451234168821e-03
0.65000 9.503264210204709e-03
0.66250 9.887123888572609e-03
0.67500 1.026954731801911e-02
0.68750 1.066434185921075e-02
0.70000 1.108399733997397e-02
0.71250 1.153069261414173e-02
0.72500 1.200406288178459e-02
0.73750 1.250758453782799e-02
0.75000 1.303554500388059e-02
0.76250 1.356996896705710e-02
0.77500 1.409376002150528e-02
0.78750 1.460232457934032e-02
0.80000 1.510321591311256e-02
0.81250 1.560367183417874e-02
0.82500 1.610215066866272e-02
0.83750 1.659390969515609e-02
0.85000 1.708250835719516e-02
0.86250 1.758123873656765e-02
0.87500 1.809960824333332e-02
0.88750 1.863452090339515e-02
0.90000 1.917329912465543e-02
0.91250 1.969611164544299e-02
0.92500 2.018414714211394e-02
0.93750 2.064300862843445e-02
0.95000 2.110159102481365e-02
0.96250 2.157062053855655e-02
0.97500 2.203116203046969e-02
0.98750 2.245367665697098e-02
1.00000 2.281583021832094e-02
1.01250 2.311472909252775e-02
1.02500 2.336753101433317e-02
1.03750 2.359853782651694e-02
1.05000 2.382788237007186e-02
1.06250 2.407442607534510e-02
1.07500 2.436108531771845e-02
1.08750 2.470653817627567e-02
1.10000 2.511525009640599e-02
1.11250 2.557506805412222e-02
1.12500 2.605845020752068e-02
1.13750 2.653009114397306e-02
1.15000 2.695788686785367e-02
1.16250 2.732166631618869e-02
1.17500 2.761883974248481e-02
1.18750 2.786794002033263e-02
1.20000 2.810662708697645e-02
1.21250 2.837532421778929e-02
1.22500 2.869454838365074e-02
1.23750 2.906214653513218e-02
1.25000 2.946940877082328e-02
1.26250 2.991185068970570e-02
1.27500 3.038729137383501e-02
1.28750 3.089037635650680e-02
1.30000 3.141076174537700e-02
1.31250 3.193524820424268e-02
1.32500 3.245207518921138e-02
1.33750 3.295554482436705e-02
1.35000 3.344678914570187e-02
1.36250 3.392801470328979e-02
1.37500 3.439689878324484e-02
1.38750 3.484824575028970e-02
1.40000 3.527750121993221e-02
1.41250 3.568084328682557e-02
1.42500 3.605789244930960e-02
1.43750 3.641911823228602e-02
1.45000 3.678729809901451e-02
1.46250 3.718646206712685e-02
1.47500 3.762810290546664e-02
1.48750 3.810617067966764e-02
1.50000 3.860023401454300e-02
1.51250 3.908123005918836e-02
1.52500 3.951792469318359e-02
1.53750 3.988562615114706e-02
1.55000 4.017710325864723e-02
1.56250 4.040821126864087e-02
1.57500 4.060777244580917e-02
1.58750 4.079823936052081e-02
1.60000 4.098907515021704e-02
1.61250 4.118568411451749e-02
1.62500 4.139684402175648e-02
1.63750 4.163284232372795e-02
1.65000 4.189897920550597e-02
1.66250 4.219233947768161e-02
1.67500 4.250580894197543e-02
1.68750 4.283617743666737e-02
1.70000 4.319199193473452e-02
1.71250 4.358556218424622e-02
1.72500 4.399908174036869e-02
1.73750 4.436745973629821e-02
1.75000 4.461421008574128e-02
1.76250 4.471664388422408e-02
1.77500 4.475352877878703e-02
1.78750 4.486625732584403e-02
1.80000 4.511112844955051e-02
1.81250 4.538402854052005e-02
1.82500 4.560122787736189e-02
1.83750 4.582394480279755e-02
1.85000 4.602060782822613e-02
1.86250 4.612690027904670e-02
1.87500 4.588440369330860e-02
1.88750 4.490173658224928e-02
1.90000 4.475417860830961e-02
1.91250 4.554519011986599e-02
1.92500 4.652111602830025e-02
1.93750 4.745829068769381e-02
1.95000 4.832293282281509e-02
1.96250 4.917569899665531e-02
1.97500 5.005768639461849e-02
1.98750 5.094697345535784e-02
2.00000 5.181035955635233e-02
2.01250 5.262773053191803e-02
2.02500 5.339156381396869e-02
2.03750 5.410630570398881e-02
2.05000 5.478870377646095e-02
2.06250 5.546419027962173e-02
2.07500 5.615793217070181e-02
2.08750 5.688507296525109e-02
2.10000 5.764712678127848e-02
2.11250 5.843577000014755e-02
2.12500 5.923910644762649e-02
2.13750 6.004638124145269e-02
2.15000 6.085026374012027e-02
2.16250 6.164717649303794e-02
2.17500 6.243673149753510e-02
2.18750 6.322104448363842e-02
2.20000 6.400313188399930e-02
2.21250 6.478419542567167e-02
2.22500 6.556272405121059e-02
2.23750 6.633723937042185e-02
2.25000 6.710930902660378e-02
2.26250 6.788196050455624e-02
2.27500 6.865461336234750e-02
2.28750 6.942102120598953e-02
2.30000 7.017175176470589e-02
2.31250 7.089792405858270e-02
2.32500 7.159531413902633e-02
2.33750 7.226812427258447e-02
2.35000 7.292892067348242e-02
2.36250 7.359240975201330e-02
2.37500 7.426762757871262e-02
2.38750 7.495981748031595e-02
2.40000 7.567700123734943e-02
2.41250 7.643109553964017e-02
2.42500 7.723453123442650e-02
2.43750 7.809618982620066e-02
2.45000 7.901890541354074e-02
2.46250 7.999914456830629e-02
2.47500 8.102823857483259e-02
2.48750 8.209422919948055e-02
2.50000 8.318378710677804e-02
2.51250 8.428400289923534e-02
2.52500 8.538383007315711e-02
2.53750 8.647485001638441e-02
2.55000 8.755109897654502e-02
2.56250 8.860796382508251e-02
2.57500 8.964054052690343e-02
2.58750 9.064218733159561e-02
2.60000 9.160400184152524e-02
2.61250 9.251549064513702e-02
2.62500 9.336611561460446e-02
2.63750 9.414721104702001e-02
2.65000 9.485408091838306e-02
2.66250 9.548843534359404e-02
2.67500 9.606115827638090e-02
2.68750 9.659454547787347e-02
2.70000 9.712197525924353e-02
2.71250 9.768278509762639e-02
2.72500 9.831256931158040e-02
2.73750 9.903310076023486e-02
2.75000 9.984722120542534e-02
2.76250 1.007404467463458e-01
2.77500 1.016866141781436e-01
2.78750 1.026537686763805e-01
2.80000 1.036081461435969e-01
2.81250 1.045160160087694e-01
2.82500 1.053445702991974e-01
2.83750 1.060648361771236e-01
2.85000 1.066612705731780e-01
2.86250 1.071487695512637e-01
2.87500 1.075819953573599e-01
2.88750 1.080334439856735e-01
2.90000 1.085521582240886e-01
2.91250 1.091484742087878e-01
2.92500 1.098129758852459e-01
2.93750 1.105392153292576e-01
2.95000 1.113327602484429e-01
2.96250 1.122086790734911e-01
2.97500 1.131834804500357e-01
2.98750 1.142663880736682e-01
3.00000 1.154535204096944e-01
3.01250 1.167264219552935e-01
3.02500 1.180549119633214e-01
3.03750 1.194037704323979e-01
3.05000 1.207412653171929e-01
3.06250 1.220445328711776e-01
3.07500 1.232964638237853e-01
3.08750 1.244759334309862e-01
3.10000 1.255521931784967e-01
3.11250 1.264917726601776e-01
3.12500 1.272750403607045e-01
3.13750 1.279133208302072e-01
3.15000 1.284569495345084e-01
3.16250 1.289865663053705e-01
3.17500 1.295891135879890e-01
3.18750 1.303328042897732e-01
3.20000 1.312556380348376e-01
3.21250 1.323688761135165e-01
3.22500 1.336671093329932e-01
3.23750 1.351356874204091e-01
3.25000 1.367487786497163e-01
3.26250 1.384597024446613e-01
3.27500 1.401960827798638e-01
3.28750 1.418722812461567e-01
3.30000 1.434205333300288e-01
3.31250 1.448182149738200e-01
3.32500 1.460638929607734e-01
3.33750 1.471089474328253e-01
3.35000 1.478392480072160e-01
3.36250 1.481411128690380e-01
3.37500 1.479880302796589e-01
3.38750 1.474878610424547e-01
3.40000 1.468615878420323e-01
3.41250 1.463603213719709e-01
3.42500 1.461656891506148e-01
3.43750 1.463306929484460e-01
3.45000 1.467990436591957e-01
3.46250 1.474809913077609e-01
3.47500 1.483195226158473e-01
3.48750 1.493040396115147e-01
3.50000 1.504339495510298e-01
3.51250 1.516694997722736e-01
3.52500 1.529037308766363e-01
3.53750 1.539812214515002e-01
3.55000 1.547853868223739e-01
3.56250 1.553239975522856e-01
3.57500 1.556817952347843e-01
3.58750 1.559336775633401e-01
3.60000 1.561367076735818e-01
3.61250 1.562817761247417e-01
3.62500 1.562973566946762e-01
3.63750 1.561808573652373e-01
3.65000 1.560870373200760e-01
3.66250 1.562669898520228e-01
3.67500 1.568778127081685e-01
3.68750 1.578897575656634e-01
3.70000 1.592520190219351e-01
3.71250 1.608522600979028e-01
3.72500 1.611973625509142e-01
3.73750 1.589405928923105e-01
3.75000 1.610570694266931e-01
3.76250 1.639152274324395e-01
3.77500 1.657992075816129e-01
3.78750 1.666098601147397e-01
3.80000 1.684129593050011e-01
3.81250 1.712847231087465e-01
3.82500 1.728883767723272e-01
3.83750 1.757463206759983e-01
3.85000 1.796005417570984e-01
3.86250 1.832980337585819e-01
3.87500 1.867759893659991e-01
3.88750 1.900872285084710e-01
3.90000 1.932782014190167e-01
3.91250 1.963955820536270e-01
3.92500 1.994971111924374e-01
3.93750 2.026253287316075e-01
3.95000 2.057819498960903e-01
3.96250 2.089387819037715e-01
3.97500 2.120516472767286e-01
3.98750 2.150754888005460e-01
4.00000 2.179752563483084e-01
4.01250 2.207129330221330e-01
4.02500 2.232504417195224e-01
4.03750 2.255754820324462e-01
4.05000 2.277111199087091e-01
4.06250 2.296997243577409e-01
4.07500 2.315790770695295e-01
4.08750 2.333798869784070e-01
4.10000 2.351423264743052e-01
4.11250 2.369303499155816e-01
4.12500 2.388211332420096e-01
4.13750 2.408726747532160e-01
4.15000 2.431175802482652e-01
4.16250 2.455810939005738e-01
4.17500 2.482851049606141e-01
4.18750 2.512372207944700e-01
4.20000 2.544275729704046e-01
4.21250 2.578425727256255e-01
4.22500 2.614694545399914e-01
4.23750 2.652734430127336e-01
4.25000 2.691949668058218e-01
4.26250 2.731862716685647e-01
4.27500 2.772334156473917e-01
4.28750 2.813309380538788e-01
4.30000 2.854460209144926e-01
4.31250 2.895163915600992e-01
4.32500 2.934694774768228e-01
4.33750 2.972476297421730e-01
4.35000 3.008373556130248e-01
4.36250 3.042700303598164e-01
4.37500 3.075679072949161e-01
4.38750 3.107071057322450e-01
4.40000 3.136486831322349e-01
4.41250 3.163786109760058e-01
4.42500 3.189297410691875e-01
4.43750 3.213939149775204e-01
4.45000 3.238984546215434e-01
4.46250 3.265487026691611e-01
4.47500 3.294011078957191e-01
4.48750 3.324798861823232e-01
4.50000 3.357882753703919e-01
4.51250 3.393006260929167e-01
4.52500 3.429580447503502e-01
4.53750 3.466802357610040e-01
4.55000 3.503837583657687e-01
4.56250 3.539954026221116e-01
4.57500 3.574601913847370e-01
4.58750 3.607455301636669e-01
4.60000 3.638395783736903e-01
4.61250 3.667421709791261e-01
4.62500 3.694478872194793e-01
4.63750 3.719378233323739e-01
4.65000 3.742255413530727e-01
4.66250 3.764413247583471e-01
4.67500 3.788017266379605e-01
4.68750 3.814178996019196e-01
4.70000 3.842097337670092e-01
4.71250 3.870231236047605e-01
4.72500 3.897484516285658e-01
4.73750 3.923487874078844e-01
4.75000 3.948210067501381e-01
4.76250 3.971365057367910e-01
4.77500 3.992125517025626e-01
4.78750 4.009208024556480e-01
4.80000 4.021055650120805e-01
4.81250 4.026129129207775e-01
4.82500 4.023958346797765e-01
4.83750 4.017748717736005e-01
4.85000 4.014565544544847e-01
4.86250 4.015565164969075e-01
4.87500 3.996284948848932e-01
4.88750 3.826771908038204e-01
4.90000 3.967871352388560e-01
4.91250 4.030170076206169e-01
4.92500 4.057616672606169e-01
4.93750 4.097353105388643e-01
4.95000 4.148586015313223e-01
4.96250 4.196283428356189e-01
4.97500 4.240347038817935e-01
4.98750 4.284938380783817e-01
5.00000 4.332194710452021e-01
5.01250 4.381367268651668e-01
5.02500 4.431065367244635e-01
5.03750 4.480585336460769e-01
5.05000 4.529687035524443e-01
5.06250 4.578130626614814e-01
5.07500 4.625505551405079e-01
5.08750 4.671285089136611e-01
5.10000 4.714963853555015e-01
5.11250 4.756184037244970e-01
5.12500 4.794806262193954e-01
5.13750 4.830915788720894e-01
5.15000 4.864766432245755e-01
5.16250 4.896666310373713e-01
5.17500 4.926833652991621e-01
5.18750 4.955296175717132e-01
5.20000 4.981903027833349e-01
5.21250 5.006431084450126e-01
5.22500 5.028697337533224e-01
5.23750 5.048619107562610e-01
5.25000 5.066235373584850e-01
5.26250 5.081727893663484e-01
5.27500 5.095449507318838e-01
5.28750 5.107926577737127e-01
5.30000 5.119798869212898e-01
5.31250 5.131699217755370e-01
5.32500 5.144121761647130e-01
5.33750 5.157334823687822e-01
5.35000 5.171354040652532e-01
5.36250 5.185950059638740e-01
5.37500 5.200666502456724e-01
5.38750 5.214850801748976e-01
5.40000 5.227711433242606e-01
5.41250 5.238401983972031e-01
5.42500 5.246114390756896e-01
5.43750 5.250150967944552e-01
5.45000 5.249928868156634e-01
5.46250 5.244825448920564e-01
5.47500 5.233610490828686e-01
5.48750 5.212534961778685e-01
5.50000 5.170659026251250e-01
5.51250 5.149161078133313e-01
5.52500 5.182120682357867e-01
5.53750 5.176187980832010e-01
5.55000 5.155011887126026e-01
5.56250 5.134745663347838e-01
5.57500 5.137540592302599e-01
5.58750 5.111274095798054e-01
5.60000 5.097215259009009e-01
5.61250 5.073258134366975e-01
5.62500 5.070134341594429e-01
5.63750 5.054458384344829e-01
5.65000 5.026938683539343e-01
5.66250 4.994511902204219e-01
5.67500 4.963655792119691e-01
5.68750 4.954261350515889e-01
5.70000 4.969972593044008e-01
5.71250 4.986699169010498e-01
5.72500 4.996513576724890e-01
5.73750 4.998951055331864e-01
5.75000 4.994378467422228e-01
5.76250 4.984217873681406e-01
5.77500 4.970305732481612e-01
5.78750 4.954443423248654e-01
5.80000 4.938012858128501e-01
5.81250 4.921303791623895e-01
5.82500 4.903275009156653e-01
5.83750 4.882463332642066e-01
5.85000 4.858093830088002e-01
5.86250 4.830290567063819e-01
5.87500 4.799654771045251e-01
5.88750 4.766861342430721e-01
5.90000 4.732500037209852e-01
5.91250 4.697073351986714e-01
5.92500 4.661014164058809e-01
5.93750 4.624628048285321e-01
5.95000 4.587973905904462e-01
5.96250 4.550856980188543e-01
5.97500 4.512926123473802e-01
5.98750 4.473667536842752e-01
6.00000 4.432337589877315e-01
6.01250 4.387872885486971e-01
6.02500 4.338738293226443e-01
6.03750 4.282486748064199e-01
6.05000 4.214419220635747e-01
6.06250 4.123157741527579e-01
6.07500 3.973034465266749e-01
6.08750 3.661909419156504e-01
6.10000 4.303417307278090e-01
6.11250 4.338761384599683e-01
6.12500 4.240929685510221e-01
6.13750 4.168799886345639e-01
6.15000 4.113284430488432e-01
6.16250 4.068451590773220e-01
6.17500 4.031162041692066e-01
6.18750 3.999283936462302e-01
6.20000 3.970924723002996e-01
6.21250 3.944312528457142e-01
6.22500 3.918051311054802e-01
6.23750 3.891163120900119e-01
6.25000 3.863124147177288e-01
6.26250 3.835491065815999e-01
6.27500 3.807665137969708e-01
6.28750 3.774284948712697e-01
6.30000 3.739890301597864e-01
6.31250 3.714605918283650e-01
6.32500 3.686646754185711e-01
6.33750 3.655427776997469e-01
6.35000 3.625724995848443e-01
6.36250 3.598470389236652e-01
6.37500 3.573894033776485e-01
6.38750 3.552151705612790e-01
6.40000 3.532928101437995e-01
6.41250 3.515543856449000e-01
6.42500 3.499368640756774e-01
6.43750 3.483761017696044e-01
6.45000 3.468091929740756e-01
6.46250 3.452074472046717e-01
6.47500 3.435926037766545e-01
6.48750 3.420062493177982e-01
6.50000 3.404656030272294e-01
6.51250 3.389440715008403e-01
6.52500 3.373755318022088e-01
6.53750 3.356848306329487e-01
6.55000 3.338458927063309e-01
6.56250 3.319216685899211e-01
6.57500 3.300433835798048e-01
6.58750 3.283581667082485e-01
6.60000 3.269918647695099e-01
6.61250 3.260243208486139e-01
6.62500 3.254369531833148e-01
6.63750 3.250779844884981e-01
6.65000 3.247602679822762e-01
6.66250 3.243948114171937e-01
6.67500 3.239899037844728e-01
6.68750 3.235799510314453e-01
6.70000 3.231985112306500e-01
6.71250 3.228967664856560e-01
6.72500 3.227446293287731e-01
6.73750 3.227519878588855e-01
6.75000 3.227432629716883e-01
6.76250 3.223695650079656e-01
6.77500 3.213438187801579e-01
6.78750 3.196573536781320e-01
6.80000 3.175550998951625e-01
6.81250 3.153680986215039e-01
6.82500 3.133729623546750e-01
6.83750 3.117447778212252e-01
6.85000 3.105596331423813e-01
6.86250 3.096476439471203e-01
6.87500 3.084527184002553e-01
6.88750 3.065507359116502e-01
6.90000 3.041453025385948e-01
6.91250 3.017624488916250e-01
6.92500 2.998389752573472e-01
6.93750 2.986824055052686e-01
6.95000 2.985011010524403e-01
6.96250 2.987659957429806e-01
6.97500 2.982454973227718e-01
6.98750 2.967117924229549e-01
7.00000 2.950996021858691e-01
7.01250 2.950450250906561e-01
7.02500 2.980343327936661e-01
7.03750 3.009187385391467e-01
7.05000 3.098328652193745e-01
7.06250 3.116270463432578e-01
7.07500 3.121720861768283e-01
7.08750 3.128292331533076e-01
7.10000 3.131044951432855e-01
7.11250 3.123085053209218e-01
7.12500 3.111105517764124e-01
7.13750 3.102213826577955e-01
7.15000 3.099256483264426e-01
7.16250 3.101846916750535e-01
7.17500 3.106859779483723e-01
7.18750 3.111117736277674e-01
7.20000 3.113394090182704e-01
7.21250 3.113494861831234e-01
7.22500 3.111963007841082e-01
7.23750 3.110269621031301e-01
7.25000 3.110095263196412e-01
7.26250 3.112139693061473e-01
7.27500 3.115556149363530e-01
7.28750 3.118619363380913e-01
7.30000 3.119984608314876e-01
7.31250 3.119336345622475e-01
7.32500 3.117109084295783e-01
7.33750 3.113900429812089e-01
7.35000 3.110148396938153e-01
7.36250 3.106096224392751e-01
7.37500 3.101829289099522e-01
7.38750 3.097303116174470e-01
7.40000 3.092389513757772e-01
7.41250 3.086942068001182e-01
7.42500 3.080861476034526e-01
7.43750 3.074154376564633e-01
7.45000 3.066957592318596e-01
7.46250 3.059462752761761e-01
7.47500 3.051733634255929e-01
7.48750 3.043562218702074e-01
7.50000 3.034548734743138e-01
7.51250 3.024375087463408e-01
7.52500 3.013040431516821e-01
7.53750 3.000938845815638e-01
7.55000 2.988889843890128e-01
7.56250 2.978248447549908e-01
7.57500 2.970818805410486e-01
7.58750 2.967569626686703e-01
7.60000 2.966620074793235e-01
7.61250 2.964704490296133e-01
7.62500 2.960573944248601e-01
7.63750 2.954611424455660e-01
7.65000 2.947179636312057e-01
7.66250 2.938389350806737e-01
7.67500 2.928448034766146e-01
7.68750 2.917747775043543e-01
7.70000 2.906735105457909e-01
7.71250 2.895793714625290e-01
7.72500 2.885202445996610e-01
7.73750 2.875133871439901e-01
7.75000 2.865659240373253e-01
7.76250 2.856752375799477e-01
7.77500 2.848304592055662e-01
7.78750 2.840161342938686e-01
7.80000 2.832170603522495e-01
7.81250 2.824217428124167e-01
7.82500 2.816231110560330e-01
7.83750 2.808177800542723e-01
7.85000 2.800060515294385e-01
7.86250 2.791932750549709e-01
7.87500 2.783913502354096e-01
7.88750 2.776190905886863e-01
7.90000 2.769014459400514e-01
7.91250 2.762682301437900e-01
7.92500 2.757521679858089e-01
7.93750 2.753849411140809e-01
7.95000 2.751900531476065e-01
7.96250 2.751730759542411e-01
7.97500 2.753124526185505e-01
7.98750 2.755562713109321e-01
8.00000 2.758301395843376e-01
8.01250 2.760561321883709e-01
8.02500 2.761745188936222e-01
8.03750 2.761565478303875e-01
8.05000 2.760027856066783e-01
8.06250 2.757310105098737e-01
8.07500 2.753619677199578e-01
8.08750 2.749097853509296e-01
8.10000 2.743800233573026e-01
8.11250 2.737743698332973e-01
8.12500 2.730981358497107e-01
8.13750 2.723661982930451e-01
8.15000 2.716048542096436e-01
8.16250 2.708494014926400e-01
8.17500 2.701388429066851e-01
8.18750 2.695100530744182e-01
8.20000 2.689936719378646e-01
8.21250 2.686119590135088e-01
8.22500 2.683763365263286e-01
8.23750 2.682804710829927e-01
8.25000 2.682991183676826e-01
8.26250 2.683916401647861e-01
8.27500 2.685160396299547e-01
8.28750 2.686392215562790e-01
8.30000 2.687352675613334e-01
8.31250 2.687766168128529e-01
8.32500 2.687282648674464e-01
8.33750 2.685481710012780e-01
8.35000 2.681861860597294e-01
8.36250 2.675660262723257e-01
8.37500 2.665413554020787e-01
8.38750 2.653530318568987e-01
8.40000 2.679917591732613e-01
8.41250 2.690418310982787e-01
8.42500 2.688677158124922e-01
8.43750 2.681591168361195e-01
8.45000 2.673470482062012e-01
8.46250 2.665546536666829e-01
8.47500 2.658274186798522e-01
8.48750 2.652973987293538e-01
8.50000 2.660939213452730e-01
8.51250 2.700261589890402e-01
8.52500 2.748265445050527e-01
8.53750 2.774189942424777e-01
8.55000 2.783899143307241e-01
8.56250 2.786140194990360e-01
8.57500 2.784425868868506e-01
8.58750 2.780179729076522e-01
8.60000 2.773344239020091e-01
8.61250 2.763535625063085e-01
8.62500 2.751851836466142e-01
8.63750 2.739841501354853e-01
8.65000 2.728117375001059e-01
8.66250 2.713637975419876e-01
8.67500 2.736308681033173e-01
8.68750 2.735458332322911e-01
8.70000 2.735164854440750e-01
8.71250 2.739312105493167e-01
8.72500 2.750352057722744e-01
8.73750 2.770212659368344e-01
8.75000 2.797127992764723e-01
8.76250 2.825433304231071e-01
8.77500 2.849301762201119e-01
8.78750 2.865486263807214e-01
8.80000 2.872700377821967e-01
8.81250 2.869582920030361e-01
8.82500 2.852809721112678e-01
8.83750 2.829921639559090e-01
8.85000 2.894175696528705e-01
8.86250 2.986619211148309e-01
8.87500 3.010908326899473e-01
8.88750 3.017473460445177e-01
8.90000 3.024023022988114e-01
8.91250 3.034008305423435e-01
8.92500 3.047805981016689e-01
8.93750 3.064065793334085e-01
8.95000 3.080583079762561e-01
8.96250 3.095552820751580e-01
8.97500 3.108252745319162e-01
8.98750 3.118906527087817e-01
9.00000 3.128228900872300e-01
9.01250 3.137051228138140e-01
9.02500 3.146113283398038e-01
9.03750 3.155973317481569e-01
9.05000 3.166982100764610e-01
9.06250 3.179290280173806e-01
9.07500 3.192875386086801e-01
9.08750 3.207583685225293e-01
9.10000 3.223183532779472e-01
9.11250 3.239417764185127e-01
9.12500 3.256029610580574e-01
9.13750 3.272746249161425e-01
9.15000 3.289250380641650e-01
9.16250 3.305200971432178e-01
9.17500 3.320322946061550e-01
9.18750 3.334513494141778e-01
9.20000 3.347892629034317e-01
9.21250 3.360764588909677e-01
9.22500 3.373500975300625e-01
9.23750 3.386384166974968e-01
9.25000 3.399472177858908e-01
9.26250 3.412552115663720e-01
9.27500 3.425213062407010e-01
9.28750 3.436999728613519e-01
9.30000 3.447544556963999e-01
9.31250 3.456590943346521e-01
9.32500 3.464002906178283e-01
9.33750 3.469844055649318e-01
9.35000 3.474375732243365e-01
9.36250 3.477984886814987e-01
9.37500 3.481130473213775e-01
9.38750 3.484307073024858e-01
9.40000 3.488003281668816e-01
9.41250 3.492650500426299e-01
9.42500 3.498576897172108e-01
9.43750 3.506017289044500e-01
9.45000 3.515557487747772e-01
9.46250 3.527691884701424e-01
9.47500 3.540829059223815e-01
9.48750 3.554792127434101e-01
9.50000 3.569493744371332e-01
9.51250 3.584689711749130e-01
9.52500 3.600545100648866e-01
9.53750 3.617505055269491e-01
9.55000 3.634350432465383e-01
9.56250 3.650058159329598e-01
9.57500 3.665201929729703e-01
9.58750 3.680010082201540e-01
9.60000 3.693811848508154e-01
9.61250 3.706367525594987e-01
9.62500 3.717826786110866e-01
9.63750 3.728221943217936e-01
9.65000 3.737482721835610e-01
9.66250 3.745723513142069e-01
9.67500 3.753439222283841e-01
9.68750 3.760925980211418e-01
9.70000 3.767346172917949e-01
9.71250 3.771482110137937e-01
9.72500 3.773049118355890e-01
9.73750 3.772578177573155e-01
9.75000 3.770925100208142e-01
9.76250 3.769091005700212e-01
9.77500 3.768005179426360e-01
9.78750 3.768150374791516e-01
9.80000 3.769561725325785e-01
9.81250 3.772053837635983e-01
9.82500 3.775237042903259e-01
9.83750 3.778686917081724e-01
9.85000 3.782180183249136e-01
9.86250 3.785689223369498e-01
9.87500 3.789244056639606e-01
9.88750 3.792838084058233e-01
9.90000 3.796405648117065e-01
9.91250 3.799863339206827e-01
9.92500 3.803256983910231e-01
9.93750 3.807025653970531e-01
9.95000 3.812110090332831e-01
9.96250 3.819237632535910e-01
9.97500 3.827648550795361e-01
9.98750 3.835673381141577e-01
10.00000 3.842983481664458e-01
