0.00001 5.558598949468561e+07
0.01250 4.187723773161618e+04
0.02500 1.781268041649821e+04
0.03750 9.512978549203010e+03
0.05000 5.585998902138934e+03
0.06250 3.499397288962503e+03
0.07500 2.310526348026452e+03
0.08750 1.595361202639921e+03
0.10000 1.145121116878667e+03
0.11250 8.506696112272011e+02
0.12500 6.520781649917212e+02
0.13750 5.142724552910925e+02
0.15000 4.142201376085534e+02
0.16250 3.384572211146776e+02
0.17500 2.812142931482875e+02
0.18750 2.380400985710064e+02
0.20000 2.051215401441909e+02
0.21250 1.797113467153126e+02
0.22500 1.598934396709681e+02
0.23750 1.442636828696105e+02
0.25000 1.316733657005876e+02
0.26250 1.210986039396556e+02
0.27500 1.117392667331158e+02
0.28750 1.032295839833205e+02
0.30000 9.558794417491477e+01
0.31250 8.891708106413414e+01
0.32500 8.322076724911818e+01
0.33750 7.841150363287322e+01
0.35000 7.436878540493569e+01
0.36250 7.097425149445041e+01
0.37500 6.812077328972038e+01
0.38750 6.570578270581609e+01
0.40000 6.362045821639465e+01
0.41250 6.176450482205579e+01
0.42500 6.015830064790345e+01
0.43750 5.966170149899040e+01
0.45000 6.606258231755351e+01
0.46250 5.637946765293557e+01
0.47500 5.346468155480022e+01
0.48750 5.170442068183733e+01
0.50000 5.016722251517734e+01
0.51250 4.886709993263696e+01
0.52500 4.776932089842930e+01
0.53750 4.679337768710298e+01
0.55000 4.583412222471032e+01
0.56250 4.490775985590502e+01
0.57500 4.405030477809180e+01
0.58750 4.324145199704259e+01
0.60000 4.248092717982640e+01
0.61250 4.178096583936154e+01
0.62500 4.111954765385930e+01
0.63750 4.045067876299601e+01
0.65000 3.975855343051401e+01
0.66250 3.903546665684912e+01
0.67500 3.826231106750353e+01
0.68750 3.745062548635840e+01
0.70000 3.664485576934612e+01
0.71250 3.587821031817477e+01
0.72500 3.515972616095729e+01
0.73750 3.451000188668156e+01
0.75000 3.395486776018119e+01
0.76250 3.348902735726404e+01
0.77500 3.307730232689148e+01
0.78750 3.268105287960274e+01
0.80000 3.228468769573230e+01
0.81250 3.189593879150734e+01
0.82500 3.152213600735691e+01
0.83750 3.115441293140129e+01
0.85000 3.077712429701857e+01
0.86250 3.039144772754186e+01
0.87500 3.001938808635793e+01
0.88750 2.968427561481052e+01
0.90000 2.939981240238780e+01
0.91250 2.916577894391863e+01
0.92500 2.895678199141247e+01
0.93750 2.873394894553309e+01
0.95000 2.849435734302382e+01
0.96250 2.827273616120339e+01
0.97500 2.809652041528727e+01
0.98750 2.796716252617339e+01
1.00000 2.786213047826626e+01
1.01250 2.774573444675857e+01
1.02500 2.758702839078560e+01
1.03750 2.737150053824758e+01
1.05000 2.709592889483773e+01
1.06250 2.675976825312702e+01
1.07500 2.637096900793583e+01
1.08750 2.595349987155354e+01
1.10000 2.554046857625483e+01
1.11250 2.516404559014277e+01
1.12500 2.484631721350479e+01
1.13750 2.459281954162775e+01
1.15000 2.439268437841197e+01
1.16250 2.422257307836211e+01
1.17500 2.405129998048797e+01
1.18750 2.384631113599971e+01
1.20000 2.358617151250747e+01
1.21250 2.327377901245271e+01
1.22500 2.293160427727777e+01
1.23750 2.258147621947554e+01
1.25000 2.223439797200138e+01
1.26250 2.189542639854536e+01
1.27500 2.157003943338010e+01
1.28750 2.126486526995539e+01
1.30000 2.098512373750343e+01
1.31250 2.073234644927983e+01
1.32500 2.050361186927055e+01
1.33750 2.029302416409524e+01
1.35000 2.009556598731601e+01
1.36250 1.990991964220417e+01
1.37500 1.973670073963989e+01
1.38750 1.957531386167694e+01
1.40000 1.942367763054962e+01
1.41250 1.927826303836332e+01
1.42500 1.913232045315583e+01
1.43750 1.897659047163947e+01
1.45000 1.880519633471885e+01
1.46250 1.862126452781447e+01
1.47500 1.843605715947878e+01
1.48750 1.826340035831852e+01
1.50000 1.811461430633513e+01
1.51250 1.799566529638142e+01
1.52500 1.790554322066914e+01
1.53750 1.783536735321625e+01
1.55000 1.776984008303185e+01
1.56250 1.769324862168876e+01
1.57500 1.759731250885671e+01
1.58750 1.748267994349732e+01
1.60000 1.735278635281497e+01
1.61250 1.720903107422869e+01
1.62500 1.705165677175408e+01
1.63750 1.688264044222579e+01
1.65000 1.670662828161561e+01
1.66250 1.652885745889242e+01
1.67500 1.635238031721159e+01
1.68750 1.617707601698621e+01
1.70000 1.600244682381030e+01
1.71250 1.583568745835321e+01
1.72500 1.569394115749560e+01
1.73750 1.559018827900837e+01
1.75000 1.551615110250872e+01
1.76250 1.543826243830635e+01
1.77500 1.531558022834112e+01
1.78750 1.514031988323252e+01
1.80000 1.495511240146083e+01
1.81250 1.479793621814747e+01
1.82500 1.465039325734247e+01
1.83750 1.450246524109851e+01
1.85000 1.437821780557496e+01
1.86250 1.428635002446534e+01
1.87500 1.427272086672831e+01
1.88750 1.405415137513270e+01
1.90000 1.345761191967665e+01
1.91250 1.296055323125671e+01
1.92500 1.260795162984160e+01
1.93750 1.233865546539156e+01
1.95000 1.210661320043529e+01
1.96250 1.189101067292806e+01
1.97500 1.169586698763873e+01
1.98750 1.152548472205717e+01
2.00000 1.137677724655152e+01
2.01250 1.124377583731845e+01
2.02500 1.112006299826948e+01
2.03750 1.099949753374015e+01
2.05000 1.087720555421269e+01
2.06250 1.075088925300813e+01
2.07500 1.062144008652585e+01
2.08750 1.049201487851036e+01
2.10000 1.036611351589237e+01
2.11250 1.024611669404216e+01
2.12500 1.013290989914389e+01
2.13750 1.002620740550334e+01
2.15000 9.925083598108264e+00
2.16250 9.828426443201456e+00
2.17500 9.735208768011148e+00
2.18750 9.644687894833829e+00
2.20000 9.556595473577987e+00
2.21250 9.471041368764183e+00
2.22500 9.388048595152449e+00
2.23750 9.307257974034252e+00
2.25000 9.228260279564955e+00
2.26250 9.151179031971491e+00
2.27500 9.076655991750384e+00
2.28750 9.005226669770705e+00
2.30000 8.936813783278012e+00
2.31250 8.870551214146854e+00
2.32500 8.804827877739321e+00
2.33750 8.737724364370919e+00
2.35000 8.667815227090584e+00
2.36250 8.594793831114869e+00
2.37500 8.519021546541094e+00
2.38750 8.440592087551678e+00
2.40000 8.359345263121257e+00
2.41250 8.275426934037053e+00
2.42500 8.189632401835748e+00
2.43750 8.103366465423871e+00
2.45000 8.018343800966392e+00
2.46250 7.936233759953224e+00
2.47500 7.858400177819253e+00
2.48750 7.785773295951575e+00
2.50000 7.718824238480626e+00
2.51250 7.657612423726879e+00
2.52500 7.601891140046591e+00
2.53750 7.551252736646162e+00
2.55000 7.505280033199671e+00
2.56250 7.463659725806280e+00
2.57500 7.426215657031682e+00
2.58750 7.392843860352907e+00
2.60000 7.363373926043005e+00
2.61250 7.337414953536569e+00
2.62500 7.314241384925237e+00
2.63750 7.292740571423938e+00
2.65000 7.271416067399570e+00
2.66250 7.248443928930702e+00
2.67500 7.221808277363919e+00
2.68750 7.189575108246505e+00
2.70000 7.150348574190242e+00
2.71250 7.103815035167571e+00
2.72500 7.051075022485227e+00
2.73750 6.994467483534625e+00
2.75000 6.936927352819588e+00
2.76250 6.881249604622559e+00
2.77500 6.829607376354511e+00
2.78750 6.783403119897867e+00
2.80000 6.743330108276021e+00
2.81250 6.709474624543379e+00
2.82500 6.681302926187399e+00
2.83750 6.657411630452957e+00
2.85000 6.635109652219110e+00
2.86250 6.610421072198033e+00
2.87500 6.579430830427093e+00
2.88750 6.540504122837293e+00
2.90000 6.494875146111128e+00
2.91250 6.444843646352369e+00
2.92500 6.391958194811600e+00
2.93750 6.336688463597663e+00
2.95000 6.279017733969799e+00
2.96250 6.219129016034843e+00
2.97500 6.157813789774947e+00
2.98750 6.096506445361224e+00
3.00000 6.037018015677740e+00
3.01250 5.981136691318535e+00
3.02500 5.930239480234217e+00
3.03750 5.885027048197050e+00
3.05000 5.845508498443683e+00
3.06250 5.811310410843378e+00
3.07500 5.782138577925250e+00
3.08750 5.757957542233558e+00
3.10000 5.738628035836089e+00
3.11250 5.723273058734796e+00
3.12500 5.709855341637629e+00
3.13750 5.695259611998223e+00
3.15000 5.675976997927769e+00
3.16250 5.649219982059703e+00
3.17500 5.613871779298234e+00
3.18750 5.570651474989415e+00
3.20000 5.521522690000915e+00
3.21250 5.468917971927038e+00
3.22500 5.415250017539726e+00
3.23750 5.362837445357320e+00
3.25000 5.314069355985594e+00
3.26250 5.271384610466249e+00
3.27500 5.236794498289442e+00
3.28750 5.211154300971789e+00
3.30000 5.193768559736929e+00
3.31250 5.183191563809426e+00
3.32500 5.179168526912597e+00
3.33750 5.183279197936753e+00
3.35000 5.196812529007188e+00
3.36250 5.218151106673017e+00
3.37500 5.241833368171865e+00
3.38750 5.259684918292018e+00
3.40000 5.263766924752978e+00
3.41250 5.249884597021558e+00
3.42500 5.219443460521488e+00
3.43750 5.178050967034791e+00
3.45000 5.131797792147498e+00
3.46250 5.084417602868046e+00
3.47500 5.037153405828793e+00
3.48750 4.990497236352829e+00
3.50000 4.945917671961293e+00
3.51250 4.906232920052274e+00
3.52500 4.874581043551029e+00
3.53750 4.852311013048975e+00
3.55000 4.837117823794261e+00
3.56250 4.824324935072143e+00
3.57500 4.810482776330514e+00
3.58750 4.793952703717673e+00
3.60000 4.774461879182241e+00
3.61250 4.753370916967173e+00
3.62500 4.730536044590001e+00
3.63750 4.701771643120231e+00
3.65000 4.661270361028850e+00
3.66250 4.607039795382195e+00
3.67500 4.543987834420419e+00
3.68750 4.479219130245116e+00
3.70000 4.418130353406710e+00
3.71250 4.373896008952988e+00
3.72500 4.377407840202921e+00
3.73750 4.314958101281761e+00
3.75000 4.182559629000242e+00
3.76250 4.107620970742645e+00
3.77500 4.062434623552670e+00
3.78750 4.007647110285301e+00
3.80000 3.919909124763325e+00
3.81250 3.853554269808264e+00
3.82500 3.797237313382906e+00
3.83750 3.708918309348340e+00
3.85000 3.642299919424234e+00
3.86250 3.592363658026247e+00
3.87500 3.550817176009678e+00
3.88750 3.514112591564067e+00
3.90000 3.480432278479940e+00
3.91250 3.448592309446311e+00
3.92500 3.417979262726814e+00
3.93750 3.388794692553172e+00
3.95000 3.361631915759019e+00
3.96250 3.337005552923884e+00
3.97500 3.315192025545462e+00
3.98750 3.296149566672374e+00
4.00000 3.279690715816032e+00
4.01250 3.265631622424072e+00
4.02500 3.253508015156654e+00
4.03750 3.242479602416728e+00
4.05000 3.231603840566969e+00
4.06250 3.220168025747586e+00
4.07500 3.207729589448852e+00
4.08750 3.193864838381614e+00
4.10000 3.177998844418040e+00
4.11250 3.159522762819741e+00
4.12500 3.138175284596408e+00
4.13750 3.114176853387264e+00
4.15000 3.087902893710952e+00
4.16250 3.059705047862642e+00
4.17500 3.030032242901613e+00
4.18750 2.999500158480874e+00
4.20000 2.968737861593091e+00
4.21250 2.938239124276874e+00
4.22500 2.908503353405867e+00
4.23750 2.880141540893308e+00
4.25000 2.853565358113114e+00
4.26250 2.828761574608222e+00
4.27500 2.805553696759712e+00
4.28750 2.784000427237439e+00
4.30000 2.764411713941319e+00
4.31250 2.747082261581584e+00
4.32500 2.732088398466198e+00
4.33750 2.719169830595147e+00
4.35000 2.707757357964437e+00
4.36250 2.697338567244751e+00
4.37500 2.687840572909363e+00
4.38750 2.679418376407805e+00
4.40000 2.672014879412148e+00
4.41250 2.665224514366126e+00
4.42500 2.658316565888813e+00
4.43750 2.650387862671959e+00
4.45000 2.640760588546737e+00
4.46250 2.629274915371473e+00
4.47500 2.616140758485055e+00
4.48750 2.601698158601854e+00
4.50000 2.586390569985970e+00
4.51250 2.570796203178359e+00
4.52500 2.555547340657024e+00
4.53750 2.541186749655301e+00
4.55000 2.528080299737713e+00
4.56250 2.516404410076158e+00
4.57500 2.506166054006777e+00
4.58750 2.497242031332390e+00
4.60000 2.489442552606207e+00
4.61250 2.482593248742315e+00
4.62500 2.476604501335524e+00
4.63750 2.471371812134303e+00
4.65000 2.466385101747467e+00
4.66250 2.460544580100775e+00
4.67500 2.452953402365230e+00
4.68750 2.443916376216114e+00
4.70000 2.434565509052972e+00
4.71250 2.425839766235069e+00
4.72500 2.418099920690670e+00
4.73750 2.411318078864848e+00
4.75000 2.405460542196421e+00
4.76250 2.400754722363355e+00
4.77500 2.397684748597816e+00
4.78750 2.396853204918841e+00
4.80000 2.398861081342363e+00
4.81250 2.404094859218201e+00
4.82500 2.412011825832712e+00
4.83750 2.419916275884655e+00
4.85000 2.424486476202238e+00
4.86250 2.428448689124255e+00
4.87500 2.454654657308915e+00
4.88750 2.525643878544248e+00
4.90000 2.417856331470237e+00
4.91250 2.391780792494390e+00
4.92500 2.376509604730324e+00
4.93750 2.350944729783683e+00
4.95000 2.323786212000965e+00
4.96250 2.301051044901173e+00
4.97500 2.280518492087665e+00
4.98750 2.259797101060355e+00
5.00000 2.238447817098681e+00
5.01250 2.217233663317890e+00
5.02500 2.196746831890448e+00
5.03750 2.177117576614251e+00
5.05000 2.158320097315786e+00
5.06250 2.140377587353842e+00
5.07500 2.123385436183935e+00
5.08750 2.107457637893313e+00
5.10000 2.092668135730350e+00
5.11250 2.079016118815488e+00
5.12500 2.066419403439845e+00
5.13750 2.054729953054923e+00
5.15000 2.043766695429147e+00
5.16250 2.033362334855762e+00
5.17500 2.023411093347413e+00
5.18750 2.013890689834391e+00
5.20000 2.004842144746632e+00
5.21250 1.996324941775608e+00
5.22500 1.988380593835900e+00
5.23750 1.981018036679514e+00
5.25000 1.974209897487417e+00
5.26250 1.967885351152531e+00
5.27500 1.961919153334296e+00
5.28750 1.956129672692499e+00
5.30000 1.950298245322126e+00
5.31250 1.944208216245701e+00
5.32500 1.937686855970234e+00
5.33750 1.930631890819696e+00
5.35000 1.923018593054014e+00
5.36250 1.914896753995470e+00
5.37500 1.906385576880420e+00
5.38750 1.897665432702431e+00
5.40000 1.888962151891787e+00
5.41250 1.880523760544752e+00
5.42500 1.872594611976963e+00
5.43750 1.865394595122337e+00
5.45000 1.859114920753635e+00
5.46250 1.853956139109163e+00
5.47500 1.850291231803205e+00
5.48750 1.849317644599232e+00
5.50000 1.855793225820989e+00
5.51250 1.866000727902671e+00
5.52500 1.848949372132345e+00
5.53750 1.841376135893861e+00
5.55000 1.839945220908237e+00
5.56250 1.843341328165709e+00
5.57500 1.833752553905319e+00
5.58750 1.833826406253616e+00
5.60000 1.831077378988751e+00
5.61250 1.834393931172226e+00
5.62500 1.828922251660604e+00
5.63750 1.824253293088290e+00
5.65000 1.824367750934787e+00
5.66250 1.827808268155139e+00
5.67500 1.834413092301667e+00
5.68750 1.838672588367140e+00
5.70000 1.832532164609481e+00
5.71250 1.820954356833260e+00
5.72500 1.808963206387774e+00
5.73750 1.797780027940307e+00
5.75000 1.787993301909652e+00
5.76250 1.779723226319233e+00
5.77500 1.772736490120596e+00
5.78750 1.766605658242857e+00
5.80000 1.760783478405389e+00
5.81250 1.754796714261990e+00
5.82500 1.748554645671669e+00
5.83750 1.742391131123539e+00
5.85000 1.736745909497849e+00
5.86250 1.731884342085920e+00
5.87500 1.727864533831733e+00
5.88750 1.724627559506315e+00
5.90000 1.722072319336001e+00
5.91250 1.720081015566053e+00
5.92500 1.718515366951620e+00
5.93750 1.717221531152609e+00
5.95000 1.716073610405190e+00
5.96250 1.715008459458594e+00
5.97500 1.714008702964110e+00
5.98750 1.713097050040737e+00
6.00000 1.712355965470497e+00
6.01250 1.711963278612808e+00
6.02500 1.712237626051896e+00
6.03750 1.713748458023296e+00
6.05000 1.717714592115546e+00
6.06250 1.727843070931459e+00
6.07500 1.763073915696749e+00
6.08750 2.006474290647709e+00
6.10000 1.847434061667247e+00
6.11250 1.755319442238127e+00
6.12500 1.743565676135135e+00
6.13750 1.744178810429078e+00
6.15000 1.748204157686625e+00
6.16250 1.753235402247337e+00
6.17500 1.758209277819144e+00
6.18750 1.762517439737800e+00
6.20000 1.765870401470971e+00
6.21250 1.768303010289352e+00
6.22500 1.770079553560621e+00
6.23750 1.771572343171336e+00
6.25000 1.773356881998765e+00
6.26250 1.775332223155563e+00
6.27500 1.776253859768088e+00
6.28750 1.778964799733579e+00
6.30000 1.785322550549588e+00
6.31250 1.790217849642310e+00
6.32500 1.793486593681113e+00
6.33750 1.799271471168327e+00
6.35000 1.806552281220632e+00
6.36250 1.814540975252247e+00
6.37500 1.822819688136135e+00
6.38750 1.830928494727179e+00
6.40000 1.838460464289358e+00
6.41250 1.845258532367025e+00
6.42500 1.851306727990143e+00
6.43750 1.856686138376671e+00
6.45000 1.861651752471749e+00
6.46250 1.866543558907602e+00
6.47500 1.871549769024042e+00
6.48750 1.876593694693987e+00
6.50000 1.881461749018259e+00
6.51250 1.886006696098491e+00
6.52500 1.890327896383300e+00
6.53750 1.894882059201264e+00
6.55000 1.900357986490833e+00
6.56250 1.907310547291199e+00
6.57500 1.915873198602748e+00
6.58750 1.925726685760618e+00
6.60000 1.936183119282723e+00
6.61250 1.946231064674743e+00
6.62500 1.954781510498603e+00
6.63750 1.961361683827321e+00
6.65000 1.966433722536967e+00
6.66250 1.970742125314033e+00
6.67500 1.974689717256003e+00
6.68750 1.978357651422616e+00
6.70000 1.981717457541231e+00
6.71250 1.984592668036475e+00
6.72500 1.986381621289834e+00
6.73750 1.986027644470443e+00
6.75000 1.982838972780710e+00
6.76250 1.977644937910294e+00
6.77500 1.972713097164624e+00
6.78750 1.970320915234547e+00
6.80000 1.971599795686008e+00
6.81250 1.976385103732495e+00
6.82500 1.983643705044321e+00
6.83750 1.991915107191937e+00
6.85000 1.999240804205203e+00
6.86250 2.003610381734651e+00
6.87500 2.005753578420960e+00
6.88750 2.009769021544836e+00
6.90000 2.018908911516383e+00
6.91250 2.033456548129459e+00
6.92500 2.051846600703235e+00
6.93750 2.071649435603047e+00
6.95000 2.088207717523406e+00
6.96250 2.097498074814371e+00
6.97500 2.104992041991286e+00
6.98750 2.120015212855387e+00
7.00000 2.146735566258058e+00
7.01250 2.181520530811460e+00
7.02500 2.201666299126369e+00
7.03750 2.221625528708171e+00
7.05000 2.189736115875101e+00
7.06250 2.163066162393151e+00
7.07500 2.150609126020066e+00
7.08750 2.139278011237414e+00
7.10000 2.126469272426877e+00
7.11250 2.118869181103728e+00
7.12500 2.118273407807520e+00
7.13750 2.121636392445356e+00
7.15000 2.125490138847105e+00
7.16250 2.127175986065167e+00
7.17500 2.126033901148482e+00
7.18750 2.123294832958199e+00
7.20000 2.120119716116217e+00
7.21250 2.117234015387452e+00
7.22500 2.115298360485810e+00
7.23750 2.114496891280658e+00
7.25000 2.114138018901173e+00
7.26250 2.112995508250755e+00
7.27500 2.110190739244032e+00
7.28750 2.105812819284419e+00
7.30000 2.100689129527366e+00
7.31250 2.095672083926500e+00
7.32500 2.091195081552566e+00
7.33750 2.087305465035247e+00
7.35000 2.083876704234953e+00
7.36250 2.080745444414525e+00
7.37500 2.077765545793476e+00
7.38750 2.074842716801222e+00
7.40000 2.071957147848022e+00
7.41250 2.069162530007838e+00
7.42500 2.066565566291241e+00
7.43750 2.064284522554711e+00
7.45000 2.062380528548696e+00
7.46250 2.060795131999735e+00
7.47500 2.059374100878939e+00
7.48750 2.058011467231486e+00
7.50000 2.056808765031824e+00
7.51250 2.056096661866168e+00
7.52500 2.056313436654352e+00
7.53750 2.057866346096299e+00
7.55000 2.061033294076757e+00
7.56250 2.065785101761177e+00
7.57500 2.071326489637848e+00
7.58750 2.075736058119086e+00
7.60000 2.077286553144441e+00
7.61250 2.076478508267386e+00
7.62500 2.074915831818403e+00
7.63750 2.073437535712744e+00
7.65000 2.072275034257138e+00
7.66250 2.071637939982099e+00
7.67500 2.071777247280315e+00
7.68750 2.072844190665017e+00
7.70000 2.074843279143638e+00
7.71250 2.077673716305127e+00
7.72500 2.081181500513535e+00
7.73750 2.085192447245465e+00
7.75000 2.089532428606300e+00
7.76250 2.094048243862955e+00
7.77500 2.098632693152648e+00
7.78750 2.103243038063744e+00
7.80000 2.107899153620324e+00
7.81250 2.112662713751052e+00
7.82500 2.117614806378943e+00
7.83750 2.122846210517668e+00
7.85000 2.128457018296868e+00
7.86250 2.134552035128822e+00
7.87500 2.141225004470061e+00
7.88750 2.148536789805876e+00
7.90000 2.156494999214337e+00
7.91250 2.165034937564124e+00
7.92500 2.173997407867867e+00
7.93750 2.183106534350673e+00
7.95000 2.191964592704155e+00
7.96250 2.200088080272555e+00
7.97500 2.207000494946864e+00
7.98750 2.212368760939583e+00
8.00000 2.216129395252682e+00
8.01250 2.218528185215004e+00
8.02500 2.220034013036336e+00
8.03750 2.221171571157210e+00
8.05000 2.222368699107559e+00
8.06250 2.223886385200008e+00
8.07500 2.225837824220733e+00
8.08750 2.228261754287739e+00
8.10000 2.231203278092342e+00
8.11250 2.234762885174135e+00
8.12500 2.239096325756216e+00
8.13750 2.244374679755714e+00
8.15000 2.250729477824228e+00
8.16250 2.258206695312314e+00
8.17500 2.266744552126023e+00
8.18750 2.276178310164830e+00
8.20000 2.286259814216453e+00
8.21250 2.296672983391957e+00
8.22500 2.307037767536092e+00
8.23750 2.316956606621158e+00
8.25000 2.326101170315830e+00
8.26250 2.334311195946796e+00
8.27500 2.341612177407076e+00
8.28750 2.348127563995582e+00
8.30000 2.353991209580581e+00
8.31250 2.359346839504140e+00
8.32500 2.364416402739985e+00
8.33750 2.369567182474217e+00
8.35000 2.375366125503314e+00
8.36250 2.382804704656003e+00
8.37500 2.394547178051040e+00
8.38750 2.420727045608202e+00
8.40000 2.436342227509103e+00
8.41250 2.429873767598867e+00
8.42500 2.429212571239308e+00
8.43750 2.435482951486400e+00
8.45000 2.446771347415776e+00
8.46250 2.462206907572372e+00
8.47500 2.482046472019041e+00
8.48750 2.509199762990175e+00
8.50000 2.544452008229830e+00
8.51250 2.564873336558975e+00
8.52500 2.548399648596659e+00
8.53750 2.523206038863754e+00
8.55000 2.505852019162582e+00
8.56250 2.495453435154267e+00
8.57500 2.489782341116020e+00
8.58750 2.487485847490400e+00
8.60000 2.487985172676322e+00
8.61250 2.492264607737726e+00
8.62500 2.501140843984369e+00
8.63750 2.514509742007288e+00
8.65000 2.531974061253901e+00
8.66250 2.558062172156624e+00
8.67500 2.580664828113232e+00
8.68750 2.586445078094646e+00
8.70000 2.603983180712436e+00
8.71250 2.623977059741711e+00
8.72500 2.643325484897136e+00
8.73750 2.657202222490271e+00
8.75000 2.661242985671356e+00
8.76250 2.655545801240756e+00
8.77500 2.644519999206287e+00
8.78750 2.633252829344946e+00
8.80000 2.625624595463863e+00
8.81250 2.625351193586385e+00
8.82500 2.640384829962250e+00
8.83750 2.692395749208406e+00
8.85000 2.731335513367461e+00
8.86250 2.666268974149453e+00
8.87500 2.624529591101687e+00
8.88750 2.609213034825602e+00
8.90000 2.602862809835541e+00
8.91250 2.598772932898486e+00
8.92500 2.593681788433241e+00
8.93750 2.586257848865849e+00
8.95000 2.576903401734222e+00
8.96250 2.566972127579581e+00
8.97500 2.557757650990087e+00
8.98750 2.549980386811240e+00
9.00000 2.543785687271613e+00
9.01250 2.538935242273395e+00
9.02500 2.534993472626481e+00
9.03750 2.531459982980562e+00
9.05000 2.527856789603261e+00
9.06250 2.523784560516622e+00
9.07500 2.518955717073687e+00
9.08750 2.513206535790944e+00
9.10000 2.506486554166517e+00
9.11250 2.498826624181865e+00
9.12500 2.490302103759690e+00
9.13750 2.481021519130833e+00
9.15000 2.471151039240726e+00
9.16250 2.460938164079357e+00
9.17500 2.450685739832546e+00
9.18750 2.440671990939058e+00
9.20000 2.431059570625068e+00
9.21250 2.421840902481988e+00
9.22500 2.412844684626729e+00
9.23750 2.403807073200388e+00
9.25000 2.394487457901305e+00
9.26250 2.384780563798587e+00
9.27500 2.374767640962385e+00
9.28750 2.364679613516608e+00
9.30000 2.354806362565703e+00
9.31250 2.345442622746540e+00
9.32500 2.336882058446673e+00
9.33750 2.329359110328532e+00
9.35000 2.322992694681981e+00
9.36250 2.317790366030881e+00
9.37500 2.313666350121943e+00
9.38750 2.310451889520430e+00
9.40000 2.307907114649312e+00
9.41250 2.305746472300373e+00
9.42500 2.303681747065423e+00
9.43750 2.301482994953257e+00
9.45000 2.298794890801840e+00
9.46250 2.294595796359530e+00
9.47500 2.289293442029190e+00
9.48750 2.283201760745776e+00
9.50000 2.276303571843028e+00
9.51250 2.268737868555859e+00
9.52500 2.260537207842409e+00
9.53750 2.251179862149612e+00
9.55000 2.240780568913606e+00
9.56250 2.230258010837332e+00
9.57500 2.219683206325892e+00
9.58750 2.208750253648643e+00
9.60000 2.197698103589738e+00
9.61250 2.186857296727815e+00
9.62500 2.176281645646287e+00
9.63750 2.165980938850509e+00
9.65000 2.156047200780731e+00
9.66250 2.146567231274983e+00
9.67500 2.137374886179306e+00
9.68750 2.128054248960764e+00
9.70000 2.118604291604675e+00
9.71250 2.109691318909213e+00
9.72500 2.101954695746627e+00
9.73750 2.095647272438406e+00
9.75000 2.090732572566468e+00
9.76250 2.086944905826367e+00
9.77500 2.083814310241493e+00
9.78750 2.080862368741711e+00
9.80000 2.077780885521879e+00
9.81250 2.074393252123016e+00
9.82500 2.070673678834252e+00
9.83750 2.066750134234661e+00
9.85000 2.062772040792380e+00
9.86250 2.058815979196227e+00
9.87500 2.054898441800145e+00
9.88750 2.051025393494237e+00
9.90000 2.047232056402963e+00
9.91250 2.043607832356298e+00
9.92500 2.040280423600558e+00
9.93750 2.037284911433796e+00
9.95000 2.034304150494096e+00
9.96250 2.030632249534966e+00
9.97500 2.025892585145239e+00
9.98750 2.020664558431008e+00
10.00000 2.015699647012318e+00
