0.00001 5.558598382015055e+07
0.01250 4.187723345482025e+04
0.02500 1.781267860442594e+04
0.03750 9.512977589025257e+03
0.05000 5.585998344672004e+03
0.06250 3.499396945301595e+03
0.07500 2.310526126130741e+03
0.08750 1.595361053863878e+03
0.10000 1.145121013646104e+03
0.11250 8.506695359170205e+02
0.12500 6.520781033839859e+02
0.13750 5.142723991273967e+02
0.15000 4.142201014536628e+02
0.16250 3.384572106774346e+02
0.17500 2.812142931222222e+02
0.18750 2.380401019188092e+02
0.20000 2.051215459484642e+02
0.21250 1.797113551818957e+02
0.22500 1.598934504466057e+02
0.23750 1.442636942152870e+02
0.25000 1.316733741851401e+02
0.26250 1.210986059025147e+02
0.27500 1.117392615391837e+02
0.28750 1.032295750042644e+02
0.30000 9.558793566094326e+01
0.31250 8.891707543705111e+01
0.32500 8.322076507982442e+01
0.33750 7.841150458577033e+01
0.35000 7.436878887854476e+01
0.36250 7.097425687647805e+01
0.37500 6.812078004826724e+01
0.38750 6.570579047156147e+01
0.40000 6.362046690718739e+01
0.41250 6.176451460028363e+01
0.42500 6.015831139217672e+01
0.43750 5.966171528484946e+01
0.45000 6.606261764526469e+01
0.46250 5.637948036688674e+01
0.47500 5.346468964733693e+01
0.48750 5.170442717546987e+01
0.50000 5.016722775365550e+01
0.51250 4.886710399924360e+01
0.52500 4.776932382573638e+01
0.53750 4.679337950590175e+01
0.55000 4.583412287443284e+01
0.56250 4.490775934615263e+01
0.57500 4.405030339050705e+01
0.58750 4.324145011954056e+01
0.60000 4.248092517194886e+01
0.61250 4.178096396865668e+01
0.62500 4.111954606554881e+01
0.63750 4.045067754907863e+01
0.65000 3.975855270634204e+01
0.66250 3.903546652343204e+01
0.67500 3.826231160347726e+01
0.68750 3.745062672542566e+01
0.70000 3.664485756951359e+01
0.71250 3.587821218971744e+01
0.72500 3.515972760868250e+01
0.73750 3.451000301073869e+01
0.75000 3.395486889994953e+01
0.76250 3.348902871056141e+01
0.77500 3.307730401162431e+01
0.78750 3.268105498532831e+01
0.80000 3.228469023215902e+01
0.81250 3.189594165050111e+01
0.82500 3.152213895094499e+01
0.83750 3.115441559631972e+01
0.85000 3.077712637092567e+01
0.86250 3.039144922722350e+01
0.87500 3.001938932088489e+01
0.88750 2.968427690473510e+01
0.90000 2.939981390067223e+01
0.91250 2.916578061939220e+01
0.92500 2.895678371786356e+01
0.93750 2.873395060425164e+01
0.95000 2.849435885199640e+01
0.96250 2.827273746598557e+01
0.97500 2.809652148443483e+01
0.98750 2.796716334301528e+01
1.00000 2.786213104427765e+01
1.01250 2.774573479742885e+01
1.02500 2.758702861159957e+01
1.03750 2.737150077964305e+01
1.05000 2.709592935531455e+01
1.06250 2.675976906285961e+01
1.07500 2.637097010681097e+01
1.08750 2.595350107359507e+01
1.10000 2.554046970487770e+01
1.11250 2.516404653354622e+01
1.12500 2.484631792576628e+01
1.13750 2.459282001820461e+01
1.15000 2.439268462351170e+01
1.16250 2.422257307002320e+01
1.17500 2.405129963637950e+01
1.18750 2.384631031556633e+01
1.20000 2.358617010238769e+01
1.21250 2.327377702746366e+01
1.22500 2.293160184013544e+01
1.23750 2.258147346450655e+01
1.25000 2.223439499727810e+01
1.26250 2.189542327207928e+01
1.27500 2.157003621173392e+01
1.28750 2.126486201140998e+01
1.30000 2.098512050695804e+01
1.31250 2.073234331522576e+01
1.32500 2.050360889364894e+01
1.33750 2.029302138694656e+01
1.35000 2.009556341407204e+01
1.36250 1.990991724689404e+01
1.37500 1.973669848670829e+01
1.38750 1.957531172860065e+01
1.40000 1.942367561048984e+01
1.41250 1.927826112520052e+01
1.42500 1.913231863306256e+01
1.43750 1.897658873262249e+01
1.45000 1.880519467664950e+01
1.46250 1.862126295682223e+01
1.47500 1.843605567697992e+01
1.48750 1.826339895834754e+01
1.50000 1.811461297808088e+01
1.51250 1.799566402528649e+01
1.52500 1.790554198835955e+01
1.53750 1.783536613877256e+01
1.55000 1.776983886406343e+01
1.56250 1.769324737042517e+01
1.57500 1.759731118548688e+01
1.58750 1.748267850015614e+01
1.60000 1.735278475548174e+01
1.61250 1.720902932649028e+01
1.62500 1.705165491429426e+01
1.63750 1.688263852999535e+01
1.65000 1.670662636679996e+01
1.66250 1.652885559067047e+01
1.67500 1.635237854423767e+01
1.68750 1.617707438012510e+01
1.70000 1.600244533663882e+01
1.71250 1.583568609304814e+01
1.72500 1.569393987345442e+01
1.73750 1.559018708059280e+01
1.75000 1.551615006562652e+01
1.76250 1.543826166323623e+01
1.77500 1.531557974544161e+01
1.78750 1.514031964121495e+01
1.80000 1.495511235272886e+01
1.81250 1.479793639206970e+01
1.82500 1.465039376390792e+01
1.83750 1.450246613722645e+01
1.85000 1.437821899467336e+01
1.86250 1.428635134450430e+01
1.87500 1.427272237008960e+01
1.88750 1.405415270036468e+01
1.90000 1.345761268494838e+01
1.91250 1.296055392865868e+01
1.92500 1.260795233241108e+01
1.93750 1.233865611059323e+01
1.95000 1.210661358160742e+01
1.96250 1.189101073440564e+01
1.97500 1.169586690675321e+01
1.98750 1.152548465387347e+01
2.00000 1.137677725025464e+01
2.01250 1.124377591393509e+01
2.02500 1.112006311911441e+01
2.03750 1.099949765927285e+01
2.05000 1.087720565402530e+01
2.06250 1.075088932087270e+01
2.07500 1.062144014059106e+01
2.08750 1.049201494749184e+01
2.10000 1.036611362350409e+01
2.11250 1.024611685166522e+01
2.12500 1.013291010654706e+01
2.13750 1.002620765524465e+01
2.15000 9.925083880941967e+00
2.16250 9.828426753091133e+00
2.17500 9.735209104259782e+00
2.18750 9.644688258743448e+00
2.20000 9.556595861445413e+00
2.21250 9.471041768118399e+00
2.22500 9.388048988406103e+00
2.23750 9.307258347168892e+00
2.25000 9.228260630939284e+00
2.26250 9.151179374942100e+00
2.27500 9.076656349864285e+00
2.28750 9.005227071910344e+00
2.30000 8.936814262468969e+00
2.31250 8.870551803704565e+00
2.32500 8.804828595686967e+00
2.33750 8.737725200479684e+00
2.35000 8.667816159612752e+00
2.36250 8.594794844919942e+00
2.37500 8.519022628210397e+00
2.38750 8.440593218082091e+00
2.40000 8.359346416809169e+00
2.41250 8.275428080699726e+00
2.42500 8.189633510938661e+00
2.43750 8.103367510836566e+00
2.45000 8.018344764605866e+00
2.46250 7.936234633277515e+00
2.47500 7.858400961364083e+00
2.48750 7.785773997707809e+00
2.50000 7.718824871751469e+00
2.51250 7.657613004790295e+00
2.52500 7.601891685881741e+00
2.53750 7.551253263057154e+00
2.55000 7.505280553618291e+00
2.56250 7.463660250818639e+00
2.57500 7.426216194438247e+00
2.58750 7.392844415484828e+00
2.60000 7.363374502060473e+00
2.61250 7.337415551388388e+00
2.62500 7.314242002605880e+00
2.63750 7.292741202383341e+00
2.65000 7.271416698605096e+00
2.66250 7.248444539813430e+00
2.67500 7.221808840923072e+00
2.68750 7.189575594549679e+00
2.70000 7.150348955098560e+00
2.71250 7.103815288405214e+00
2.72500 7.051075133502580e+00
2.73750 6.994467444722532e+00
2.75000 6.936927160931627e+00
2.76250 6.881249257886949e+00
2.77500 6.829606872477417e+00
2.78750 6.783402455621242e+00
2.80000 6.743329280860143e+00
2.81250 6.709473635617092e+00
2.82500 6.681301789001860e+00
2.83750 6.657410381647122e+00
2.85000 6.635108363784097e+00
2.86250 6.610419844798352e+00
2.87500 6.579429749195467e+00
2.88750 6.540503206953775e+00
2.90000 6.494874352515066e+00
2.91250 6.444842914868227e+00
2.92500 6.391957477701102e+00
2.93750 6.336687727231335e+00
2.95000 6.279016951563247e+00
2.96250 6.219128164503945e+00
2.97500 6.157812852331662e+00
2.98750 6.096505416010221e+00
3.00000 6.037016901794543e+00
3.01250 5.981135513793957e+00
3.02500 5.930238273370655e+00
3.03750 5.885025860504444e+00
3.05000 5.845507391550524e+00
3.06250 5.811309452356414e+00
3.07500 5.782137831001592e+00
3.08750 5.757957063225934e+00
3.10000 5.738627885692635e+00
3.11250 5.723273319038662e+00
3.12500 5.709856122271955e+00
3.13750 5.695261044010275e+00
3.15000 5.675979209888687e+00
3.16250 5.649223057461271e+00
3.17500 5.613875693558901e+00
3.18750 5.570656030864130e+00
3.20000 5.521527508073431e+00
3.21250 5.468922585883631e+00
3.22500 5.415254030407340e+00
3.23750 5.362840635348596e+00
3.25000 5.314071681318723e+00
3.26250 5.271386150654673e+00
3.27500 5.236795385671033e+00
3.28750 5.211154672330303e+00
3.30000 5.193768537310142e+00
3.31250 5.183191258798137e+00
3.32500 5.179168041332996e+00
3.33750 5.183278611791442e+00
3.35000 5.196811890527795e+00
3.36250 5.218150434630142e+00
3.37500 5.241832656322007e+00
3.38750 5.259684139012513e+00
3.40000 5.263766038191065e+00
3.41250 5.249883572039956e+00
3.42500 5.219442303629131e+00
3.43750 5.178049732218031e+00
3.45000 5.131796564366338e+00
3.46250 5.084416488271954e+00
3.47500 5.037152527024496e+00
3.48750 4.990496695392545e+00
3.50000 4.945917499486084e+00
3.51250 4.906233069651726e+00
3.52500 4.874581407661446e+00
3.53750 4.852311408339267e+00
3.55000 4.837118036262288e+00
3.56250 4.824324950873339e+00
3.57500 4.810482894800034e+00
3.58750 4.793953228309404e+00
3.60000 4.774462848394808e+00
3.61250 4.753372172298342e+00
3.62500 4.730537340614849e+00
3.63750 4.701772674572032e+00
3.65000 4.661270873083318e+00
3.66250 4.607039746122787e+00
3.67500 4.543987330601134e+00
3.68750 4.479218234435859e+00
3.70000 4.418129078812154e+00
3.71250 4.373894388031480e+00
3.72500 4.377406373047649e+00
3.73750 4.314958130474617e+00
3.75000 4.182559181013155e+00
3.76250 4.107620231672031e+00
3.77500 4.062433388852571e+00
3.78750 4.007646206197592e+00
3.80000 3.919909127909292e+00
3.81250 3.853553807730438e+00
3.82500 3.797238003246223e+00
3.83750 3.708919514119782e+00
3.85000 3.642300778375222e+00
3.86250 3.592364334285436e+00
3.87500 3.550817760421087e+00
3.88750 3.514113123650707e+00
3.90000 3.480432777617703e+00
3.91250 3.448592785374748e+00
3.92500 3.417979722280693e+00
3.93750 3.388795143867279e+00
3.95000 3.361632366671434e+00
3.96250 3.337006009566280e+00
3.97500 3.315192491602188e+00
3.98750 3.296150043910579e+00
4.00000 3.279691205596184e+00
4.01250 3.265632123930567e+00
4.02500 3.253508523764657e+00
4.03750 3.242480111759111e+00
4.05000 3.231604344602202e+00
4.06250 3.220168517886690e+00
4.07500 3.207730061683811e+00
4.08750 3.193865284073409e+00
4.10000 3.177999262085335e+00
4.11250 3.159523156493798e+00
4.12500 3.138175660100189e+00
4.13750 3.114177215933432e+00
4.15000 3.087903248234016e+00
4.16250 3.059705398565700e+00
4.17500 3.030032591629107e+00
4.18750 2.999500503593446e+00
4.20000 2.968738198078307e+00
4.21250 2.938239444221472e+00
4.22500 2.908503647403927e+00
4.23750 2.880141800884519e+00
4.25000 2.853565578433128e+00
4.26250 2.828761751299276e+00
4.27500 2.805553828929356e+00
4.28750 2.784000518924664e+00
4.30000 2.764411771602843e+00
4.31250 2.747082290251881e+00
4.32500 2.732088401319915e+00
4.33750 2.719169811628226e+00
4.35000 2.707757325768639e+00
4.36250 2.697338535379739e+00
4.37500 2.687840554182902e+00
4.38750 2.679418378203841e+00
4.40000 2.672014903868921e+00
4.41250 2.665224559099142e+00
4.42500 2.658316624445906e+00
4.43750 2.650387927657904e+00
4.45000 2.640760656495528e+00
4.46250 2.629274986764049e+00
4.47500 2.616140833724263e+00
4.48750 2.601698237233252e+00
4.50000 2.586390653391690e+00
4.51250 2.570796296232153e+00
4.52500 2.555547450447736e+00
4.53750 2.541186883001098e+00
4.55000 2.528080461314805e+00
4.56250 2.516404601474108e+00
4.57500 2.506166273769264e+00
4.58750 2.497242276543922e+00
4.60000 2.489442821954135e+00
4.61250 2.482593544498158e+00
4.62500 2.476604827074018e+00
4.63750 2.471372168704288e+00
4.65000 2.466385487787696e+00
4.66250 2.460544995990370e+00
4.67500 2.452953849334055e+00
4.68750 2.443916850321587e+00
4.70000 2.434565998976531e+00
4.71250 2.425840254780832e+00
4.72500 2.418100386492808e+00
4.73750 2.411318500264102e+00
4.75000 2.405460903579239e+00
4.76250 2.400755017323317e+00
4.77500 2.397684976461647e+00
4.78750 2.396853365542241e+00
4.80000 2.398861173707559e+00
4.81250 2.404094884199695e+00
4.82500 2.412011794288113e+00
4.83750 2.419916220967840e+00
4.85000 2.424486432784505e+00
4.86250 2.428448674173173e+00
4.87500 2.454655054914726e+00
4.88750 2.525642524111419e+00
4.90000 2.417856220013273e+00
4.91250 2.391780831160070e+00
4.92500 2.376510108196996e+00
4.93750 2.350945260306531e+00
4.95000 2.323786540128177e+00
4.96250 2.301051271331860e+00
4.97500 2.280518676645562e+00
4.98750 2.259797265647288e+00
5.00000 2.238447969506294e+00
5.01250 2.217233806709472e+00
5.02500 2.196746968843434e+00
5.03750 2.177117710097487e+00
5.05000 2.158320230128833e+00
5.06250 2.140377721459751e+00
5.07500 2.123385572438141e+00
5.08750 2.107457776030687e+00
5.10000 2.092668274403196e+00
5.11250 2.079016255615389e+00
5.12500 2.066419534918554e+00
5.13750 2.054730074710710e+00
5.15000 2.043766801532282e+00
5.16250 2.033362418129198e+00
5.17500 2.023411144982406e+00
5.18750 2.013890700449941e+00
5.20000 2.004842106104967e+00
5.21250 1.996324848224115e+00
5.22500 1.988380442709337e+00
5.23750 1.981017827831209e+00
5.25000 1.974209632654945e+00
5.26250 1.967885033705073e+00
5.27500 1.961918788440807e+00
5.28750 1.956129267527487e+00
5.30000 1.950297808852277e+00
5.31250 1.944207758439446e+00
5.32500 1.937686386686834e+00
5.33750 1.930631418766925e+00
5.35000 1.923018124985751e+00
5.36250 1.914896294129510e+00
5.37500 1.906385126587260e+00
5.38750 1.897664990638809e+00
5.40000 1.888961714694626e+00
5.41250 1.880523324006440e+00
5.42500 1.872594172474733e+00
5.43750 1.865394151064296e+00
5.45000 1.859114473843500e+00
5.46250 1.853955694955970e+00
5.47500 1.850290796549668e+00
5.48750 1.849317186701340e+00
5.50000 1.855792333968719e+00
5.51250 1.865999251634669e+00
5.52500 1.848949133580088e+00
5.53750 1.841375860711673e+00
5.55000 1.839944836404085e+00
5.56250 1.843340574330506e+00
5.57500 1.833752032128080e+00
5.58750 1.833826099678515e+00
5.60000 1.831077479846729e+00
5.61250 1.834394360561962e+00
5.62500 1.828922331688470e+00
5.63750 1.824253332192686e+00
5.65000 1.824367711607183e+00
5.66250 1.827808209220781e+00
5.67500 1.834413131126914e+00
5.68750 1.838672985619005e+00
5.70000 1.832533010848388e+00
5.71250 1.820955430174168e+00
5.72500 1.808964203673618e+00
5.73750 1.797780775762178e+00
5.75000 1.787993798475120e+00
5.76250 1.779723535443059e+00
5.77500 1.772736666033391e+00
5.78750 1.766605724744472e+00
5.80000 1.760783435500343e+00
5.81250 1.754796560902401e+00
5.82500 1.748554400610021e+00
5.83750 1.742390828988836e+00
5.85000 1.736745581699554e+00
5.86250 1.731884006789466e+00
5.87500 1.727864197889478e+00
5.88750 1.724627224090382e+00
5.90000 1.722071984587851e+00
5.91250 1.720080682964687e+00
5.92500 1.718515039571533e+00
5.93750 1.717221212907419e+00
5.95000 1.716073305378295e+00
5.96250 1.715008171942094e+00
5.97500 1.714008437935404e+00
5.98750 1.713096814177465e+00
6.00000 1.712355767151679e+00
6.01250 1.711963127287914e+00
6.02500 1.712237531234086e+00
6.03750 1.713748429196393e+00
6.05000 1.717714641839724e+00
6.06250 1.727843229416980e+00
6.07500 1.763074315859296e+00
6.08750 2.006476060647815e+00
6.10000 1.847435014541445e+00
6.11250 1.755319934534672e+00
6.12500 1.743566132910998e+00
6.13750 1.744179287620028e+00
6.15000 1.748204665597992e+00
6.16250 1.753235940639231e+00
6.17500 1.758209841280440e+00
6.18750 1.762518019188156e+00
6.20000 1.765870988761848e+00
6.21250 1.768303604587796e+00
6.22500 1.770080163858196e+00
6.23750 1.771572983235549e+00
6.25000 1.773357558645134e+00
6.26250 1.775332947323881e+00
6.27500 1.776254591993128e+00
6.28750 1.778965511036955e+00
6.30000 1.785323242421323e+00
6.31250 1.790218647923401e+00
6.32500 1.793487303341604e+00
6.33750 1.799272099482345e+00
6.35000 1.806552838476064e+00
6.36250 1.814541465413462e+00
6.37500 1.822820119269642e+00
6.38750 1.830928880013112e+00
6.40000 1.838460812025049e+00
6.41250 1.845258841952549e+00
6.42500 1.851306998281630e+00
6.43750 1.856686368887601e+00
6.45000 1.861651942932341e+00
6.46250 1.866543712224147e+00
6.47500 1.871549894682737e+00
6.48750 1.876593808098424e+00
6.50000 1.881461861964950e+00
6.51250 1.886006802304375e+00
6.52500 1.890327971647161e+00
6.53750 1.894882082636448e+00
6.55000 1.900357954691523e+00
6.56250 1.907310467321556e+00
6.57500 1.915873077593240e+00
6.58750 1.925726529815905e+00
6.60000 1.936182937675906e+00
6.61250 1.946230870217341e+00
6.62500 1.954781311926290e+00
6.63750 1.961361478427536e+00
6.65000 1.966433502705169e+00
6.66250 1.970741892587959e+00
6.67500 1.974689489304821e+00
6.68750 1.978357461063495e+00
6.70000 1.981717345378503e+00
6.71250 1.984592668433586e+00
6.72500 1.986381742520555e+00
6.73750 1.986027847653001e+00
6.75000 1.982839178178432e+00
6.76250 1.977645086924627e+00
6.77500 1.972713192024635e+00
6.78750 1.970320978816048e+00
6.80000 1.971599828931949e+00
6.81250 1.976385082109468e+00
6.82500 1.983643610292170e+00
6.83750 1.991914970748643e+00
6.85000 1.999240690972687e+00
6.86250 2.003610330530953e+00
6.87500 2.005753592826786e+00
6.88750 2.009769058068782e+00
6.90000 2.018908898063263e+00
6.91250 2.033456471179251e+00
6.92500 2.051846570512452e+00
6.93750 2.071649614323292e+00
6.95000 2.088208092676628e+00
6.96250 2.097498414841896e+00
6.97500 2.104992332042398e+00
6.98750 2.120015575316877e+00
7.00000 2.146735734491326e+00
7.01250 2.181519581200787e+00
7.02500 2.201663940769324e+00
7.03750 2.221625826586563e+00
7.05000 2.189737677995626e+00
7.06250 2.163066940571345e+00
7.07500 2.150609962200478e+00
7.08750 2.139279014266917e+00
7.10000 2.126470285672505e+00
7.11250 2.118870229393921e+00
7.12500 2.118274493786226e+00
7.13750 2.121637483222728e+00
7.15000 2.125491179956041e+00
7.16250 2.127176928939816e+00
7.17500 2.126034752660638e+00
7.18750 2.123295599897799e+00
7.20000 2.120120356569895e+00
7.21250 2.117234479432356e+00
7.22500 2.115298630511480e+00
7.23750 2.114496970653271e+00
7.25000 2.114137897835541e+00
7.26250 2.112995160997953e+00
7.27500 2.110190159169234e+00
7.28750 2.105812042489498e+00
7.30000 2.100688218695530e+00
7.31250 2.095671101818423e+00
7.32500 2.091194078871529e+00
7.33750 2.087304477910497e+00
7.35000 2.083875754271329e+00
7.36250 2.080744540624564e+00
7.37500 2.077764687772794e+00
7.38750 2.074841898070952e+00
7.40000 2.071956359664686e+00
7.41250 2.069161766253320e+00
7.42500 2.066564829330552e+00
7.43750 2.064283829374639e+00
7.45000 2.062379915073287e+00
7.46250 2.060794650568156e+00
7.47500 2.059373805591113e+00
7.48750 2.058011390806073e+00
7.50000 2.056808903527025e+00
7.51250 2.056096980078709e+00
7.52500 2.056313887326026e+00
7.53750 2.057866887373791e+00
7.55000 2.061033898794988e+00
7.56250 2.065785759293412e+00
7.57500 2.071327191787748e+00
7.58750 2.075736758329660e+00
7.60000 2.077287172915941e+00
7.61250 2.076479030929193e+00
7.62500 2.074916300802132e+00
7.63750 2.073437990062662e+00
7.65000 2.072275493353771e+00
7.66250 2.071638412288434e+00
7.67500 2.071777736687263e+00
7.68750 2.072844698223268e+00
7.70000 2.074843802605555e+00
7.71250 2.077674248835412e+00
7.72500 2.081182029420622e+00
7.73750 2.085192953749131e+00
7.75000 2.089532889641313e+00
7.76250 2.094048636122149e+00
7.77500 2.098632997979839e+00
7.78750 2.103243244656679e+00
7.80000 2.107899258934092e+00
7.81250 2.112662719990717e+00
7.82500 2.117614718394861e+00
7.83750 2.122846034544458e+00
7.85000 2.128456761815186e+00
7.86250 2.134551706902990e+00
7.87500 2.141224614160160e+00
7.88750 2.148536347171073e+00
7.90000 2.156494513258461e+00
7.91250 2.165034415999386e+00
7.92500 2.173996857182763e+00
7.93750 2.183105960661494e+00
7.95000 2.191964003375393e+00
7.96250 2.200087485830849e+00
7.97500 2.206999910070524e+00
7.98750 2.212368202934905e+00
8.00000 2.216128879750669e+00
8.01250 2.218527721683341e+00
8.02500 2.220033603678632e+00
8.03750 2.221171213751422e+00
8.05000 2.222368390948372e+00
8.06250 2.223886125257099e+00
8.07500 2.225837612690088e+00
8.08750 2.228261590455895e+00
8.10000 2.231203158190095e+00
8.11250 2.234762801734280e+00
8.12500 2.239096268953090e+00
8.13750 2.244374639829262e+00
8.15000 2.250729446997672e+00
8.16250 2.258206668209620e+00
8.17500 2.266744525098715e+00
8.18750 2.276178280962821e+00
8.20000 2.286259783213370e+00
8.21250 2.296672955929571e+00
8.22500 2.307037754942895e+00
8.23750 2.316956622225403e+00
8.25000 2.326101220655871e+00
8.26250 2.334311271532282e+00
8.27500 2.341612249576177e+00
8.28750 2.348127592010625e+00
8.30000 2.353991155142930e+00
8.31250 2.359346680587869e+00
8.32500 2.364416140164546e+00
8.33750 2.369566838767925e+00
8.35000 2.375365739824799e+00
8.36250 2.382804326292633e+00
8.37500 2.394546855961051e+00
8.38750 2.420726920938632e+00
8.40000 2.436342221379343e+00
8.41250 2.429872989039710e+00
8.42500 2.429212133277707e+00
8.43750 2.435482767026624e+00
8.45000 2.446771207063252e+00
8.46250 2.462206675238388e+00
8.47500 2.482046093006810e+00
8.48750 2.509199298511996e+00
8.50000 2.544451933399730e+00
8.51250 2.564874444004242e+00
8.52500 2.548401124551965e+00
8.53750 2.523207088579725e+00
8.55000 2.505852763731659e+00
8.56250 2.495454117566808e+00
8.57500 2.489783115530445e+00
8.58750 2.487486734620174e+00
8.60000 2.487986152363766e+00
8.61250 2.492265698166670e+00
8.62500 2.501141998431184e+00
8.63750 2.514510864215287e+00
8.65000 2.531975034076291e+00
8.66250 2.558062877170199e+00
8.67500 2.580665167171663e+00
8.68750 2.586444995068610e+00
8.70000 2.603982688637879e+00
8.71250 2.623976261674858e+00
8.72500 2.643324594177233e+00
8.73750 2.657201581508486e+00
8.75000 2.661242933643178e+00
8.76250 2.655546386421598e+00
8.77500 2.644520944337880e+00
8.78750 2.633253764593931e+00
8.80000 2.625625147815689e+00
8.81250 2.625350727420733e+00
8.82500 2.640381365145560e+00
8.83750 2.692386333863166e+00
8.85000 2.731342420306063e+00
8.86250 2.666275998226205e+00
8.87500 2.624532694899887e+00
8.88750 2.609214572947908e+00
8.90000 2.602863630386134e+00
8.91250 2.598773280226076e+00
8.92500 2.593681747538023e+00
8.93750 2.586257500201942e+00
8.95000 2.576902854543445e+00
8.96250 2.566971498053078e+00
8.97500 2.557757040297294e+00
8.98750 2.549979875561438e+00
9.00000 2.543785337292812e+00
9.01250 2.538935097987036e+00
9.02500 2.534993560626737e+00
9.03750 2.531460310921384e+00
9.05000 2.527857345891827e+00
9.06250 2.523785316106690e+00
9.07500 2.518956629988467e+00
9.08750 2.513207557827272e+00
9.10000 2.506487637994870e+00
9.11250 2.498827728755304e+00
9.12500 2.490303196784792e+00
9.13750 2.481022576331614e+00
9.15000 2.471152041129346e+00
9.16250 2.460939092202990e+00
9.17500 2.450686574824412e+00
9.18750 2.440672713471308e+00
9.20000 2.431060164785584e+00
9.21250 2.421841360292684e+00
9.22500 2.412845010050198e+00
9.23750 2.403807283544587e+00
9.25000 2.394487580667894e+00
9.26250 2.384780629022332e+00
9.27500 2.374767672506211e+00
9.28750 2.364679624327890e+00
9.30000 2.354806355472984e+00
9.31250 2.345442592779732e+00
9.32500 2.336881996252287e+00
9.33750 2.329359008735443e+00
9.35000 2.322992553409293e+00
9.36250 2.317790193528377e+00
9.37500 2.313666164635592e+00
9.38750 2.310451719957190e+00
9.40000 2.307907000613504e+00
9.41250 2.305746462066588e+00
9.42500 2.303681892559278e+00
9.43750 2.301483341929939e+00
9.45000 2.298795451491076e+00
9.46250 2.294596596424820e+00
9.47500 2.289294497796118e+00
9.48750 2.283203028545638e+00
9.50000 2.276304997441562e+00
9.51250 2.268739390551248e+00
9.52500 2.260538762851922e+00
9.53750 2.251181435980607e+00
9.55000 2.240782179062740e+00
9.56250 2.230259633440010e+00
9.57500 2.219684818364172e+00
9.58750 2.208751846357055e+00
9.60000 2.197699685798289e+00
9.61250 2.186858878443760e+00
9.62500 2.176283230159921e+00
9.63750 2.165982525645950e+00
9.65000 2.156048787718831e+00
9.66250 2.146568812297995e+00
9.67500 2.137376442712954e+00
9.68750 2.128055750585402e+00
9.70000 2.118605721461134e+00
9.71250 2.109692684324635e+00
9.72500 2.101956010298884e+00
9.73750 2.095648543436131e+00
9.75000 2.090733798443826e+00
9.76250 2.086946074616976e+00
9.77500 2.083815398712249e+00
9.78750 2.080863350693336e+00
9.80000 2.077781746378418e+00
9.81250 2.074393994367214e+00
9.82500 2.070674317232479e+00
9.83750 2.066750687655688e+00
9.85000 2.062772526216548e+00
9.86250 2.058816409117325e+00
9.87500 2.054898823012697e+00
9.88750 2.051025726412626e+00
9.90000 2.047232335849674e+00
9.91250 2.043608050420139e+00
9.92500 2.040280573493976e+00
9.93750 2.037284992154258e+00
9.95000 2.034304173960863e+00
9.96250 2.030632241414106e+00
9.97500 2.025892561509582e+00
9.98750 2.020664506547955e+00
10.00000 2.015699539184895e+00
