0.00001 5.549041105270554e+07
0.01250 4.180499144941754e+04
0.02500 1.778175942545425e+04
0.03750 9.496311697506126e+03
0.05000 5.576098141700475e+03
0.06250 3.493108495401905e+03
0.07500 2.306309520164094e+03
0.08750 1.592402851910215e+03
0.10000 1.142959324905842e+03
0.11250 8.490129626863682e+02
0.12500 6.507099417494621e+02
0.13750 5.130441788344957e+02
0.15000 4.131956980711811e+02
0.16250 3.377390934879271e+02
0.17500 2.807186259049227e+02
0.18750 2.376798963086390e+02
0.20000 2.048511352836360e+02
0.21250 1.795061287304938e+02
0.22500 1.597397214199827e+02
0.23750 1.441573285345611e+02
0.25000 1.316210542654079e+02
0.26250 1.211132206455447e+02
0.27500 1.118243249244726e+02
0.28750 1.033684997513223e+02
0.30000 9.575503991986118e+01
0.31250 8.909331301648012e+01
0.32500 8.339674912659906e+01
0.33750 7.858339642217751e+01
0.35000 7.453478553499758e+01
0.36250 7.113317648968204e+01
0.37500 6.827198419128605e+01
0.38750 6.584956491054129e+01
0.40000 6.375709010655167e+01
0.41250 6.188728795251888e+01
0.42500 6.021488385493475e+01
0.43750 5.922090697334600e+01
0.45000 6.391699185937697e+01
0.46250 5.757566639147823e+01
0.47500 5.377777464600887e+01
0.48750 5.191917373698730e+01
0.50000 5.033936064473971e+01
0.51250 4.900578735046489e+01
0.52500 4.788307261003968e+01
0.53750 4.689399086771127e+01
0.55000 4.593020609085743e+01
0.56250 4.499644271146606e+01
0.57500 4.413514959771054e+01
0.58750 4.332687089255102e+01
0.60000 4.256648281031105e+01
0.61250 4.186649465106324e+01
0.62500 4.120933298812111e+01
0.63750 4.054795423597493e+01
0.65000 3.986143999881020e+01
0.66250 3.914346427267616e+01
0.67500 3.837513432704684e+01
0.68750 3.756415375061773e+01
0.70000 3.675413870454443e+01
0.71250 3.598169572832277e+01
0.72500 3.525680889129874e+01
0.73750 3.459761012500136e+01
0.75000 3.403160134666315e+01
0.76250 3.355752277804279e+01
0.77500 3.314219967878528e+01
0.78750 3.274557560567314e+01
0.80000 3.234865702013621e+01
0.81250 3.195751552497814e+01
0.82500 3.158078365129671e+01
0.83750 3.121161377984177e+01
0.85000 3.083428824112751e+01
0.86250 3.044760799242233e+01
0.87500 3.007216368787899e+01
0.88750 2.973185888966702e+01
0.90000 2.944139481849076e+01
0.91250 2.920254939272994e+01
0.92500 2.899323325924036e+01
0.93750 2.877385355030280e+01
0.95000 2.853525092746005e+01
0.96250 2.830998986222241e+01
0.97500 2.812820090229731e+01
0.98750 2.799459870473312e+01
1.00000 2.788901074771429e+01
1.01250 2.777627100527068e+01
1.02500 2.762390350433694e+01
1.03750 2.741548803066317e+01
1.05000 2.714712646912878e+01
1.06250 2.681782939839707e+01
1.07500 2.643373333790126e+01
1.08750 2.601709325785260e+01
1.10000 2.560076643418379e+01
1.11250 2.521771498689316e+01
1.12500 2.489171167505712e+01
1.13750 2.463030528346840e+01
1.15000 2.442431843676759e+01
1.16250 2.425162676245902e+01
1.17500 2.408176785565296e+01
1.18750 2.388193698938790e+01
1.20000 2.362854647588770e+01
1.21250 2.332120981781345e+01
1.22500 2.298089242542099e+01
1.23750 2.263039413982213e+01
1.25000 2.228207981279215e+01
1.26250 2.194149232102346e+01
1.27500 2.161404695386785e+01
1.28750 2.130636380840062e+01
1.30000 2.102388457179446e+01
1.31250 2.076849027714581e+01
1.32500 2.053757452317291e+01
1.33750 2.032529411098302e+01
1.35000 2.012630797856526e+01
1.36250 1.993892764917193e+01
1.37500 1.976372915536145e+01
1.38750 1.960020956262356e+01
1.40000 1.944625801397592e+01
1.41250 1.929845360642036e+01
1.42500 1.915038766254725e+01
1.43750 1.899279942766894e+01
1.45000 1.881899372759838e+01
1.46250 1.863088986298080e+01
1.47500 1.843896615274406e+01
1.48750 1.825701268457449e+01
1.50000 1.809698427843093e+01
1.51250 1.796611574073868e+01
1.52500 1.786534415943866e+01
1.53750 1.778815990789082e+01
1.55000 1.772108641558884e+01
1.56250 1.764840854624985e+01
1.57500 1.755995152311530e+01
1.58750 1.745412194419300e+01
1.60000 1.733297742425768e+01
1.61250 1.719723843505324e+01
1.62500 1.704670656314893e+01
1.63750 1.688307411953495e+01
1.65000 1.671099803509445e+01
1.66250 1.653607088939482e+01
1.67500 1.636182625828234e+01
1.68750 1.618848553987960e+01
1.70000 1.601527627039044e+01
1.71250 1.584826644579577e+01
1.72500 1.570410434316666e+01
1.73750 1.559734546510487e+01
1.75000 1.552262775416288e+01
1.76250 1.544868075968813e+01
1.77500 1.533341807495720e+01
1.78750 1.516334040662122e+01
1.80000 1.497711097952675e+01
1.81250 1.481724968276659e+01
1.82500 1.467033937924951e+01
1.83750 1.452110206023776e+01
1.85000 1.439431412633981e+01
1.86250 1.429767353249086e+01
1.87500 1.427807908402839e+01
1.88750 1.410926618818544e+01
1.90000 1.352616854680843e+01
1.91250 1.301060823550325e+01
1.92500 1.264552931982565e+01
1.93750 1.236969371982725e+01
1.95000 1.213534225572323e+01
1.96250 1.191810680743143e+01
1.97500 1.172027448995752e+01
1.98750 1.154702528750244e+01
2.00000 1.139598435527756e+01
2.01250 1.126136895561815e+01
2.02500 1.113679524104020e+01
2.03750 1.101606480047832e+01
2.05000 1.089408465990394e+01
2.06250 1.076818067618564e+01
2.07500 1.063886332070752e+01
2.08750 1.050910657281922e+01
2.10000 1.038247559138649e+01
2.11250 1.026154266509231e+01
2.12500 1.014738060187608e+01
2.13750 1.003982638873370e+01
2.15000 9.938002487730310e+00
2.16250 9.840788023873081e+00
2.17500 9.747112537519021e+00
2.18750 9.656160694567257e+00
2.20000 9.567580260336078e+00
2.21250 9.481446329090746e+00
2.22500 9.397824850534194e+00
2.23750 9.316412090624601e+00
2.25000 9.236778486066271e+00
2.26250 9.158966111908667e+00
2.27500 9.083582963753953e+00
2.28750 9.011219736168306e+00
2.30000 8.941898672624580e+00
2.31250 8.874864172119064e+00
2.32500 8.808593436793702e+00
2.33750 8.741170539473718e+00
2.35000 8.671059685145517e+00
2.36250 8.597807541923416e+00
2.37500 8.521760435936779e+00
2.38750 8.443086303912860e+00
2.40000 8.361646074788977e+00
2.41250 8.277534898621790e+00
2.42500 8.191468208430052e+00
2.43750 8.104780901746372e+00
2.45000 8.019146357425438e+00
2.46250 7.936219873831725e+00
2.47500 7.857367756239589e+00
2.48750 7.783529485463095e+00
2.50000 7.715186106597465e+00
2.51250 7.652403148449570e+00
2.52500 7.594932157769088e+00
2.53750 7.542353681337534e+00
2.55000 7.494230785462483e+00
2.56250 7.450230975161724e+00
2.57500 7.410174722800821e+00
2.58750 7.373989996653248e+00
2.60000 7.341592476323878e+00
2.61250 7.312744396576969e+00
2.62500 7.286941867602179e+00
2.63750 7.263345183093407e+00
2.65000 7.240738501602181e+00
2.66250 7.217518021537201e+00
2.67500 7.191755294479567e+00
2.68750 7.161426251782769e+00
2.70000 7.124873655894862e+00
2.71250 7.081412941743078e+00
2.72500 7.031764227436467e+00
2.73750 6.977972944523402e+00
2.75000 6.922814341256951e+00
2.76250 6.869044217123403e+00
2.77500 6.818872076993769e+00
2.78750 6.773768928625151e+00
2.80000 6.734501740197523e+00
2.81250 6.701226591289491e+00
2.82500 6.673483731109480e+00
2.83750 6.649966921797912e+00
2.85000 6.628108339646371e+00
2.86250 6.604019932411140e+00
2.87500 6.573728027797700e+00
2.88750 6.535402937496342e+00
2.90000 6.490142532334001e+00
2.91250 6.440283551167341e+00
2.92500 6.387498413280813e+00
2.93750 6.332349514644803e+00
2.95000 6.274834828879903e+00
2.96250 6.215083341117435e+00
2.97500 6.153800742686125e+00
2.98750 6.092345231542160e+00
3.00000 6.032487300937248e+00
3.01250 5.976015882960444e+00
3.02500 5.924341956535655e+00
3.03750 5.878216662748174e+00
3.05000 5.837691516385614e+00
3.06250 5.802402827115183e+00
3.07500 5.772031426780790e+00
3.08750 5.746516386459222e+00
3.10000 5.725735312477627e+00
3.11250 5.708883515710950e+00
3.12500 5.694031629619636e+00
3.13750 5.678170923180321e+00
3.15000 5.657859217961125e+00
3.16250 5.630325102388034e+00
3.17500 5.594455777166822e+00
3.18750 5.551012901491514e+00
3.20000 5.502040287347612e+00
3.21250 5.450030461122737e+00
3.22500 5.397373484609508e+00
3.23750 5.346262955665795e+00
3.25000 5.298901932860669e+00
3.26250 5.257564993268403e+00
3.27500 5.224188843889443e+00
3.28750 5.199655159573341e+00
3.30000 5.183331774136443e+00
3.31250 5.173741878112569e+00
3.32500 5.170471317417111e+00
3.33750 5.175014806421712e+00
3.35000 5.188811947457149e+00
3.36250 5.210553980245349e+00
3.37500 5.235083662998034e+00
3.38750 5.254367175088735e+00
3.40000 5.260327522380534e+00
3.41250 5.248384673880473e+00
3.42500 5.219519705523346e+00
3.43750 5.179140033215831e+00
3.45000 5.133437919633070e+00
3.46250 5.086375153255039e+00
3.47500 5.039342147201738e+00
3.48750 4.992820998078563e+00
3.50000 4.948181342768081e+00
3.51250 4.908165970273371e+00
3.52500 4.875947350050831e+00
3.53750 4.853080932208068e+00
3.55000 4.837535321814788e+00
3.56250 4.824672063776219e+00
3.57500 4.810871121692667e+00
3.58750 4.794412115874638e+00
3.60000 4.774918331177293e+00
3.61250 4.753698328512720e+00
3.62500 4.730841685157793e+00
3.63750 4.702451613782776e+00
3.65000 4.662697391042774e+00
3.66250 4.609136917845870e+00
3.67500 4.546241511661198e+00
3.68750 4.481215175777067e+00
3.70000 4.419487674860160e+00
3.71250 4.373203268864422e+00
3.72500 4.373475096576504e+00
3.73750 4.321741739002278e+00
3.75000 4.186690424684813e+00
3.76250 4.109009266494650e+00
3.77500 4.063006543656497e+00
3.78750 4.010647720989429e+00
3.80000 3.923845834464905e+00
3.81250 3.855140801882815e+00
3.82500 3.800835015257853e+00
3.83750 3.712631314139877e+00
3.85000 3.644725357734290e+00
3.86250 3.594244693856736e+00
3.87500 3.552503468934814e+00
3.88750 3.515775368434304e+00
3.90000 3.482174290727153e+00
3.91250 3.450477121683218e+00
3.92500 3.420009353475628e+00
3.93750 3.390911524626640e+00
3.95000 3.363761774952420e+00
3.96250 3.339083278073548e+00
3.97500 3.317170929694337e+00
3.98750 3.298001844845023e+00
4.00000 3.281385521646034e+00
4.01250 3.267137078603192e+00
4.02500 3.254811670689999e+00
4.03750 3.243581248183204e+00
4.05000 3.232491152677639e+00
4.06250 3.220801454792326e+00
4.07500 3.208058903663179e+00
4.08750 3.193857608015137e+00
4.10000 3.177653120729619e+00
4.11250 3.158852682659846e+00
4.12500 3.137184984622844e+00
4.13750 3.112876969169114e+00
4.15000 3.086349383399778e+00
4.16250 3.058003594533437e+00
4.17500 3.028309877094286e+00
4.18750 2.997872772509247e+00
4.20000 2.967295355191275e+00
4.21250 2.937036714561865e+00
4.22500 2.907546847951742e+00
4.23750 2.879406299277576e+00
4.25000 2.853042548744873e+00
4.26250 2.828466395892299e+00
4.27500 2.805489402249745e+00
4.28750 2.784132300561888e+00
4.30000 2.764683802166890e+00
4.31250 2.747444272992092e+00
4.32500 2.732513390397372e+00
4.33750 2.719665738855253e+00
4.35000 2.708352225633677e+00
4.36250 2.698027697273667e+00
4.37500 2.688563955666396e+00
4.38750 2.680104850833486e+00
4.40000 2.672617708026876e+00
4.41250 2.665726875716938e+00
4.42500 2.658731273775151e+00
4.43750 2.650737022396805e+00
4.45000 2.641036657737850e+00
4.46250 2.629437638614104e+00
4.47500 2.616152155930117e+00
4.48750 2.601538677464060e+00
4.50000 2.586048023850247e+00
4.51250 2.570256722673209e+00
4.52500 2.554800551245689e+00
4.53750 2.540234193981987e+00
4.55000 2.526937449867462e+00
4.56250 2.515098687973706e+00
4.57500 2.504734335006710e+00
4.58750 2.495726620083656e+00
4.60000 2.487884813584389e+00
4.61250 2.481025252782262e+00
4.62500 2.475046548628265e+00
4.63750 2.469863099582063e+00
4.65000 2.465040212902033e+00
4.66250 2.459529452812680e+00
4.67500 2.452327632510297e+00
4.68750 2.443559294956139e+00
4.70000 2.434300050502359e+00
4.71250 2.425542895479348e+00
4.72500 2.417711065843318e+00
4.73750 2.410796945508544e+00
4.75000 2.404741741819551e+00
4.76250 2.399737177079597e+00
4.77500 2.396256381836829e+00
4.78750 2.394918603935142e+00
4.80000 2.396360137687968e+00
4.81250 2.401037706348751e+00
4.82500 2.408585590400746e+00
4.83750 2.416571718651987e+00
4.85000 2.421471033103925e+00
4.86250 2.425018361629404e+00
4.87500 2.445675224655619e+00
4.88750 2.532810155676668e+00
4.90000 2.420996402630295e+00
4.91250 2.391092054319671e+00
4.92500 2.376300801300117e+00
4.93750 2.351894576621372e+00
4.95000 2.324510172685376e+00
4.96250 2.301469498912857e+00
4.97500 2.280951569842794e+00
4.98750 2.260424306716372e+00
5.00000 2.239224801452036e+00
5.01250 2.218057995459862e+00
5.02500 2.197573071857813e+00
5.03750 2.177939821373197e+00
5.05000 2.159133518827074e+00
5.06250 2.141165297562238e+00
5.07500 2.124121933346221e+00
5.08750 2.108116628477108e+00
5.10000 2.093228945332169e+00
5.11250 2.079467029956949e+00
5.12500 2.066758315697175e+00
5.13750 2.054963122040128e+00
5.15000 2.043905646844052e+00
5.16250 2.033419066355782e+00
5.17500 2.023393524731563e+00
5.18750 2.013801622153789e+00
5.20000 2.004682314774802e+00
5.21250 1.996096822566604e+00
5.22500 1.988089817671444e+00
5.23750 1.980672750330382e+00
5.25000 1.973820370599476e+00
5.26250 1.967465163256922e+00
5.27500 1.961487004505734e+00
5.28750 1.955709651613172e+00
5.30000 1.949917305011162e+00
5.31250 1.943891855886003e+00
5.32500 1.937455544372759e+00
5.33750 1.930499975361032e+00
5.35000 1.922995177141792e+00
5.36250 1.914986887134115e+00
5.37500 1.906590902426523e+00
5.38750 1.897984559749870e+00
5.40000 1.889391191060902e+00
5.41250 1.881057041171167e+00
5.42500 1.873225355316432e+00
5.43750 1.866115502354693e+00
5.45000 1.859919299164832e+00
5.46250 1.854842148475565e+00
5.47500 1.851279534174093e+00
5.48750 1.850532178807979e+00
5.50000 1.857738731241149e+00
5.51250 1.866312362070555e+00
5.52500 1.849006832211006e+00
5.53750 1.841768793648624e+00
5.55000 1.840486444964951e+00
5.56250 1.843302336149178e+00
5.57500 1.833773929249634e+00
5.58750 1.834106067577538e+00
5.60000 1.831561471166897e+00
5.61250 1.834372925574693e+00
5.62500 1.828237577273837e+00
5.63750 1.824190911828438e+00
5.65000 1.824730601307841e+00
5.66250 1.828657400300998e+00
5.67500 1.835567769076683e+00
5.68750 1.839049622888120e+00
5.70000 1.831972058709200e+00
5.71250 1.820247067615629e+00
5.72500 1.808360777503502e+00
5.73750 1.797408451579414e+00
5.75000 1.787903377808147e+00
5.76250 1.779886123931960e+00
5.77500 1.773073793547174e+00
5.78750 1.767005147653428e+00
5.80000 1.761123288624465e+00
5.81250 1.755000529956871e+00
5.82500 1.748630943351063e+00
5.83750 1.742401903070349e+00
5.85000 1.736750109097298e+00
5.86250 1.731915684651675e+00
5.87500 1.727937140818574e+00
5.88750 1.724746919173338e+00
5.90000 1.722243972045039e+00
5.91250 1.720315552119855e+00
5.92500 1.718829561085288e+00
5.93750 1.717632729479740e+00
5.95000 1.716588730544440e+00
5.96250 1.715621958360074e+00
5.97500 1.714708806465054e+00
5.98750 1.713866777876919e+00
6.00000 1.713171301862984e+00
6.01250 1.712788166285172e+00
6.02500 1.713011887725700e+00
6.03750 1.714348821513530e+00
6.05000 1.717809215670270e+00
6.06250 1.726187858788715e+00
6.07500 1.751988543460058e+00
6.08750 1.907713544470892e+00
6.10000 1.917481173416200e+00
6.11250 1.765314707715981e+00
6.12500 1.747162681186947e+00
6.13750 1.746359482376568e+00
6.15000 1.749845341007223e+00
6.16250 1.754547503726520e+00
6.17500 1.759243580836206e+00
6.18750 1.763289518975568e+00
6.20000 1.766397684644590e+00
6.21250 1.768615940115698e+00
6.22500 1.770226449035612e+00
6.23750 1.771599392685525e+00
6.25000 1.773287752780628e+00
6.26250 1.775379530165061e+00
6.27500 1.776448542321900e+00
6.28750 1.778905458109844e+00
6.30000 1.785035769588331e+00
6.31250 1.790539658839585e+00
6.32500 1.793705941053996e+00
6.33750 1.799324500698979e+00
6.35000 1.806541366718382e+00
6.36250 1.814492071977788e+00
6.37500 1.822750009933600e+00
6.38750 1.830870947504462e+00
6.40000 1.838433925713944e+00
6.41250 1.845262225029893e+00
6.42500 1.851335984200249e+00
6.43750 1.856719554739592e+00
6.45000 1.861645703499272e+00
6.46250 1.866459836075234e+00
6.47500 1.871390307013173e+00
6.48750 1.876403256081847e+00
6.50000 1.881299667174437e+00
6.51250 1.885912824129413e+00
6.52500 1.890293233344952e+00
6.53750 1.894839787516904e+00
6.55000 1.900221020672920e+00
6.56250 1.907028414414025e+00
6.57500 1.915455085618523e+00
6.58750 1.925230534989735e+00
6.60000 1.935705482493954e+00
6.61250 1.945901816502988e+00
6.62500 1.954697514480588e+00
6.63750 1.961474932503478e+00
6.65000 1.966574756879425e+00
6.66250 1.970760147061910e+00
6.67500 1.974519508301855e+00
6.68750 1.977999440486070e+00
6.70000 1.981214011696285e+00
6.71250 1.984044178201449e+00
6.72500 1.985974036606445e+00
6.73750 1.985980495455778e+00
6.75000 1.983221611580492e+00
6.76250 1.978243803806983e+00
6.77500 1.973164023537141e+00
6.78750 1.970355541320619e+00
6.80000 1.971149903879203e+00
6.81250 1.975548416260130e+00
6.82500 1.982604707578506e+00
6.83750 1.990907516447897e+00
6.85000 1.998593035043723e+00
6.86250 2.003543385983198e+00
6.87500 2.005890462820635e+00
6.88750 2.009440550622456e+00
6.90000 2.017815801105317e+00
6.91250 2.031715134526817e+00
6.92500 2.049730828291187e+00
6.93750 2.069602286848935e+00
6.95000 2.087090507711360e+00
6.96250 2.097476671135972e+00
6.97500 2.104681458426423e+00
6.98750 2.118292186972710e+00
7.00000 2.143372226446219e+00
7.01250 2.178063042858976e+00
7.02500 2.201853177016992e+00
7.03750 2.218631643165473e+00
7.05000 2.198398059778621e+00
7.06250 2.165752553864590e+00
7.07500 2.152046553810001e+00
7.08750 2.141120758166333e+00
7.10000 2.128524919243190e+00
7.11250 2.120223627404571e+00
7.12500 2.119104042913023e+00
7.13750 2.122416840291508e+00
7.15000 2.126614520219663e+00
7.16250 2.128804573918115e+00
7.17500 2.127900969966130e+00
7.18750 2.124968263455404e+00
7.20000 2.121390024084584e+00
7.21250 2.118150078845062e+00
7.22500 2.116013941722983e+00
7.23750 2.115144753913429e+00
7.25000 2.114794728556212e+00
7.26250 2.113695233241384e+00
7.27500 2.110946559679153e+00
7.28750 2.106625988505604e+00
7.30000 2.101551166896480e+00
7.31250 2.096574851707581e+00
7.32500 2.092138075477682e+00
7.33750 2.088291794092915e+00
7.35000 2.084909074398428e+00
7.36250 2.081826919491185e+00
7.37500 2.078898772277133e+00
7.38750 2.076026190762869e+00
7.40000 2.073182309429073e+00
7.41250 2.070412839755724e+00
7.42500 2.067816475043713e+00
7.43750 2.065505067184460e+00
7.45000 2.063538230897921e+00
7.46250 2.061863421085773e+00
7.47500 2.060338989148369e+00
7.48750 2.058874162821400e+00
7.50000 2.057582769521777e+00
7.51250 2.056801248830884e+00
7.52500 2.056967780282813e+00
7.53750 2.058486288723449e+00
7.55000 2.061627001974912e+00
7.56250 2.066339148967701e+00
7.57500 2.071783116723103e+00
7.58750 2.076014332102398e+00
7.60000 2.077386909724841e+00
7.61250 2.076493755008382e+00
7.62500 2.074923553091211e+00
7.63750 2.073468863325439e+00
7.65000 2.072337298747799e+00
7.66250 2.071730816586897e+00
7.67500 2.071899395508484e+00
7.68750 2.072994960927645e+00
7.70000 2.075021916663562e+00
7.71250 2.077877991851993e+00
7.72500 2.081406778955565e+00
7.73750 2.085431535792826e+00
7.75000 2.089776323390788e+00
7.76250 2.094287652563146e+00
7.77500 2.098859726667948e+00
7.78750 2.103452104237935e+00
7.80000 2.108086470928220e+00
7.81250 2.112824904586345e+00
7.82500 2.117747737105734e+00
7.83750 2.122944941567437e+00
7.85000 2.128516876574807e+00
7.86250 2.134570298304036e+00
7.87500 2.141202739172792e+00
7.88750 2.148480595970092e+00
7.90000 2.156418410296557e+00
7.91250 2.164959065390336e+00
7.92500 2.173950293478927e+00
7.93750 2.183120643859909e+00
7.95000 2.192072112924491e+00
7.96250 2.200314431839139e+00
7.97500 2.207357811818855e+00
7.98750 2.212852044880691e+00
8.00000 2.216717189717082e+00
8.01250 2.219187108606623e+00
8.02500 2.220724778559516e+00
8.03750 2.221854542006902e+00
8.05000 2.223008221463856e+00
8.06250 2.224453862474688e+00
8.07500 2.226313773802905e+00
8.08750 2.228637045373433e+00
8.10000 2.231479501074985e+00
8.11250 2.234951725033697e+00
8.12500 2.239218055584726e+00
8.13750 2.244456059772255e+00
8.15000 2.250801059644902e+00
8.16250 2.258299099761394e+00
8.17500 2.266883457926320e+00
8.18750 2.276378962567738e+00
8.20000 2.286523177744076e+00
8.21250 2.296986207825761e+00
8.22500 2.307376270964910e+00
8.23750 2.317297965443022e+00
8.25000 2.326429153693963e+00
8.26250 2.334623411890014e+00
8.27500 2.341919856158914e+00
8.28750 2.348451172012710e+00
8.30000 2.354354473318096e+00
8.31250 2.359770710854513e+00
8.32500 2.364913672859873e+00
8.33750 2.370139304731411e+00
8.35000 2.376004607953241e+00
8.36250 2.383499669970441e+00
8.37500 2.395314829185525e+00
8.38750 2.421698632914945e+00
8.40000 2.436886188026988e+00
8.41250 2.430494379908366e+00
8.42500 2.429879993489207e+00
8.43750 2.436202480085254e+00
8.45000 2.447586927126117e+00
8.46250 2.463202128399609e+00
8.47500 2.483359806359775e+00
8.48750 2.510972612931044e+00
8.50000 2.546184237059591e+00
8.51250 2.564877698927380e+00
8.52500 2.547395611856851e+00
8.53750 2.522626520169241e+00
8.55000 2.505720293104824e+00
8.56250 2.495569022650568e+00
8.57500 2.490036322846662e+00
8.58750 2.487831748993438e+00
8.60000 2.488422248282297e+00
8.61250 2.492822729213385e+00
8.62500 2.501848390858060e+00
8.63750 2.515398727323919e+00
8.65000 2.533178391304937e+00
8.66250 2.561196790020728e+00
8.67500 2.579254306835816e+00
8.68750 2.587295671326218e+00
8.70000 2.605111646544981e+00
8.71250 2.625135632287496e+00
8.72500 2.644290363435880e+00
8.73750 2.657708021930793e+00
8.75000 2.661201841540938e+00
8.76250 2.655155194424258e+00
8.77500 2.644070366625394e+00
8.78750 2.632944093146791e+00
8.80000 2.625572379276315e+00
8.81250 2.625716834722312e+00
8.82500 2.641701993007577e+00
8.83750 2.695414955823126e+00
8.85000 2.729378450228584e+00
8.86250 2.663832744991155e+00
8.87500 2.623753647928180e+00
8.88750 2.609003656419020e+00
8.90000 2.602834767410147e+00
8.91250 2.598758636000888e+00
8.92500 2.593590428974654e+00
8.93750 2.586071386040800e+00
8.95000 2.576664727301940e+00
8.96250 2.566743558804419e+00
8.97500 2.557585758025220e+00
8.98750 2.549885218720834e+00
9.00000 2.543765021308383e+00
9.01250 2.538972542468808e+00
9.02500 2.535065002849440e+00
9.03750 2.531540157036191e+00
9.05000 2.527921843835580e+00
9.06250 2.523814936244339e+00
9.07500 2.518937536286809e+00
9.08750 2.513132186626004e+00
9.10000 2.506354138657997e+00
9.11250 2.498638540359722e+00
9.12500 2.490063833668726e+00
9.13750 2.480741394365981e+00
9.15000 2.470840366558215e+00
9.16250 2.460610204791907e+00
9.17500 2.450352803827145e+00
9.18750 2.440341595537685e+00
9.20000 2.430731546705394e+00
9.21250 2.421506959798996e+00
9.22500 2.412490922651132e+00
9.23750 2.403418808694554e+00
9.25000 2.394054676462734e+00
9.26250 2.384301719814791e+00
9.27500 2.374250296809753e+00
9.28750 2.364138289478471e+00
9.30000 2.354258610576049e+00
9.31250 2.344903816468674e+00
9.32500 2.336362813773134e+00
9.33750 2.328866673942042e+00
9.35000 2.322531598017848e+00
9.36250 2.317362047724845e+00
9.37500 2.313268969753845e+00
9.38750 2.310080381962770e+00
9.40000 2.307553282968794e+00
9.41250 2.305399145648263e+00
9.42500 2.303327028749307e+00
9.43750 2.301104919324573e+00
9.45000 2.298396998846075e+00
9.46250 2.294186527205838e+00
9.47500 2.288839752401715e+00
9.48750 2.282702869886531e+00
9.50000 2.275760329344402e+00
9.51250 2.268150564223822e+00
9.52500 2.259921693097928e+00
9.53750 2.250567270933844e+00
9.55000 2.240152440528163e+00
9.56250 2.229602101841541e+00
9.57500 2.219019901170904e+00
9.58750 2.208088372395297e+00
9.60000 2.197024484154812e+00
9.61250 2.186168210312477e+00
9.62500 2.175580937820667e+00
9.63750 2.165272590443565e+00
9.65000 2.155335162153665e+00
9.66250 2.145862568586163e+00
9.67500 2.136704897090233e+00
9.68750 2.127446545726854e+00
9.70000 2.118051821967126e+00
9.71250 2.109165408514181e+00
9.72500 2.101436168192296e+00
9.73750 2.095128898570607e+00
9.75000 2.090214591980716e+00
9.76250 2.086436007489176e+00
9.77500 2.083328268505806e+00
9.78750 2.080405863185464e+00
9.80000 2.077352196222002e+00
9.81250 2.073987057908678e+00
9.82500 2.070279322799220e+00
9.83750 2.066354299619740e+00
9.85000 2.062364383442182e+00
9.86250 2.058390204867357e+00
9.87500 2.054449936857654e+00
9.88750 2.050549520194732e+00
9.90000 2.046725195664205e+00
9.91250 2.043070373969464e+00
9.92500 2.039719532684184e+00
9.93750 2.036717025734890e+00
9.95000 2.033754681285939e+00
9.96250 2.030118827207404e+00
9.97500 2.025400242051712e+00
9.98750 2.020163026748611e+00
10.00000 2.015184562421991e+00
