0.00001 5.549041541916436e+07
0.01250 4.180499480417492e+04
0.02500 1.778176090018498e+04
0.03750 9.496312523100198e+03
0.05000 5.576098670422200e+03
0.06250 3.493108877170610e+03
0.07500 2.306309827843518e+03
0.08750 1.592403123758412e+03
0.10000 1.142959582983172e+03
0.11250 8.490132230714961e+02
0.12500 6.507102228257226e+02
0.13750 5.130444988000161e+02
0.15000 4.131960369936763e+02
0.16250 3.377394257603026e+02
0.17500 2.807189703458837e+02
0.18750 2.376802696167528e+02
0.20000 2.048515437399195e+02
0.21250 1.795065751658542e+02
0.22500 1.597402083702565e+02
0.23750 1.441578595767193e+02
0.25000 1.316216350684747e+02
0.26250 1.211138591481086e+02
0.27500 1.118250289688144e+02
0.28750 1.033692739863792e+02
0.30000 9.575588672139754e+01
0.31250 8.909423547905830e+01
0.32500 8.339775187064663e+01
0.33750 7.858448481168752e+01
0.35000 7.453596475364948e+01
0.36250 7.113445067229314e+01
0.37500 6.827335535265539e+01
0.38750 6.585103140422858e+01
0.40000 6.375864432374201e+01
0.41250 6.188891247843213e+01
0.42500 6.021654399672544e+01
0.43750 5.922254214763944e+01
0.45000 6.391850059559111e+01
0.46250 5.757691628165657e+01
0.47500 5.377854063476650e+01
0.48750 5.191913235900755e+01
0.50000 5.033807069978258e+01
0.51250 4.900268804558196e+01
0.52500 4.787753502852277e+01
0.53750 4.688546543889057e+01
0.55000 4.591849568037131e+01
0.56250 4.498204955591593e+01
0.57500 4.411949041017606e+01
0.58750 4.331206273099320e+01
0.60000 4.255461302993160e+01
0.61250 4.185877451704324e+01
0.62500 4.120574479921450e+01
0.63750 4.054757121086551e+01
0.65000 3.986304027239567e+01
0.66250 3.914599601062001e+01
0.67500 3.837788932486765e+01
0.68750 3.756674083113764e+01
0.70000 3.675638649213124e+01
0.71250 3.598356039024181e+01
0.72500 3.525831052960969e+01
0.73750 3.459879597596856e+01
0.75000 3.403252706732238e+01
0.76250 3.355824456273248e+01
0.77500 3.314277226679312e+01
0.78750 3.274605315387821e+01
0.80000 3.234909531090557e+01
0.81250 3.195797475977735e+01
0.82500 3.158133138813607e+01
0.83750 3.121232764526941e+01
0.85000 3.083525792745379e+01
0.86250 3.044893574687254e+01
0.87500 3.007396215833047e+01
0.88750 2.973424487677459e+01
0.90000 2.944447728793344e+01
0.91250 2.920641055034169e+01
0.92500 2.899790313213269e+01
0.93750 2.877928168052858e+01
0.95000 2.854128305199770e+01
0.96250 2.831636076867776e+01
0.97500 2.813455412355099e+01
0.98750 2.800053645999263e+01
1.00000 2.789416438327004e+01
1.01250 2.778037017820834e+01
1.02500 2.762682013578274e+01
1.03750 2.741724160725839e+01
1.05000 2.714785422653528e+01
1.06250 2.681773763405357e+01
1.07500 2.643304844202658e+01
1.08750 2.601602496927380e+01
1.10000 2.559948741410407e+01
1.11250 2.521635451855935e+01
1.12500 2.489035856841769e+01
1.13750 2.462901519193182e+01
1.15000 2.442312221884717e+01
1.16250 2.425053804745252e+01
1.17500 2.408078908594129e+01
1.18750 2.388106386594609e+01
1.20000 2.362777105092069e+01
1.21250 2.332052255893786e+01
1.22500 2.298028349729752e+01
1.23750 2.262985410131640e+01
1.25000 2.228159995064501e+01
1.26250 2.194106479311897e+01
1.27500 2.161366482984998e+01
1.28750 2.130602104650636e+01
1.30000 2.102357595662541e+01
1.31250 2.076821134008404e+01
1.32500 2.053732145814754e+01
1.33750 2.032506368583006e+01
1.35000 2.012609744007457e+01
1.36250 1.993873463299085e+01
1.37500 1.976355161954012e+01
1.38750 1.960004574609977e+01
1.40000 1.944610640229194e+01
1.41250 1.929831289358985e+01
1.42500 1.915025671491393e+01
1.43750 1.899267725733473e+01
1.45000 1.881887947335654e+01
1.46250 1.863078277255093e+01
1.47500 1.843886556597748e+01
1.48750 1.825691802148830e+01
1.50000 1.809689503213679e+01
1.51250 1.796603147246636e+01
1.52500 1.786526449304411e+01
1.53750 1.778808452066566e+01
1.55000 1.772101502321773e+01
1.56250 1.764834088689204e+01
1.57500 1.755988735131897e+01
1.58750 1.745406103412792e+01
1.60000 1.733291956887466e+01
1.61250 1.719718343771439e+01
1.62500 1.704665422895369e+01
1.63750 1.688302425055489e+01
1.65000 1.671095043277346e+01
1.66250 1.653602536723898e+01
1.67500 1.636178266134663e+01
1.68750 1.618844375878008e+01
1.70000 1.601523623829468e+01
1.71250 1.584822812009058e+01
1.72500 1.570406768576689e+01
1.73750 1.559731043726418e+01
1.75000 1.552259431359655e+01
1.76250 1.544864881370300e+01
1.77500 1.533338738651260e+01
1.78750 1.516331057357482e+01
1.80000 1.497708157820793e+01
1.81250 1.481722052215249e+01
1.82500 1.467031065967977e+01
1.83750 1.452107385060361e+01
1.85000 1.439428625107507e+01
1.86250 1.429764564314626e+01
1.87500 1.427805060514238e+01
1.88750 1.410924366568125e+01
1.90000 1.352614981816654e+01
1.91250 1.301058868625249e+01
1.92500 1.264550951980826e+01
1.93750 1.236967416196125e+01
1.95000 1.213532283784840e+01
1.96250 1.191808743173934e+01
1.97500 1.172025537448344e+01
1.98750 1.154700664303773e+01
2.00000 1.139596625696117e+01
2.01250 1.126135139912725e+01
2.02500 1.113677819432748e+01
2.03750 1.101604823158384e+01
2.05000 1.089406855134775e+01
2.06250 1.076816502780090e+01
2.07500 1.063884814050134e+01
2.08750 1.050909186112957e+01
2.10000 1.038246133191228e+01
2.11250 1.026152882991470e+01
2.12500 1.014736716263382e+01
2.13750 1.003981332366859e+01
2.15000 9.937989781863793e+00
2.16250 9.840775665654036e+00
2.17500 9.747100515096854e+00
2.18750 9.656148991593540e+00
2.20000 9.567568852418164e+00
2.21250 9.481435184759032e+00
2.22500 9.397813937058034e+00
2.23750 9.316401380921295e+00
2.25000 9.236767962122777e+00
2.26250 9.158955761633525e+00
2.27500 9.083572775086040e+00
2.28750 9.011209695208493e+00
2.30000 8.941888765626139e+00
2.31250 8.874854387164676e+00
2.32500 8.808583764840332e+00
2.33750 8.741160977014736e+00
2.35000 8.671050234971069e+00
2.36250 8.597798212385101e+00
2.37500 8.521751240441860e+00
2.38750 8.443077255432579e+00
2.40000 8.361637180371812e+00
2.41250 8.277526157932352e+00
2.42500 8.191459615040907e+00
2.43750 8.104772445672856e+00
2.45000 8.019138027787664e+00
2.46250 7.936211660806068e+00
2.47500 7.857359651976807e+00
2.48750 7.783521484140263e+00
2.50000 7.715178203962386e+00
2.51250 7.652395341138928e+00
2.52500 7.594924442558021e+00
2.53750 7.542346054469976e+00
2.55000 7.494223242294527e+00
2.56250 7.450223510385092e+00
2.57500 7.410167331407674e+00
2.58750 7.373982675591582e+00
2.60000 7.341585226539721e+00
2.61250 7.312737224911595e+00
2.62500 7.286934787866368e+00
2.63750 7.263338215676777e+00
2.65000 7.240731671277287e+00
2.66250 7.217511353724307e+00
2.67500 7.191748811010227e+00
2.68750 7.161419967618857e+00
2.70000 7.124867577625853e+00
2.71250 7.081407067286761e+00
2.72500 7.031758545675780e+00
2.73750 6.977967434462157e+00
2.75000 6.922808971711975e+00
2.76250 6.869038948537674e+00
2.77500 6.818866866129885e+00
2.78750 6.773763735256542e+00
2.80000 6.734496533665540e+00
2.81250 6.701221354832104e+00
2.82500 6.673478463147384e+00
2.83750 6.649961634994395e+00
2.85000 6.628103059037164e+00
2.86250 6.604014691829453e+00
2.87500 6.573722861585435e+00
2.88750 6.535397869227575e+00
2.90000 6.490137569318974e+00
2.91250 6.440278687628785e+00
2.92500 6.387493636387176e+00
2.93750 6.332344809646583e+00
2.95000 6.274830183164914e+00
2.96250 6.215078746831179e+00
2.97500 6.153796197425569e+00
2.98750 6.092340737729612e+00
3.00000 6.032482865120288e+00
3.01250 5.976011516063315e+00
3.02500 5.924337675592158e+00
3.03750 5.878212493467485e+00
3.05000 5.837687494018193e+00
3.06250 5.802398993161380e+00
3.07500 5.772027824010647e+00
3.08750 5.746513059406017e+00
3.10000 5.725732315758242e+00
3.11250 5.708880923515328e+00
3.12500 5.694029538718798e+00
3.13750 5.678169445945636e+00
3.15000 5.657858462592185e+00
3.16250 5.630325135535430e+00
3.17500 5.594456568959439e+00
3.18750 5.551014275189976e+00
3.20000 5.502041923547559e+00
3.21250 5.450031987841269e+00
3.22500 5.397374602978096e+00
3.23750 5.346263509723665e+00
3.25000 5.298901897617346e+00
3.26250 5.257564424409937e+00
3.27500 5.224187829394556e+00
3.28750 5.199653787177540e+00
3.30000 5.183330122607394e+00
3.31250 5.173740035786134e+00
3.32500 5.170469397819999e+00
3.33750 5.175012923700684e+00
3.35000 5.188810181316376e+00
3.36250 5.210552372212338e+00
3.37500 5.235082235130537e+00
3.38750 5.254365950845130e+00
3.40000 5.260326539030620e+00
3.41250 5.248383978061912e+00
3.42500 5.219519333465328e+00
3.43750 5.179139998651472e+00
3.45000 5.133438225303987e+00
3.46250 5.086375807984360e+00
3.47500 5.039343164812855e+00
3.48750 4.992822373699481e+00
3.50000 4.948183021363341e+00
3.51250 4.908167807590699e+00
3.52500 4.875949011950276e+00
3.53750 4.853081621903598e+00
3.55000 4.837533178949602e+00
3.56250 4.824663328341343e+00
3.57500 4.810851039427452e+00
3.58750 4.794382337292172e+00
3.60000 4.774890015219204e+00
3.61250 4.753678132102997e+00
3.62500 4.730829582775293e+00
3.63750 4.702445429647018e+00
3.65000 4.662694855444135e+00
3.66250 4.609136363278497e+00
3.67500 4.546241875937182e+00
3.68750 4.481215708268769e+00
3.70000 4.419487558697197e+00
3.71250 4.373200580951512e+00
3.72500 4.373469435303601e+00
3.73750 4.321741592383381e+00
3.75000 4.186691115894265e+00
3.76250 4.109009728870289e+00
3.77500 4.063006875999872e+00
3.78750 4.010647805635929e+00
3.80000 3.923845471806680e+00
3.81250 3.855140212907246e+00
3.82500 3.800834376939480e+00
3.83750 3.712630481558217e+00
3.85000 3.644724538297271e+00
3.86250 3.594243887919358e+00
3.87500 3.552502669128339e+00
3.88750 3.515774572984935e+00
3.90000 3.482173498573770e+00
3.91250 3.450476332225570e+00
3.92500 3.420008564118732e+00
3.93750 3.390910729571284e+00
3.95000 3.363760967898171e+00
3.96250 3.339082453128429e+00
3.97500 3.317170085075271e+00
3.98750 3.298000987275556e+00
4.00000 3.281384657091284e+00
4.01250 3.267136204194449e+00
4.02500 3.254810784916158e+00
4.03750 3.243580354492094e+00
4.05000 3.232490254795195e+00
4.06250 3.220800555644982e+00
4.07500 3.208058007739590e+00
4.08750 3.193856721773351e+00
4.10000 3.177652250531265e+00
4.11250 3.158851829627046e+00
4.12500 3.137184143750841e+00
4.13750 3.112876137967899e+00
4.15000 3.086348565202254e+00
4.16250 3.058002793178415e+00
4.17500 3.028309092663840e+00
4.18750 2.997872000882702e+00
4.20000 2.967294589942340e+00
4.21250 2.937035950690968e+00
4.22500 2.907546086443160e+00
4.23750 2.879405546593766e+00
4.25000 2.853041810601334e+00
4.26250 2.828465674564660e+00
4.27500 2.805488698631526e+00
4.28750 2.784131614874182e+00
4.30000 2.764683133181982e+00
4.31250 2.747443618135376e+00
4.32500 2.732512745192332e+00
4.33750 2.719665095640992e+00
4.35000 2.708351574893573e+00
4.36250 2.698027031994535e+00
4.37500 2.688563270508512e+00
4.38750 2.680104136612587e+00
4.40000 2.672616954314248e+00
4.41250 2.665726079385426e+00
4.42500 2.658730442064201e+00
4.43750 2.650736167816439e+00
4.45000 2.641035788706425e+00
4.46250 2.629436756434612e+00
4.47500 2.616151262586678e+00
4.48750 2.601537781886812e+00
4.50000 2.586047138259095e+00
4.51250 2.570255854383398e+00
4.52500 2.554799698803488e+00
4.53750 2.540233349349984e+00
4.55000 2.526936602461024e+00
4.56250 2.515097828118076e+00
4.57500 2.504733458219576e+00
4.58750 2.495725733392568e+00
4.60000 2.487883939379630e+00
4.61250 2.481024420892309e+00
4.62500 2.475045777045056e+00
4.63750 2.469862381759753e+00
4.65000 2.465039519751191e+00
4.66250 2.459528740590375e+00
4.67500 2.452326864749067e+00
4.68750 2.443558467504323e+00
4.70000 2.434299183244612e+00
4.71250 2.425542009866184e+00
4.72500 2.417710176782438e+00
4.73750 2.410796062756114e+00
4.75000 2.404740872245340e+00
4.76250 2.399736326179579e+00
4.77500 2.396255554831487e+00
4.78750 2.394917806341151e+00
4.80000 2.396359375208043e+00
4.81250 2.401036983633464e+00
4.82500 2.408584905060791e+00
4.83750 2.416571046654182e+00
4.85000 2.421470332598361e+00
4.86250 2.425017617734769e+00
4.87500 2.445674428525878e+00
4.88750 2.532810017452618e+00
4.90000 2.420995422560156e+00
4.91250 2.391091285858340e+00
4.92500 2.376299923904940e+00
4.93750 2.351893685830840e+00
4.95000 2.324509347150285e+00
4.96250 2.301468709564950e+00
4.97500 2.280950800649137e+00
4.98750 2.260423551734250e+00
5.00000 2.239224056233349e+00
5.01250 2.218057256294514e+00
5.02500 2.197572335927303e+00
5.03750 2.177939086498726e+00
5.05000 2.159132783341184e+00
5.06250 2.141164560193069e+00
5.07500 2.124121193085204e+00
5.08750 2.108115884505289e+00
5.10000 2.093228197009595e+00
5.11250 2.079466276827534e+00
5.12500 2.066757557472712e+00
5.13750 2.054962358567499e+00
5.15000 2.043904878062836e+00
5.16250 2.033418292214806e+00
5.17500 2.023392745063113e+00
5.18750 2.013800836630629e+00
5.20000 2.004681523091060e+00
5.21250 1.996096024780743e+00
5.22500 1.988089014468036e+00
5.23750 1.980671943022496e+00
5.25000 1.973819560918446e+00
5.26250 1.967464353136324e+00
5.27500 1.961486196034256e+00
5.28750 1.955708847155278e+00
5.30000 1.949916507334227e+00
5.31250 1.943891068108066e+00
5.32500 1.937454769660145e+00
5.33750 1.930499216460154e+00
5.35000 1.922994435912645e+00
5.36250 1.914986164241671e+00
5.37500 1.906590197295740e+00
5.38750 1.897983870834019e+00
5.40000 1.889390516394961e+00
5.41250 1.881056379084260e+00
5.42500 1.873224705111403e+00
5.43750 1.866114864791001e+00
5.45000 1.859918676748986e+00
5.46250 1.854841545948398e+00
5.47500 1.851278960538436e+00
5.48750 1.850531653836617e+00
5.50000 1.857738242801673e+00
5.51250 1.866311615266517e+00
5.52500 1.849006287239914e+00
5.53750 1.841768280997200e+00
5.55000 1.840486050467987e+00
5.56250 1.843301760372591e+00
5.57500 1.833773154502142e+00
5.58750 1.834105388258123e+00
5.60000 1.831560667601087e+00
5.61250 1.834372198392434e+00
5.62500 1.828236746667404e+00
5.63750 1.824190127585459e+00
5.65000 1.824729710633433e+00
5.66250 1.828656240346838e+00
5.67500 1.835566211743508e+00
5.68750 1.839048286809984e+00
5.70000 1.831971528571017e+00
5.71250 1.820246865879561e+00
5.72500 1.808360607538940e+00
5.73750 1.797408217433390e+00
5.75000 1.787903054026987e+00
5.76250 1.779885714661010e+00
5.77500 1.773073309310512e+00
5.78750 1.767004595733164e+00
5.80000 1.761122673140049e+00
5.81250 1.754999856417766e+00
5.82500 1.748630221117406e+00
5.83750 1.742401143004994e+00
5.85000 1.736749321049578e+00
5.86250 1.731914877915442e+00
5.87500 1.727936325747869e+00
5.88750 1.724746108035215e+00
5.90000 1.722243178562364e+00
5.91250 1.720314789770188e+00
5.92500 1.718828840953649e+00
5.93750 1.717632058784593e+00
5.95000 1.716588112373913e+00
5.96250 1.715621391897037e+00
5.97500 1.714708287462929e+00
5.98750 1.713866298671473e+00
6.00000 1.713170852389963e+00
6.01250 1.712787735517542e+00
6.02500 1.713011465176873e+00
6.03750 1.714348398514124e+00
6.05000 1.717808786051654e+00
6.06250 1.726187418861653e+00
6.07500 1.751988091067203e+00
6.08750 1.907713071965051e+00
6.10000 1.917480691743775e+00
6.11250 1.765314228743976e+00
6.12500 1.747162197353473e+00
6.13750 1.746358993935542e+00
6.15000 1.749844850245327e+00
6.16250 1.754547014495148e+00
6.17500 1.759243098170580e+00
6.18750 1.763289048633507e+00
6.20000 1.766397231692476e+00
6.21250 1.768615506552768e+00
6.22500 1.770226033019624e+00
6.23750 1.771598989365068e+00
6.25000 1.773287354289183e+00
6.26250 1.775379128263664e+00
6.27500 1.776448134151956e+00
6.28750 1.778905033013982e+00
6.30000 1.785035323141153e+00
6.31250 1.790539213960276e+00
6.32500 1.793705514727443e+00
6.33750 1.799324103722100e+00
6.35000 1.806540998391740e+00
6.36250 1.814491727945222e+00
6.37500 1.822749693063249e+00
6.38750 1.830870665488749e+00
6.40000 1.838433687136890e+00
6.41250 1.845262036458744e+00
6.42500 1.851335849337371e+00
6.43750 1.856719477048886e+00
6.45000 1.861645689898910e+00
6.46250 1.866459898252259e+00
6.47500 1.871390459169429e+00
6.48750 1.876403509020312e+00
6.50000 1.881300021158860e+00
6.51250 1.885913265526829e+00
6.52500 1.890293740296135e+00
6.53750 1.894840345280404e+00
6.55000 1.900221631292526e+00
6.56250 1.907029089411848e+00
6.57500 1.915455834020061e+00
6.58750 1.925231358304727e+00
6.60000 1.935706374055094e+00
6.61250 1.945902757460128e+00
6.62500 1.954698468515066e+00
6.63750 1.961475854666074e+00
6.65000 1.966575613588287e+00
6.66250 1.970760921189280e+00
6.67500 1.974520189403397e+00
6.68750 1.978000016976492e+00
6.70000 1.981214468627594e+00
6.71250 1.984044498646440e+00
6.72500 1.985974208123244e+00
6.73750 1.985980522930292e+00
6.75000 1.983221522299648e+00
6.76250 1.978243627085983e+00
6.77500 1.973163772599360e+00
6.78750 1.970355221333641e+00
6.80000 1.971149523561210e+00
6.81250 1.975547992732815e+00
6.82500 1.982604264850297e+00
6.83750 1.990907074300563e+00
6.85000 1.998592595989839e+00
6.86250 2.003542939271577e+00
6.87500 2.005890003761056e+00
6.88750 2.009440088286765e+00
6.90000 2.017815340526338e+00
6.91250 2.031714654202962e+00
6.92500 2.049730292356508e+00
6.93750 2.069601676693797e+00
6.95000 2.087089830824624e+00
6.96250 2.097475981131455e+00
6.97500 2.104680801558637e+00
6.98750 2.118291544748632e+00
7.00000 2.143371549196504e+00
7.01250 2.178062368994689e+00
7.02500 2.201852864393084e+00
7.03750 2.218630913777925e+00
7.05000 2.198397690745677e+00
7.06250 2.165751521321097e+00
7.07500 2.152045608080847e+00
7.08750 2.141119953563384e+00
7.10000 2.128524258586055e+00
7.11250 2.120223088092259e+00
7.12500 2.119103555893699e+00
7.13750 2.122416365974493e+00
7.15000 2.126614080857180e+00
7.16250 2.128804170603601e+00
7.17500 2.127900566792946e+00
7.18750 2.124967828891323e+00
7.20000 2.121389556186205e+00
7.21250 2.118149600109851e+00
7.22500 2.116013480271570e+00
7.23750 2.115144326445799e+00
7.25000 2.114794335986231e+00
7.26250 2.113694866737349e+00
7.27500 2.110946208878496e+00
7.28750 2.106625646218228e+00
7.30000 2.101550829359824e+00
7.31250 2.096574517454187e+00
7.32500 2.092137744069775e+00
7.33750 2.088291463728064e+00
7.35000 2.084908739747324e+00
7.36250 2.081826571856603e+00
7.37500 2.078898401650835e+00
7.38750 2.076025788230969e+00
7.40000 2.073181868933998e+00
7.41250 2.070412358883961e+00
7.42500 2.067815954978833e+00
7.43750 2.065504512142990e+00
7.45000 2.063537647071428e+00
7.46250 2.061862814700607e+00
7.47500 2.060338363606506e+00
7.48750 2.058873516296084e+00
7.50000 2.057582094997911e+00
7.51250 2.056800536614197e+00
7.52500 2.056967020716012e+00
7.53750 2.058485473057686e+00
7.55000 2.061626121040846e+00
7.56250 2.066338191249453e+00
7.57500 2.071782069951129e+00
7.58750 2.076013189232127e+00
7.60000 2.077385669583655e+00
7.61250 2.076492421221177e+00
7.62500 2.074922140234178e+00
7.63750 2.073467395351977e+00
7.65000 2.072335792807802e+00
7.66250 2.071729272757409e+00
7.67500 2.071897803673122e+00
7.68750 2.072993312284838e+00
7.70000 2.075020209325161e+00
7.71250 2.077876231135851e+00
7.72500 2.081404975773298e+00
7.73750 2.085429704770513e+00
7.75000 2.089774480963848e+00
7.76250 2.094285815019734e+00
7.77500 2.098857908443746e+00
7.78750 2.103450317033396e+00
7.80000 2.108084723939450e+00
7.81250 2.112823205470240e+00
7.82500 2.117746092919022e+00
7.83750 2.122943359157845e+00
7.85000 2.128515362419892e+00
7.86250 2.134568858122280e+00
7.87500 2.141201377635895e+00
7.88750 2.148479316674051e+00
7.90000 2.156417215985921e+00
7.91250 2.164957958328483e+00
7.92500 2.173949275792938e+00
7.93750 2.183119717661528e+00
7.95000 2.192071280019796e+00
7.96250 2.200313692871274e+00
7.97500 2.207357164839807e+00
7.98750 2.212851483863445e+00
8.00000 2.216716704216312e+00
8.01250 2.219186685521839e+00
8.02500 2.220724405217012e+00
8.03750 2.221854208503773e+00
8.05000 2.223007921128139e+00
8.06250 2.224453590950835e+00
8.07500 2.226313527795865e+00
8.08750 2.228636821665241e+00
8.10000 2.231479295969080e+00
8.11250 2.234951534187707e+00
8.12500 2.239217874144704e+00
8.13750 2.244455882715288e+00
8.15000 2.250800882227178e+00
8.16250 2.258298917904344e+00
8.17500 2.266883268280932e+00
8.18750 2.276378762053731e+00
8.20000 2.286522962738871e+00
8.21250 2.296985973904052e+00
8.22500 2.307376012085886e+00
8.23750 2.317297677514580e+00
8.25000 2.326428835241438e+00
8.26250 2.334623064555541e+00
8.27500 2.341919484114939e+00
8.28750 2.348450780264597e+00
8.30000 2.354354065276834e+00
8.31250 2.359770286194280e+00
8.32500 2.364913226569406e+00
8.33750 2.370138826833779e+00
8.35000 2.376004081665135e+00
8.36250 2.383499064097161e+00
8.37500 2.395314086568761e+00
8.38750 2.421698123006176e+00
8.40000 2.436886183708368e+00
8.41250 2.430494072914426e+00
8.42500 2.429879402242081e+00
8.43750 2.436201672260531e+00
8.45000 2.447585938411056e+00
8.46250 2.463200907213761e+00
8.47500 2.483358301319573e+00
8.48750 2.510970931521538e+00
8.50000 2.546182925347741e+00
8.51250 2.564877489245208e+00
8.52500 2.547395754229578e+00
8.53750 2.522626317223556e+00
8.55000 2.505719816881746e+00
8.56250 2.495568413464623e+00
8.57500 2.490035653975381e+00
8.58750 2.487831048508715e+00
8.60000 2.488421518016044e+00
8.61250 2.492821970031948e+00
8.62500 2.501847601067364e+00
8.63750 2.515397898165271e+00
8.65000 2.533177509848946e+00
8.66250 2.561195842214268e+00
8.67500 2.579253270242475e+00
8.68750 2.587294509916671e+00
8.70000 2.605110345257768e+00
8.71250 2.625134223348163e+00
8.72500 2.644288901358605e+00
8.73750 2.657706563708730e+00
8.75000 2.661200443149272e+00
8.76250 2.655153898343177e+00
8.77500 2.644069193695878e+00
8.78750 2.632943056632721e+00
8.80000 2.625571513169293e+00
8.81250 2.625716243057271e+00
8.82500 2.641701931547872e+00
8.83750 2.695414275689423e+00
8.85000 2.729372767563253e+00
8.86250 2.663831783646273e+00
8.87500 2.623753275619328e+00
8.88750 2.609003241925387e+00
8.90000 2.602834349168146e+00
8.91250 2.598758260858130e+00
8.92500 2.593590121690856e+00
8.93750 2.586071151539581e+00
8.95000 2.576664562280382e+00
8.96250 2.566743463283169e+00
8.97500 2.557585738457599e+00
8.98750 2.549885285191519e+00
9.00000 2.543765184078594e+00
9.01250 2.538972809843265e+00
9.02500 2.535065380093741e+00
9.03750 2.531540645778450e+00
9.05000 2.527922441827384e+00
9.06250 2.523815637634107e+00
9.07500 2.518938332360216e+00
9.08750 2.513133066528827e+00
9.10000 2.506355089587913e+00
9.11250 2.498639547463123e+00
9.12500 2.490064880600939e+00
9.13750 2.480742465077717e+00
9.15000 2.470841447586739e+00
9.16250 2.460611286534303e+00
9.17500 2.450353879940807e+00
9.18750 2.440342661024856e+00
9.20000 2.430732595816613e+00
9.21250 2.421507984412822e+00
9.22500 2.412491911328302e+00
9.23750 2.403419746687083e+00
9.25000 2.394055547061722e+00
9.26250 2.384302506951579e+00
9.27500 2.374250987980747e+00
9.28750 2.364138877720519e+00
9.30000 2.354259094502646e+00
9.31250 2.344904198142701e+00
9.32500 2.336363096915064e+00
9.33750 2.328866863977634e+00
9.35000 2.322531701758200e+00
9.36250 2.317362072583551e+00
9.37500 2.313268923186058e+00
9.38750 2.310080271035509e+00
9.40000 2.307553113918291e+00
9.41250 2.305398923499391e+00
9.42500 2.303326757077611e+00
9.43750 2.301104599051718e+00
9.45000 2.298396617485483e+00
9.46250 2.294186086920352e+00
9.47500 2.288839266321717e+00
9.48750 2.282702331678269e+00
9.50000 2.275759736332694e+00
9.51250 2.268149916074883e+00
9.52500 2.259920990323598e+00
9.53750 2.250566518949593e+00
9.55000 2.240151655335945e+00
9.56250 2.229601291859997e+00
9.57500 2.219019067291680e+00
9.58750 2.208087513403065e+00
9.60000 2.197023597533615e+00
9.61250 2.186167299766504e+00
9.62500 2.175580014285817e+00
9.63750 2.165271669794683e+00
9.65000 2.155334262434551e+00
9.66250 2.145861704425842e+00
9.67500 2.136704070578183e+00
9.68750 2.127445741924331e+00
9.70000 2.118051023587187e+00
9.71250 2.109164610648120e+00
9.72500 2.101435373099374e+00
9.73750 2.095128107809269e+00
9.75000 2.090213806356013e+00
9.76250 2.086435236571938e+00
9.77500 2.083327539905004e+00
9.78750 2.080405202942850e+00
9.80000 2.077351601064994e+00
9.81250 2.073986507264542e+00
9.82500 2.070278803041694e+00
9.83750 2.066353810675132e+00
9.85000 2.062363933667695e+00
9.86250 2.058389805666779e+00
9.87500 2.054449600500666e+00
9.88750 2.050549259659264e+00
9.90000 2.046725024925959e+00
9.91250 2.043070307572783e+00
9.92500 2.039719584063714e+00
9.93750 2.036717204980852e+00
9.95000 2.033754993783766e+00
9.96250 2.030119274110127e+00
9.97500 2.025400822128128e+00
9.98750 2.020163738693444e+00
10.00000 2.015185409568341e+00
