0.00001 -7.894121677523034e+03
0.01250 -1.035752945373655e+04
0.02500 -8.795486751514087e+03
0.03750 -7.022379282762102e+03
0.05000 -5.469957646095284e+03
0.06250 -4.252823930995527e+03
0.07500 -3.337590650865613e+03
0.08750 -2.655588621724406e+03
0.10000 -2.144307841506634e+03
0.11250 -1.756291125705007e+03
0.12500 -1.457974369492995e+03
0.13750 -1.226562797079459e+03
0.15000 -1.045279174729535e+03
0.16250 -8.991908307098900e+02
0.17500 -7.788135241143892e+02
0.18750 -6.790772880153979e+02
0.20000 -5.960576765747719e+02
0.21250 -5.265297983061525e+02
0.22500 -4.679801512780214e+02
0.23750 -4.185071781039813e+02
0.25000 -3.766477910558368e+02
0.26250 -3.411303348029741e+02
0.27500 -3.106633485637876e+02
0.28750 -2.840066259482190e+02
0.30000 -2.602513453166279e+02
0.31250 -2.388938293755639e+02
0.32500 -2.196633304440842e+02
0.33750 -2.023628193471512e+02
0.35000 -1.868105557204090e+02
0.36250 -1.728348251141748e+02
0.37500 -1.602799566502011e+02
0.38750 -1.490059972506116e+02
0.40000 -1.388680730128364e+02
0.41250 -1.296608947014195e+02
0.42500 -1.210063867228415e+02
0.43750 -1.121045598670378e+02
0.45000 -1.091108020860187e+02
0.46250 -1.073351564961503e+02
0.47500 -9.998779376488613e+01
0.48750 -9.410807767548488e+01
0.50000 -8.885099557469327e+01
0.51250 -8.402428668387674e+01
0.52500 -7.962442485024363e+01
0.53750 -7.565642928994063e+01
0.55000 -7.204483072615125e+01
0.56250 -6.867724063465072e+01
0.57500 -6.554871356987094e+01
0.58750 -6.265006757877813e+01
0.60000 -5.995126427795350e+01
0.61250 -5.745196275786792e+01
0.62500 -5.516930252322773e+01
0.63750 -5.308526240036569e+01
0.65000 -5.115905059323229e+01
0.66250 -4.936859501472518e+01
0.67500 -4.767697954286669e+01
0.68750 -4.602863042907477e+01
0.70000 -4.439531172789180e+01
0.71250 -4.278530017212641e+01
0.72500 -4.120442733255440e+01
0.73750 -3.964996225741257e+01
0.75000 -3.814641675343136e+01
0.76250 -3.673473397077558e+01
0.77500 -3.543809980372839e+01
0.78750 -3.424709718825051e+01
0.80000 -3.313307733168269e+01
0.81250 -3.207691937855970e+01
0.82500 -3.107912098350741e+01
0.83750 -3.014348157117550e+01
0.85000 -2.925719924078608e+01
0.86250 -2.839373301220874e+01
0.87500 -2.753740244119448e+01
0.88750 -2.669317522111926e+01
0.90000 -2.587838241743697e+01
0.91250 -2.511861650721669e+01
0.92500 -2.443580074215838e+01
0.93750 -2.381659801840328e+01
0.95000 -2.321841239527253e+01
0.96250 -2.262464832922005e+01
0.97500 -2.205548324343412e+01
0.98750 -2.154380248697422e+01
1.00000 -2.111572299346208e+01
1.01250 -2.077714068676768e+01
1.02500 -2.051144147481387e+01
1.03750 -2.029227761026754e+01
1.05000 -2.009644105466866e+01
1.06250 -1.990146398775833e+01
1.07500 -1.967996383479603e+01
1.08750 -1.940917847232157e+01
1.10000 -1.908199379466545e+01
1.11250 -1.870881563507208e+01
1.12500 -1.831497390110703e+01
1.13750 -1.793260607459226e+01
1.15000 -1.759118483606706e+01
1.16250 -1.731109148080157e+01
1.17500 -1.709927397145803e+01
1.18750 -1.694488830958464e+01
1.20000 -1.681824479007857e+01
1.21250 -1.668343363002521e+01
1.22500 -1.651952349210513e+01
1.23750 -1.632548472329588e+01
1.25000 -1.610745333095455e+01
1.26250 -1.586909091799993e+01
1.27500 -1.561213344176019e+01
1.28750 -1.534016913442926e+01
1.30000 -1.505997343899314e+01
1.31250 -1.478017722300940e+01
1.32500 -1.450861448038942e+01
1.33750 -1.424939153342430e+01
1.35000 -1.400208444350347e+01
1.36250 -1.376495097454627e+01
1.37500 -1.353854929375518e+01
1.38750 -1.332531645113512e+01
1.40000 -1.312778617984125e+01
1.41250 -1.294867361042803e+01
1.42500 -1.278967718319649e+01
1.43750 -1.264720827039830e+01
1.45000 -1.251038857563713e+01
1.46250 -1.236584707021555e+01
1.47500 -1.220515900018990e+01
1.48750 -1.202835256760123e+01
1.50000 -1.184291992441371e+01
1.51250 -1.166120283145070e+01
1.52500 -1.149754758590247e+01
1.53750 -1.136460074546819e+01
1.55000 -1.126826512862377e+01
1.56250 -1.120406445931391e+01
1.57500 -1.116015590089877e+01
1.58750 -1.112588310542275e+01
1.60000 -1.109623581358549e+01
1.61250 -1.106887418750066e+01
1.62500 -1.104035229281096e+01
1.63750 -1.100599356467650e+01
1.65000 -1.096243021218940e+01
1.66250 -1.090954198649005e+01
1.67500 -1.084951227736472e+01
1.68750 -1.078373814130529e+01
1.70000 -1.070891570892152e+01
1.71250 -1.061845759552271e+01
1.72500 -1.051498321744409e+01
1.73750 -1.041931059890060e+01
1.75000 -1.036134312938207e+01
1.76250 -1.035823431908304e+01
1.77500 -1.039180680112663e+01
1.78750 -1.041214983134537e+01
1.80000 -1.038956288422705e+01
1.81250 -1.035236519774930e+01
1.82500 -1.033079546915686e+01
1.83750 -1.030639371825515e+01
1.85000 -1.028593372151297e+01
1.86250 -1.028582195630410e+01
1.87500 -1.039432028445525e+01
1.88750 -1.078086793274921e+01
1.90000 -1.092394532309851e+01
1.91250 -1.077346323598066e+01
1.92500 -1.056172576159229e+01
1.93750 -1.035901022540752e+01
1.95000 -1.017671311698306e+01
1.96250 -1.000015149465349e+01
1.97500 -9.820413707562583e+00
1.98750 -9.643009265955151e+00
2.00000 -9.475156815954225e+00
2.01250 -9.320877570335654e+00
2.02500 -9.181453700562269e+00
2.03750 -9.055728422652376e+00
2.05000 -8.940128153183986e+00
2.06250 -8.829444082562560e+00
2.07500 -8.718643696967996e+00
2.08750 -8.604751420343913e+00
2.10000 -8.487427692536857e+00
2.11250 -8.368134506302034e+00
2.12500 -8.248923017591904e+00
2.13750 -8.131586043949488e+00
2.15000 -8.017290046346305e+00
2.16250 -7.906558283147088e+00
2.17500 -7.799392782613262e+00
2.18750 -7.695399746912116e+00
2.20000 -7.594049309698041e+00
2.21250 -7.495090259686496e+00
2.22500 -7.398673236710135e+00
2.23750 -7.304939911830317e+00
2.25000 -7.213587704701011e+00
2.26250 -7.124090600810929e+00
2.27500 -7.036389633159523e+00
2.28750 -6.951172491781262e+00
2.30000 -6.869574314689048e+00
2.31250 -6.792728421684281e+00
2.32500 -6.721257281599124e+00
2.33750 -6.654781855345227e+00
2.35000 -6.591881975904124e+00
2.36250 -6.530831607903060e+00
2.37500 -6.470558849629024e+00
2.38750 -6.410458489267208e+00
2.40000 -6.349650152504328e+00
2.41250 -6.286828087243563e+00
2.42500 -6.220614573647469e+00
2.43750 -6.150003344496174e+00
2.45000 -6.074632127033983e+00
2.46250 -5.994808549436806e+00
2.47500 -5.911362255055711e+00
2.48750 -5.825436036346443e+00
2.50000 -5.738283184107895e+00
2.51250 -5.651093655548240e+00
2.52500 -5.564864296408333e+00
2.53750 -5.480334266014639e+00
2.55000 -5.398001538937708e+00
2.56250 -5.318217651824772e+00
2.57500 -5.241330136061355e+00
2.58750 -5.167815779523868e+00
2.60000 -5.098344915386845e+00
2.61250 -5.033748921029484e+00
2.62500 -4.974908473792508e+00
2.63750 -4.922601587388433e+00
2.65000 -4.877336356290863e+00
2.66250 -4.839168502532667e+00
2.67500 -4.807499097590683e+00
2.68750 -4.780884436904361e+00
2.70000 -4.756978735117310e+00
2.71250 -4.732800024224221e+00
2.72500 -4.705387233044839e+00
2.73750 -4.672594350746049e+00
2.75000 -4.633588439870004e+00
2.76250 -4.588837571442375e+00
2.77500 -4.539741807588522e+00
2.78750 -4.488201478174202e+00
2.80000 -4.436317033677243e+00
2.81250 -4.386270323274661e+00
2.82500 -4.340333842298114e+00
2.83750 -4.300830512175948e+00
2.85000 -4.269691846813816e+00
2.86250 -4.247339045817773e+00
2.87500 -4.231570805027294e+00
2.88750 -4.218225672089201e+00
2.90000 -4.203694329687627e+00
2.91250 -4.186516827603902e+00
2.92500 -4.166757684162093e+00
2.93750 -4.144674340537067e+00
2.95000 -4.119981082085026e+00
2.96250 -4.091815346606849e+00
2.97500 -4.059114004458498e+00
2.98750 -4.021102393980457e+00
3.00000 -3.977655590558324e+00
3.01250 -3.929421852374568e+00
3.02500 -3.877710035378747e+00
3.03750 -3.824174842307415e+00
3.05000 -3.770385594754256e+00
3.06250 -3.717497998953434e+00
3.07500 -3.666313180225167e+00
3.08750 -3.617736590453579e+00
3.10000 -3.573196659450485e+00
3.11250 -3.534567360656093e+00
3.12500 -3.503574305453614e+00
3.13750 -3.480963282524324e+00
3.15000 -3.465806337148895e+00
3.16250 -3.455405948092524e+00
3.17500 -3.446033668256503e+00
3.18750 -3.434089089017537e+00
3.20000 -3.416928888386330e+00
3.21250 -3.393038202485556e+00
3.22500 -3.361759369770440e+00
3.23750 -3.322963100994828e+00
3.25000 -3.277004686402105e+00
3.26250 -3.225019130278632e+00
3.27500 -3.169165317731699e+00
3.28750 -3.112349469024866e+00
3.30000 -3.057226041254387e+00
3.31250 -3.004959139338658e+00
3.32500 -2.955431468008700e+00
3.33750 -2.909566889867141e+00
3.35000 -2.871022915572496e+00
3.36250 -2.845183815845914e+00
3.37500 -2.836521349547732e+00
3.38750 -2.845871746288017e+00
3.40000 -2.868981090701685e+00
3.41250 -2.897569999499477e+00
3.42500 -2.922835556202553e+00
3.43750 -2.939304624081598e+00
3.45000 -2.946115356167508e+00
3.46250 -2.945108641395846e+00
3.47500 -2.938065126728320e+00
3.48750 -2.925341989265065e+00
3.50000 -2.906489349577084e+00
3.51250 -2.881846792587119e+00
3.52500 -2.853889039838513e+00
3.53750 -2.827399605823124e+00
3.55000 -2.807325372382090e+00
3.56250 -2.795482225065512e+00
3.57500 -2.790649686158702e+00
3.58750 -2.791060331514532e+00
3.60000 -2.794827591688661e+00
3.61250 -2.801631382110377e+00
3.62500 -2.813942127974419e+00
3.63750 -2.833552469931080e+00
3.65000 -2.857438074548135e+00
3.66250 -2.877707232952521e+00
3.67500 -2.887265476631712e+00
3.68750 -2.884657641438275e+00
3.70000 -2.869772124676244e+00
3.71250 -2.841759182944370e+00
3.72500 -2.836440942583401e+00
3.73750 -2.926109051968367e+00
3.75000 -2.911628678615709e+00
3.76250 -2.862936744340860e+00
3.77500 -2.832053644640498e+00
3.78750 -2.831356181972926e+00
3.80000 -2.813624160644896e+00
3.81250 -2.767185976627695e+00
3.82500 -2.749579540599213e+00
3.83750 -2.710747708480183e+00
3.85000 -2.648474525025170e+00
3.86250 -2.587687732603436e+00
3.87500 -2.531159608522974e+00
3.88750 -2.478385346282344e+00
3.90000 -2.428678337184040e+00
3.91250 -2.381286987270693e+00
3.92500 -2.335193951987224e+00
3.93750 -2.289504779357060e+00
3.95000 -2.243937950965857e+00
3.96250 -2.198707981980301e+00
3.97500 -2.154321620591837e+00
3.98750 -2.111358603453509e+00
4.00000 -2.070269937302189e+00
4.01250 -2.031568164262861e+00
4.02500 -1.995891936865426e+00
4.03750 -1.963666203126578e+00
4.05000 -1.934872530500730e+00
4.06250 -1.909161371973179e+00
4.07500 -1.886176539477572e+00
4.08750 -1.865674792325669e+00
4.10000 -1.847342004677150e+00
4.11250 -1.830529072146824e+00
4.12500 -1.814256673088046e+00
4.13750 -1.797634273473585e+00
4.15000 -1.780070876972201e+00
4.16250 -1.761086709560507e+00
4.17500 -1.740214053203760e+00
4.18750 -1.717132926420423e+00
4.20000 -1.691779937818864e+00
4.21250 -1.664211071317985e+00
4.22500 -1.634465309375210e+00
4.23750 -1.602778643511632e+00
4.25000 -1.569713513608417e+00
4.26250 -1.535820737649457e+00
4.27500 -1.501300919745473e+00
4.28750 -1.466129831858965e+00
4.30000 -1.430432450037341e+00
4.31250 -1.394617944094418e+00
4.32500 -1.359289759430052e+00
4.33750 -1.325071161294694e+00
4.35000 -1.292314828010043e+00
4.36250 -1.260913260332253e+00
4.37500 -1.230630059616620e+00
4.38750 -1.201574876065509e+00
4.40000 -1.174164460733776e+00
4.41250 -1.148841785992104e+00
4.42500 -1.125848907432305e+00
4.43750 -1.104978836901015e+00
4.45000 -1.085506447751518e+00
4.46250 -1.066530831552192e+00
4.47500 -1.047331634234244e+00
4.48750 -1.027381234746557e+00
4.50000 -1.006262754581851e+00
4.51250 -9.837207405099051e-01
4.52500 -9.597532388931482e-01
4.53750 -9.346042868433642e-01
4.55000 -9.086686020088042e-01
4.56250 -8.823937580170187e-01
4.57500 -8.562078999848399e-01
4.58750 -8.304627144548180e-01
4.60000 -8.053994801906914e-01
4.61250 -7.811590915700042e-01
4.62500 -7.578808801793782e-01
4.63750 -7.358924950697556e-01
4.65000 -7.156721561692578e-01
4.66250 -6.972111041756424e-01
4.67500 -6.794302070206546e-01
4.68750 -6.608909680823687e-01
4.70000 -6.409784673392540e-01
4.71250 -6.199652798624806e-01
4.72500 -5.983932748960890e-01
4.73750 -5.765970703875467e-01
4.75000 -5.545874426748414e-01
4.76250 -5.322544190909069e-01
4.77500 -5.096408954565219e-01
4.78750 -4.870861715155068e-01
4.80000 -4.653142919557232e-01
4.81250 -4.456121318318387e-01
4.82500 -4.299217025923419e-01
4.83750 -4.195431922833661e-01
4.85000 -4.115676277388578e-01
4.86250 -3.986535860595530e-01
4.87500 -3.715251363603758e-01
4.88750 -4.729732313014081e-01
4.90000 -4.896201479828584e-01
4.91250 -4.660502751866635e-01
4.92500 -4.611586981271349e-01
4.93750 -4.595036940679995e-01
4.95000 -4.489848269298073e-01
4.96250 -4.352776329009165e-01
4.97500 -4.220721883608940e-01
4.98750 -4.091453491514729e-01
5.00000 -3.951050111811460e-01
5.01250 -3.793671757849286e-01
5.02500 -3.621956550259096e-01
5.03750 -3.439586427485599e-01
5.05000 -3.248382723324372e-01
5.06250 -3.049052160863299e-01
5.07500 -2.842377492147967e-01
5.08750 -2.629785440417343e-01
5.10000 -2.413323534770027e-01
5.11250 -2.195313655213988e-01
5.12500 -1.977921026280327e-01
5.13750 -1.762771777612708e-01
5.15000 -1.550681532964986e-01
5.16250 -1.341581028075025e-01
5.17500 -1.134756679129489e-01
5.18750 -9.293794913280018e-02
5.20000 -7.250284578162103e-02
5.21250 -5.218956112337159e-02
5.22500 -3.206679921862188e-02
5.23750 -1.223194773015690e-02
5.25000 7.202071507066754e-03
5.26250 2.611546628286765e-02
5.27500 4.439835715953933e-02
5.28750 6.198056476196501e-02
5.30000 7.886400273440675e-02
5.31250 9.513932297295868e-02
5.32500 1.109763171465259e-01
5.33750 1.265952303193743e-01
5.35000 1.422358715624048e-01
5.36250 1.581340118825847e-01
5.37500 1.745023134939354e-01
5.38750 1.915110657908927e-01
5.40000 2.092704417642921e-01
5.41250 2.278204091690633e-01
5.42500 2.471335410883898e-01
5.43750 2.671337555972794e-01
5.45000 2.877340656959260e-01
5.46250 3.088993978468978e-01
5.47500 3.307422867590712e-01
5.48750 3.535727079562481e-01
5.50000 3.758917651917673e-01
5.51250 3.772887381838818e-01
5.52500 3.859390967462806e-01
5.53750 4.070844697495575e-01
5.55000 4.273223068764292e-01
5.56250 4.386288427053241e-01
5.57500 4.541432315157982e-01
5.58750 4.734203278593968e-01
5.60000 4.878936637013784e-01
5.61250 5.019481071595900e-01
5.62500 5.125139944113668e-01
5.63750 5.294234425513649e-01
5.65000 5.469154857874777e-01
5.66250 5.625037830170725e-01
5.67500 5.732707018928327e-01
5.68750 5.751926353697512e-01
5.70000 5.747825885541005e-01
5.71250 5.801889873427213e-01
5.72500 5.901734886663380e-01
5.73750 6.031469384879617e-01
5.75000 6.180397777088074e-01
5.76250 6.338848311351410e-01
5.77500 6.499669444637599e-01
5.78750 6.658395808758151e-01
5.80000 6.813677633792914e-01
5.81250 6.968149837689299e-01
5.82500 7.126964794424030e-01
5.83750 7.293752461074232e-01
5.85000 7.468411857814982e-01
5.86250 7.648431191239640e-01
5.87500 7.831016570414281e-01
5.88750 8.014087364041589e-01
5.90000 8.196298202349523e-01
5.91250 8.376808949009942e-01
5.92500 8.555231058013846e-01
5.93750 8.731865664501650e-01
5.95000 8.907854401610331e-01
5.96250 9.084840212329921e-01
5.97500 9.264733587724072e-01
5.98750 9.449932154829725e-01
6.00000 9.643608782536885e-01
6.01250 9.850063693320993e-01
6.02500 1.007552273584154e+00
6.03750 1.033041781612928e+00
6.05000 1.063597610065587e+00
6.06250 1.104542289852610e+00
6.07500 1.172158431252442e+00
6.08750 1.226487205655767e+00
6.10000 8.941468668796961e-01
6.11250 9.883938897607623e-01
6.12500 1.038885177160320e+00
6.13750 1.070874743135708e+00
6.15000 1.094359185838705e+00
6.16250 1.112952080454539e+00
6.17500 1.128369524438005e+00
6.18750 1.141723278193878e+00
6.20000 1.153931158899686e+00
6.21250 1.165758585983596e+00
6.22500 1.177732914508159e+00
6.23750 1.190183291388067e+00
6.25000 1.203110038522367e+00
6.26250 1.215710049726372e+00
6.27500 1.229293267044034e+00
6.28750 1.245144255250481e+00
6.30000 1.259848210216659e+00
6.31250 1.270652213371889e+00
6.32500 1.284236098059817e+00
6.33750 1.298448793334360e+00
6.35000 1.311496822865172e+00
6.36250 1.323227955164268e+00
6.37500 1.333609395415428e+00
6.38750 1.342671698180121e+00
6.40000 1.350698464054575e+00
6.41250 1.358076004338299e+00
6.42500 1.365130301212368e+00
6.43750 1.372183781707027e+00
6.45000 1.379487113317921e+00
6.46250 1.387056107716080e+00
6.47500 1.394681074633331e+00
6.48750 1.402156436863206e+00
6.50000 1.409483335656742e+00
6.51250 1.416902029764843e+00
6.52500 1.424800869811339e+00
6.53750 1.433486893162065e+00
6.55000 1.442878051297181e+00
6.56250 1.452408280260169e+00
6.57500 1.461248491743187e+00
6.58750 1.468599196970325e+00
6.60000 1.473865643643397e+00
6.61250 1.476830926959791e+00
6.62500 1.477976814295361e+00
6.63750 1.478444670291424e+00
6.65000 1.479206320590690e+00
6.66250 1.480473342011205e+00
6.67500 1.482002501656632e+00
6.68750 1.483539057452923e+00
6.70000 1.484874699687682e+00
6.71250 1.485724404365169e+00
6.72500 1.485848777847248e+00
6.73750 1.485648476022977e+00
6.75000 1.486675823916001e+00
6.76250 1.490961767711597e+00
6.77500 1.499438572727009e+00
6.78750 1.511257454959715e+00
6.80000 1.524501693646720e+00
6.81250 1.537212350450513e+00
6.82500 1.548004476759302e+00
6.83750 1.556157347863490e+00
6.85000 1.561722791265650e+00
6.86250 1.566667084657864e+00
6.87500 1.574717259770947e+00
6.88750 1.587207720864727e+00
6.90000 1.601587584313798e+00
6.91250 1.614285297631044e+00
6.92500 1.622761309018491e+00
6.93750 1.625228943239706e+00
6.95000 1.621457733118996e+00
6.96250 1.617454768031954e+00
6.97500 1.620557329394502e+00
6.98750 1.628516060989187e+00
7.00000 1.632576900065028e+00
7.01250 1.619708868315396e+00
7.02500 1.588658061691383e+00
7.03750 1.557817495390477e+00
7.05000 1.503116464624186e+00
7.06250 1.503819487677225e+00
7.07500 1.503772627262784e+00
7.08750 1.502376854419090e+00
7.10000 1.505623559279760e+00
7.11250 1.514604027561068e+00
7.12500 1.523280374736226e+00
7.13750 1.528100422488814e+00
7.15000 1.528531583569515e+00
7.16250 1.526040077244363e+00
7.17500 1.523230216165299e+00
7.18750 1.521656350449031e+00
7.20000 1.521451461747163e+00
7.21250 1.522427963119352e+00
7.22500 1.524078930818380e+00
7.23750 1.525415001344130e+00
7.25000 1.525531038573721e+00
7.26250 1.524352566818526e+00
7.27500 1.522780489695626e+00
7.28750 1.522015466451014e+00
7.30000 1.522721886455342e+00
7.31250 1.524813552046955e+00
7.32500 1.527826476395316e+00
7.33750 1.531325680997066e+00
7.35000 1.535048761697695e+00
7.36250 1.538880857175769e+00
7.37500 1.542813486847293e+00
7.38750 1.546913092449369e+00
7.40000 1.551279282548358e+00
7.41250 1.555999395818027e+00
7.42500 1.561110036293405e+00
7.43750 1.566567864506569e+00
7.45000 1.572251850182752e+00
7.46250 1.578034310550193e+00
7.47500 1.583904314411987e+00
7.48750 1.590033181132534e+00
7.50000 1.596680817911942e+00
7.51250 1.604001995413139e+00
7.52500 1.611912922911163e+00
7.53750 1.620069022590321e+00
7.55000 1.627861082876942e+00
7.56250 1.634363245804963e+00
7.57500 1.638461552812126e+00
7.58750 1.639814397074852e+00
7.60000 1.640078188749180e+00
7.61250 1.641517987926610e+00
7.62500 1.644731827689329e+00
7.63750 1.649273157706277e+00
7.65000 1.654826703345397e+00
7.66250 1.661264242646643e+00
7.67500 1.668386535752749e+00
7.68750 1.675890189589515e+00
7.70000 1.683465297023624e+00
7.71250 1.690865227335260e+00
7.72500 1.697923467360011e+00
7.73750 1.704548111030526e+00
7.75000 1.710716121706978e+00
7.76250 1.716469333241279e+00
7.77500 1.721901935886907e+00
7.78750 1.727132428083257e+00
7.80000 1.732268817127055e+00
7.81250 1.737385685003310e+00
7.82500 1.742521164006666e+00
7.83750 1.747682886818639e+00
7.85000 1.752847387305844e+00
7.86250 1.757950191234588e+00
7.87500 1.762876528972225e+00
7.88750 1.767461516336251e+00
7.90000 1.771498961901605e+00
7.91250 1.774754431577609e+00
7.92500 1.776985568701172e+00
7.93750 1.777980416585676e+00
7.95000 1.777620552884209e+00
7.96250 1.775958856893708e+00
7.97500 1.773279593709612e+00
7.98750 1.770094744075026e+00
8.00000 1.767044381101188e+00
8.01250 1.764722310960322e+00
8.02500 1.763511462254258e+00
8.03750 1.763518848344197e+00
8.05000 1.764630045618725e+00
8.06250 1.766629407197337e+00
8.07500 1.769314546202101e+00
8.08750 1.772558704861152e+00
8.10000 1.776308681601308e+00
8.11250 1.780535186870662e+00
8.12500 1.785170323466258e+00
8.13750 1.790065413141839e+00
8.15000 1.794984693515189e+00
8.16250 1.799631753648394e+00
8.17500 1.803694750962772e+00
8.18750 1.806891232340833e+00
8.20000 1.808997268551376e+00
8.21250 1.809864807885519e+00
8.22500 1.809446994120105e+00
8.23750 1.807861279015331e+00
8.25000 1.805388202212249e+00
8.26250 1.802422595509575e+00
8.27500 1.799341776426360e+00
8.28750 1.796428381935109e+00
8.30000 1.793902243698079e+00
8.31250 1.791996570640429e+00
8.32500 1.790989109887295e+00
8.33750 1.791176788657357e+00
8.35000 1.792869166582265e+00
8.36250 1.796495056770186e+00
8.37500 1.802669552624901e+00
8.38750 1.806325994008572e+00
8.40000 1.776620326356289e+00
8.41250 1.768527979865854e+00
8.42500 1.770357283628572e+00
8.43750 1.775041440778808e+00
8.45000 1.779110767494103e+00
8.46250 1.781658001567938e+00
8.47500 1.782136935620705e+00
8.48750 1.778333126509405e+00
8.50000 1.758613628542371e+00
8.51250 1.711474595796171e+00
8.52500 1.668601630678052e+00
8.53750 1.652543272777266e+00
8.55000 1.650091214096590e+00
8.56250 1.652231182109676e+00
8.57500 1.656243096111821e+00
8.58750 1.661276622120327e+00
8.60000 1.667632394307819e+00
8.61250 1.675337103601851e+00
8.62500 1.683072173313527e+00
8.63750 1.689388867998801e+00
8.65000 1.693699701609894e+00
8.66250 1.696990224354817e+00
8.67500 1.666316545529758e+00
8.68750 1.663083106111739e+00
8.70000 1.655570785263968e+00
8.71250 1.641991623702175e+00
8.72500 1.621006743663528e+00
8.73750 1.592724345671032e+00
8.75000 1.561403760597432e+00
8.76250 1.533676794351438e+00
8.77500 1.513906531811366e+00
8.78750 1.502773180073367e+00
8.80000 1.499199382124704e+00
8.81250 1.502217471104888e+00
8.82500 1.510688601480038e+00
8.83750 1.505659494800478e+00
8.85000 1.412337056903446e+00
8.86250 1.350772160893740e+00
8.87500 1.352858099079956e+00
8.88750 1.356593071407705e+00
8.90000 1.354271438610541e+00
8.91250 1.346841299404309e+00
8.92500 1.336160745727870e+00
8.93750 1.324594283690313e+00
8.95000 1.314201667029586e+00
8.96250 1.305918682785264e+00
8.97500 1.299555314767453e+00
8.98750 1.294339930360673e+00
9.00000 1.289417687638469e+00
9.01250 1.284102810713707e+00
9.02500 1.277953465530997e+00
9.03750 1.270765388046928e+00
9.05000 1.262535602899832e+00
9.06250 1.253414949863271e+00
9.07500 1.243655571799235e+00
9.08750 1.233556446444154e+00
9.10000 1.223412742943036e+00
9.11250 1.213482028424556e+00
9.12500 1.203981543937817e+00
9.13750 1.195109202089359e+00
9.15000 1.187049433534853e+00
9.16250 1.179932943761455e+00
9.17500 1.173772269206353e+00
9.18750 1.168428988241729e+00
9.20000 1.163645616798809e+00
9.21250 1.159131497894869e+00
9.22500 1.154669114403766e+00
9.23750 1.150201342588323e+00
9.25000 1.145859814788422e+00
9.26250 1.141912503185265e+00
9.27500 1.138650899006988e+00
9.28750 1.136278310870937e+00
9.30000 1.134867438153511e+00
9.31250 1.134388119001870e+00
9.32500 1.134705192468482e+00
9.33750 1.135561872831940e+00
9.35000 1.136633635796021e+00
9.36250 1.137586949546740e+00
9.37500 1.138106797284029e+00
9.38750 1.137915172000566e+00
9.40000 1.136793758791979e+00
9.41250 1.134605684193680e+00
9.42500 1.131300987496542e+00
9.43750 1.126859550603178e+00
9.45000 1.121049594681454e+00
9.46250 1.114324210149792e+00
9.47500 1.107710916804758e+00
9.48750 1.101095335406906e+00
9.50000 1.094588840556389e+00
9.51250 1.088292967648778e+00
9.52500 1.082042995174773e+00
9.53750 1.075940790470701e+00
9.55000 1.070935100718236e+00
9.56250 1.067034160883437e+00
9.57500 1.063691168571649e+00
9.58750 1.060997648601743e+00
9.60000 1.059264388876782e+00
9.61250 1.058360111751302e+00
9.62500 1.058099141623919e+00
9.63750 1.058429383697645e+00
9.65000 1.059307960931312e+00
9.66250 1.060557238720736e+00
9.67500 1.061932124641664e+00
9.68750 1.063560098515989e+00
9.70000 1.066059665249318e+00
9.71250 1.069750013184589e+00
9.72500 1.074304964672409e+00
9.73750 1.079157983480864e+00
9.75000 1.083758981736359e+00
9.76250 1.087634857063388e+00
9.77500 1.090514522282767e+00
9.78750 1.092434861944333e+00
9.80000 1.093599466526970e+00
9.81250 1.094260786327623e+00
9.82500 1.094701388797606e+00
9.83750 1.095112338381325e+00
9.85000 1.095532077795681e+00
9.86250 1.095922747346364e+00
9.87500 1.096253192233060e+00
9.88750 1.096523404051226e+00
9.90000 1.096749322218146e+00
9.91250 1.096919902992081e+00
9.92500 1.096916007915238e+00
9.93750 1.096431274655885e+00
9.95000 1.095083972719340e+00
9.96250 1.092912266809852e+00
9.97500 1.090685314624577e+00
9.98750 1.089060474620197e+00
10.00000 1.087701391480847e+00
