0.00001 2.312091663212618e+04
0.01250 1.503783419370430e+04
0.02500 8.713377040288782e+03
0.03750 5.652579608041734e+03
0.05000 3.972675097250988e+03
0.06250 2.952487467238232e+03
0.07500 2.286058620280407e+03
0.08750 1.826312302077528e+03
0.10000 1.495466778014558e+03
0.11250 1.249234207748964e+03
0.12500 1.060876747247978e+03
0.13750 9.134666972416337e+02
0.15000 7.958578333889446e+02
0.16250 7.004644417088770e+02
0.17500 6.219766011122186e+02
0.18750 5.565860670323871e+02
0.20000 5.015031603609762e+02
0.21250 4.546459319636054e+02
0.22500 4.144347493494832e+02
0.23750 3.796533022688205e+02
0.25000 3.493525488382821e+02
0.26250 3.227830706190614e+02
0.27500 2.993466160325128e+02
0.28750 2.785608489671257e+02
0.30000 2.600333407353223e+02
0.31250 2.434421332067661e+02
0.32500 2.285210402163648e+02
0.33750 2.150484104702732e+02
0.35000 2.028384498408959e+02
0.36250 1.917344572476009e+02
0.37500 1.816035061509928e+02
0.38750 1.723322286998920e+02
0.40000 1.638234485280095e+02
0.41250 1.559934722231574e+02
0.42500 1.487698960654833e+02
0.43750 1.420898188486864e+02
0.45000 1.358983769736153e+02
0.46250 1.301475369880638e+02
0.47500 1.247950950677607e+02
0.48750 1.198038438217849e+02
0.50000 1.151408751453055e+02
0.51250 1.107769942750902e+02
0.52500 1.066862251978513e+02
0.53750 1.028453914641992e+02
0.55000 9.923375952882385e+01
0.56250 9.583273416294622e+01
0.57500 9.262559741308702e+01
0.58750 8.959728412079234e+01
0.60000 8.673418825512485e+01
0.61250 8.402399530796903e+01
0.62500 8.145553681132925e+01
0.63750 7.901866369451702e+01
0.65000 7.670413573764021e+01
0.66250 7.450352481982441e+01
0.67500 7.240913002482075e+01
0.68750 7.041390296788465e+01
0.70000 6.851138195783905e+01
0.71250 6.669563381648149e+01
0.72500 6.496120235151324e+01
0.73750 6.330306262505776e+01
0.75000 6.171658028251422e+01
0.76250 6.019747530996643e+01
0.77500 5.874178967589185e+01
0.78750 5.734585838715832e+01
0.80000 5.600628355244023e+01
0.81250 5.471991110003290e+01
0.82500 5.348380984307732e+01
0.83750 5.229525262465937e+01
0.85000 5.115169930913613e+01
0.86250 5.005078141522430e+01
0.87500 4.899028821156431e+01
0.88750 4.796815411725228e+01
0.90000 4.698244726870444e+01
0.91250 4.603135913060810e+01
0.92500 4.511319504297501e+01
0.93750 4.422636560874672e+01
0.95000 4.336937883726196e+01
0.96250 4.254083296840030e+01
0.97500 4.173940991054747e+01
0.98750 4.096386923284481e+01
1.00000 4.021304265862076e+01
1.01250 3.948582901257375e+01
1.02500 3.878118957927978e+01
1.03750 3.809814383502244e+01
1.05000 3.743576551885839e+01
1.06250 3.679317901230400e+01
1.07500 3.616955600011118e+01
1.08750 3.556411238734107e+01
1.10000 3.497610545038559e+01
1.11250 3.440483120176153e+01
1.12500 3.384962195044554e+01
1.13750 3.330984404125413e+01
1.15000 3.278489575832732e+01
1.16250 3.227420537916761e+01
1.17500 3.177722936693511e+01
1.18750 3.129345068982341e+01
1.20000 3.082237725734937e+01
1.21250 3.036354046429981e+01
1.22500 2.991649383389728e+01
1.23750 2.948081175248689e+01
1.25000 2.905608828871346e+01
1.26250 2.864193609076324e+01
1.27500 2.823798535579035e+01
1.28750 2.784388286614409e+01
1.30000 2.745929108746236e+01
1.31250 2.708388732410466e+01
1.32500 2.671736292776841e+01
1.33750 2.635942255547018e+01
1.35000 2.600978347337985e+01
1.36250 2.566817490327571e+01
1.37500 2.533433740864383e+01
1.38750 2.500802231767754e+01
1.40000 2.468899118064584e+01
1.41250 2.437701525929416e+01
1.42500 2.407187504611874e+01
1.43750 2.377335981151894e+01
1.45000 2.348126717698151e+01
1.46250 2.319540271258741e+01
1.47500 2.291557955725794e+01
1.48750 2.264161806027251e+01
1.50000 2.237334544269640e+01
1.51250 2.211059547745477e+01
1.52500 2.185320818687914e+01
1.53750 2.160102955663545e+01
1.55000 2.135391126501911e+01
1.56250 2.111171042667321e+01
1.57500 2.087428934985089e+01
1.58750 2.064151530640303e+01
1.60000 2.041326031372815e+01
1.61250 2.018940092797260e+01
1.62500 1.996981804781678e+01
1.63750 1.975439672822714e+01
1.65000 1.954302600359459e+01
1.66250 1.933559871971769e+01
1.67500 1.913201137412411e+01
1.68750 1.893216396425662e+01
1.70000 1.873595984307973e+01
1.71250 1.854330558169164e+01
1.72500 1.835411083855216e+01
1.73750 1.816828823496136e+01
1.75000 1.798575323644676e+01
1.76250 1.780642403973767e+01
1.77500 1.763022146502495e+01
1.78750 1.745706885322289e+01
1.80000 1.728689196796697e+01
1.81250 1.711961890209712e+01
1.82500 1.695517998839106e+01
1.83750 1.679350771432614e+01
1.85000 1.663453664066120e+01
1.86250 1.647820332364194e+01
1.87500 1.632444624064494e+01
1.88750 1.617320571908568e+01
1.90000 1.602442386842635e+01
1.91250 1.587804451512813e+01
1.92500 1.573401314040176e+01
1.93750 1.559227682061795e+01
1.95000 1.545278417024742e+01
1.96250 1.531548528720700e+01
1.97500 1.518033170049551e+01
1.98750 1.504727632000901e+01
2.00000 1.491627338843141e+01
2.01250 1.478727843510175e+01
2.02500 1.466024823176494e+01
2.03750 1.453514075011736e+01
2.05000 1.441191512106410e+01
2.06250 1.429053159560799e+01
2.07500 1.417095150729579e+01
2.08750 1.405313723614995e+01
2.10000 1.393705217401856e+01
2.11250 1.382266069127929e+01
2.12500 1.370992810483654e+01
2.13750 1.359882064735399e+01
2.15000 1.348930543766781e+01
2.16250 1.338135045232826e+01
2.17500 1.327492449822032e+01
2.18750 1.316999718621628e+01
2.20000 1.306653890581543e+01
2.21250 1.296452080072845e+01
2.22500 1.286391474536587e+01
2.23750 1.276469332219225e+01
2.25000 1.266682979990921e+01
2.26250 1.257029811243251e+01
2.27500 1.247507283862995e+01
2.28750 1.238112918278822e+01
2.30000 1.228844295577876e+01
2.31250 1.219699055689368e+01
2.32500 1.210674895632422e+01
2.33750 1.201769567825582e+01
2.35000 1.192980878455463e+01
2.36250 1.184306685902161e+01
2.37500 1.175744899219169e+01
2.38750 1.167293476665595e+01
2.40000 1.158950424288643e+01
2.41250 1.150713794554347e+01
2.42500 1.142581685024678e+01
2.43750 1.134552237079220e+01
2.45000 1.126623634679668e+01
2.46250 1.118794103175519e+01
2.47500 1.111061908149352e+01
2.48750 1.103425354300193e+01
2.50000 1.095882784363525e+01
2.51250 1.088432578066547e+01
2.52500 1.081073151117357e+01
2.53750 1.073802954226798e+01
2.55000 1.066620472161737e+01
2.56250 1.059524222828633e+01
2.57500 1.052512756386248e+01
2.58750 1.045584654386465e+01
2.60000 1.038738528942162e+01
2.61250 1.031973021921168e+01
2.62500 1.025286804165369e+01
2.63750 1.018678574734037e+01
2.65000 1.012147060170535e+01
2.66250 1.005691013791562e+01
2.67500 9.993092149981290e+00
2.68750 9.930004686075080e+00
2.70000 9.867636042054198e+00
2.71250 9.805974755177488e+00
2.72500 9.745009598011059e+00
2.73750 9.684729572515897e+00
2.75000 9.625123904311204e+00
2.76250 9.566182037107394e+00
2.77500 9.507893627303002e+00
2.78750 9.450248538739920e+00
2.80000 9.393236837611616e+00
2.81250 9.336848787519177e+00
2.82500 9.281074844670236e+00
2.83750 9.225905653216028e+00
2.85000 9.171332040721957e+00
2.86250 9.117345013767313e+00
2.87500 9.063935753669838e+00
2.88750 9.011095612331093e+00
2.90000 8.958816108198683e+00
2.91250 8.907088922341522e+00
2.92500 8.855905894634510e+00
2.93750 8.805259020049114e+00
2.95000 8.755140445046418e+00
2.96250 8.705542464069417e+00
2.97500 8.656457516131386e+00
2.98750 8.607878181497298e+00
3.00000 8.559797178455337e+00
3.01250 8.512207360175726e+00
3.02500 8.465101711654089e+00
3.03750 8.418473346736793e+00
3.05000 8.372315505225647e+00
3.06250 8.326621550059610e+00
3.07500 8.281384964571046e+00
3.08750 8.236599349814338e+00
3.10000 8.192258421964588e+00
3.11250 8.148356009784344e+00
3.12500 8.104886052156232e+00
3.13750 8.061842595679591e+00
3.15000 8.019219792329128e+00
3.16250 7.977011897173772e+00
3.17500 7.935213266153958e+00
3.18750 7.893818353915581e+00
3.20000 7.852821711698983e+00
3.21250 7.812217985281324e+00
3.22500 7.772001912970823e+00
3.23750 7.732168323651305e+00
3.25000 7.692712134875660e+00
3.26250 7.653628351006749e+00
3.27500 7.614912061404423e+00
3.28750 7.576558438657321e+00
3.30000 7.538562736858177e+00
3.31250 7.500920289921408e+00
3.32500 7.463626509941756e+00
3.33750 7.426676885592885e+00
3.35000 7.390066980564723e+00
3.36250 7.353792432038569e+00
3.37500 7.317848949198834e+00
3.38750 7.282232311780414e+00
3.40000 7.246938368650760e+00
3.41250 7.211963036425621e+00
3.42500 7.177302298117566e+00
3.43750 7.142952201816416e+00
3.45000 7.108908859400655e+00
3.46250 7.075168445279047e+00
3.47500 7.041727195161586e+00
3.48750 7.008581404859024e+00
3.50000 6.975727429110199e+00
3.51250 6.943161680436424e+00
3.52500 6.910880628022196e+00
3.53750 6.878880796621563e+00
3.55000 6.847158765489437e+00
3.56250 6.815711167337217e+00
3.57500 6.784534687312062e+00
3.58750 6.753626061999233e+00
3.60000 6.722982078446853e+00
3.61250 6.692599573212549e+00
3.62500 6.662475431431373e+00
3.63750 6.632606585904480e+00
3.65000 6.602990016208021e+00
3.66250 6.573622747821728e+00
3.67500 6.544501851276678e+00
3.68750 6.515624441321793e+00
3.70000 6.486987676108539e+00
3.71250 6.458588756393426e+00
3.72500 6.430424924757800e+00
3.73750 6.402493464844551e+00
3.75000 6.374791700611277e+00
3.76250 6.347316995599495e+00
3.77500 6.320066752219541e+00
3.78750 6.293038411050702e+00
3.80000 6.266229450156270e+00
3.81250 6.239637384413116e+00
3.82500 6.213259764855439e+00
3.83750 6.187094178032340e+00
3.85000 6.161138245378886e+00
3.86250 6.135389622600339e+00
3.87500 6.109845999069234e+00
3.88750 6.084505097234985e+00
3.90000 6.059364672045739e+00
3.91250 6.034422510382160e+00
3.92500 6.009676430502874e+00
3.93750 5.985124281501307e+00
3.95000 5.960763942773614e+00
3.96250 5.936593323497472e+00
3.97500 5.912610362121464e+00
3.98750 5.888813025864800e+00
4.00000 5.865199310227156e+00
4.01250 5.841767238508355e+00
4.02500 5.818514861337725e+00
4.03750 5.795440256212832e+00
4.05000 5.772541527047435e+00
4.06250 5.749816803728420e+00
4.07500 5.727264241681516e+00
4.08750 5.704882021445582e+00
4.10000 5.682668348255289e+00
4.11250 5.660621451631989e+00
4.12500 5.638739584982583e+00
4.13750 5.617021025206237e+00
4.15000 5.595464072308723e+00
4.16250 5.574067049024253e+00
4.17500 5.552828300444627e+00
4.18750 5.531746193655511e+00
4.20000 5.510819117379723e+00
4.21250 5.490045481627344e+00
4.22500 5.469423717352515e+00
4.23750 5.448952276116763e+00
4.25000 5.428629629758718e+00
4.26250 5.408454270070103e+00
4.27500 5.388424708477811e+00
4.28750 5.368539475731972e+00
4.30000 5.348797121599890e+00
4.31250 5.329196214565679e+00
4.32500 5.309735341535517e+00
4.33750 5.290413107548382e+00
4.35000 5.271228135492141e+00
4.36250 5.252179065824898e+00
4.37500 5.233264556301472e+00
4.38750 5.214483281704903e+00
4.40000 5.195833933582893e+00
4.41250 5.177315219989036e+00
4.42500 5.158925865228796e+00
4.43750 5.140664609610067e+00
4.45000 5.122530209198289e+00
4.46250 5.104521435575954e+00
4.47500 5.086637075606473e+00
4.48750 5.068875931202266e+00
4.50000 5.051236819097013e+00
4.51250 5.033718570621980e+00
4.52500 5.016320031486324e+00
4.53750 4.999040061561303e+00
4.55000 4.981877534668295e+00
4.56250 4.964831338370593e+00
4.57500 4.947900373768841e+00
4.58750 4.931083555300067e+00
4.60000 4.914379810540259e+00
4.61250 4.897788080010362e+00
4.62500 4.881307316985669e+00
4.63750 4.864936487308537e+00
4.65000 4.848674569204318e+00
4.66250 4.832520553100504e+00
4.67500 4.816473441448969e+00
4.68750 4.800532248551272e+00
4.70000 4.784696000386957e+00
4.71250 4.768963734444794e+00
4.72500 4.753334499556878e+00
4.73750 4.737807355735580e+00
4.75000 4.722381374013231e+00
4.76250 4.707055636284553e+00
4.77500 4.691829235151711e+00
4.78750 4.676701273772008e+00
4.80000 4.661670865708111e+00
4.81250 4.646737134780793e+00
4.82500 4.631899214924143e+00
4.83750 4.617156250043172e+00
4.85000 4.602507393873791e+00
4.86250 4.587951809845114e+00
4.87500 4.573488670944023e+00
4.88750 4.559117159581984e+00
4.90000 4.544836467464028e+00
4.91250 4.530645795459916e+00
4.92500 4.516544353477367e+00
4.93750 4.502531360337390e+00
4.95000 4.488606043651627e+00
4.96250 4.474767639701699e+00
4.97500 4.461015393320487e+00
4.98750 4.447348557775349e+00
5.00000 4.433766394653212e+00
5.01250 4.420268173747500e+00
5.02500 4.406853172946899e+00
5.03750 4.393520678125869e+00
5.05000 4.380269983036931e+00
5.06250 4.367100389204650e+00
5.07500 4.354011205821302e+00
5.08750 4.341001749644207e+00
5.10000 4.328071344894665e+00
5.11250 4.315219323158494e+00
5.12500 4.302445023288128e+00
5.13750 4.289747791306258e+00
5.15000 4.277126980310960e+00
5.16250 4.264581950382331e+00
5.17500 4.252112068490550e+00
5.18750 4.239716708405394e+00
5.20000 4.227395250607123e+00
5.21250 4.215147082198774e+00
5.22500 4.202971596819791e+00
5.23750 4.190868194560979e+00
5.25000 4.178836281880774e+00
5.26250 4.166875271522787e+00
5.27500 4.154984582434610e+00
5.28750 4.143163639687858e+00
5.30000 4.131411874399422e+00
5.31250 4.119728723653930e+00
5.32500 4.108113630427354e+00
5.33750 4.096566043511806e+00
5.35000 4.085085417441428e+00
5.36250 4.073671212419425e+00
5.37500 4.062322894246178e+00
5.38750 4.051039934248427e+00
5.40000 4.039821809209525e+00
5.41250 4.028668001300717e+00
5.42500 4.017577998013445e+00
5.43750 4.006551292092654e+00
5.45000 3.995587381471083e+00
5.46250 3.984685769204529e+00
5.47500 3.973845963408059e+00
5.48750 3.963067477193161e+00
5.50000 3.952349828605808e+00
5.51250 3.941692540565441e+00
5.52500 3.931095140804829e+00
5.53750 3.920557161810810e+00
5.55000 3.910078140765890e+00
5.56250 3.899657619490688e+00
5.57500 3.889295144387210e+00
5.58750 3.878990266382950e+00
5.60000 3.868742540875781e+00
5.61250 3.858551527679651e+00
5.62500 3.848416790971043e+00
5.63750 3.838337899236215e+00
5.65000 3.828314425219177e+00
5.66250 3.818345945870422e+00
5.67500 3.808432042296374e+00
5.68750 3.798572299709555e+00
5.70000 3.788766307379460e+00
5.71250 3.779013658584126e+00
5.72500 3.769313950562371e+00
5.73750 3.759666784466718e+00
5.75000 3.750071765316966e+00
5.76250 3.740528501954421e+00
5.77500 3.731036606996761e+00
5.78750 3.721595696793524e+00
5.80000 3.712205391382226e+00
5.81250 3.702865314445076e+00
5.82500 3.693575093266293e+00
5.83750 3.684334358690017e+00
5.85000 3.675142745078797e+00
5.86250 3.665999890272646e+00
5.87500 3.656905435548659e+00
5.88750 3.647859025581188e+00
5.90000 3.638860308402560e+00
5.91250 3.629908935364320e+00
5.92500 3.621004561099018e+00
5.93750 3.612146843482504e+00
5.95000 3.603335443596728e+00
5.96250 3.594570025693064e+00
5.97500 3.585850257156103e+00
5.98750 3.577175808467953e+00
6.00000 3.568546353173009e+00
6.01250 3.559961567843192e+00
6.02500 3.551421132043669e+00
6.03750 3.542924728299011e+00
6.05000 3.534472042059812e+00
6.06250 3.526062761669756e+00
6.07500 3.517696578333109e+00
6.08750 3.509373186082651e+00
6.10000 3.501092281748029e+00
6.11250 3.492853564924525e+00
6.12500 3.484656737942240e+00
6.13750 3.476501505835678e+00
6.15000 3.468387576313729e+00
6.16250 3.460314659730050e+00
6.17500 3.452282469053825e+00
6.18750 3.444290719840916e+00
6.20000 3.436339130205372e+00
6.21250 3.428427420791329e+00
6.22500 3.420555314745262e+00
6.23750 3.412722537688592e+00
6.25000 3.404928817690660e+00
6.26250 3.397173885242028e+00
6.27500 3.389457473228152e+00
6.28750 3.381779316903364e+00
6.30000 3.374139153865206e+00
6.31250 3.366536724029082e+00
6.32500 3.358971769603237e+00
6.33750 3.351444035064054e+00
6.35000 3.343953267131669e+00
6.36250 3.336499214745883e+00
6.37500 3.329081629042393e+00
6.38750 3.321700263329312e+00
6.40000 3.314354873063993e+00
6.41250 3.307045215830140e+00
6.42500 3.299771051315203e+00
6.43750 3.292532141288072e+00
6.45000 3.285328249577023e+00
6.46250 3.278159142047968e+00
6.47500 3.271024586582956e+00
6.48750 3.263924353058951e+00
6.50000 3.256858213326867e+00
6.51250 3.249825941190871e+00
6.52500 3.242827312387933e+00
6.53750 3.235862104567634e+00
6.55000 3.228930097272223e+00
6.56250 3.222031071916916e+00
6.57500 3.215164811770435e+00
6.58750 3.208331101935793e+00
6.60000 3.201529729331311e+00
6.61250 3.194760482671858e+00
6.62500 3.188023152450330e+00
6.63750 3.181317530919356e+00
6.65000 3.174643412073212e+00
6.66250 3.168000591629968e+00
6.67500 3.161388867013846e+00
6.68750 3.154808037337789e+00
6.70000 3.148257903386240e+00
6.71250 3.141738267598133e+00
6.72500 3.135248934050084e+00
6.73750 3.128789708439781e+00
6.75000 3.122360398069581e+00
6.76250 3.115960811830292e+00
6.77500 3.109590760185159e+00
6.78750 3.103250055154031e+00
6.80000 3.096938510297723e+00
6.81250 3.090655940702559e+00
6.82500 3.084402162965100e+00
6.83750 3.078176995177051e+00
6.85000 3.071980256910349e+00
6.86250 3.065811769202420e+00
6.87500 3.059671354541616e+00
6.88750 3.053558836852819e+00
6.90000 3.047474041483216e+00
6.91250 3.041416795188233e+00
6.92500 3.035386926117648e+00
6.93750 3.029384263801848e+00
6.95000 3.023408639138254e+00
6.96250 3.017459884377910e+00
6.97500 3.011537833112214e+00
6.98750 3.005642320259813e+00
7.00000 2.999773182053644e+00
7.01250 2.993930256028121e+00
7.02500 2.988113381006482e+00
7.03750 2.982322397088265e+00
7.05000 2.976557145636944e+00
7.06250 2.970817469267689e+00
7.07500 2.965103211835277e+00
7.08750 2.959414218422144e+00
7.10000 2.953750335326561e+00
7.11250 2.948111410050952e+00
7.12500 2.942497291290346e+00
7.13750 2.936907828920952e+00
7.15000 2.931342873988873e+00
7.16250 2.925802278698936e+00
7.17500 2.920285896403662e+00
7.18750 2.914793581592344e+00
7.20000 2.909325189880261e+00
7.21250 2.903880577998005e+00
7.22500 2.898459603780927e+00
7.23750 2.893062126158713e+00
7.25000 2.887688005145055e+00
7.26250 2.882337101827456e+00
7.27500 2.877009278357139e+00
7.28750 2.871704397939069e+00
7.30000 2.866422324822088e+00
7.31250 2.861162924289157e+00
7.32500 2.855926062647705e+00
7.33750 2.850711607220083e+00
7.35000 2.845519426334132e+00
7.36250 2.840349389313842e+00
7.37500 2.835201366470122e+00
7.38750 2.830075229091666e+00
7.40000 2.824970849435922e+00
7.41250 2.819888100720160e+00
7.42500 2.814826857112634e+00
7.43750 2.809786993723842e+00
7.45000 2.804768386597881e+00
7.46250 2.799770912703893e+00
7.47500 2.794794449927612e+00
7.48750 2.789838877062988e+00
7.50000 2.784904073803914e+00
7.51250 2.779989920736040e+00
7.52500 2.775096299328664e+00
7.53750 2.770223091926726e+00
7.55000 2.765370181742878e+00
7.56250 2.760537452849638e+00
7.57500 2.755724790171636e+00
7.58750 2.750932079477931e+00
7.60000 2.746159207374420e+00
7.61250 2.741406061296326e+00
7.62500 2.736672529500757e+00
7.63750 2.731958501059352e+00
7.65000 2.727263865851008e+00
7.66250 2.722588514554674e+00
7.67500 2.717932338642223e+00
7.68750 2.713295230371410e+00
7.70000 2.708677082778888e+00
7.71250 2.704077789673305e+00
7.72500 2.699497245628480e+00
7.73750 2.694935345976636e+00
7.75000 2.690391986801715e+00
7.76250 2.685867064932756e+00
7.77500 2.681360477937347e+00
7.78750 2.676872124115143e+00
7.80000 2.672401902491448e+00
7.81250 2.667949712810868e+00
7.82500 2.663515455531027e+00
7.83750 2.659099031816352e+00
7.85000 2.654700343531915e+00
7.86250 2.650319293237342e+00
7.87500 2.645955784180790e+00
7.88750 2.641609720292974e+00
7.90000 2.637281006181266e+00
7.91250 2.632969547123848e+00
7.92500 2.628675249063928e+00
7.93750 2.624398018604014e+00
7.95000 2.620137763000243e+00
7.96250 2.615894390156776e+00
7.97500 2.611667808620240e+00
7.98750 2.607457927574231e+00
8.00000 2.603264656833877e+00
8.01250 2.599087906840445e+00
8.02500 2.594927588656014e+00
8.03750 2.590783613958193e+00
8.05000 2.586655895034895e+00
8.06250 2.582544344779171e+00
8.07500 2.578448876684077e+00
8.08750 2.574369404837615e+00
8.10000 2.570305843917706e+00
8.11250 2.566258109187225e+00
8.12500 2.562226116489082e+00
8.13750 2.558209782241344e+00
8.15000 2.554209023432424e+00
8.16250 2.550223757616294e+00
8.17500 2.546253902907769e+00
8.18750 2.542299377977816e+00
8.20000 2.538360102048930e+00
8.21250 2.534435994890536e+00
8.22500 2.530526976814452e+00
8.23750 2.526632968670383e+00
8.25000 2.522753891841476e+00
8.26250 2.518889668239900e+00
8.27500 2.515040220302485e+00
8.28750 2.511205470986388e+00
8.30000 2.507385343764819e+00
8.31250 2.503579762622793e+00
8.32500 2.499788652052936e+00
8.33750 2.496011937051319e+00
8.35000 2.492249543113342e+00
8.36250 2.488501396229656e+00
8.37500 2.484767422882120e+00
8.38750 2.481047550039806e+00
8.40000 2.477341705155029e+00
8.41250 2.473649816159430e+00
8.42500 2.469971811460082e+00
8.43750 2.466307619935653e+00
8.45000 2.462657170932578e+00
8.46250 2.459020394261298e+00
8.47500 2.455397220192510e+00
8.48750 2.451787579453468e+00
8.50000 2.448191403224315e+00
8.51250 2.444608623134444e+00
8.52500 2.441039171258906e+00
8.53750 2.437482980114838e+00
8.55000 2.433939982657936e+00
8.56250 2.430410112278956e+00
8.57500 2.426893302800248e+00
8.58750 2.423389488472323e+00
8.60000 2.419898603970458e+00
8.61250 2.416420584391321e+00
8.62500 2.412955365249640e+00
8.63750 2.409502882474893e+00
8.65000 2.406063072408043e+00
8.66250 2.402635871798280e+00
8.67500 2.399221217799822e+00
8.68750 2.395819047968724e+00
8.70000 2.392429300259725e+00
8.71250 2.389051913023125e+00
8.72500 2.385686825001688e+00
8.73750 2.382333975327577e+00
8.75000 2.378993303519317e+00
8.76250 2.375664749478779e+00
8.77500 2.372348253488204e+00
8.78750 2.369043756207246e+00
8.80000 2.365751198670040e+00
8.81250 2.362470522282307e+00
8.82500 2.359201668818478e+00
8.83750 2.355944580418845e+00
8.85000 2.352699199586738e+00
8.86250 2.349465469185731e+00
8.87500 2.346243332436872e+00
8.88750 2.343032732915936e+00
8.90000 2.339833614550705e+00
8.91250 2.336645921618273e+00
8.92500 2.333469598742373e+00
8.93750 2.330304590890734e+00
8.95000 2.327150843372452e+00
8.96250 2.324008301835399e+00
8.97500 2.320876912263635e+00
8.98750 2.317756620974870e+00
9.00000 2.314647374617923e+00
9.01250 2.311549120170219e+00
9.02500 2.308461804935304e+00
9.03750 2.305385376540386e+00
9.05000 2.302319782933888e+00
9.06250 2.299264972383039e+00
9.07500 2.296220893471465e+00
9.08750 2.293187495096828e+00
9.10000 2.290164726468458e+00
9.11250 2.287152537105029e+00
9.12500 2.284150876832242e+00
9.13750 2.281159695780536e+00
9.15000 2.278178944382811e+00
9.16250 2.275208573372182e+00
9.17500 2.272248533779743e+00
9.18750 2.269298776932357e+00
9.20000 2.266359254450460e+00
9.21250 2.263429918245893e+00
9.22500 2.260510720519744e+00
9.23750 2.257601613760211e+00
9.25000 2.254702550740487e+00
9.26250 2.251813484516664e+00
9.27500 2.248934368425650e+00
9.28750 2.246065156083106e+00
9.30000 2.243205801381405e+00
9.31250 2.240356258487606e+00
9.32500 2.237516481841441e+00
9.33750 2.234686426153329e+00
9.35000 2.231866046402401e+00
9.36250 2.229055297834540e+00
9.37500 2.226254135960445e+00
9.38750 2.223462516553703e+00
9.40000 2.220680395648892e+00
9.41250 2.217907729539677e+00
9.42500 2.215144474776945e+00
9.43750 2.212390588166950e+00
9.45000 2.209646026769459e+00
9.46250 2.206910747895940e+00
9.47500 2.204184709107738e+00
9.48750 2.201467868214291e+00
9.50000 2.198760183271343e+00
9.51250 2.196061612579182e+00
9.52500 2.193372114680891e+00
9.53750 2.190691648360609e+00
9.55000 2.188020172641817e+00
9.56250 2.185357646785627e+00
9.57500 2.182704030289093e+00
9.58750 2.180059282883537e+00
9.60000 2.177423364532879e+00
9.61250 2.174796235431995e+00
9.62500 2.172177856005079e+00
9.63750 2.169568186904021e+00
9.65000 2.166967189006805e+00
9.66250 2.164374823415906e+00
9.67500 2.161791051456716e+00
9.68750 2.159215834675975e+00
9.70000 2.156649134840215e+00
9.71250 2.154090913934219e+00
9.72500 2.151541134159494e+00
9.73750 2.148999757932753e+00
9.75000 2.146466747884411e+00
9.76250 2.143942066857099e+00
9.77500 2.141425677904177e+00
9.78750 2.138917544288276e+00
9.80000 2.136417629479840e+00
9.81250 2.133925897155683e+00
9.82500 2.131442311197557e+00
9.83750 2.128966835690741e+00
9.85000 2.126499434922625e+00
9.86250 2.124040073381321e+00
9.87500 2.121588715754275e+00
9.88750 2.119145326926895e+00
9.90000 2.116709871981194e+00
9.91250 2.114282316194434e+00
9.92500 2.111862625037787e+00
9.93750 2.109450764175013e+00
9.95000 2.107046699461134e+00
9.96250 2.104650396941132e+00
9.97500 2.102261822848653e+00
9.98750 2.099880943604719e+00
10.00000 2.097507725816453e+00
