0.00001 2.308092115960201e+04
0.01250 1.501180503402766e+04
0.02500 8.698300795031830e+03
0.03750 5.642822719032622e+03
0.05000 3.965847578459389e+03
0.06250 2.947444366830181e+03
0.07500 2.282184257695696e+03
0.08750 1.823245925216019e+03
0.10000 1.492982728354630e+03
0.11250 1.247183913105410e+03
0.12500 1.059158283172695e+03
0.13750 9.120077463762107e+02
0.15000 7.946056260032237e+02
0.16250 6.993795490348566e+02
0.17500 6.210289599109145e+02
0.18750 5.557523503647893e+02
0.20000 5.007649897622747e+02
0.21250 4.539886319140820e+02
0.22500 4.138464608183997e+02
0.23750 3.791243397543705e+02
0.25000 3.488749260748058e+02
0.26250 3.223501453637696e+02
0.27500 2.989528203759628e+02
0.28750 2.782014820271011e+02
0.30000 2.597044075001766e+02
0.31250 2.431402179599920e+02
0.32500 2.282432061802158e+02
0.33750 2.147921195439774e+02
0.35000 2.026014978934297e+02
0.36250 1.915149215618110e+02
0.37500 1.813997024415810e+02
0.38750 1.721426757343878e+02
0.40000 1.636468388302389e+02
0.41250 1.558286476764052e+02
0.42500 1.486158274880832e+02
0.43750 1.419455888098063e+02
0.45000 1.357631652670681e+02
0.46250 1.300206082983115e+02
0.47500 1.246757884531109e+02
0.48750 1.196915637111770e+02
0.50000 1.150350836015618e+02
0.51250 1.106772043224451e+02
0.52500 1.065919950475410e+02
0.53750 1.027563195008280e+02
0.55000 9.914947994362571e+01
0.56250 9.575291313907580e+01
0.57500 9.254992978359886e+01
0.58750 8.952549043269684e+01
0.60000 8.666601218339275e+01
0.61250 8.395920137202225e+01
0.62500 8.139390835374979e+01
0.63750 7.896000108769869e+01
0.65000 7.664825478911671e+01
0.66250 7.445025535121164e+01
0.67500 7.235831460284783e+01
0.68750 7.036539576897495e+01
0.70000 6.846504775023290e+01
0.71250 6.665134704603972e+01
0.72500 6.491884631917235e+01
0.73750 6.326252874546998e+01
0.75000 6.167776741474541e+01
0.76250 6.016028915227393e+01
0.77500 5.870614221759494e+01
0.78750 5.731166741146717e+01
0.80000 5.597347218484835e+01
0.81250 5.468840739751809e+01
0.82500 5.345354641991276e+01
0.83750 5.226616631112018e+01
0.85000 5.112373083980987e+01
0.86250 5.002387514400256e+01
0.87500 4.896439185071646e+01
0.88750 4.794321849826625e+01
0.90000 4.695842612282853e+01
0.91250 4.600820888724814e+01
0.92500 4.509087464429471e+01
0.93750 4.420483633899048e+01
0.95000 4.334860416547121e+01
0.96250 4.252077840332863e+01
0.97500 4.172004286669956e+01
0.98750 4.094515890666999e+01
1.00000 4.019495991398704e+01
1.01250 3.946834627473203e+01
1.02500 3.876428073660377e+01
1.03750 3.808178414787678e+01
1.05000 3.741993153500827e+01
1.06250 3.677784848833320e+01
1.07500 3.615470782836446e+01
1.08750 3.554972652795048e+01
1.10000 3.496216286797919e+01
1.11250 3.439131380648907e+01
1.12500 3.383651254298722e+01
1.13750 3.329712626150742e+01
1.15000 3.277255403749328e+01
1.16250 3.226222489498130e+01
1.17500 3.176559600180672e+01
1.18750 3.128215099167546e+01
1.20000 3.081139840295354e+01
1.21250 3.035287022493277e+01
1.22500 2.990612054314951e+01
1.23750 2.947072427607169e+01
1.25000 2.904627599613559e+01
1.26250 2.863238882871769e+01
1.27500 2.822869342317155e+01
1.28750 2.783483699055552e+01
1.30000 2.745048240312462e+01
1.31250 2.707530735106788e+01
1.32500 2.670900355234206e+01
1.33750 2.635127601178957e+01
1.35000 2.600184232603489e+01
1.36250 2.566043203093268e+01
1.37500 2.532678598859616e+01
1.38750 2.500065581126594e+01
1.40000 2.468180331949269e+01
1.41250 2.437000003230085e+01
1.42500 2.406502668717801e+01
1.43750 2.376667278789825e+01
1.45000 2.347473617833567e+01
1.46250 2.318902264056235e+01
1.47500 2.290934551564958e+01
1.48750 2.263552534570734e+01
1.50000 2.236738953580267e+01
1.51250 2.210477203449502e+01
1.52500 2.184751303181709e+01
1.53750 2.159545867361167e+01
1.55000 2.134846079121186e+01
1.56250 2.110637664552218e+01
1.57500 2.086906868462304e+01
1.58750 2.063640431408120e+01
1.60000 2.040825567920405e+01
1.61250 2.018449945852725e+01
1.62500 1.996501666787224e+01
1.63750 1.974969247435474e+01
1.65000 1.953841601976531e+01
1.66250 1.933108025278165e+01
1.67500 1.912758176950666e+01
1.68750 1.892782066185936e+01
1.70000 1.873170037337554e+01
1.71250 1.853912756200335e+01
1.72500 1.835001196950512e+01
1.73750 1.816426629710088e+01
1.75000 1.798180608701173e+01
1.76250 1.780254960958224e+01
1.77500 1.762641775568069e+01
1.78750 1.745333393409426e+01
1.80000 1.728322397365317e+01
1.81250 1.711601602983411e+01
1.82500 1.695164049560751e+01
1.83750 1.679002991630778e+01
1.85000 1.663111890831803e+01
1.86250 1.647484408137337e+01
1.87500 1.632114396429785e+01
1.88750 1.616995893400108e+01
1.90000 1.602123114757012e+01
1.91250 1.587490447730198e+01
1.92500 1.573092444853033e+01
1.93750 1.558923818010866e+01
1.95000 1.544979432741939e+01
1.96250 1.531254302778595e+01
1.97500 1.517743584817138e+01
1.98750 1.504442573505352e+01
2.00000 1.491346696637264e+01
2.01250 1.478451510545327e+01
2.02500 1.465752695680672e+01
2.03750 1.453246052372643e+01
2.05000 1.440927496759233e+01
2.06250 1.428793056880520e+01
2.07500 1.416838868927587e+01
2.08750 1.405061173639828e+01
2.10000 1.393456312843869e+01
2.11250 1.382020726127732e+01
2.12500 1.370750947644141e+01
2.13750 1.359643603037219e+01
2.15000 1.348695406487090e+01
2.16250 1.337903157867188e+01
2.17500 1.327263740009332e+01
2.18750 1.316774116071856e+01
2.20000 1.306431327006341e+01
2.21250 1.296232489118687e+01
2.22500 1.286174791720490e+01
2.23750 1.276255494866877e+01
2.25000 1.266471927177126e+01
2.26250 1.256821483734598e+01
2.27500 1.247301624062652e+01
2.28750 1.237909870173375e+01
2.30000 1.228643804686122e+01
2.31250 1.219501069012979e+01
2.32500 1.210479361608419e+01
2.33750 1.201576436280524e+01
2.35000 1.192790100561300e+01
2.36250 1.184118214133672e+01
2.37500 1.175558687312925e+01
2.38750 1.167109479580393e+01
2.40000 1.158768598167338e+01
2.41250 1.150534096687039e+01
2.42500 1.142404073813197e+01
2.43750 1.134376672002852e+01
2.45000 1.126450076262089e+01
2.46250 1.118622512952869e+01
2.47500 1.110892248639421e+01
2.48750 1.103257588972669e+01
2.50000 1.095716877611267e+01
2.51250 1.088268495177839e+01
2.52500 1.080910858249109e+01
2.53750 1.073642418378656e+01
2.55000 1.066461661151075e+01
2.56250 1.059367105266375e+01
2.57500 1.052357301653516e+01
2.58750 1.045430832611997e+01
2.60000 1.038586310980485e+01
2.61250 1.031822379331498e+01
2.62500 1.025137709191204e+01
2.63750 1.018531000283424e+01
2.65000 1.012000979796983e+01
2.66250 1.005546401675579e+01
2.67500 9.991660459293561e+00
2.68750 9.928587179674407e+00
2.70000 9.866232479506795e+00
2.71250 9.804584901638952e+00
2.72500 9.743633224069683e+00
2.73750 9.683366454040986e+00
2.75000 9.623773822306218e+00
2.76250 9.564844777567727e+00
2.77500 9.506568981078278e+00
2.78750 9.448936301400613e+00
2.80000 9.391936809319830e+00
2.81250 9.335560772903490e+00
2.82500 9.279798652704423e+00
2.83750 9.224641097101546e+00
2.85000 9.170078937774067e+00
2.86250 9.116103185304693e+00
2.87500 9.062705024907594e+00
2.88750 9.009875812277039e+00
2.90000 8.957607069552775e+00
2.91250 8.905890481398348e+00
2.92500 8.854717891188720e+00
2.93750 8.804081297303714e+00
2.95000 8.753972849523789e+00
2.96250 8.704384845525041e+00
2.97500 8.655309727470112e+00
2.98750 8.606740078692088e+00
3.00000 8.558668620468460e+00
3.01250 8.511088208882221e+00
3.02500 8.463991831767530e+00
3.03750 8.417372605737196e+00
3.05000 8.371223773289504e+00
3.06250 8.325538699991935e+00
3.07500 8.280310871739411e+00
3.08750 8.235533892084810e+00
3.10000 8.191201479639520e+00
3.11250 8.147307465541925e+00
3.12500 8.103845790991802e+00
3.13750 8.060810504848604e+00
3.15000 8.018195761291743e+00
3.16250 7.975995817541019e+00
3.17500 7.934205031635408e+00
3.18750 7.892817860268519e+00
3.20000 7.851828856678962e+00
3.21250 7.811232668594143e+00
3.22500 7.771024036225812e+00
3.23750 7.731197790315925e+00
3.25000 7.691748850231355e+00
3.26250 7.652672222106007e+00
3.27500 7.613962997029025e+00
3.28750 7.575616349277732e+00
3.30000 7.537627534594047e+00
3.31250 7.499991888503143e+00
3.32500 7.462704824673141e+00
3.33750 7.425761833314700e+00
3.35000 7.389158479619362e+00
3.36250 7.352890402235587e+00
3.37500 7.316953311781432e+00
3.38750 7.281342989392813e+00
3.40000 7.246055285306441e+00
3.41250 7.211086117476403e+00
3.42500 7.176431470223514e+00
3.43750 7.142087392916528e+00
3.45000 7.108049998684324e+00
3.46250 7.074315463158268e+00
3.47500 7.040880023243890e+00
3.48750 7.007739975921115e+00
3.50000 6.974891677072275e+00
3.51250 6.942331540337151e+00
3.52500 6.910056035994343e+00
3.53750 6.878061689868246e+00
3.55000 6.846345082260981e+00
3.56250 6.814902846908606e+00
3.57500 6.783731669960958e+00
3.58750 6.752828288984555e+00
3.60000 6.722189491987892e+00
3.61250 6.691812116468612e+00
3.62500 6.661693048481946e+00
3.63750 6.631829221729866e+00
3.65000 6.602217616670486e+00
3.66250 6.572855259647086e+00
3.67500 6.543739222036358e+00
3.68750 6.514866619415335e+00
3.70000 6.486234610746525e+00
3.71250 6.457840397580825e+00
3.72500 6.429681223277728e+00
3.73750 6.401754372242415e+00
3.75000 6.374057169179314e+00
3.76250 6.346586978361683e+00
3.77500 6.319341202916865e+00
3.78750 6.292317284126793e+00
3.80000 6.265512700743363e+00
3.81250 6.238924968318370e+00
3.82500 6.212551638547564e+00
3.83750 6.186390298628544e+00
3.85000 6.160438570632138e+00
3.86250 6.134694110886928e+00
3.87500 6.109154609376619e+00
3.88750 6.083817789149931e+00
3.90000 6.058681405742733e+00
3.91250 6.033743246612089e+00
3.92500 6.009001130581977e+00
3.93750 5.984452907300369e+00
3.95000 5.960096456707417e+00
3.96250 5.935929688514491e+00
3.97500 5.911950541693793e+00
3.98750 5.888156983978309e+00
4.00000 5.864547011371871e+00
4.01250 5.841118647669065e+00
4.02500 5.817869943984786e+00
4.03750 5.794798978293192e+00
4.05000 5.771903854975853e+00
4.06250 5.749182704378882e+00
4.07500 5.726633682378846e+00
4.08750 5.704254969957234e+00
4.10000 5.682044772783331e+00
4.11250 5.660001320805250e+00
4.12500 5.638122867848984e+00
4.13750 5.616407691225284e+00
4.15000 5.594854091344168e+00
4.16250 5.573460391336916e+00
4.17500 5.552224936685366e+00
4.18750 5.531146094858352e+00
4.20000 5.510222254955141e+00
4.21250 5.489451827355676e+00
4.22500 5.468833243377527e+00
4.23750 5.448364954939345e+00
4.25000 5.428045434230722e+00
4.26250 5.407873173388306e+00
4.27500 5.387846684178001e+00
4.28750 5.367964497683174e+00
4.30000 5.348225163998702e+00
4.31250 5.328627251930722e+00
4.32500 5.309169348702018e+00
4.33750 5.289850059662852e+00
4.35000 5.270668008007174e+00
4.36250 5.251621834494072e+00
4.37500 5.232710197174360e+00
4.38750 5.213931771122185e+00
4.40000 5.195285248171563e+00
4.41250 5.176769336657713e+00
4.42500 5.158382761163128e+00
4.43750 5.140124262268227e+00
4.45000 5.121992596306564e+00
4.46250 5.103986535124426e+00
4.47500 5.086104865844773e+00
4.48750 5.068346390635431e+00
4.50000 5.050709926481415e+00
4.51250 5.033194304961337e+00
4.52500 5.015798372027790e+00
4.53750 4.998520987791636e+00
4.55000 4.981361026310105e+00
4.56250 4.964317375378652e+00
4.57500 4.947388936326474e+00
4.58750 4.930574623815620e+00
4.60000 4.913873365643610e+00
4.61250 4.897284102549529e+00
4.62500 4.880805788023469e+00
4.63750 4.864437388119304e+00
4.65000 4.848177881270697e+00
4.66250 4.832026258110300e+00
4.67500 4.815981521292052e+00
4.68750 4.800042685316543e+00
4.70000 4.784208776359378e+00
4.71250 4.768478832102462e+00
4.72500 4.752851901568166e+00
4.73750 4.737327044956325e+00
4.75000 4.721903333483970e+00
4.76250 4.706579849227818e+00
4.77500 4.691355684969377e+00
4.78750 4.676229944042674e+00
4.80000 4.661201740184548e+00
4.81250 4.646270197387430e+00
4.82500 4.631434449754595e+00
4.83750 4.616693641357813e+00
4.85000 4.602046926097388e+00
4.86250 4.587493467564477e+00
4.87500 4.573032438905726e+00
4.88750 4.558663022690094e+00
4.90000 4.544384410777912e+00
4.91250 4.530195804192052e+00
4.92500 4.516096412991217e+00
4.93750 4.502085456145304e+00
4.95000 4.488162161412783e+00
4.96250 4.474325765220073e+00
4.97500 4.460575512542873e+00
4.98750 4.446910656789405e+00
5.00000 4.433330459685536e+00
5.01250 4.419834191161749e+00
5.02500 4.406421129241933e+00
5.03750 4.393090559933928e+00
5.05000 4.379841777121850e+00
5.06250 4.366674082460095e+00
5.07500 4.353586785269043e+00
5.08750 4.340579202432416e+00
5.10000 4.327650658296244e+00
5.11250 4.314800484569437e+00
5.12500 4.302028020225902e+00
5.13750 4.289332611408211e+00
5.15000 4.276713611332767e+00
5.16250 4.264170380196453e+00
5.17500 4.251702285084726e+00
5.18750 4.239308699881152e+00
5.20000 4.226989005178325e+00
5.21250 4.214742588190177e+00
5.22500 4.202568842665628e+00
5.23750 4.190467168803579e+00
5.25000 4.178436973169187e+00
5.26250 4.166477668611440e+00
5.27500 4.154588674181984e+00
5.28750 4.142769415055188e+00
5.30000 4.131019322449411e+00
5.31250 4.119337833549492e+00
5.32500 4.107724391430372e+00
5.33750 4.096178444981907e+00
5.35000 4.084699448834789e+00
5.36250 4.073286863287582e+00
5.37500 4.061940154234867e+00
5.38750 4.050658793096437e+00
5.40000 4.039442256747567e+00
5.41250 4.028290027450319e+00
5.42500 4.017201592785853e+00
5.43750 4.006176445587760e+00
5.45000 3.995214083876363e+00
5.46250 3.984314010793999e+00
5.47500 3.973475734541251e+00
5.48750 3.962698768314104e+00
5.50000 3.951982630242041e+00
5.51250 3.941326843327023e+00
5.52500 3.930730935383379e+00
5.53750 3.920194438978552e+00
5.55000 3.909716891374714e+00
5.56250 3.899297834471229e+00
5.57500 3.888936814747937e+00
5.58750 3.878633383209270e+00
5.60000 3.868387095329155e+00
5.61250 3.858197510996725e+00
5.62500 3.848064194462793e+00
5.63750 3.837986714287096e+00
5.65000 3.827964643286298e+00
5.66250 3.817997558482719e+00
5.67500 3.808085041053808e+00
5.68750 3.798226676282310e+00
5.70000 3.788422053507164e+00
5.71250 3.778670766075070e+00
5.72500 3.768972411292753e+00
5.73750 3.759326590379886e+00
5.75000 3.749732908422681e+00
5.76250 3.740190974328125e+00
5.77500 3.730700400778855e+00
5.78750 3.721260804188661e+00
5.80000 3.711871804658608e+00
5.81250 3.702533025933763e+00
5.82500 3.693244095360529e+00
5.83750 3.684004643844553e+00
5.85000 3.674814305809228e+00
5.86250 3.665672719154762e+00
5.87500 3.656579525217803e+00
5.88750 3.647534368731617e+00
5.90000 3.638536897786818e+00
5.91250 3.629586763792625e+00
5.92500 3.620683621438650e+00
5.93750 3.611827128657204e+00
5.95000 3.603016946586107e+00
5.96250 3.594252739532018e+00
5.97500 3.585534174934234e+00
5.98750 3.576860923329001e+00
6.00000 3.568232658314291e+00
6.01250 3.559649056515048e+00
6.02500 3.551109797548914e+00
6.03750 3.542614563992397e+00
6.05000 3.534163041347496e+00
6.06250 3.525754918008772e+00
6.07500 3.517389885230852e+00
6.08750 3.509067637096364e+00
6.10000 3.500787870484300e+00
6.11250 3.492550285038786e+00
6.12500 3.484354583138276e+00
6.13750 3.476200469865141e+00
6.15000 3.468087652975660e+00
6.16250 3.460015842870406e+00
6.17500 3.451984752565010e+00
6.18750 3.443994097661318e+00
6.20000 3.436043596318913e+00
6.21250 3.428132969227013e+00
6.22500 3.420261939576728e+00
6.23750 3.412430233033681e+00
6.25000 3.404637577710977e+00
6.26250 3.396883704142521e+00
6.27500 3.389168345256683e+00
6.28750 3.381491236350297e+00
6.30000 3.373852115062994e+00
6.31250 3.366250721351859e+00
6.32500 3.358686797466419e+00
6.33750 3.351160087923943e+00
6.35000 3.343670339485058e+00
6.36250 3.336217301129671e+00
6.37500 3.328800724033202e+00
6.38750 3.321420361543113e+00
6.40000 3.314075969155727e+00
6.41250 3.306767304493354e+00
6.42500 3.299494127281689e+00
6.43750 3.292256199327498e+00
6.45000 3.285053284496585e+00
6.46250 3.277885148692038e+00
6.47500 3.270751559832734e+00
6.48750 3.263652287832119e+00
6.50000 3.256587104577260e+00
6.51250 3.249555783908132e+00
6.52500 3.242558101597187e+00
6.53750 3.235593835329163e+00
6.55000 3.228662764681138e+00
6.56250 3.221764671102842e+00
6.57500 3.214899337897193e+00
6.58750 3.208066550201091e+00
6.60000 3.201266094966432e+00
6.61250 3.194497760941355e+00
6.62500 3.187761338651735e+00
6.63750 3.181056620382866e+00
6.65000 3.174383400161408e+00
6.66250 3.167741473737518e+00
6.67500 3.161130638567219e+00
6.68750 3.154550693794969e+00
6.70000 3.148001440236449e+00
6.71250 3.141482680361547e+00
6.72500 3.134994218277565e+00
6.73750 3.128535859712600e+00
6.75000 3.122107411999151e+00
6.76250 3.115708684057903e+00
6.77500 3.109339486381715e+00
6.78750 3.102999631019792e+00
6.80000 3.096688931562043e+00
6.81250 3.090407203123637e+00
6.82500 3.084154262329728e+00
6.83750 3.077929927300363e+00
6.85000 3.071734017635577e+00
6.86250 3.065566354400652e+00
6.87500 3.059426760111553e+00
6.88750 3.053315058720540e+00
6.90000 3.047231075601939e+00
6.91250 3.041174637538090e+00
6.92500 3.035145572705444e+00
6.93750 3.029143710660842e+00
6.95000 3.023168882327931e+00
6.96250 3.017220919983757e+00
6.97500 3.011299657245502e+00
6.98750 3.005404929057378e+00
7.00000 2.999536571677667e+00
7.01250 2.993694422665924e+00
7.02500 2.987878320870307e+00
7.03750 2.982088106415075e+00
7.05000 2.976323620688204e+00
7.06250 2.970584706329171e+00
7.07500 2.964871207216856e+00
7.08750 2.959182968457595e+00
7.10000 2.953519836373363e+00
7.11250 2.947881658490091e+00
7.12500 2.942268283526120e+00
7.13750 2.936679561380782e+00
7.15000 2.931115343123107e+00
7.16250 2.925575480980669e+00
7.17500 2.920059828328542e+00
7.18750 2.914568239678393e+00
7.20000 2.909100570667690e+00
7.21250 2.903656678049034e+00
7.22500 2.898236419679608e+00
7.23750 2.892839654510748e+00
7.25000 2.887466242577628e+00
7.26250 2.882116044989054e+00
7.27500 2.876788923917382e+00
7.28750 2.871484742588543e+00
7.30000 2.866203365272172e+00
7.31250 2.860944657271861e+00
7.32500 2.855708484915500e+00
7.33750 2.850494715545744e+00
7.35000 2.845303217510573e+00
7.36250 2.840133860153955e+00
7.37500 2.834986513806622e+00
7.38750 2.829861049776929e+00
7.40000 2.824757340341838e+00
7.41250 2.819675258737972e+00
7.42500 2.814614679152786e+00
7.43750 2.809575476715835e+00
7.45000 2.804557527490114e+00
7.46250 2.799560708463525e+00
7.47500 2.794584897540408e+00
7.48750 2.789629973533178e+00
7.50000 2.784695816154051e+00
7.51250 2.779782306006852e+00
7.52500 2.774889324578917e+00
7.53750 2.770016754233087e+00
7.55000 2.765164478199772e+00
7.56250 2.760332380569114e+00
7.57500 2.755520346283230e+00
7.58750 2.750728261128534e+00
7.60000 2.745956011728145e+00
7.61250 2.741203485534372e+00
7.62500 2.736470570821284e+00
7.63750 2.731757156677351e+00
7.65000 2.727063132998170e+00
7.66250 2.722388390479265e+00
7.67500 2.717732820608961e+00
7.68750 2.713096315661335e+00
7.70000 2.708478768689242e+00
7.71250 2.703880073517414e+00
7.72500 2.699300124735626e+00
7.73750 2.694738817691942e+00
7.75000 2.690196048486023e+00
7.76250 2.685671713962511e+00
7.77500 2.681165711704484e+00
7.78750 2.676677940026964e+00
7.80000 2.672208297970514e+00
7.81250 2.667756685294883e+00
7.82500 2.663323002472727e+00
7.83750 2.658907150683393e+00
7.85000 2.654509031806762e+00
7.86250 2.650128548417161e+00
7.87500 2.645765603777341e+00
7.88750 2.641420101832499e+00
7.90000 2.637091947204389e+00
7.91250 2.632781045185465e+00
7.92500 2.628487301733105e+00
7.93750 2.624210623463883e+00
7.95000 2.619950917647899e+00
7.96250 2.615708092203175e+00
7.97500 2.611482055690100e+00
7.98750 2.607272717305932e+00
8.00000 2.603079986879360e+00
8.01250 2.598903774865117e+00
8.02500 2.594743992338648e+00
8.03750 2.590600550990834e+00
8.05000 2.586473363122764e+00
8.06250 2.582362341640569e+00
8.07500 2.578267400050294e+00
8.08750 2.574188452452833e+00
8.10000 2.570125413538912e+00
8.11250 2.566078198584116e+00
8.12500 2.562046723443975e+00
8.13750 2.558030904549089e+00
8.15000 2.554030658900310e+00
8.16250 2.550045904063967e+00
8.17500 2.546076558167138e+00
8.18750 2.542122539892974e+00
8.20000 2.538183768476060e+00
8.21250 2.534260163697831e+00
8.22500 2.530351645882031e+00
8.23750 2.526458135890205e+00
8.25000 2.522579555117257e+00
8.26250 2.518715825487033e+00
8.27500 2.514866869447954e+00
8.28750 2.511032609968693e+00
8.30000 2.507212970533892e+00
8.31250 2.503407875139922e+00
8.32500 2.499617248290679e+00
8.33750 2.495841014993434e+00
8.35000 2.492079100754706e+00
8.36250 2.488331431576187e+00
8.37500 2.484597933950703e+00
8.38750 2.480878534858215e+00
8.40000 2.477173161761857e+00
8.41250 2.473481742604008e+00
8.42500 2.469804205802412e+00
8.43750 2.466140480246328e+00
8.45000 2.462490495292718e+00
8.46250 2.458854180762470e+00
8.47500 2.455231466936661e+00
8.48750 2.451622284552855e+00
8.50000 2.448026564801431e+00
8.51250 2.444444239321955e+00
8.52500 2.440875240199577e+00
8.53750 2.437319499961465e+00
8.55000 2.433776951573279e+00
8.56250 2.430247528435673e+00
8.57500 2.426731164380826e+00
8.58750 2.423227793669017e+00
8.60000 2.419737350985219e+00
8.61250 2.416259771435733e+00
8.62500 2.412794990544858e+00
8.63750 2.409342944251577e+00
8.65000 2.405903568906293e+00
8.66250 2.402476801267578e+00
8.67500 2.399062578498965e+00
8.68750 2.395660838165762e+00
8.70000 2.392271518231902e+00
8.71250 2.388894557056818e+00
8.72500 2.385529893392345e+00
8.73750 2.382177466379659e+00
8.75000 2.378837215546236e+00
8.76250 2.375509080802841e+00
8.77500 2.372193002440550e+00
8.78750 2.368888921127793e+00
8.80000 2.365596777907424e+00
8.81250 2.362316514193828e+00
8.82500 2.359048071770038e+00
8.83750 2.355791392784898e+00
8.85000 2.352546419750230e+00
8.86250 2.349313095538046e+00
8.87500 2.346091363377778e+00
8.88750 2.342881166853529e+00
8.90000 2.339682449901355e+00
8.91250 2.336495156806572e+00
8.92500 2.333319232201080e+00
8.93750 2.330154621060722e+00
8.95000 2.327001268702659e+00
8.96250 2.323859120782771e+00
8.97500 2.320728123293081e+00
8.98750 2.317608222559202e+00
9.00000 2.314499365237812e+00
9.01250 2.311401498314142e+00
9.02500 2.308314569099499e+00
9.03750 2.305238525228793e+00
9.05000 2.302173314658108e+00
9.06250 2.299118885662280e+00
9.07500 2.296075186832498e+00
9.08750 2.293042167073935e+00
9.10000 2.290019775603387e+00
9.11250 2.287007961946945e+00
9.12500 2.284006675937682e+00
9.13750 2.281015867713357e+00
9.15000 2.278035487714153e+00
9.16250 2.275065486680413e+00
9.17500 2.272105815650419e+00
9.18750 2.269156425958174e+00
9.20000 2.266217269231212e+00
9.21250 2.263288297388424e+00
9.22500 2.260369462637906e+00
9.23750 2.257460717474819e+00
9.25000 2.254562014679278e+00
9.26250 2.251673307314249e+00
9.27500 2.248794548723476e+00
9.28750 2.245925692529411e+00
9.30000 2.243066692631176e+00
9.31250 2.240217503202537e+00
9.32500 2.237378078689892e+00
9.33750 2.234548373810286e+00
9.35000 2.231728343549431e+00
9.36250 2.228917943159753e+00
9.37500 2.226117128158454e+00
9.38750 2.223325854325585e+00
9.40000 2.220544077702143e+00
9.41250 2.217771754588178e+00
9.42500 2.215008841540921e+00
9.43750 2.212255295372930e+00
9.45000 2.209511073150241e+00
9.46250 2.206776132190544e+00
9.47500 2.204050430061381e+00
9.48750 2.201333924578337e+00
9.50000 2.198626573803274e+00
9.51250 2.195928336042556e+00
9.52500 2.193239169845305e+00
9.53750 2.190559034001667e+00
9.55000 2.187887887541088e+00
9.56250 2.185225689730611e+00
9.57500 2.182572400073189e+00
9.58750 2.179927978305999e+00
9.60000 2.177292384398789e+00
9.61250 2.174665578552222e+00
9.62500 2.172047521196248e+00
9.63750 2.169438172988478e+00
9.65000 2.166837494812579e+00
9.66250 2.164245447776677e+00
9.67500 2.161661993211785e+00
9.68750 2.159087092670224e+00
9.70000 2.156520707924078e+00
9.71250 2.153962800963647e+00
9.72500 2.151413333995923e+00
9.73750 2.148872269443070e+00
9.75000 2.146339569940925e+00
9.76250 2.143815198337503e+00
9.77500 2.141299117691522e+00
9.78750 2.138791291270936e+00
9.80000 2.136291682551479e+00
9.81250 2.133800255215228e+00
9.82500 2.131316973149166e+00
9.83750 2.128841800443768e+00
9.85000 2.126374701391594e+00
9.86250 2.123915640485894e+00
9.87500 2.121464582419221e+00
9.88750 2.119021492082062e+00
9.90000 2.116586334561477e+00
9.91250 2.114159075139745e+00
9.92500 2.111739679293031e+00
9.93750 2.109328112690051e+00
9.95000 2.106924341190760e+00
9.96250 2.104528330845043e+00
9.97500 2.102140047891417e+00
9.98750 2.099759458755751e+00
10.00000 2.097386530049985e+00
