0.00001 2.308091909065257e+04
0.01250 1.501180370551950e+04
0.02500 8.698300055284664e+03
0.03750 5.642822273526080e+03
0.05000 3.965847301610573e+03
0.06250 2.947444197996255e+03
0.07500 2.282184163827028e+03
0.08750 1.823245886531794e+03
0.10000 1.492982732090331e+03
0.11250 1.247183950492801e+03
0.12500 1.059158347861230e+03
0.13750 9.120078335544747e+02
0.15000 7.946057318845120e+02
0.16250 6.993796705430890e+02
0.17500 6.210290944819753e+02
0.18750 5.557524958169779e+02
0.20000 5.007651442094748e+02
0.21250 4.539887937060573e+02
0.22500 4.138466284986998e+02
0.23750 3.791245120298871e+02
0.25000 3.488751017931593e+02
0.26250 3.223503234960320e+02
0.27500 2.989530000030660e+02
0.28750 2.782016623288176e+02
0.30000 2.597045877459261e+02
0.31250 2.431403975009602e+02
0.32500 2.282433844424380e+02
0.33750 2.147922960221465e+02
0.35000 2.026016721452663e+02
0.36250 1.915150932028843e+02
0.37500 1.813998711405042e+02
0.38750 1.721428412083363e+02
0.40000 1.636470008407568e+02
0.41250 1.558288060254757e+02
0.42500 1.486159820144450e+02
0.43750 1.419457393855037e+02
0.45000 1.357633117942257e+02
0.46250 1.300207507061231e+02
0.47500 1.246759266950359e+02
0.48750 1.196916977623375e+02
0.50000 1.150352134563302e+02
0.51250 1.106773299922169e+02
0.52500 1.065921165586831e+02
0.53750 1.027564368927945e+02
0.55000 9.914959326723260e+01
0.56250 9.575302245492603e+01
0.57500 9.255003516064843e+01
0.58750 8.952559194695398e+01
0.60000 8.666610991674082e+01
0.61250 8.395929541115821e+01
0.62500 8.139399878923007e+01
0.63750 7.896008801308444e+01
0.65000 7.664833830021060e+01
0.66250 7.445033554537913e+01
0.67500 7.235839157841590e+01
0.68750 7.036546962470169e+01
0.70000 6.846511858484176e+01
0.71250 6.665141495781283e+01
0.72500 6.491891140559716e+01
0.73750 6.326259110293448e+01
0.75000 6.167782713827699e+01
0.76250 6.016034633531784e+01
0.77500 5.870619695182818e+01
0.78750 5.731171978664405e+01
0.80000 5.597352228867459e+01
0.81250 5.468845531555025e+01
0.82500 5.345359223548009e+01
0.83750 5.226621010526648e+01
0.85000 5.112377269125292e+01
0.86250 5.002391512910908e+01
0.87500 4.896443004349062e+01
0.88750 4.794325497034995e+01
0.90000 4.695846094351204e+01
0.91250 4.600824212348950e+01
0.92500 4.509090636074684e+01
0.93750 4.420486659803460e+01
0.95000 4.334863302725584e+01
0.96250 4.252080592581309e+01
0.97500 4.172006910570109e+01
0.98750 4.094518391591411e+01
1.00000 4.019498374516009e+01
1.01250 3.946836897753565e+01
1.02500 3.876430235881066e+01
1.03750 3.808180473538743e+01
1.05000 3.741995113190806e+01
1.06250 3.677786713694992e+01
1.07500 3.615472556932558e+01
1.08750 3.554974340024005e+01
1.10000 3.496217890899435e+01
1.11250 3.439132905209570e+01
1.12500 3.383652702757474e+01
1.13750 3.329714001804265e+01
1.15000 3.277256709757307e+01
1.16250 3.226223728888405e+01
1.17500 3.176560775854264e+01
1.18750 3.128216213903542e+01
1.20000 3.081140896755669e+01
1.21250 3.035288023227270e+01
1.22500 2.990613001763898e+01
1.23750 2.947073324108602e+01
1.25000 2.904628447405464e+01
1.26250 2.863239684096631e+01
1.27500 2.822870099025882e+01
1.28750 2.783484413211248e+01
1.30000 2.745048913794070e+01
1.31250 2.707531369712595e+01
1.32500 2.670900952685221e+01
1.33750 2.635128163122166e+01
1.35000 2.600184760614971e+01
1.36250 2.566043698681207e+01
1.37500 2.532679063467179e+01
1.38750 2.500066016134706e+01
1.40000 2.468180738679274e+01
1.41250 2.437000382946291e+01
1.42500 2.406503022629938e+01
1.43750 2.376667608055381e+01
1.45000 2.347473923560047e+01
1.46250 2.318902547303311e+01
1.47500 2.290934813346535e+01
1.48750 2.263552775856936e+01
1.50000 2.236739175299321e+01
1.51250 2.210477406489563e+01
1.52500 2.184751488392588e+01
1.53750 2.159546035555999e+01
1.55000 2.134846231078019e+01
1.56250 2.110637801015535e+01
1.57500 2.086906990144482e+01
1.58750 2.063640538990822e+01
1.60000 2.040825662055911e+01
1.61250 2.018450027165210e+01
1.62500 1.996501735873978e+01
1.63750 1.974969304868063e+01
1.65000 1.953841648301917e+01
1.66250 1.933108061019771e+01
1.67500 1.912758202609396e+01
1.68750 1.892782082241149e+01
1.70000 1.873170044247997e+01
1.71250 1.853912754405033e+01
1.72500 1.835001186869622e+01
1.73750 1.816426611745712e+01
1.75000 1.798180583238137e+01
1.76250 1.780254928364823e+01
1.77500 1.762641736196780e+01
1.78750 1.745333347597587e+01
1.80000 1.728322345435780e+01
1.81250 1.711601545245161e+01
1.82500 1.695163986309502e+01
1.83750 1.679002923149543e+01
1.85000 1.663111817391438e+01
1.86250 1.647484329997058e+01
1.87500 1.632114313837671e+01
1.88750 1.616995806593570e+01
1.90000 1.602123023963252e+01
1.91250 1.587490353166642e+01
1.92500 1.573092346727748e+01
1.93750 1.558923716522957e+01
1.95000 1.544979328081930e+01
1.96250 1.531254195128792e+01
1.97500 1.517743474351979e+01
1.98750 1.504442460391737e+01
2.00000 1.491346581034879e+01
2.01250 1.478451392606940e+01
2.02500 1.465752575552433e+01
2.03750 1.453245930194359e+01
2.05000 1.440927372664635e+01
2.06250 1.428792930997521e+01
2.07500 1.416838741378523e+01
2.08750 1.405061044541693e+01
2.10000 1.393456182308541e+01
2.11250 1.382020594262186e+01
2.12500 1.370750814550652e+01
2.13750 1.359643468813563e+01
2.15000 1.348695271226728e+01
2.16250 1.337903021659448e+01
2.17500 1.327263602939580e+01
2.18750 1.316773978221664e+01
2.20000 1.306431188453642e+01
2.21250 1.296232349937926e+01
2.22500 1.286174651982773e+01
2.23750 1.276255354640105e+01
2.25000 1.266471786526130e+01
2.26250 1.256821342721269e+01
2.27500 1.247301482746059e+01
2.28750 1.237909728609883e+01
2.30000 1.228643662929506e+01
2.31250 1.219500927114529e+01
2.32500 1.210479219617043e+01
2.33750 1.201576294242849e+01
2.35000 1.192789958521763e+01
2.36250 1.184118072134613e+01
2.37500 1.175558545394674e+01
2.38750 1.167109337781350e+01
2.40000 1.158768456524057e+01
2.41250 1.150533955234300e+01
2.42500 1.142403932584084e+01
2.43750 1.134376531028820e+01
2.45000 1.126449935573031e+01
2.46250 1.118622372577182e+01
2.47500 1.110892108604068e+01
2.48750 1.103257449303238e+01
2.50000 1.095716738332029e+01
2.51250 1.088268356311800e+01
2.52500 1.080910719818064e+01
2.53750 1.073642280403240e+01
2.55000 1.066461523650810e+01
2.56250 1.059366968259717e+01
2.57500 1.052357165157899e+01
2.58750 1.045430696643874e+01
2.60000 1.038586175555372e+01
2.61250 1.031822244464012e+01
2.62500 1.025137574895099e+01
2.63750 1.018530866571627e+01
2.65000 1.012000846681632e+01
2.66250 1.005546269168052e+01
2.67500 9.991659140403080e+00
2.68750 9.928585867068282e+00
2.70000 9.866231173277937e+00
2.71250 9.804583601873890e+00
2.72500 9.743631930848844e+00
2.73750 9.683365167438941e+00
2.75000 9.623772542391935e+00
2.76250 9.564843504404815e+00
2.77500 9.506567714725218e+00
2.78750 9.448935041910968e+00
2.80000 9.391935556742462e+00
2.81250 9.335559527282765e+00
2.82500 9.279797414080408e+00
2.83750 9.224639865510190e+00
2.85000 9.170077713247382e+00
2.86250 9.116101967870929e+00
2.87500 9.062703814591410e+00
2.88750 9.009874609099647e+00
2.90000 8.957605873532106e+00
2.91250 8.905889292549192e+00
2.92500 8.854716709522870e+00
2.93750 8.804080122830097e+00
2.95000 8.753971682248608e+00
2.96250 8.704383685451884e+00
2.97500 8.655308574600076e+00
2.98750 8.606738933023902e+00
3.00000 8.558667481998585e+00
3.01250 8.511087077604959e+00
3.02500 8.463990707675134e+00
3.03750 8.417371488819953e+00
3.05000 8.371222663535839e+00
3.06250 8.325537597388498e+00
3.07500 8.280309776271167e+00
3.08750 8.235532803735115e+00
3.10000 8.191200398390201e+00
3.11250 8.147306391373368e+00
3.12500 8.103844723883011e+00
3.13750 8.060809444777279e+00
3.15000 8.018194708234345e+00
3.16250 7.975994771472837e+00
3.17500 7.934203992530621e+00
3.18750 7.892816828100251e+00
3.20000 7.851827831419349e+00
3.21250 7.811231650214378e+00
3.22500 7.771023024696204e+00
3.23750 7.731196785605948e+00
3.25000 7.691747852309695e+00
3.26250 7.652671230940611e+00
3.27500 7.613962012587145e+00
3.28750 7.575615371525967e+00
3.30000 7.537626563498386e+00
3.31250 7.499990924029002e+00
3.32500 7.462703866785405e+00
3.33750 7.425760881977750e+00
3.35000 7.389157534797126e+00
3.36250 7.352889463891556e+00
3.37500 7.316952379878703e+00
3.38750 7.281342063894116e+00
3.40000 7.246054366174165e+00
3.41250 7.211085204672633e+00
3.42500 7.176430563710053e+00
3.43750 7.142086492654913e+00
3.45000 7.108049104635872e+00
3.46250 7.074314575284083e+00
3.47500 7.040879141504889e+00
3.48750 7.007739100278057e+00
3.50000 6.974890807485767e+00
3.51250 6.942330676767683e+00
3.52500 6.910055178402298e+00
3.53750 6.878060838213925e+00
3.55000 6.846344236504613e+00
3.56250 6.814902007010367e+00
3.57500 6.783730835880990e+00
3.58750 6.752827460682974e+00
3.60000 6.722188669424815e+00
3.61250 6.691811299604160e+00
3.62500 6.661692237276256e+00
3.63750 6.631828416143115e+00
3.65000 6.602216816662887e+00
3.66250 6.572854465178915e+00
3.67500 6.543738433067958e+00
3.68750 6.514865835907123e+00
3.70000 6.486233832659008e+00
3.71250 6.457839624874605e+00
3.72500 6.429680455913513e+00
3.73750 6.401753610181027e+00
3.75000 6.374056412381696e+00
3.76250 6.346586226788911e+00
3.77500 6.319340456530151e+00
3.78750 6.292316542887490e+00
3.80000 6.265511964612977e+00
3.81250 6.238924237258566e+00
3.82500 6.212550912520162e+00
3.83750 6.186389577595540e+00
3.85000 6.160437854555696e+00
3.86250 6.134693399729390e+00
3.87500 6.109153903100514e+00
3.88750 6.083817087717974e+00
3.90000 6.058680709117827e+00
3.91250 6.033742554757334e+00
3.92500 6.009000443460672e+00
3.93750 5.984452224876013e+00
3.95000 5.960095778943717e+00
3.96250 5.935929015375361e+00
3.97500 5.911949873143358e+00
3.98750 5.888156319980904e+00
4.00000 5.864546351892051e+00
4.01250 5.841117992671602e+00
4.02500 5.817869293434671e+00
4.03750 5.794798332155637e+00
4.05000 5.771903213216295e+00
4.06250 5.749182066962982e+00
4.07500 5.726633049272490e+00
4.08750 5.704254341126538e+00
4.10000 5.682044148194636e+00
4.11250 5.660000700425130e+00
4.12500 5.638122251644242e+00
4.13750 5.616407079162953e+00
4.15000 5.594853483391514e+00
4.16250 5.573459787461436e+00
4.17500 5.552224336854790e+00
4.18750 5.531145499040645e+00
4.20000 5.510221663118496e+00
4.21250 5.489451239468525e+00
4.22500 5.468832659408529e+00
4.23750 5.448364374857396e+00
4.25000 5.428044858004952e+00
4.26250 5.407872600988074e+00
4.27500 5.387846115572899e+00
4.28750 5.367963932843031e+00
4.30000 5.348224602893572e+00
4.31250 5.328626694530896e+00
4.32500 5.309168794978014e+00
4.33750 5.289849509585419e+00
4.35000 5.270667461547290e+00
4.36250 5.251621291622945e+00
4.37500 5.232709657863425e+00
4.38750 5.213931235343104e+00
4.40000 5.195284715896223e+00
4.41250 5.176768807858230e+00
4.42500 5.158382235811841e+00
4.43750 5.140123740337698e+00
4.45000 5.121992077769578e+00
4.46250 5.103986019953988e+00
4.47500 5.086104354014111e+00
4.48750 5.068345882117992e+00
4.50000 5.050709421250862e+00
4.51250 5.033193802991553e+00
4.52500 5.015797873292873e+00
4.53750 4.998520492265898e+00
4.55000 4.981360533968073e+00
4.56250 4.964316886195064e+00
4.57500 4.947388450276280e+00
4.58750 4.930574140873979e+00
4.60000 4.913872885785891e+00
4.61250 4.897283625751308e+00
4.62500 4.880805314260526e+00
4.63750 4.864436917367627e+00
4.65000 4.848177413506475e+00
4.66250 4.832025793309924e+00
4.67500 4.815981059432114e+00
4.68750 4.800042226373835e+00
4.70000 4.784208320310890e+00
4.71250 4.768478378925378e+00
4.72500 4.752851451239868e+00
4.73750 4.737326597454385e+00
4.75000 4.721902888786158e+00
4.76250 4.706579407312091e+00
4.77500 4.691355245813881e+00
4.78750 4.676229507625747e+00
4.80000 4.661201306484710e+00
4.81250 4.646269766383389e+00
4.82500 4.631434021425239e+00
4.83750 4.616693215682220e+00
4.85000 4.602046503054811e+00
4.86250 4.587493047134350e+00
4.87500 4.573032021067661e+00
4.88750 4.558662607423880e+00
4.90000 4.544383998063516e+00
4.91250 4.530195394009610e+00
4.92500 4.516096005321041e+00
4.93750 4.502085050967876e+00
4.95000 4.488161758708754e+00
4.96250 4.474325364970265e+00
4.97500 4.460575114728274e+00
4.98750 4.446910261391167e+00
5.00000 4.433330066684976e+00
5.01250 4.419833800540349e+00
5.02500 4.406420740981331e+00
5.03750 4.393090174015929e+00
5.05000 4.379841393528412e+00
5.06250 4.366673701173336e+00
5.07500 4.353586406271236e+00
5.08750 4.340578825705991e+00
5.10000 4.327650283823782e+00
5.11250 4.314800112333672e+00
5.12500 4.302027650209720e+00
5.13750 4.289332243594643e+00
5.15000 4.276713245704997e+00
5.16250 4.264170016737809e+00
5.17500 4.251701923778684e+00
5.18750 4.239308340711331e+00
5.20000 4.226988648128483e+00
5.21250 4.214742233244220e+00
5.22500 4.202568489807598e+00
5.23750 4.190466818017660e+00
5.25000 4.178436624439700e+00
5.26250 4.166477321922841e+00
5.27500 4.154588329518868e+00
5.28750 4.142769072402279e+00
5.30000 4.131018981791573e+00
5.31250 4.119337494871715e+00
5.32500 4.107724054717779e+00
5.33750 4.096178110219751e+00
5.35000 4.084699116008448e+00
5.36250 4.073286532382566e+00
5.37500 4.061939825236809e+00
5.38750 4.050658465991093e+00
5.40000 4.039441931520823e+00
5.41250 4.028289704088177e+00
5.42500 4.017201271274440e+00
5.43750 4.006176125913322e+00
5.45000 3.995213766025265e+00
5.46250 3.984313694752727e+00
5.47500 3.973475420296402e+00
5.48750 3.962698455852397e+00
5.50000 3.951982319550307e+00
5.51250 3.941326534392208e+00
5.52500 3.930730628192541e+00
5.53750 3.920194133518859e+00
5.55000 3.909716587633447e+00
5.56250 3.899297532435779e+00
5.57500 3.888936514405803e+00
5.58750 3.878633084548058e+00
5.60000 3.868386798336579e+00
5.61250 3.858197215660603e+00
5.62500 3.848063900771047e+00
5.63750 3.837986422227755e+00
5.65000 3.827964352847491e+00
5.66250 3.817997269652678e+00
5.67500 3.808084753820864e+00
5.68750 3.798226390634897e+00
5.70000 3.788421769433812e+00
5.71250 3.778670483564410e+00
5.72500 3.768972130333510e+00
5.73750 3.759326310960883e+00
5.75000 3.749732630532836e+00
5.76250 3.740190697956450e+00
5.77500 3.730700125914455e+00
5.78750 3.721260530820736e+00
5.80000 3.711871532776446e+00
5.81250 3.702532755526749e+00
5.82500 3.693243826418132e+00
5.83750 3.684004376356333e+00
5.85000 3.674814039764836e+00
5.86250 3.665672454543934e+00
5.87500 3.656579262030362e+00
5.88750 3.647534106957472e+00
5.90000 3.638536637415963e+00
5.91250 3.629586504815140e+00
5.92500 3.620683363844697e+00
5.93750 3.611826872437028e+00
5.95000 3.603016691730037e+00
5.96250 3.594252486030459e+00
5.97500 3.585533922777677e+00
5.98750 3.576860672508015e+00
6.00000 3.568232408819522e+00
6.01250 3.559648808337224e+00
6.02500 3.551109550678837e+00
6.03750 3.542614318420948e+00
6.05000 3.534162797065631e+00
6.06250 3.525754675007523e+00
6.07500 3.517389643501325e+00
6.08750 3.509067396629740e+00
6.10000 3.500787631271831e+00
6.11250 3.492550047071799e+00
6.12500 3.484354346408170e+00
6.13750 3.476200234363386e+00
6.15000 3.468087418693796e+00
6.16250 3.460015609800041e+00
6.17500 3.451984520697825e+00
6.18750 3.443993866989060e+00
6.20000 3.436043366833398e+00
6.21250 3.428132740920125e+00
6.22500 3.420261712440416e+00
6.23750 3.412430007059962e+00
6.25000 3.404637352891932e+00
6.26250 3.396883480470298e+00
6.27500 3.389168122723492e+00
6.28750 3.381491014948413e+00
6.30000 3.373851894784754e+00
6.31250 3.366250502189664e+00
6.32500 3.358686579412731e+00
6.33750 3.351159870971286e+00
6.35000 3.343670123626015e+00
6.36250 3.336217086356887e+00
6.37500 3.328800510339384e+00
6.38750 3.321420148921023e+00
6.40000 3.314075757598188e+00
6.41250 3.306767093993245e+00
6.42500 3.299493917831949e+00
6.43750 3.292255990921120e+00
6.45000 3.285053077126622e+00
6.46250 3.277884942351597e+00
6.47500 3.270751354514977e+00
6.48750 3.263652083530266e+00
6.50000 3.256586901284581e+00
6.51250 3.249555581617953e+00
6.52500 3.242557900302889e+00
6.53750 3.235593635024178e+00
6.55000 3.228662565358951e+00
6.56250 3.221764472756989e+00
6.57500 3.214899140521264e+00
6.58750 3.208066353788725e+00
6.60000 3.201265899511318e+00
6.61250 3.194497566437236e+00
6.62500 3.187761145092398e+00
6.63750 3.181056427762153e+00
6.65000 3.174383208473205e+00
6.66250 3.167741282975762e+00
6.67500 3.161130448725894e+00
6.68750 3.154550504868108e+00
6.70000 3.148001252218128e+00
6.71250 3.141482493245895e+00
6.72500 3.134994032058750e+00
6.73750 3.128535674384841e+00
6.75000 3.122107227556711e+00
6.76250 3.115708500495090e+00
6.77500 3.109339303692880e+00
6.78750 3.102999449199331e+00
6.80000 3.096688750604397e+00
6.81250 3.090407023023290e+00
6.82500 3.084154083081205e+00
6.83750 3.077929748898234e+00
6.85000 3.071733840074452e+00
6.86250 3.065566177675184e+00
6.87500 3.059426584216438e+00
6.88750 3.053314883650513e+00
6.90000 3.047230901351777e+00
6.91250 3.041174464102607e+00
6.92500 3.035145400079498e+00
6.93750 3.029143538839330e+00
6.95000 3.023168711305787e+00
6.96250 3.017220749755956e+00
6.97500 3.011299487807058e+00
6.98750 3.005404760403340e+00
7.00000 2.999536403803127e+00
7.01250 2.993694255566007e+00
7.02500 2.987878154540178e+00
7.03750 2.982087940849933e+00
7.05000 2.976323455883288e+00
7.06250 2.970584542279754e+00
7.07500 2.964871043918248e+00
7.08750 2.959182805905142e+00
7.10000 2.953519674562444e+00
7.11250 2.947881497416123e+00
7.12500 2.942268123184553e+00
7.13750 2.936679401767100e+00
7.15000 2.931115184232830e+00
7.16250 2.925575322809348e+00
7.17500 2.920059670871765e+00
7.18750 2.914568082931778e+00
7.20000 2.909100414626890e+00
7.21250 2.903656522709733e+00
7.22500 2.898236265037522e+00
7.23750 2.892839500561629e+00
7.25000 2.887466089317255e+00
7.26250 2.882115892413240e+00
7.27500 2.876788772021972e+00
7.28750 2.871484591369409e+00
7.30000 2.866203214725222e+00
7.31250 2.860944507393029e+00
7.32500 2.855708335700752e+00
7.33750 2.850494566991078e+00
7.35000 2.845303069612013e+00
7.36250 2.840133712907556e+00
7.37500 2.834986367208468e+00
7.38750 2.829860903823135e+00
7.40000 2.824757195028543e+00
7.41250 2.819675114061346e+00
7.42500 2.814614535109030e+00
7.43750 2.809575333301171e+00
7.45000 2.804557384700799e+00
7.46250 2.799560566295839e+00
7.47500 2.794584755990659e+00
7.48750 2.789629832597703e+00
7.50000 2.784695675829211e+00
7.51250 2.779782166289035e+00
7.52500 2.774889185464540e+00
7.53750 2.770016615718589e+00
7.55000 2.765164340281619e+00
7.56250 2.760332243243801e+00
7.57500 2.755520209547274e+00
7.58750 2.750728124978478e+00
7.60000 2.745955876160556e+00
7.61250 2.741203350545844e+00
7.62500 2.736470436408434e+00
7.63750 2.731757022836821e+00
7.65000 2.727062999726626e+00
7.66250 2.722388257773396e+00
7.67500 2.717732688465480e+00
7.68750 2.713096184076981e+00
7.70000 2.708478637660775e+00
7.71250 2.703879943041617e+00
7.72500 2.699299994809307e+00
7.73750 2.694738688311928e+00
7.75000 2.690195919649168e+00
7.76250 2.685671585665689e+00
7.77500 2.681165583944590e+00
7.78750 2.676677812800919e+00
7.80000 2.672208171275256e+00
7.81250 2.667756559127375e+00
7.82500 2.663322876829954e+00
7.83750 2.658907025562358e+00
7.85000 2.654508907204491e+00
7.86250 2.650128424330703e+00
7.87500 2.645765480203761e+00
7.88750 2.641419978768887e+00
7.90000 2.637091824647853e+00
7.91250 2.632780923133134e+00
7.92500 2.628487180182129e+00
7.93750 2.624210502411430e+00
7.95000 2.619950797091157e+00
7.96250 2.615707972139354e+00
7.97500 2.611481936116428e+00
7.98750 2.607272598219656e+00
8.00000 2.603079868277746e+00
8.01250 2.598903656745450e+00
8.02500 2.594743874698232e+00
8.03750 2.590600433826992e+00
8.05000 2.586473246432838e+00
8.06250 2.582362225421918e+00
8.07500 2.578267284300296e+00
8.08750 2.574188337168884e+00
8.10000 2.570125298718427e+00
8.11250 2.566078084224526e+00
8.12500 2.562046609542729e+00
8.13750 2.558030791103653e+00
8.15000 2.554030545908169e+00
8.16250 2.550045791522622e+00
8.17500 2.546076446074108e+00
8.18750 2.542122428245794e+00
8.20000 2.538183657272282e+00
8.21250 2.534260052935025e+00
8.22500 2.530351535557781e+00
8.23750 2.526458026002113e+00
8.25000 2.522579445662942e+00
8.26250 2.518715716464129e+00
8.27500 2.514866760854111e+00
8.28750 2.511032501801578e+00
8.30000 2.507212862791186e+00
8.31250 2.503407767819323e+00
8.32500 2.499617141389900e+00
8.33750 2.495840908510202e+00
8.35000 2.492078994686766e+00
8.36250 2.488331325921297e+00
8.37500 2.484597828706638e+00
8.38750 2.480878430022764e+00
8.40000 2.477173057332822e+00
8.41250 2.473481638579208e+00
8.42500 2.469804102179680e+00
8.43750 2.466140377023511e+00
8.45000 2.462490392467677e+00
8.46250 2.458854078333081e+00
8.47500 2.455231364900815e+00
8.48750 2.451622182908455e+00
8.50000 2.448026463546396e+00
8.51250 2.444444138454215e+00
8.52500 2.440875139717077e+00
8.53750 2.437319399862165e+00
8.55000 2.433776851855152e+00
8.56250 2.430247429096703e+00
8.57500 2.426731065419013e+00
8.58750 2.423227695082372e+00
8.60000 2.419737252771767e+00
8.61250 2.416259673593512e+00
8.62500 2.412794893071919e+00
8.63750 2.409342847145984e+00
8.65000 2.405903472166122e+00
8.66250 2.402476704890918e+00
8.67500 2.399062482483917e+00
8.68750 2.395660742510439e+00
8.70000 2.392271422934432e+00
8.71250 2.388894462115337e+00
8.72500 2.385529798805003e+00
8.73750 2.382177372144620e+00
8.75000 2.378837121661672e+00
8.76250 2.375508987266938e+00
8.77500 2.372192909251507e+00
8.78750 2.368888828283817e+00
8.80000 2.365596685406738e+00
8.81250 2.362316422034662e+00
8.82500 2.359047979950637e+00
8.83750 2.355791301303515e+00
8.85000 2.352546328605133e+00
8.86250 2.349313004727510e+00
8.87500 2.346091272900093e+00
8.88750 2.342881076706992e+00
8.90000 2.339682360084277e+00
8.91250 2.336495067317273e+00
8.92500 2.333319143037892e+00
8.93750 2.330154532221987e+00
8.95000 2.327001180186729e+00
8.96250 2.323859032588008e+00
8.97500 2.320728035417859e+00
8.98750 2.317608135001905e+00
9.00000 2.314499277996833e+00
9.01250 2.311401411387886e+00
9.02500 2.308314482486379e+00
9.03750 2.305238438927232e+00
9.05000 2.302173228666542e+00
9.06250 2.299118799979151e+00
9.07500 2.296075101456261e+00
9.08750 2.293042082003052e+00
9.10000 2.290019690836331e+00
9.11250 2.287007877482198e+00
9.12500 2.284006591773736e+00
9.13750 2.281015783848715e+00
9.15000 2.278035404147324e+00
9.16250 2.275065403409917e+00
9.17500 2.272105732674785e+00
9.18750 2.269156343275940e+00
9.20000 2.266217186840926e+00
9.21250 2.263288215288642e+00
9.22500 2.260369380827193e+00
9.23750 2.257460635951748e+00
9.25000 2.254561933442433e+00
9.26250 2.251673226362223e+00
9.27500 2.248794468054867e+00
9.28750 2.245925612142829e+00
9.30000 2.243066612525238e+00
9.31250 2.240217423375869e+00
9.32500 2.237377999141129e+00
9.33750 2.234548294538071e+00
9.35000 2.231728264552414e+00
9.36250 2.228917864436593e+00
9.37500 2.226117049707820e+00
9.38750 2.223325776146152e+00
9.40000 2.220543999792594e+00
9.41250 2.217771676947206e+00
9.42500 2.215008764167226e+00
9.43750 2.212255218265218e+00
9.45000 2.209510996307227e+00
9.46250 2.206776055610953e+00
9.47500 2.204050353743943e+00
9.48750 2.201333848521791e+00
9.50000 2.198626498006365e+00
9.51250 2.195928260504038e+00
9.52500 2.193239094563940e+00
9.53750 2.190558958976223e+00
9.55000 2.187887812770342e+00
9.56250 2.185225615213347e+00
9.57500 2.182572325808196e+00
9.58750 2.179927904292076e+00
9.60000 2.177292310634741e+00
9.61250 2.174665505036861e+00
9.62500 2.172047447928394e+00
9.63750 2.169438099966957e+00
9.65000 2.166837422036224e+00
9.66250 2.164245375244330e+00
9.67500 2.161661920922292e+00
9.68750 2.159087020622439e+00
9.70000 2.156520636116862e+00
9.71250 2.153962729395868e+00
9.72500 2.151413262666455e+00
9.73750 2.148872198350795e+00
9.75000 2.146339499084729e+00
9.76250 2.143815127716281e+00
9.77500 2.141299047304175e+00
9.78750 2.138791221116371e+00
9.80000 2.136291612628610e+00
9.81250 2.133800185522974e+00
9.82500 2.131316903686454e+00
9.83750 2.128841731209530e+00
9.85000 2.126374632384770e+00
9.86250 2.123915571705427e+00
9.87500 2.121464513864063e+00
9.88750 2.119021423751171e+00
9.90000 2.116586266453816e+00
9.91250 2.114159007254283e+00
9.92500 2.111739611628744e+00
9.93750 2.109328045245920e+00
9.95000 2.106924273965773e+00
9.96250 2.104528263838191e+00
9.97500 2.102139981101701e+00
9.98750 2.099759392182175e+00
10.00000 2.097386463691560e+00
