0.00001 2.312091896304956e+04
0.01250 1.503783570014421e+04
0.02500 8.713377902859027e+03
0.03750 5.652580160045053e+03
0.05000 3.972675479472097e+03
0.06250 2.952487746811360e+03
0.07500 2.286058833134283e+03
0.08750 1.826312469160206e+03
0.10000 1.495466912362073e+03
0.11250 1.249234317898189e+03
0.12500 1.060876839022904e+03
0.13750 9.134667747508219e+02
0.15000 7.958578996128210e+02
0.16250 7.004644988611191e+02
0.17500 6.219766508705840e+02
0.18750 5.565861106909243e+02
0.20000 5.015031989331990e+02
0.21250 4.546459662541276e+02
0.22500 4.144347800048197e+02
0.23750 3.796533298140907e+02
0.25000 3.493525737041782e+02
0.26250 3.227830931619596e+02
0.27500 2.993466365496777e+02
0.28750 2.785608677083462e+02
0.30000 2.600333579119173e+02
0.31250 2.434421489986260e+02
0.32500 2.285210547775106e+02
0.33750 2.150484239332835e+02
0.35000 2.028384623204606e+02
0.36250 1.917344688433955e+02
0.37500 1.816035169500206e+02
0.38750 1.723322387784039e+02
0.40000 1.638234579530886e+02
0.41250 1.559934810540329e+02
0.42500 1.487699043546278e+02
0.43750 1.420898266427351e+02
0.45000 1.358983843141415e+02
0.46250 1.301475439122345e+02
0.47500 1.247951016088943e+02
0.48750 1.198038500098274e+02
0.50000 1.151408810072383e+02
0.51250 1.107769998352808e+02
0.52500 1.066862304783563e+02
0.53750 1.028453964850264e+02
0.55000 9.923376430815976e+01
0.56250 9.583273871735494e+01
0.57500 9.262560175768336e+01
0.58750 8.959728826939376e+01
0.60000 8.673419222038505e+01
0.61250 8.402399910149555e+01
0.62500 8.145554044378709e+01
0.63750 7.901866717572078e+01
0.65000 7.670413907663541e+01
0.66250 7.450352802495999e+01
0.67500 7.240913310381363e+01
0.68750 7.041390592787718e+01
0.70000 6.851138480545076e+01
0.71250 6.669563655785502e+01
0.72500 6.496120499235590e+01
0.73750 6.330306517067873e+01
0.75000 6.171658273785807e+01
0.76250 6.019747767964337e+01
0.77500 5.874179196420518e+01
0.78750 5.734586059812901e+01
0.80000 5.600628568982953e+01
0.81250 5.471991316736254e+01
0.82500 5.348381184364812e+01
0.83750 5.229525456156796e+01
0.85000 5.115170118529041e+01
0.86250 5.005078323335738e+01
0.87500 4.899028997424730e+01
0.88750 4.796815582690599e+01
0.90000 4.698244892761014e+01
0.91250 4.603136074091731e+01
0.92500 4.511319660671848e+01
0.93750 4.422636712784277e+01
0.95000 4.336938031352411e+01
0.96250 4.254083440354423e+01
0.97500 4.173941130619756e+01
0.98750 4.096387059054004e+01
1.00000 4.021304397982029e+01
1.01250 3.948583029866195e+01
1.02500 3.878119083157102e+01
1.03750 3.809814505476540e+01
1.05000 3.743576670724011e+01
1.06250 3.679318017045367e+01
1.07500 3.616955712910359e+01
1.08750 3.556411348819991e+01
1.10000 3.497610652408636e+01
1.11250 3.440483224923445e+01
1.12500 3.384962297257812e+01
1.13750 3.330984503889360e+01
1.15000 3.278489673228291e+01
1.16250 3.227420633021265e+01
1.17500 3.177723029580904e+01
1.18750 3.129345159723365e+01
1.20000 3.082237814397299e+01
1.21250 3.036354133078520e+01
1.22500 2.991649468086568e+01
1.23750 2.948081258053376e+01
1.25000 2.905608909840986e+01
1.26250 2.864193688265708e+01
1.27500 2.823798613040756e+01
1.28750 2.784388362398970e+01
1.30000 2.745929182902160e+01
1.31250 2.708388804984389e+01
1.32500 2.671736363813606e+01
1.33750 2.635942325089764e+01
1.35000 2.600978415428222e+01
1.36250 2.566817557005264e+01
1.37500 2.533433806168023e+01
1.38750 2.500802295734423e+01
1.40000 2.468899180730025e+01
1.41250 2.437701587328093e+01
1.42500 2.407187564777026e+01
1.43750 2.377336040115595e+01
1.45000 2.348126775491359e+01
1.46250 2.319540327911348e+01
1.47500 2.291558011266671e+01
1.48750 2.264161860484295e+01
1.50000 2.237334597669814e+01
1.51250 2.211059600114849e+01
1.52500 2.185320870051696e+01
1.53750 2.160103006046127e+01
1.55000 2.135391175926896e+01
1.56250 2.111171091157559e+01
1.57500 2.087428982562703e+01
1.58750 2.064151577326724e+01
1.60000 2.041326077188806e+01
1.61250 2.018940137762942e+01
1.62500 1.996981848916557e+01
1.63750 1.975439716145704e+01
1.65000 1.954302642888906e+01
1.66250 1.933559913725469e+01
1.67500 1.913201178407638e+01
1.68750 1.893216436679179e+01
1.70000 1.873596023836057e+01
1.71250 1.854330596987623e+01
1.72500 1.835411121979402e+01
1.73750 1.816828860940969e+01
1.75000 1.798575360424655e+01
1.76250 1.780642440102984e+01
1.77500 1.763022181994652e+01
1.78750 1.745706920190711e+01
1.80000 1.728689231054344e+01
1.81250 1.711961923869194e+01
1.82500 1.695518031912693e+01
1.83750 1.679350803932248e+01
1.85000 1.663453696003426e+01
1.86250 1.647820363750493e+01
1.87500 1.632444654910810e+01
1.88750 1.617320602225639e+01
1.90000 1.602442416640922e+01
1.91250 1.587804480802511e+01
1.92500 1.573401342831220e+01
1.93750 1.559227710363869e+01
1.95000 1.545278444847287e+01
1.96250 1.531548556072925e+01
1.97500 1.518033196940436e+01
1.98750 1.504727658439204e+01
2.00000 1.491627364837408e+01
2.01250 1.478727869068745e+01
2.02500 1.466024848307504e+01
2.03750 1.453514099723131e+01
2.05000 1.441191536405944e+01
2.06250 1.429053183456044e+01
2.07500 1.417095174227928e+01
2.08750 1.405313746723671e+01
2.10000 1.393705240127913e+01
2.11250 1.382266091478259e+01
2.12500 1.370992832464991e+01
2.13750 1.359882086354324e+01
2.15000 1.348930565029728e+01
2.16250 1.338135066146080e+01
2.17500 1.327492470391742e+01
2.18750 1.316999738853804e+01
2.20000 1.306653910482062e+01
2.21250 1.296452099647455e+01
2.22500 1.286391493790913e+01
2.23750 1.276469351158767e+01
2.25000 1.266682998621061e+01
2.26250 1.257029829569257e+01
2.27500 1.247507301890019e+01
2.28750 1.238112936011909e+01
2.30000 1.228844313021966e+01
2.31250 1.219699072849293e+01
2.32500 1.210674912512915e+01
2.33750 1.201769584431279e+01
2.35000 1.192980894790902e+01
2.36250 1.184306701971788e+01
2.37500 1.175744915027337e+01
2.38750 1.167293492216571e+01
2.40000 1.158950439586606e+01
2.41250 1.150713809603392e+01
2.42500 1.142581699828818e+01
2.43750 1.134552251642386e+01
2.45000 1.126623649005716e+01
2.46250 1.118794117268228e+01
2.47500 1.111061922012424e+01
2.48750 1.103425367937260e+01
2.50000 1.095882797778148e+01
2.51250 1.088432591262217e+01
2.52500 1.081073164097499e+01
2.53750 1.073802966994768e+01
2.55000 1.066620484720832e+01
2.56250 1.059524235182083e+01
2.57500 1.052512768537223e+01
2.58750 1.045584666338075e+01
2.60000 1.038738540697458e+01
2.61250 1.031973033483146e+01
2.62500 1.025286815536968e+01
2.63750 1.018678585918140e+01
2.65000 1.012147071169974e+01
2.66250 1.005691024609117e+01
2.67500 9.993092256365268e+00
2.68750 9.930004790694278e+00
2.70000 9.867636144934913e+00
2.71250 9.805974856345546e+00
2.72500 9.745009697491819e+00
2.73750 9.684729670334265e+00
2.75000 9.625124000491640e+00
2.76250 9.566182131673923e+00
2.77500 9.507893720279220e+00
2.78750 9.450248630149018e+00
2.80000 9.393236927476366e+00
2.81250 9.336848875861959e+00
2.82500 9.281074931513038e+00
2.83750 9.225905738580458e+00
2.85000 9.171332124629247e+00
2.86250 9.117345096238331e+00
2.87500 9.063935834725095e+00
2.88750 9.011095691990747e+00
2.90000 8.958816186482547e+00
2.91250 8.907088999269082e+00
2.92500 8.855905970224914e+00
2.93750 8.805259094321192e+00
2.95000 8.755140518018681e+00
2.96250 8.705542535760065e+00
2.97500 8.656457586558327e+00
2.98750 8.607878250678130e+00
3.00000 8.559797246407378e+00
3.01250 8.512207426916000e+00
3.02500 8.465101777199342e+00
3.03750 8.418473411103502e+00
3.05000 8.372315568430015e+00
3.06250 8.326621612117586e+00
3.07500 8.281385025498309e+00
3.08750 8.236599409626319e+00
3.10000 8.192258480676475e+00
3.11250 8.148356067411074e+00
3.12500 8.104886108712513e+00
3.13750 8.061842651179889e+00
3.15000 8.019219846787681e+00
3.16250 7.977011950604597e+00
3.17500 7.935213318570846e+00
3.18750 7.893818405332112e+00
3.20000 7.852821762128519e+00
3.21250 7.812218034737025e+00
3.22500 7.772001961465638e+00
3.23750 7.732168371197987e+00
3.25000 7.692712181486764e+00
3.26250 7.653628396694637e+00
3.27500 7.614912106181267e+00
3.28750 7.576558482535107e+00
3.30000 7.538562779848707e+00
3.31250 7.500920332036306e+00
3.32500 7.463626551192472e+00
3.33750 7.426676925990689e+00
3.35000 7.390067020120727e+00
3.36250 7.353792470763707e+00
3.37500 7.317848987103882e+00
3.38750 7.282232348875987e+00
3.40000 7.246938404947314e+00
3.41250 7.211963071933457e+00
3.42500 7.177302332846836e+00
3.43750 7.142952235777118e+00
3.45000 7.108908892602640e+00
3.46250 7.075168477732025e+00
3.47500 7.041727226875124e+00
3.48750 7.008581435842546e+00
3.50000 6.975727459373000e+00
3.51250 6.943161709987659e+00
3.52500 6.910880656870886e+00
3.53750 6.878880824776607e+00
3.55000 6.847158792959597e+00
3.56250 6.815711194131135e+00
3.57500 6.784534713438256e+00
3.58750 6.753626087466097e+00
3.60000 6.722982103262667e+00
3.61250 6.692599597385470e+00
3.62500 6.662475454969446e+00
3.63750 6.632606608815638e+00
3.65000 6.602990038500085e+00
3.66250 6.573622769502407e+00
3.67500 6.544501872353576e+00
3.68750 6.515624461802405e+00
3.70000 6.486987696000261e+00
3.71250 6.458588775703547e+00
3.72500 6.430424943493510e+00
3.73750 6.402493483012941e+00
3.75000 6.374791718219339e+00
3.76250 6.347317012654131e+00
3.77500 6.320066768727552e+00
3.78750 6.293038427018799e+00
3.80000 6.266229465591072e+00
3.81250 6.239637399321153e+00
3.82500 6.213259779243153e+00
3.83750 6.187094191906084e+00
3.85000 6.161138258744931e+00
3.86250 6.135389635464869e+00
3.87500 6.109846011438351e+00
3.88750 6.084505109114709e+00
3.90000 6.059364683442011e+00
3.91250 6.034422521300841e+00
3.92500 6.009676440949749e+00
3.93750 5.985124291482082e+00
3.95000 5.960763952293922e+00
3.96250 5.936593332562870e+00
3.97500 5.912610370737438e+00
3.98750 5.888813034036763e+00
4.00000 5.865199317960449e+00
4.01250 5.841767245808252e+00
4.02500 5.818514868209429e+00
4.03750 5.795440262661480e+00
4.05000 5.772541533078099e+00
4.06250 5.749816809346105e+00
4.07500 5.727264246891162e+00
4.08750 5.704882026252063e+00
4.10000 5.682668352663422e+00
4.11250 5.660621455646527e+00
4.12500 5.638739588608217e+00
4.13750 5.617021028447600e+00
4.15000 5.595464075170387e+00
4.16250 5.574067051510736e+00
4.17500 5.552828302560386e+00
4.18750 5.531746195404947e+00
4.20000 5.510819118767186e+00
4.21250 5.490045482657125e+00
4.22500 5.469423718028851e+00
4.23750 5.448952276443841e+00
4.25000 5.428629629740672e+00
4.26250 5.408454269711014e+00
4.27500 5.388424707781709e+00
4.28750 5.368539474702839e+00
4.30000 5.348797120241659e+00
4.31250 5.329196212882231e+00
4.32500 5.309735339530689e+00
4.33750 5.290413105225962e+00
4.35000 5.271228132855872e+00
4.36250 5.252179062878474e+00
4.37500 5.233264553048543e+00
4.38750 5.214483278149080e+00
4.40000 5.195833929727735e+00
4.41250 5.177315215838064e+00
4.42500 5.158925860785486e+00
4.43750 5.140664604877855e+00
4.45000 5.122530204180565e+00
4.46250 5.104521430276074e+00
4.47500 5.086637070027746e+00
4.48750 5.068875925347966e+00
4.50000 5.051236812970372e+00
4.51250 5.033718564226194e+00
4.52500 5.016320024824552e+00
4.53750 4.999040054636658e+00
4.55000 4.981877527483865e+00
4.56250 4.964831330929421e+00
4.57500 4.947900366073934e+00
4.58750 4.931083547354403e+00
4.60000 4.914379802346776e+00
4.61250 4.897788071571963e+00
4.62500 4.881307308305225e+00
4.63750 4.864936478388883e+00
4.65000 4.848674560048259e+00
4.66250 4.832520543710810e+00
4.67500 4.816473431828380e+00
4.68750 4.800532238702493e+00
4.70000 4.784695990312665e+00
4.71250 4.768963724147630e+00
4.72500 4.753334489039458e+00
4.73750 4.737807345000487e+00
4.75000 4.722381363063019e+00
4.76250 4.707055625121745e+00
4.77500 4.691829223778804e+00
4.78750 4.676701262191468e+00
4.80000 4.661670853922375e+00
4.81250 4.646737122792274e+00
4.82500 4.631899202735225e+00
4.83750 4.617156237656207e+00
4.85000 4.602507381291112e+00
4.86250 4.587951797069021e+00
4.87500 4.573488657976796e+00
4.88750 4.559117146425871e+00
4.90000 4.544836454121259e+00
4.91250 4.530645781932688e+00
4.92500 4.516544339767855e+00
4.93750 4.502531346447747e+00
4.95000 4.488606029583982e+00
4.96250 4.474767625458153e+00
4.97500 4.461015378903120e+00
4.98750 4.447348543186219e+00
5.00000 4.433766379894352e+00
5.01250 4.420268158820923e+00
5.02500 4.406853157854592e+00
5.03750 4.393520662869800e+00
5.05000 4.380269967619044e+00
5.06250 4.367100373626869e+00
5.07500 4.354011190085531e+00
5.08750 4.341001733752327e+00
5.10000 4.328071328848535e+00
5.11250 4.315219306959955e+00
5.12500 4.302445006939001e+00
5.13750 4.289747774808342e+00
5.15000 4.277126963666038e+00
5.16250 4.264581933592162e+00
5.17500 4.252112051556878e+00
5.18750 4.239716691329940e+00
5.20000 4.227395233391592e+00
5.21250 4.215147064844853e+00
5.22500 4.202971579329145e+00
5.23750 4.190868176935259e+00
5.25000 4.178836264121613e+00
5.26250 4.166875253631799e+00
5.27500 4.154984564413390e+00
5.28750 4.143163621537984e+00
5.30000 4.131411856122460e+00
5.31250 4.119728705251424e+00
5.32500 4.108113611900834e+00
5.33750 4.096566024862784e+00
5.35000 4.085085398671401e+00
5.36250 4.073671193529876e+00
5.37500 4.062322875238570e+00
5.38750 4.051039915124209e+00
5.40000 4.039821789970132e+00
5.41250 4.028667981947567e+00
5.42500 4.017577978547942e+00
5.43750 4.006551272516187e+00
5.45000 3.995587361785027e+00
5.46250 3.984685749410243e+00
5.47500 3.973845943506889e+00
5.48750 3.963067457186437e+00
5.50000 3.952349808494848e+00
5.51250 3.941692520351548e+00
5.52500 3.931095120489293e+00
5.53750 3.920557141394908e+00
5.55000 3.910078120250884e+00
5.56250 3.899657598877828e+00
5.57500 3.889295123677733e+00
5.58750 3.878990245578078e+00
5.60000 3.868742519976727e+00
5.61250 3.858551506687612e+00
5.62500 3.848416769887206e+00
5.63750 3.838337878061752e+00
5.65000 3.828314403955252e+00
5.66250 3.818345924518183e+00
5.67500 3.808432020856957e+00
5.68750 3.798572278184087e+00
5.70000 3.788766285769057e+00
5.71250 3.779013636889888e+00
5.72500 3.769313928785391e+00
5.73750 3.759666762608075e+00
5.75000 3.750071743377729e+00
5.76250 3.740528479935648e+00
5.77500 3.731036584899501e+00
5.78750 3.721595674618813e+00
5.80000 3.712205369131090e+00
5.81250 3.702865292118528e+00
5.82500 3.693575070865339e+00
5.83750 3.684334336215653e+00
5.85000 3.675142722532007e+00
5.86250 3.665999867654403e+00
5.87500 3.656905412859930e+00
5.88750 3.647859002822928e+00
5.90000 3.638860285575713e+00
5.91250 3.629908912469821e+00
5.92500 3.621004538137795e+00
5.93750 3.612146820455472e+00
5.95000 3.603335420504796e+00
5.96250 3.594570002537129e+00
5.97500 3.585850233937055e+00
5.98750 3.577175785186673e+00
6.00000 3.568546329830367e+00
6.01250 3.559961544440051e+00
6.02500 3.551421108580882e+00
6.03750 3.542924704777424e+00
6.05000 3.534472018480264e+00
6.06250 3.526062738033073e+00
6.07500 3.517696554640112e+00
6.08750 3.509373162334152e+00
6.10000 3.501092257944831e+00
6.11250 3.492853541067425e+00
6.12500 3.484656714032026e+00
6.13750 3.476501481873129e+00
6.15000 3.468387552299617e+00
6.16250 3.460314635665141e+00
6.17500 3.452282444938876e+00
6.18750 3.444290695676674e+00
6.20000 3.436339105992580e+00
6.21250 3.428427396530723e+00
6.22500 3.420555290437567e+00
6.23750 3.412722513334529e+00
6.25000 3.404928793290941e+00
6.26250 3.397173860797361e+00
6.27500 3.389457448739234e+00
6.28750 3.381779292370888e+00
6.30000 3.374139129289856e+00
6.31250 3.366536699411537e+00
6.32500 3.358971744944167e+00
6.33750 3.351444010364126e+00
6.35000 3.343953242391540e+00
6.36250 3.336499189966206e+00
6.37500 3.329081604223813e+00
6.38750 3.321700238472467e+00
6.40000 3.314354848169518e+00
6.41250 3.307045190898658e+00
6.42500 3.299771026347339e+00
6.43750 3.292532116284437e+00
6.45000 3.285328224538227e+00
6.46250 3.278159116974613e+00
6.47500 3.271024561475639e+00
6.48750 3.263924327918260e+00
6.50000 3.256858188153390e+00
6.51250 3.249825915985185e+00
6.52500 3.242827287150611e+00
6.53750 3.235862079299245e+00
6.55000 3.228930071973329e+00
6.56250 3.222031046588073e+00
6.57500 3.215164786412195e+00
6.58750 3.208331076548702e+00
6.60000 3.201529703915909e+00
6.61250 3.194760457228680e+00
6.62500 3.188023126979907e+00
6.63750 3.181317505422212e+00
6.65000 3.174643386549867e+00
6.66250 3.168000566080937e+00
6.67500 3.161388841439639e+00
6.68750 3.154808011738909e+00
6.70000 3.148257877763188e+00
6.71250 3.141738241951404e+00
6.72500 3.135248908380168e+00
6.73750 3.128789682747163e+00
6.75000 3.122360372354742e+00
6.76250 3.115960786093709e+00
6.77500 3.109590734427301e+00
6.78750 3.103250029375366e+00
6.80000 3.096938484498713e+00
6.81250 3.090655914883662e+00
6.82500 3.084402137126769e+00
6.83750 3.078176969319735e+00
6.85000 3.071980231034492e+00
6.86250 3.065811743308463e+00
6.87500 3.059671328629994e+00
6.88750 3.053558810923965e+00
6.90000 3.047474015537555e+00
6.91250 3.041416769226192e+00
6.92500 3.035386900139644e+00
6.93750 3.029384237808295e+00
6.95000 3.023408613129565e+00
6.96250 3.017459858354492e+00
6.97500 3.011537807074470e+00
6.98750 3.005642294208143e+00
7.00000 2.999773155988442e+00
7.01250 2.993930229949779e+00
7.02500 2.988113354915388e+00
7.03750 2.982322370984804e+00
7.05000 2.976557119521495e+00
7.06250 2.970817443140629e+00
7.07500 2.965103185696979e+00
7.08750 2.959414192272978e+00
7.10000 2.953750309166892e+00
7.11250 2.948111383881143e+00
7.12500 2.942497265110755e+00
7.13750 2.936907802731935e+00
7.15000 2.931342847790781e+00
7.16250 2.925802252492118e+00
7.17500 2.920285870188462e+00
7.18750 2.914793555369105e+00
7.20000 2.909325163649321e+00
7.21250 2.903880551759698e+00
7.22500 2.898459577535587e+00
7.23750 2.893062099906667e+00
7.25000 2.887687978886629e+00
7.26250 2.882337075562972e+00
7.27500 2.877009252086915e+00
7.28750 2.871704371663423e+00
7.30000 2.866422298541333e+00
7.31250 2.861162898003601e+00
7.32500 2.855926036357656e+00
7.33750 2.850711580925845e+00
7.35000 2.845519400036006e+00
7.36250 2.840349363012127e+00
7.37500 2.835201340165112e+00
7.38750 2.830075202783653e+00
7.40000 2.824970823125195e+00
7.41250 2.819888074407007e+00
7.42500 2.814826830797339e+00
7.43750 2.809786967406685e+00
7.45000 2.804768360279140e+00
7.46250 2.799770886383845e+00
7.47500 2.794794423606529e+00
7.48750 2.789838850741140e+00
7.50000 2.784904047481570e+00
7.51250 2.779989894413464e+00
7.52500 2.775096273006119e+00
7.53750 2.770223065604471e+00
7.55000 2.765370155421170e+00
7.56250 2.760537426528733e+00
7.57500 2.755724763851786e+00
7.58750 2.750932053159385e+00
7.60000 2.746159181057427e+00
7.61250 2.741406034981130e+00
7.62500 2.736672503187600e+00
7.63750 2.731958474748475e+00
7.65000 2.727263839542649e+00
7.66250 2.722588488249066e+00
7.67500 2.717932312339602e+00
7.68750 2.713295204072007e+00
7.70000 2.708677056482929e+00
7.71250 2.704077763381019e+00
7.72500 2.699497219340089e+00
7.73750 2.694935319692363e+00
7.75000 2.690391960521779e+00
7.76250 2.685867038657376e+00
7.77500 2.681360451666738e+00
7.78750 2.676872097849517e+00
7.80000 2.672401876231016e+00
7.81250 2.667949686555840e+00
7.82500 2.663515429281610e+00
7.83750 2.659099005572751e+00
7.85000 2.654700317294331e+00
7.86250 2.650319267005979e+00
7.87500 2.645955757955845e+00
7.88750 2.641609694074644e+00
7.90000 2.637280979969745e+00
7.91250 2.632969520919330e+00
7.92500 2.628675222866604e+00
7.93750 2.624397992414073e+00
7.95000 2.620137736817872e+00
7.96250 2.615894363982161e+00
7.97500 2.611667782453563e+00
7.98750 2.607457901415676e+00
8.00000 2.603264630683622e+00
8.01250 2.599087880698669e+00
8.02500 2.594927562522892e+00
8.03750 2.590783587833900e+00
8.05000 2.586655868919605e+00
8.06250 2.582544318673053e+00
8.07500 2.578448850587301e+00
8.08750 2.574369378750348e+00
8.10000 2.570305817840115e+00
8.11250 2.566258083119473e+00
8.12500 2.562226090431332e+00
8.13750 2.558209756193757e+00
8.15000 2.554208997395158e+00
8.16250 2.550223731589508e+00
8.17500 2.546253876891617e+00
8.18750 2.542299351972454e+00
8.20000 2.538360076054510e+00
8.21250 2.534435968907209e+00
8.22500 2.530526950842367e+00
8.23750 2.526632942709690e+00
8.25000 2.522753865892320e+00
8.26250 2.518889642302427e+00
8.27500 2.515040194376838e+00
8.28750 2.511205445072709e+00
8.30000 2.507385317863248e+00
8.31250 2.503579736733471e+00
8.32500 2.499788626175999e+00
8.33750 2.496011911186903e+00
8.35000 2.492249517261583e+00
8.36250 2.488501370390686e+00
8.37500 2.484767397056073e+00
8.38750 2.481047524226811e+00
8.40000 2.477341679355216e+00
8.41250 2.473649790372926e+00
8.42500 2.469971785687015e+00
8.43750 2.466307594176147e+00
8.45000 2.462657145186757e+00
8.46250 2.459020368529285e+00
8.47500 2.455397194474426e+00
8.48750 2.451787553749433e+00
8.50000 2.448191377534447e+00
8.51250 2.444608597458862e+00
8.52500 2.441039145597725e+00
8.53750 2.437482954468174e+00
8.55000 2.433939957025902e+00
8.56250 2.430410086661664e+00
8.57500 2.426893277197808e+00
8.58750 2.423389462884848e+00
8.60000 2.419898578398056e+00
8.61250 2.416420558834099e+00
8.62500 2.412955339707704e+00
8.63750 2.409502856948350e+00
8.65000 2.406063046896996e+00
8.66250 2.402635846302833e+00
8.67500 2.399221192320077e+00
8.68750 2.395819022504781e+00
8.70000 2.392429274811683e+00
8.71250 2.389051887591083e+00
8.72500 2.385686799585744e+00
8.73750 2.382333949927828e+00
8.75000 2.378993278135857e+00
8.76250 2.375664724111703e+00
8.77500 2.372348228137605e+00
8.78750 2.369043730873217e+00
8.80000 2.365751173352671e+00
8.81250 2.362470496981690e+00
8.82500 2.359201643534701e+00
8.83750 2.355944555151995e+00
8.85000 2.352699174336903e+00
8.86250 2.349465443952997e+00
8.87500 2.346243307221324e+00
8.88750 2.343032707717658e+00
8.90000 2.339833589369781e+00
8.91250 2.336645896454784e+00
8.92500 2.333469573596402e+00
8.93750 2.330304565762360e+00
8.95000 2.327150818261755e+00
8.96250 2.324008276742457e+00
8.97500 2.320876887188526e+00
8.98750 2.317756595917671e+00
9.00000 2.314647349578709e+00
9.01250 2.311549095149064e+00
9.02500 2.308461779932284e+00
9.03750 2.305385351555572e+00
9.05000 2.302319757967354e+00
9.06250 2.299264947434855e+00
9.07500 2.296220868541702e+00
9.08750 2.293187470185556e+00
9.10000 2.290164701575745e+00
9.11250 2.287152512230944e+00
9.12500 2.284150851976852e+00
9.13750 2.281159670943906e+00
9.15000 2.278178919565009e+00
9.16250 2.275208548573271e+00
9.17500 2.272248508999787e+00
9.18750 2.269298752171419e+00
9.20000 2.266359229708603e+00
9.21250 2.263429893523178e+00
9.22500 2.260510695816232e+00
9.23750 2.257601589075961e+00
9.25000 2.254702526075560e+00
9.26250 2.251813459871117e+00
9.27500 2.248934343799542e+00
9.28750 2.246065131476493e+00
9.30000 2.243205776794344e+00
9.31250 2.240356233920152e+00
9.32500 2.237516457293649e+00
9.33750 2.234686401625253e+00
9.35000 2.231866021894095e+00
9.36250 2.229055273346056e+00
9.37500 2.226254111491835e+00
9.38750 2.223462492105020e+00
9.40000 2.220680371220184e+00
9.41250 2.217907705130995e+00
9.42500 2.215144450388340e+00
9.43750 2.212390563798468e+00
9.45000 2.209646002421150e+00
9.46250 2.206910723567850e+00
9.47500 2.204184684799914e+00
9.48750 2.201467843926779e+00
9.50000 2.198760159004189e+00
9.51250 2.196061588332430e+00
9.52500 2.193372090454585e+00
9.53750 2.190691624154793e+00
9.55000 2.188020148456534e+00
9.56250 2.185357622620919e+00
9.57500 2.182704006145002e+00
9.58750 2.180059258760103e+00
9.60000 2.177423340430143e+00
9.61250 2.174796211349997e+00
9.62500 2.172177831943858e+00
9.63750 2.169568162863618e+00
9.65000 2.166967164987256e+00
9.66250 2.164374799417248e+00
9.67500 2.161791027478987e+00
9.68750 2.159215810719211e+00
9.70000 2.156649110904452e+00
9.71250 2.154090890019492e+00
9.72500 2.151541110265838e+00
9.73750 2.148999734060202e+00
9.75000 2.146466724033000e+00
9.76250 2.143942043026859e+00
9.77500 2.141425654095142e+00
9.78750 2.138917520500478e+00
9.80000 2.136417605713311e+00
9.81250 2.133925873410453e+00
9.82500 2.131442287473657e+00
9.83750 2.128966811988201e+00
9.85000 2.126499411241475e+00
9.86250 2.124040049721589e+00
9.87500 2.121588692115990e+00
9.88750 2.119145303310086e+00
9.90000 2.116709848385889e+00
9.91250 2.114282292620658e+00
9.92500 2.111862601485569e+00
9.93750 2.109450740644378e+00
9.95000 2.107046675952106e+00
9.96250 2.104650373453739e+00
9.97500 2.102261799382918e+00
9.98750 2.099880920160667e+00
10.00000 2.097507702394108e+00
