  300.00 -12.00000  3.26046e-16  3.26046e-16  3.26045e-16 -5.93034e-18 -5.92936e-18  5.92976e-18
  300.00 -11.98288  6.20685e-16  6.20684e-16  6.20683e-16 -1.12808e-17 -1.12789e-17  1.12797e-17
  300.00 -11.96577  1.18138e-15  1.18138e-15  1.18138e-15 -2.14545e-17 -2.14510e-17  2.14524e-17
  300.00 -11.94865  2.24819e-15  2.24819e-15  2.24818e-15 -4.07960e-17 -4.07893e-17  4.07920e-17
  300.00 -11.93153  4.27760e-15  4.27759e-15  4.27759e-15 -7.75591e-17 -7.75463e-17  7.75515e-17
  300.00 -11.91441  8.13747e-15  8.13746e-15  8.13745e-15 -1.47422e-16 -1.47398e-16  1.47408e-16
  300.00 -11.89730  1.54775e-14  1.54774e-14  1.54774e-14 -2.80161e-16 -2.80115e-16  2.80134e-16
  300.00 -11.88018  2.94326e-14  2.94326e-14  2.94325e-14 -5.32309e-16 -5.32222e-16  5.32257e-16
  300.00 -11.86306  5.59597e-14  5.59597e-14  5.59596e-14 -1.01118e-15 -1.01102e-15  1.01109e-15
  300.00 -11.84595  1.06375e-13  1.06375e-13  1.06374e-13 -1.92046e-15 -1.92014e-15  1.92027e-15
  300.00 -11.82883  2.02169e-13  2.02169e-13  2.02169e-13 -3.64658e-15 -3.64598e-15  3.64623e-15
  300.00 -11.81171  3.84154e-13  3.84153e-13  3.84153e-13 -6.92263e-15 -6.92150e-15  6.92196e-15
  300.00 -11.79459  7.29803e-13  7.29802e-13  7.29801e-13 -1.31389e-14 -1.31367e-14  1.31376e-14
  300.00 -11.77748  1.38617e-12  1.38616e-12  1.38616e-12 -2.49314e-14 -2.49273e-14  2.49290e-14
  300.00 -11.76036  2.63228e-12  2.63228e-12  2.63227e-12 -4.72969e-14 -4.72892e-14  4.72923e-14
  300.00 -11.74324  4.99751e-12  4.99750e-12  4.99750e-12 -8.97046e-14 -8.96899e-14  8.96959e-14
  300.00 -11.72613  9.48590e-12  9.48589e-12  9.48588e-12 -1.70094e-13 -1.70067e-13  1.70078e-13
  300.00 -11.70901  1.80013e-11  1.80013e-11  1.80013e-11 -3.22446e-13 -3.22393e-13  3.22415e-13
  300.00 -11.69189  3.41530e-11  3.41530e-11  3.41530e-11 -6.11099e-13 -6.11000e-13  6.11040e-13
  300.00 -11.67477  6.47815e-11  6.47814e-11  6.47813e-11 -1.15785e-12 -1.15766e-12  1.15774e-12
  300.00 -11.65766  1.22848e-10  1.22848e-10  1.22847e-10 -2.19320e-12 -2.19284e-12  2.19299e-12
  300.00 -11.64054  2.32903e-10  2.32903e-10  2.32902e-10 -4.15321e-12 -4.15253e-12  4.15281e-12
  300.00 -11.62342  4.41441e-10  4.41441e-10  4.41440e-10 -7.86261e-12 -7.86133e-12  7.86186e-12
  300.00 -11.60631  8.36484e-10  8.36483e-10  8.36482e-10 -1.48808e-11 -1.48783e-11  1.48793e-11
  300.00 -11.58919  1.58463e-09  1.58463e-09  1.58462e-09 -2.81550e-11 -2.81504e-11  2.81523e-11
  300.00 -11.57207  3.00109e-09  3.00108e-09  3.00108e-09 -5.32543e-11 -5.32457e-11  5.32492e-11
  300.00 -11.55495  5.68210e-09  5.68209e-09  5.68208e-09 -1.00698e-10 -1.00681e-10  1.00688e-10
  300.00 -11.53784  1.07551e-08  1.07551e-08  1.07551e-08 -1.90347e-10 -1.90316e-10  1.90329e-10
  300.00 -11.52072  2.03514e-08  2.03514e-08  2.03514e-08 -3.59692e-10 -3.59634e-10  3.59658e-10
  300.00 -11.50360  3.84985e-08  3.84985e-08  3.84984e-08 -6.79472e-10 -6.79362e-10  6.79407e-10
  300.00 -11.48649  7.28048e-08  7.28047e-08  7.28046e-08 -1.28311e-09 -1.28290e-09  1.28299e-09
  300.00 -11.46937  1.37638e-07  1.37638e-07  1.37638e-07 -2.42215e-09 -2.42176e-09  2.42192e-09
  300.00 -11.45225  2.60123e-07  2.60123e-07  2.60123e-07 -4.57070e-09 -4.56996e-09  4.57027e-09
  300.00 -11.43514  4.91446e-07  4.91445e-07  4.91444e-07 -8.62190e-09 -8.62051e-09  8.62108e-09
  300.00 -11.41802  9.28162e-07  9.28161e-07  9.28160e-07 -1.62576e-08 -1.62550e-08  1.62561e-08
  300.00 -11.40090  1.75235e-06  1.75235e-06  1.75235e-06 -3.06437e-08 -3.06388e-08  3.06408e-08
  300.00 -11.38378  3.30722e-06  3.30722e-06  3.30721e-06 -5.77365e-08 -5.77272e-08  5.77310e-08
  300.00 -11.36667  6.23944e-06  6.23943e-06  6.23942e-06 -1.08737e-07 -1.08720e-07  1.08727e-07
  300.00 -11.34955  1.17669e-05  1.17669e-05  1.17669e-05 -2.04702e-07 -2.04669e-07  2.04683e-07
  300.00 -11.33243  2.21827e-05  2.21826e-05  2.21826e-05 -3.85189e-07 -3.85127e-07  3.85153e-07
  300.00 -11.31532  4.18013e-05  4.18013e-05  4.18012e-05 -7.24483e-07 -7.24367e-07  7.24416e-07
  300.00 -11.29820  7.87388e-05  7.87387e-05  7.87386e-05 -1.36201e-06 -1.36179e-06  1.36188e-06
  300.00 -11.28108  1.48253e-04  1.48253e-04  1.48253e-04 -2.55931e-06 -2.55890e-06  2.55908e-06
  300.00 -11.26396  2.79016e-04  2.79016e-04  2.79015e-04 -4.80674e-06 -4.80597e-06  4.80629e-06
  300.00 -11.24685  5.24881e-04  5.24880e-04  5.24879e-04 -9.02308e-06 -9.02164e-06  9.02225e-06
  300.00 -11.22973  9.86941e-04  9.86940e-04  9.86939e-04 -1.69289e-05 -1.69262e-05  1.69274e-05
  300.00 -11.21261  1.85488e-03  1.85488e-03  1.85487e-03 -3.17443e-05 -3.17393e-05  3.17414e-05
  300.00 -11.19550  3.48439e-03  3.48439e-03  3.48438e-03 -5.94919e-05 -5.94824e-05  5.94864e-05
  300.00 -11.17838  6.54211e-03  6.54210e-03  6.54209e-03 -1.11428e-04 -1.11410e-04  1.11418e-04
  300.00 -11.16126  1.22767e-02  1.22767e-02  1.22767e-02 -2.08578e-04 -2.08545e-04  2.08559e-04
  300.00 -11.14414  2.30256e-02  2.30256e-02  2.30256e-02 -3.90186e-04 -3.90124e-04  3.90150e-04
  300.00 -11.12703  4.31617e-02  4.31617e-02  4.31616e-02 -7.29444e-04 -7.29328e-04  7.29378e-04
  300.00 -11.10991  8.08603e-02  8.08602e-02  8.08601e-02 -1.36276e-03 -1.36255e-03  1.36264e-03
  300.00 -11.09279  1.51395e-01  1.51395e-01  1.51395e-01 -2.54416e-03 -2.54376e-03  2.54393e-03
  300.00 -11.07568  2.83284e-01  2.83283e-01  2.83283e-01 -4.74629e-03 -4.74555e-03  4.74587e-03
  300.00 -11.05856  5.29727e-01  5.29727e-01  5.29726e-01 -8.84785e-03 -8.84646e-03  8.84705e-03
  300.00 -11.04144  9.89909e-01  9.89908e-01  9.89906e-01 -1.64809e-02 -1.64783e-02  1.64794e-02
  300.00 -11.02432  1.84858e+00  1.84858e+00  1.84858e+00 -3.06740e-02 -3.06692e-02  3.06712e-02
  300.00 -11.00721  3.44964e+00  3.44963e+00  3.44963e+00 -5.70415e-02 -5.70326e-02  5.70365e-02
  300.00 -10.99009  6.43258e+00  6.43257e+00  6.43257e+00 -1.05981e-01 -1.05965e-01  1.05972e-01
  300.00 -10.97297  1.19857e+01  1.19857e+01  1.19856e+01 -1.96728e-01 -1.96697e-01  1.96711e-01
  300.00 -10.95586  2.23147e+01  2.23147e+01  2.23147e+01 -3.64826e-01 -3.64769e-01  3.64794e-01
  300.00 -10.93874  4.15106e+01  4.15106e+01  4.15105e+01 -6.75879e-01 -6.75774e-01  6.75820e-01
  300.00 -10.92162  7.71523e+01  7.71522e+01  7.71521e+01 -1.25082e+00 -1.25063e+00  1.25072e+00
  300.00 -10.90450  1.43267e+02  1.43267e+02  1.43266e+02 -2.31231e+00 -2.31195e+00  2.31211e+00
  300.00 -10.88739  2.65786e+02  2.65785e+02  2.65785e+02 -4.26967e+00 -4.26902e+00  4.26931e+00
  300.00 -10.87027  4.92594e+02  4.92593e+02  4.92593e+02 -7.87442e+00 -7.87321e+00  7.87375e+00
  300.00 -10.85315  9.12008e+02  9.12007e+02  9.12006e+02 -1.45041e+01 -1.45019e+01  1.45029e+01
  300.00 -10.83604  1.68671e+03  1.68671e+03  1.68670e+03 -2.66799e+01 -2.66758e+01  2.66776e+01
  300.00 -10.81892  3.11594e+03  3.11594e+03  3.11594e+03 -4.90080e+01 -4.90005e+01  4.90039e+01
  300.00 -10.80180  5.74943e+03  5.74943e+03  5.74942e+03 -8.98889e+01 -8.98753e+01  8.98814e+01
  300.00 -10.78468  1.05955e+04  1.05955e+04  1.05954e+04 -1.64614e+02 -1.64589e+02  1.64600e+02
  300.00 -10.76757  1.95006e+04  1.95006e+04  1.95006e+04 -3.00960e+02 -3.00915e+02  3.00935e+02
  300.00 -10.75045  3.58408e+04  3.58408e+04  3.58408e+04 -5.49277e+02 -5.49195e+02  5.49233e+02
  300.00 -10.73333  6.57778e+04  6.57777e+04  6.57777e+04 -1.00062e+03 -1.00047e+03  1.00054e+03
  300.00 -10.71622  1.20536e+05  1.20536e+05  1.20536e+05 -1.81924e+03 -1.81897e+03  1.81909e+03
  300.00 -10.69910  2.20523e+05  2.20523e+05  2.20522e+05 -3.30066e+03 -3.30017e+03  3.30040e+03
  300.00 -10.68198  4.02762e+05  4.02761e+05  4.02761e+05 -5.97504e+03 -5.97416e+03  5.97458e+03
  300.00 -10.66486  7.34273e+05  7.34272e+05  7.34271e+05 -1.07906e+04 -1.07890e+04  1.07897e+04
  300.00 -10.64775  1.33608e+06  1.33608e+06  1.33608e+06 -1.94374e+04 -1.94346e+04  1.94359e+04
  300.00 -10.63063  2.42618e+06  2.42617e+06  2.42617e+06 -3.49174e+04 -3.49124e+04  3.49148e+04
  300.00 -10.61351  4.39610e+06  4.39610e+06  4.39609e+06 -6.25411e+04 -6.25322e+04  6.25366e+04
  300.00 -10.59640  7.94705e+06  7.94705e+06  7.94704e+06 -1.11663e+05 -1.11647e+05  1.11655e+05
  300.00 -10.57928  1.43307e+07  1.43307e+07  1.43307e+07 -1.98684e+05 -1.98656e+05  1.98670e+05
  300.00 -10.56216  2.57737e+07  2.57737e+07  2.57736e+07 -3.52208e+05 -3.52159e+05  3.52184e+05
  300.00 -10.54505  4.62218e+07  4.62217e+07  4.62217e+07 -6.21839e+05 -6.21754e+05  6.21797e+05
  300.00 -10.52793  8.26387e+07  8.26387e+07  8.26386e+07 -1.09305e+06 -1.09290e+06  1.09298e+06
  300.00 -10.51081  1.47259e+08  1.47259e+08  1.47259e+08 -1.91206e+06 -1.91181e+06  1.91194e+06
  300.00 -10.49369  2.61472e+08  2.61471e+08  2.61471e+08 -3.32705e+06 -3.32661e+06  3.32684e+06
  300.00 -10.47658  4.62464e+08  4.62464e+08  4.62463e+08 -5.75533e+06 -5.75460e+06  5.75500e+06
  300.00 -10.45946  8.14504e+08  8.14504e+08  8.14503e+08 -9.89148e+06 -9.89025e+06  9.89094e+06
  300.00 -10.44234  1.42791e+09  1.42791e+09  1.42791e+09 -1.68776e+07 -1.68755e+07  1.68767e+07
  300.00 -10.42523  2.49062e+09  2.49062e+09  2.49062e+09 -2.85651e+07 -2.85617e+07  2.85637e+07
  300.00 -10.40811  4.32011e+09  4.32010e+09  4.32010e+09 -4.79055e+07 -4.79001e+07  4.79034e+07
  300.00 -10.39099  7.44743e+09  7.44743e+09  7.44742e+09 -7.95076e+07 -7.94989e+07  7.95044e+07
  300.00 -10.37387  1.27512e+10  1.27512e+10  1.27512e+10 -1.30383e+08 -1.30370e+08  1.30379e+08
  300.00 -10.35676  2.16664e+10  2.16664e+10  2.16664e+10 -2.10844e+08 -2.10824e+08  2.10838e+08
  300.00 -10.33964  3.65021e+10  3.65021e+10  3.65020e+10 -3.35350e+08 -3.35320e+08  3.35343e+08
  300.00 -10.32252  6.09079e+10  6.09079e+10  6.09078e+10 -5.22787e+08 -5.22746e+08  5.22780e+08
  300.00 -10.30541  1.00532e+11  1.00532e+11  1.00532e+11 -7.94983e+08 -7.94930e+08  7.94980e+08
  300.00 -10.28829  1.63893e+11  1.63893e+11  1.63893e+11 -1.17119e+09 -1.17113e+09  1.17120e+09
  300.00 -10.27117  2.63434e+11  2.63434e+11  2.63434e+11 -1.65476e+09 -1.65471e+09  1.65480e+09
  300.00 -10.25405  4.16619e+11  4.16619e+11  4.16619e+11 -2.20727e+09 -2.20725e+09  2.20736e+09
  300.00 -10.23694  6.46718e+11  6.46718e+11  6.46718e+11 -2.70733e+09 -2.70740e+09  2.70751e+09
  300.00 -10.21982  9.82688e+11  9.82687e+11  9.82687e+11 -2.90269e+09 -2.90293e+09  2.90300e+09
  300.00 -10.20270  1.45733e+12  1.45733e+12  1.45733e+12 -2.39187e+09 -2.39239e+09  2.39236e+09
  300.00 -10.18559  2.10305e+12  2.10305e+12  2.10305e+12 -7.11953e+08 -7.12853e+08  7.12606e+08
  300.00 -10.16847  2.94552e+12  2.94552e+12  2.94552e+12  2.37552e+09  2.37421e+09 -2.37478e+09
  300.00 -10.15135  3.99734e+12  3.99733e+12  3.99733e+12  6.40381e+09  6.40216e+09 -6.40317e+09
  300.00 -10.13423  5.25584e+12  5.25584e+12  5.25584e+12  9.78909e+09  9.78736e+09 -9.78881e+09
  300.00 -10.11712  6.70907e+12  6.70907e+12  6.70906e+12  1.00218e+10  1.00202e+10 -1.00220e+10
  300.00 -10.10000  8.34931e+12  8.34931e+12  8.34930e+12  4.84972e+09  4.84862e+09 -4.85042e+09
  300.00 -10.08288  1.01865e+13  1.01865e+13  1.01865e+13 -5.98753e+09 -5.98840e+09  5.98686e+09
  300.00 -10.06577  1.22503e+13  1.22503e+13  1.22503e+13 -1.98496e+10 -1.98509e+10  1.98498e+10
  300.00 -10.04865  1.45763e+13  1.45763e+13  1.45763e+13 -3.22813e+10 -3.22838e+10  3.22831e+10
  300.00 -10.03153  1.71862e+13  1.71862e+13  1.71862e+13 -3.95974e+10 -3.96018e+10  3.96013e+10
  300.00 -10.01441  2.00782e+13  2.00782e+13  2.00782e+13 -4.09353e+10 -4.09416e+10  4.09411e+10
  300.00 -9.99730  2.32352e+13  2.32352e+13  2.32352e+13 -3.81852e+10 -3.81929e+10  3.81924e+10
  300.00 -9.98018  2.66410e+13  2.66410e+13  2.66410e+13 -3.42065e+10 -3.42146e+10  3.42141e+10
  300.00 -9.96306  3.02908e+13  3.02908e+13  3.02908e+13 -3.10425e+10 -3.10500e+10  3.10498e+10
  300.00 -9.94595  3.41866e+13  3.41866e+13  3.41866e+13 -2.93107e+10 -2.93171e+10  2.93174e+10
  300.00 -9.92883  3.83259e+13  3.83259e+13  3.83259e+13 -2.86259e+10 -2.86312e+10  2.86320e+10
  300.00 -9.91171  4.26937e+13  4.26937e+13  4.26937e+13 -2.82894e+10 -2.82939e+10  2.82952e+10
  300.00 -9.89459  4.72644e+13  4.72644e+13  4.72645e+13 -2.77451e+10 -2.77494e+10  2.77511e+10
  300.00 -9.87748  5.20104e+13  5.20104e+13  5.20104e+13 -2.67631e+10 -2.67676e+10  2.67694e+10
  300.00 -9.86036  5.69117e+13  5.69117e+13  5.69117e+13 -2.54740e+10 -2.54787e+10  2.54805e+10
  300.00 -9.84324  6.19615e+13  6.19615e+13  6.19615e+13 -2.43170e+10 -2.43216e+10  2.43232e+10
  300.00 -9.82613  6.71640e+13  6.71640e+13  6.71640e+13 -2.39013e+10 -2.39054e+10  2.39068e+10
  300.00 -9.80901  7.25292e+13  7.25292e+13  7.25292e+13 -2.48091e+10 -2.48119e+10  2.48130e+10
  300.00 -9.79189  7.80651e+13  7.80651e+13  7.80651e+13 -2.74204e+10 -2.74215e+10  2.74222e+10
  300.00 -9.77477  8.37732e+13  8.37732e+13  8.37732e+13 -3.18447e+10 -3.18438e+10  3.18440e+10
  300.00 -9.75766  8.96471e+13  8.96471e+13  8.96471e+13 -3.79835e+10 -3.79806e+10  3.79802e+10
  300.00 -9.74054  9.56747e+13  9.56747e+13  9.56747e+13 -4.56749e+10 -4.56701e+10  4.56690e+10
  300.00 -9.72342  1.01842e+14  1.01842e+14  1.01842e+14 -5.48309e+10 -5.48246e+10  5.48228e+10
  300.00 -9.70631  1.08138e+14  1.08138e+14  1.08138e+14 -6.54951e+10 -6.54877e+10  6.54853e+10
  300.00 -9.68919  1.14555e+14  1.14555e+14  1.14555e+14 -7.77969e+10 -7.77887e+10  7.77857e+10
  300.00 -9.67207  1.21093e+14  1.21093e+14  1.21093e+14 -9.18319e+10 -9.18235e+10  9.18200e+10
  300.00 -9.65495  1.27755e+14  1.27755e+14  1.27755e+14 -1.07531e+11 -1.07522e+11  1.07518e+11
  300.00 -9.63784  1.34547e+14  1.34547e+14  1.34547e+14 -1.24570e+11 -1.24562e+11  1.24558e+11
  300.00 -9.62072  1.41471e+14  1.41471e+14  1.41471e+14 -1.42361e+11 -1.42353e+11  1.42349e+11
  300.00 -9.60360  1.48529e+14  1.48529e+14  1.48529e+14 -1.60113e+11 -1.60106e+11  1.60103e+11
  300.00 -9.58649  1.55719e+14  1.55719e+14  1.55719e+14 -1.76945e+11 -1.76939e+11  1.76936e+11
  300.00 -9.56937  1.63033e+14  1.63033e+14  1.63033e+14 -1.92005e+11 -1.92001e+11  1.91998e+11
  300.00 -9.55225  1.70461e+14  1.70461e+14  1.70461e+14 -2.04574e+11 -2.04571e+11  2.04569e+11
  300.00 -9.53514  1.77991e+14  1.77991e+14  1.77991e+14 -2.14118e+11 -2.14119e+11  2.14118e+11
  300.00 -9.51802  1.85613e+14  1.85613e+14  1.85613e+14 -2.20311e+11 -2.20314e+11  2.20314e+11
  300.00 -9.50090  1.93316e+14  1.93316e+14  1.93316e+14 -2.23004e+11 -2.23010e+11  2.23011e+11
  300.00 -9.48378  2.01093e+14  2.01093e+14  2.01093e+14 -2.22196e+11 -2.22205e+11  2.22207e+11
  300.00 -9.46667  2.08938e+14  2.08938e+14  2.08938e+14 -2.17990e+11 -2.18002e+11  2.18005e+11
  300.00 -9.44955  2.16850e+14  2.16850e+14  2.16850e+14 -2.10566e+11 -2.10581e+11  2.10585e+11
  300.00 -9.43243  2.24826e+14  2.24826e+14  2.24826e+14 -2.00161e+11 -2.00178e+11  2.00183e+11
  300.00 -9.41532  2.32868e+14  2.32868e+14  2.32868e+14 -1.87064e+11 -1.87082e+11  1.87087e+11
  300.00 -9.39820  2.40975e+14  2.40975e+14  2.40975e+14 -1.71612e+11 -1.71631e+11  1.71637e+11
  300.00 -9.38108  2.49148e+14  2.49148e+14  2.49148e+14 -1.54194e+11 -1.54214e+11  1.54218e+11
  300.00 -9.36396  2.57386e+14  2.57386e+14  2.57386e+14 -1.35238e+11 -1.35257e+11  1.35262e+11
  300.00 -9.34685  2.65687e+14  2.65687e+14  2.65687e+14 -1.15205e+11 -1.15223e+11  1.15226e+11
  300.00 -9.32973  2.74050e+14  2.74050e+14  2.74050e+14 -9.45742e+10 -9.45914e+10  9.45932e+10
  300.00 -9.31261  2.82471e+14  2.82471e+14  2.82471e+14 -7.38351e+10 -7.38507e+10  7.38511e+10
  300.00 -9.29550  2.90948e+14  2.90948e+14  2.90948e+14 -5.34820e+10 -5.34957e+10  5.34945e+10
  300.00 -9.27838  2.99480e+14  2.99480e+14  2.99480e+14 -3.40181e+10 -3.40297e+10  3.40270e+10
  300.00 -9.26126  3.08066e+14  3.08066e+14  3.08066e+14 -1.59674e+10 -1.59768e+10  1.59728e+10
  300.00 -9.24414  3.16707e+14  3.16707e+14  3.16707e+14  1.09084e+08  1.01895e+08 -1.07264e+08
  300.00 -9.22703  3.25404e+14  3.25404e+14  3.25404e+14  1.35977e+10  1.35926e+10 -1.35991e+10
  300.00 -9.20991  3.34160e+14  3.34160e+14  3.34160e+14  2.38212e+10  2.38181e+10 -2.38253e+10
  300.00 -9.19279  3.42979e+14  3.42979e+14  3.42979e+14  3.00391e+10  3.00377e+10 -3.00455e+10
  300.00 -9.17568  3.51864e+14  3.51864e+14  3.51864e+14  3.14613e+10  3.14614e+10 -3.14692e+10
  300.00 -9.15856  3.60819e+14  3.60819e+14  3.60819e+14  2.72765e+10  2.72777e+10 -2.72853e+10
  300.00 -9.14144  3.69849e+14  3.69849e+14  3.69849e+14  1.66940e+10  1.66958e+10 -1.67029e+10
  300.00 -9.12432  3.78955e+14  3.78955e+14  3.78955e+14 -1.00524e+09 -1.00335e+09  9.97159e+08
  300.00 -9.10721  3.88139e+14  3.88139e+14  3.88139e+14 -2.64117e+10 -2.64102e+10  2.64052e+10
  300.00 -9.09009  3.97402e+14  3.97402e+14  3.97402e+14 -5.99310e+10 -5.99303e+10  5.99267e+10
  300.00 -9.07297  4.06745e+14  4.06745e+14  4.06745e+14 -1.01732e+11 -1.01733e+11  1.01731e+11
  300.00 -9.05586  4.16164e+14  4.16164e+14  4.16164e+14 -1.51707e+11 -1.51709e+11  1.51709e+11
  300.00 -9.03874  4.25658e+14  4.25658e+14  4.25658e+14 -2.09437e+11 -2.09441e+11  2.09443e+11
  300.00 -9.02162  4.35225e+14  4.35225e+14  4.35225e+14 -2.74183e+11 -2.74189e+11  2.74192e+11
  300.00 -9.00450  4.44859e+14  4.44859e+14  4.44859e+14 -3.44879e+11 -3.44887e+11  3.44891e+11
  300.00 -8.98739  4.54557e+14  4.54557e+14  4.54557e+14 -4.20152e+11 -4.20161e+11  4.20167e+11
  300.00 -8.97027  4.64316e+14  4.64316e+14  4.64316e+14 -4.98346e+11 -4.98357e+11  4.98363e+11
  300.00 -8.95315  4.74130e+14  4.74130e+14  4.74130e+14 -5.77569e+11 -5.77581e+11  5.77587e+11
  300.00 -8.93604  4.83996e+14  4.83996e+14  4.83996e+14 -6.55744e+11 -6.55756e+11  6.55762e+11
  300.00 -8.91892  4.93909e+14  4.93909e+14  4.93909e+14 -7.30674e+11 -7.30686e+11  7.30691e+11
  300.00 -8.90180  5.03865e+14  5.03866e+14  5.03865e+14 -8.00118e+11 -8.00130e+11  8.00133e+11
  300.00 -8.88468  5.13862e+14  5.13862e+14  5.13862e+14 -8.61869e+11 -8.61880e+11  8.61881e+11
  300.00 -8.86757  5.23894e+14  5.23894e+14  5.23894e+14 -9.13840e+11 -9.13850e+11  9.13848e+11
  300.00 -8.85045  5.33960e+14  5.33960e+14  5.33960e+14 -9.54147e+11 -9.54155e+11  9.54151e+11
  300.00 -8.83333  5.44056e+14  5.44056e+14  5.44056e+14 -9.81194e+11 -9.81199e+11  9.81193e+11
  300.00 -8.81622  5.54179e+14  5.54179e+14  5.54178e+14 -9.93746e+11 -9.93749e+11  9.93740e+11
  300.00 -8.79910  5.64327e+14  5.64327e+14  5.64327e+14 -9.90998e+11 -9.90999e+11  9.90987e+11
  300.00 -8.78198  5.74498e+14  5.74498e+14  5.74498e+14 -9.72624e+11 -9.72621e+11  9.72607e+11
  300.00 -8.76486  5.84692e+14  5.84692e+14  5.84692e+14 -9.38808e+11 -9.38803e+11  9.38787e+11
  300.00 -8.74775  5.94906e+14  5.94906e+14  5.94906e+14 -8.90264e+11 -8.90257e+11  8.90239e+11
  300.00 -8.73063  6.05141e+14  6.05141e+14  6.05141e+14 -8.28220e+11 -8.28210e+11  8.28192e+11
  300.00 -8.71351  6.15396e+14  6.15396e+14  6.15396e+14 -7.54391e+11 -7.54379e+11  7.54360e+11
  300.00 -8.69640  6.25672e+14  6.25672e+14  6.25671e+14 -6.70925e+11 -6.70911e+11  6.70892e+11
  300.00 -8.67928  6.35967e+14  6.35967e+14  6.35967e+14 -5.80334e+11 -5.80319e+11  5.80301e+11
  300.00 -8.66216  6.46284e+14  6.46284e+14  6.46284e+14 -4.85407e+11 -4.85391e+11  4.85375e+11
  300.00 -8.64505  6.56622e+14  6.56622e+14  6.56622e+14 -3.89111e+11 -3.89094e+11  3.89080e+11
  300.00 -8.62793  6.66982e+14  6.66982e+14  6.66982e+14 -2.94486e+11 -2.94468e+11  2.94457e+11
  300.00 -8.61081  6.77363e+14  6.77363e+14  6.77363e+14 -2.04539e+11 -2.04522e+11  2.04513e+11
  300.00 -8.59369  6.87765e+14  6.87765e+14  6.87765e+14 -1.22141e+11 -1.22123e+11  1.22118e+11
  300.00 -8.57658  6.98188e+14  6.98188e+14  6.98188e+14 -4.99238e+10 -4.99067e+10  4.99049e+10
  300.00 -8.55946  7.08631e+14  7.08631e+14  7.08631e+14  9.79944e+09  9.81588e+09 -9.81410e+09
  300.00 -8.54234  7.19092e+14  7.19092e+14  7.19092e+14  5.51140e+10  5.51296e+10 -5.51243e+10
  300.00 -8.52523  7.29571e+14  7.29571e+14  7.29571e+14  8.45595e+10  8.45743e+10 -8.45657e+10
  300.00 -8.50811  7.40065e+14  7.40065e+14  7.40065e+14  9.71722e+10  9.71861e+10 -9.71744e+10
  300.00 -8.49099  7.50572e+14  7.50572e+14  7.50572e+14  9.25089e+10  9.25218e+10 -9.25075e+10
  300.00 -8.47387  7.61091e+14  7.61091e+14  7.61091e+14  7.06533e+10  7.06652e+10 -7.06488e+10
  300.00 -8.45676  7.71620e+14  7.71620e+14  7.71620e+14  3.22051e+10  3.22159e+10 -3.21979e+10
  300.00 -8.43964  7.82157e+14  7.82157e+14  7.82157e+14 -2.17480e+10 -2.17380e+10  2.17571e+10
  300.00 -8.42252  7.92700e+14  7.92700e+14  7.92700e+14 -8.96730e+10 -8.96640e+10  8.96836e+10
  300.00 -8.40541  8.03248e+14  8.03248e+14  8.03248e+14 -1.69650e+11 -1.69642e+11  1.69661e+11
  300.00 -8.38829  8.13800e+14  8.13800e+14  8.13800e+14 -2.59440e+11 -2.59433e+11  2.59452e+11
  300.00 -8.37117  8.24353e+14  8.24353e+14  8.24353e+14 -3.56570e+11 -3.56563e+11  3.56581e+11
  300.00 -8.35405  8.34907e+14  8.34907e+14  8.34907e+14 -4.58412e+11 -4.58406e+11  4.58423e+11
  300.00 -8.33694  8.45460e+14  8.45460e+14  8.45460e+14 -5.62283e+11 -5.62278e+11  5.62293e+11
  300.00 -8.31982  8.56010e+14  8.56010e+14  8.56010e+14 -6.65533e+11 -6.65530e+11  6.65542e+11
  300.00 -8.30270  8.66554e+14  8.66554e+14  8.66554e+14 -7.65640e+11 -7.65638e+11  7.65648e+11
  300.00 -8.28559  8.77090e+14  8.77090e+14  8.77090e+14 -8.60289e+11 -8.60288e+11  8.60295e+11
  300.00 -8.26847  8.87616e+14  8.87616e+14  8.87616e+14 -9.47448e+11 -9.47449e+11  9.47454e+11
  300.00 -8.25135  8.98128e+14  8.98128e+14  8.98128e+14 -1.02543e+12 -1.02543e+12  1.02544e+12
  300.00 -8.23423  9.08621e+14  9.08621e+14  9.08621e+14 -1.09295e+12 -1.09295e+12  1.09295e+12
  300.00 -8.21712  9.19094e+14  9.19093e+14  9.19093e+14 -1.14911e+12 -1.14911e+12  1.14911e+12
  300.00 -8.20000  9.29540e+14  9.29540e+14  9.29540e+14 -1.19345e+12 -1.19346e+12  1.19346e+12
  300.00 -8.18288  9.39957e+14  9.39957e+14  9.39957e+14 -1.22594e+12 -1.22595e+12  1.22594e+12
  300.00 -8.16577  9.50341e+14  9.50341e+14  9.50341e+14 -1.24690e+12 -1.24691e+12  1.24690e+12
  300.00 -8.14865  9.60689e+14  9.60688e+14  9.60688e+14 -1.25699e+12 -1.25700e+12  1.25699e+12
  300.00 -8.13153  9.70997e+14  9.70997e+14  9.70997e+14 -1.25713e+12 -1.25714e+12  1.25713e+12
  300.00 -8.11441  9.81264e+14  9.81264e+14  9.81264e+14 -1.24844e+12 -1.24845e+12  1.24845e+12
  300.00 -8.09730  9.91488e+14  9.91488e+14  9.91488e+14 -1.23216e+12 -1.23217e+12  1.23217e+12
  300.00 -8.08018  1.00167e+15  1.00167e+15  1.00167e+15 -1.20955e+12 -1.20956e+12  1.20956e+12
  300.00 -8.06306  1.01181e+15  1.01181e+15  1.01181e+15 -1.18183e+12 -1.18184e+12  1.18184e+12
  300.00 -8.04595  1.02190e+15  1.02190e+15  1.02190e+15 -1.15010e+12 -1.15012e+12  1.15011e+12
  300.00 -8.02883  1.03195e+15  1.03195e+15  1.03195e+15 -1.11530e+12 -1.11532e+12  1.11532e+12
  300.00 -8.01171  1.04197e+15  1.04197e+15  1.04197e+15 -1.07817e+12 -1.07818e+12  1.07818e+12
  300.00 -7.99459  1.05194e+15  1.05194e+15  1.05194e+15 -1.03919e+12 -1.03921e+12  1.03921e+12
  300.00 -7.97748  1.06187e+15  1.06187e+15  1.06187e+15 -9.98662e+11 -9.98681e+11  9.98682e+11
  300.00 -7.96036  1.07176e+15  1.07176e+15  1.07176e+15 -9.56675e+11 -9.56694e+11  9.56697e+11
  300.00 -7.94324  1.08161e+15  1.08161e+15  1.08161e+15 -9.13182e+11 -9.13202e+11  9.13207e+11
  300.00 -7.92613  1.09142e+15  1.09142e+15  1.09142e+15 -8.68072e+11 -8.68093e+11  8.68099e+11
  300.00 -7.90901  1.10119e+15  1.10119e+15  1.10119e+15 -8.21246e+11 -8.21268e+11  8.21274e+11
  300.00 -7.89189  1.11091e+15  1.11091e+15  1.11091e+15 -7.72706e+11 -7.72728e+11  7.72736e+11
  300.00 -7.87477  1.12057e+15  1.12057e+15  1.12057e+15 -7.22634e+11 -7.22658e+11  7.22665e+11
  300.00 -7.85766  1.13018e+15  1.13018e+15  1.13018e+15 -6.71456e+11 -6.71480e+11  6.71488e+11
  300.00 -7.84054  1.13973e+15  1.13973e+15  1.13973e+15 -6.19871e+11 -6.19896e+11  6.19903e+11
  300.00 -7.82342  1.14921e+15  1.14921e+15  1.14921e+15 -5.68853e+11 -5.68879e+11  5.68886e+11
  300.00 -7.80631  1.15863e+15  1.15863e+15  1.15863e+15 -5.19614e+11 -5.19640e+11  5.19646e+11
  300.00 -7.78919  1.16797e+15  1.16797e+15  1.16797e+15 -4.73532e+11 -4.73558e+11  4.73564e+11
  300.00 -7.77207  1.17725e+15  1.17725e+15  1.17725e+15 -4.32064e+11 -4.32089e+11  4.32094e+11
  300.00 -7.75495  1.18645e+15  1.18645e+15  1.18645e+15 -3.96638e+11 -3.96663e+11  3.96666e+11
  300.00 -7.73784  1.19558e+15  1.19558e+15  1.19558e+15 -3.68554e+11 -3.68578e+11  3.68579e+11
  300.00 -7.72072  1.20464e+15  1.20464e+15  1.20464e+15 -3.48886e+11 -3.48908e+11  3.48908e+11
  300.00 -7.70360  1.21364e+15  1.21364e+15  1.21364e+15 -3.38392e+11 -3.38413e+11  3.38410e+11
  300.00 -7.68649  1.22258e+15  1.22258e+15  1.22258e+15 -3.37448e+11 -3.37466e+11  3.37461e+11
  300.00 -7.66937  1.23147e+15  1.23147e+15  1.23147e+15 -3.45998e+11 -3.46013e+11  3.46006e+11
  300.00 -7.65225  1.24032e+15  1.24032e+15  1.24032e+15 -3.63570e+11 -3.63583e+11  3.63574e+11
  300.00 -7.63514  1.24911e+15  1.24911e+15  1.24911e+15 -3.89372e+11 -3.89381e+11  3.89369e+11
  300.00 -7.61802  1.25787e+15  1.25787e+15  1.25787e+15 -4.22470e+11 -4.22475e+11  4.22462e+11
  300.00 -7.60090  1.26658e+15  1.26658e+15  1.26658e+15 -4.62050e+11 -4.62051e+11  4.62036e+11
  300.00 -7.58378  1.27525e+15  1.27525e+15  1.27525e+15 -5.07642e+11 -5.07639e+11  5.07622e+11
  300.00 -7.56667  1.28388e+15  1.28388e+15  1.28388e+15 -5.59210e+11 -5.59203e+11  5.59184e+11
  300.00 -7.54955  1.29246e+15  1.29246e+15  1.29246e+15 -6.16984e+11 -6.16972e+11  6.16954e+11
  300.00 -7.53243  1.30100e+15  1.30100e+15  1.30100e+15 -6.81025e+11 -6.81009e+11  6.80990e+11
  300.00 -7.51532  1.30949e+15  1.30949e+15  1.30949e+15 -7.50655e+11 -7.50635e+11  7.50616e+11
  300.00 -7.49820  1.31796e+15  1.31796e+15  1.31796e+15 -8.24040e+11 -8.24015e+11  8.23996e+11
  300.00 -7.48108  1.32642e+15  1.32642e+15  1.32642e+15 -8.98227e+11 -8.98199e+11  8.98180e+11
  300.00 -7.46396  1.33490e+15  1.33490e+15  1.33490e+15 -9.69824e+11 -9.69793e+11  9.69774e+11
  300.00 -7.44685  1.34346e+15  1.34346e+15  1.34346e+15 -1.03616e+12 -1.03612e+12  1.03610e+12
  300.00 -7.42973  1.35217e+15  1.35217e+15  1.35217e+15 -1.09640e+12 -1.09636e+12  1.09634e+12
  300.00 -7.41261  1.36111e+15  1.36111e+15  1.36111e+15 -1.15202e+12 -1.15198e+12  1.15197e+12
  300.00 -7.39550  1.37039e+15  1.37039e+15  1.37039e+15 -1.20611e+12 -1.20607e+12  1.20606e+12
  300.00 -7.37838  1.38011e+15  1.38011e+15  1.38011e+15 -1.26183e+12 -1.26178e+12  1.26177e+12
  300.00 -7.36126  1.39041e+15  1.39041e+15  1.39041e+15 -1.32090e+12 -1.32086e+12  1.32085e+12
  300.00 -7.34414  1.40143e+15  1.40143e+15  1.40143e+15 -1.38333e+12 -1.38328e+12  1.38327e+12
  300.00 -7.32703  1.41334e+15  1.41334e+15  1.41334e+15 -1.44857e+12 -1.44853e+12  1.44852e+12
  300.00 -7.30991  1.42628e+15  1.42628e+15  1.42628e+15 -1.51727e+12 -1.51723e+12  1.51723e+12
  300.00 -7.29279  1.44034e+15  1.44034e+15  1.44034e+15 -1.59153e+12 -1.59149e+12  1.59149e+12
  300.00 -7.27568  1.45550e+15  1.45550e+15  1.45550e+15 -1.67273e+12 -1.67270e+12  1.67270e+12
  300.00 -7.25856  1.47158e+15  1.47158e+15  1.47158e+15 -1.75829e+12 -1.75826e+12  1.75827e+12
  300.00 -7.24144  1.48825e+15  1.48825e+15  1.48825e+15 -1.84094e+12 -1.84092e+12  1.84093e+12
  300.00 -7.22432  1.50525e+15  1.50525e+15  1.50525e+15 -1.91310e+12 -1.91308e+12  1.91309e+12
  300.00 -7.20721  1.52260e+15  1.52260e+15  1.52260e+15 -1.97197e+12 -1.97196e+12  1.97197e+12
  300.00 -7.19009  1.54055e+15  1.54055e+15  1.54055e+15 -2.01750e+12 -2.01750e+12  2.01751e+12
  300.00 -7.17297  1.55944e+15  1.55944e+15  1.55944e+15 -2.04964e+12 -2.04964e+12  2.04965e+12
  300.00 -7.15586  1.57938e+15  1.57938e+15  1.57938e+15 -2.07298e+12 -2.07298e+12  2.07300e+12
  300.00 -7.13874  1.60019e+15  1.60019e+15  1.60019e+15 -2.09697e+12 -2.09698e+12  2.09699e+12
  300.00 -7.12162  1.62159e+15  1.62159e+15  1.62159e+15 -2.12762e+12 -2.12764e+12  2.12765e+12
  300.00 -7.10450  1.64340e+15  1.64340e+15  1.64340e+15 -2.16282e+12 -2.16285e+12  2.16286e+12
  300.00 -7.08739  1.66558e+15  1.66558e+15  1.66558e+15 -2.19577e+12 -2.19580e+12  2.19581e+12
  300.00 -7.07027  1.68814e+15  1.68814e+15  1.68814e+15 -2.22028e+12 -2.22031e+12  2.22033e+12
  300.00 -7.05315  1.71100e+15  1.71100e+15  1.71100e+15 -2.23316e+12 -2.23321e+12  2.23322e+12
  300.00 -7.03604  1.73406e+15  1.73406e+15  1.73406e+15 -2.23346e+12 -2.23351e+12  2.23353e+12
  300.00 -7.01892  1.75725e+15  1.75725e+15  1.75725e+15 -2.22100e+12 -2.22105e+12  2.22107e+12
  300.00 -7.00180  1.78061e+15  1.78061e+15  1.78061e+15 -2.19583e+12 -2.19588e+12  2.19590e+12
  300.00 -6.98468  1.80422e+15  1.80422e+15  1.80422e+15 -2.15861e+12 -2.15866e+12  2.15868e+12
  300.00 -6.96757  1.82813e+15  1.82813e+15  1.82813e+15 -2.11088e+12 -2.11093e+12  2.11095e+12
  300.00 -6.95045  1.85235e+15  1.85235e+15  1.85235e+15 -2.05460e+12 -2.05464e+12  2.05466e+12
  300.00 -6.93333  1.87689e+15  1.87689e+15  1.87689e+15 -1.99167e+12 -1.99171e+12  1.99173e+12
  300.00 -6.91622  1.90175e+15  1.90175e+15  1.90175e+15 -1.92489e+12 -1.92493e+12  1.92495e+12
  300.00 -6.89910  1.92697e+15  1.92697e+15  1.92697e+15 -1.85929e+12 -1.85932e+12  1.85934e+12
  300.00 -6.88198  1.95256e+15  1.95256e+15  1.95256e+15 -1.80047e+12 -1.80051e+12  1.80052e+12
  300.00 -6.86486  1.97856e+15  1.97856e+15  1.97856e+15 -1.74981e+12 -1.74984e+12  1.74985e+12
  300.00 -6.84775  2.00500e+15  2.00500e+15  2.00500e+15 -1.70084e+12 -1.70086e+12  1.70087e+12
  300.00 -6.83063  2.03191e+15  2.03191e+15  2.03191e+15 -1.64073e+12 -1.64075e+12  1.64075e+12
  300.00 -6.81351  2.05931e+15  2.05931e+15  2.05931e+15 -1.55663e+12 -1.55665e+12  1.55665e+12
  300.00 -6.79640  2.08715e+15  2.08715e+15  2.08715e+15 -1.44368e+12 -1.44369e+12  1.44368e+12
  300.00 -6.77928  2.11529e+15  2.11529e+15  2.11529e+15 -1.31048e+12 -1.31048e+12  1.31048e+12
  300.00 -6.76216  2.14354e+15  2.14354e+15  2.14354e+15 -1.17825e+12 -1.17824e+12  1.17823e+12
  300.00 -6.74505  2.17167e+15  2.17167e+15  2.17167e+15 -1.07235e+12 -1.07234e+12  1.07233e+12
  300.00 -6.72793  2.19950e+15  2.19950e+15  2.19950e+15 -1.00986e+12 -1.00985e+12  1.00983e+12
  300.00 -6.71081  2.22687e+15  2.22687e+15  2.22687e+15 -9.90588e+11 -9.90576e+11  9.90555e+11
  300.00 -6.69369  2.25376e+15  2.25376e+15  2.25376e+15 -9.98578e+11 -9.98563e+11  9.98537e+11
  300.00 -6.67658  2.28020e+15  2.28020e+15  2.28020e+15 -1.01337e+12 -1.01335e+12  1.01332e+12
  300.00 -6.65946  2.30624e+15  2.30624e+15  2.30624e+15 -1.01981e+12 -1.01979e+12  1.01976e+12
  300.00 -6.64234  2.33194e+15  2.33194e+15  2.33194e+15 -1.00808e+12 -1.00806e+12  1.00803e+12
  300.00 -6.62523  2.35733e+15  2.35733e+15  2.35733e+15 -9.70512e+11 -9.70495e+11  9.70457e+11
  300.00 -6.60811  2.38248e+15  2.38248e+15  2.38248e+15 -9.03408e+11 -9.03394e+11  9.03356e+11
  300.00 -6.59099  2.40748e+15  2.40748e+15  2.40748e+15 -8.12332e+11 -8.12320e+11  8.12284e+11
  300.00 -6.57387  2.43246e+15  2.43246e+15  2.43246e+15 -7.15084e+11 -7.15076e+11  7.15042e+11
  300.00 -6.55676  2.45746e+15  2.45746e+15  2.45746e+15 -6.38316e+11 -6.38311e+11  6.38279e+11
  300.00 -6.53964  2.48244e+15  2.48244e+15  2.48244e+15 -6.07699e+11 -6.07696e+11  6.07667e+11
  300.00 -6.52252  2.50724e+15  2.50724e+15  2.50724e+15 -6.35949e+11 -6.35949e+11  6.35924e+11
  300.00 -6.50541  2.53167e+15  2.53167e+15  2.53167e+15 -7.15280e+11 -7.15283e+11  7.15260e+11
  300.00 -6.48829  2.55564e+15  2.55564e+15  2.55564e+15 -8.19233e+11 -8.19238e+11  8.19220e+11
  300.00 -6.47117  2.57926e+15  2.57926e+15  2.57926e+15 -9.14169e+11 -9.14177e+11  9.14163e+11
  300.00 -6.45405  2.60275e+15  2.60275e+15  2.60275e+15 -9.74481e+11 -9.74491e+11  9.74483e+11
  300.00 -6.43694  2.62639e+15  2.62639e+15  2.62639e+15 -9.91774e+11 -9.91787e+11  9.91784e+11
  300.00 -6.41982  2.65039e+15  2.65039e+15  2.65039e+15 -9.72761e+11 -9.72776e+11  9.72779e+11
  300.00 -6.40270  2.67485e+15  2.67485e+15  2.67485e+15 -9.30710e+11 -9.30727e+11  9.30735e+11
  300.00 -6.38559  2.69975e+15  2.69975e+15  2.69975e+15 -8.78887e+11 -8.78906e+11  8.78919e+11
  300.00 -6.36847  2.72495e+15  2.72495e+15  2.72495e+15 -8.28795e+11 -8.28816e+11  8.28832e+11
  300.00 -6.35135  2.75025e+15  2.75025e+15  2.75025e+15 -7.90002e+11 -7.90025e+11  7.90044e+11
  300.00 -6.33423  2.77547e+15  2.77547e+15  2.77547e+15 -7.68480e+11 -7.68504e+11  7.68525e+11
  300.00 -6.31712  2.80050e+15  2.80050e+15  2.80050e+15 -7.64417e+11 -7.64439e+11  7.64462e+11
  300.00 -6.30000  2.82529e+15  2.82529e+15  2.82529e+15 -7.72340e+11 -7.72360e+11  7.72384e+11
  300.00 -6.28288  2.84985e+15  2.84985e+15  2.84985e+15 -7.83940e+11 -7.83958e+11  7.83981e+11
  300.00 -6.26577  2.87418e+15  2.87418e+15  2.87418e+15 -7.91537e+11 -7.91554e+11  7.91575e+11
  300.00 -6.24865  2.89825e+15  2.89825e+15  2.89825e+15 -7.90965e+11 -7.90982e+11  7.91001e+11
  300.00 -6.23153  2.92198e+15  2.92198e+15  2.92198e+15 -7.83548e+11 -7.83567e+11  7.83581e+11
  300.00 -6.21441  2.94530e+15  2.94530e+15  2.94530e+15 -7.75476e+11 -7.75496e+11  7.75507e+11
  300.00 -6.19730  2.96818e+15  2.96818e+15  2.96818e+15 -7.73495e+11 -7.73514e+11  7.73522e+11
  300.00 -6.18018  2.99059e+15  2.99059e+15  2.99059e+15 -7.79961e+11 -7.79978e+11  7.79982e+11
  300.00 -6.16306  3.01254e+15  3.01254e+15  3.01254e+15 -7.91805e+11 -7.91819e+11  7.91819e+11
  300.00 -6.14595  3.03401e+15  3.03401e+15  3.03401e+15 -8.03860e+11 -8.03871e+11  8.03867e+11
  300.00 -6.12883  3.05499e+15  3.05499e+15  3.05499e+15 -8.12677e+11 -8.12687e+11  8.12680e+11
  300.00 -6.11171  3.07539e+15  3.07539e+15  3.07539e+15 -8.17527e+11 -8.17536e+11  8.17526e+11
  300.00 -6.09459  3.09508e+15  3.09508e+15  3.09508e+15 -8.19213e+11 -8.19221e+11  8.19209e+11
  300.00 -6.07748  3.11395e+15  3.11395e+15  3.11395e+15 -8.19312e+11 -8.19319e+11  8.19306e+11
  300.00 -6.06036  3.13195e+15  3.13195e+15  3.13195e+15 -8.20556e+11 -8.20562e+11  8.20548e+11
  300.00 -6.04324  3.14904e+15  3.14904e+15  3.14904e+15 -8.26933e+11 -8.26937e+11  8.26921e+11
  300.00 -6.02613  3.16526e+15  3.16526e+15  3.16526e+15 -8.42636e+11 -8.42638e+11  8.42620e+11
  300.00 -6.00901  3.18064e+15  3.18064e+15  3.18064e+15 -8.70627e+11 -8.70627e+11  8.70608e+11
  300.00 -5.99189  3.19522e+15  3.19522e+15  3.19522e+15 -9.11757e+11 -9.11754e+11  9.11735e+11
  300.00 -5.97477  3.20899e+15  3.20899e+15  3.20899e+15 -9.64564e+11 -9.64559e+11  9.64540e+11
  300.00 -5.95766  3.22188e+15  3.22188e+15  3.22188e+15 -1.02543e+12 -1.02543e+12  1.02541e+12
  300.00 -5.94054  3.23382e+15  3.23382e+15  3.23382e+15 -1.08905e+12 -1.08904e+12  1.08902e+12
  300.00 -5.92342  3.24474e+15  3.24474e+15  3.24474e+15 -1.14927e+12 -1.14925e+12  1.14924e+12
  300.00 -5.90631  3.25463e+15  3.25463e+15  3.25463e+15 -1.20053e+12 -1.20052e+12  1.20051e+12
  300.00 -5.88919  3.26346e+15  3.26346e+15  3.26346e+15 -1.23924e+12 -1.23923e+12  1.23922e+12
  300.00 -5.87207  3.27120e+15  3.27120e+15  3.27120e+15 -1.26451e+12 -1.26449e+12  1.26449e+12
  300.00 -5.85495  3.27780e+15  3.27780e+15  3.27780e+15 -1.27780e+12 -1.27778e+12  1.27778e+12
  300.00 -5.83784  3.28320e+15  3.28320e+15  3.28320e+15 -1.28167e+12 -1.28165e+12  1.28165e+12
  300.00 -5.82072  3.28737e+15  3.28737e+15  3.28737e+15 -1.27824e+12 -1.27822e+12  1.27822e+12
  300.00 -5.80360  3.29028e+15  3.29028e+15  3.29028e+15 -1.26808e+12 -1.26806e+12  1.26806e+12
  300.00 -5.78649  3.29192e+15  3.29192e+15  3.29192e+15 -1.25005e+12 -1.25003e+12  1.25003e+12
  300.00 -5.76937  3.29230e+15  3.29230e+15  3.29230e+15 -1.22190e+12 -1.22188e+12  1.22189e+12
  300.00 -5.75225  3.29140e+15  3.29140e+15  3.29140e+15 -1.18136e+12 -1.18134e+12  1.18134e+12
  300.00 -5.73514  3.28919e+15  3.28919e+15  3.28919e+15 -1.12710e+12 -1.12709e+12  1.12709e+12
  300.00 -5.71802  3.28562e+15  3.28562e+15  3.28562e+15 -1.05948e+12 -1.05946e+12  1.05947e+12
  300.00 -5.70090  3.28063e+15  3.28063e+15  3.28063e+15 -9.80553e+11 -9.80537e+11  9.80539e+11
  300.00 -5.68378  3.27417e+15  3.27417e+15  3.27417e+15 -8.93543e+11 -8.93529e+11  8.93531e+11
  300.00 -5.66667  3.26616e+15  3.26616e+15  3.26616e+15 -8.01721e+11 -8.01709e+11  8.01711e+11
  300.00 -5.64955  3.25651e+15  3.25651e+15  3.25651e+15 -7.07059e+11 -7.07049e+11  7.07051e+11
  300.00 -5.63243  3.24508e+15  3.24508e+15  3.24508e+15 -6.09394e+11 -6.09388e+11  6.09390e+11
  300.00 -5.61532  3.23177e+15  3.23177e+15  3.23177e+15 -5.06954e+11 -5.06950e+11  5.06952e+11
  300.00 -5.59820  3.21654e+15  3.21654e+15  3.21654e+15 -3.98491e+11 -3.98490e+11  3.98492e+11
  300.00 -5.58108  3.19949e+15  3.19949e+15  3.19949e+15 -2.85929e+11 -2.85931e+11  2.85932e+11
  300.00 -5.56396  3.18079e+15  3.18079e+15  3.18079e+15 -1.75334e+11 -1.75338e+11  1.75338e+11
  300.00 -5.54685  3.16075e+15  3.16075e+15  3.16075e+15 -7.47232e+10 -7.47297e+10  7.47286e+10
  300.00 -5.52973  3.13963e+15  3.13963e+15  3.13963e+15  1.01586e+10  1.01498e+10 -1.01526e+10
  300.00 -5.51261  3.11758e+15  3.11758e+15  3.11758e+15  7.85082e+10  7.84971e+10 -7.85017e+10
  300.00 -5.49550  3.09462e+15  3.09462e+15  3.09462e+15  1.32604e+11  1.32591e+11 -1.32597e+11
  300.00 -5.47838  3.07065e+15  3.07065e+15  3.07065e+15  1.73102e+11  1.73087e+11 -1.73094e+11
  300.00 -5.46126  3.04562e+15  3.04562e+15  3.04562e+15  1.96808e+11  1.96791e+11 -1.96799e+11
  300.00 -5.44414  3.01961e+15  3.01961e+15  3.01961e+15  1.99185e+11  1.99166e+11 -1.99175e+11
  300.00 -5.42703  2.99288e+15  2.99288e+15  2.99288e+15  1.77861e+11  1.77842e+11 -1.77851e+11
  300.00 -5.40991  2.96579e+15  2.96579e+15  2.96579e+15  1.33313e+11  1.33293e+11 -1.33302e+11
  300.00 -5.39279  2.93874e+15  2.93874e+15  2.93874e+15  6.74816e+10  6.74612e+10 -6.74719e+10
  300.00 -5.37568  2.91212e+15  2.91212e+15  2.91212e+15 -1.72926e+10 -1.73131e+10  1.73013e+10
  300.00 -5.35856  2.88632e+15  2.88632e+15  2.88632e+15 -1.18449e+11 -1.18469e+11  1.18457e+11
  300.00 -5.34144  2.86172e+15  2.86172e+15  2.86172e+15 -2.33133e+11 -2.33152e+11  2.33138e+11
  300.00 -5.32432  2.83868e+15  2.83868e+15  2.83868e+15 -3.58310e+11 -3.58328e+11  3.58314e+11
  300.00 -5.30721  2.81753e+15  2.81753e+15  2.81753e+15 -4.91006e+11 -4.91023e+11  4.91008e+11
  300.00 -5.29009  2.79853e+15  2.79853e+15  2.79853e+15 -6.28415e+11 -6.28431e+11  6.28415e+11
  300.00 -5.27297  2.78194e+15  2.78194e+15  2.78194e+15 -7.67749e+11 -7.67763e+11  7.67748e+11
  300.00 -5.25586  2.76794e+15  2.76794e+15  2.76794e+15 -9.05909e+11 -9.05922e+11  9.05907e+11
  300.00 -5.23874  2.75673e+15  2.75673e+15  2.75673e+15 -1.03922e+12 -1.03923e+12  1.03921e+12
  300.00 -5.22162  2.74847e+15  2.74847e+15  2.74847e+15 -1.16344e+12 -1.16345e+12  1.16344e+12
  300.00 -5.20450  2.74333e+15  2.74333e+15  2.74333e+15 -1.27426e+12 -1.27427e+12  1.27426e+12
  300.00 -5.18739  2.74139e+15  2.74139e+15  2.74139e+15 -1.36804e+12 -1.36805e+12  1.36804e+12
  300.00 -5.17027  2.74266e+15  2.74266e+15  2.74266e+15 -1.44256e+12 -1.44257e+12  1.44256e+12
  300.00 -5.15315  2.74695e+15  2.74695e+15  2.74695e+15 -1.49728e+12 -1.49728e+12  1.49728e+12
  300.00 -5.13604  2.75390e+15  2.75390e+15  2.75390e+15 -1.53258e+12 -1.53258e+12  1.53258e+12
  300.00 -5.11892  2.76294e+15  2.76294e+15  2.76294e+15 -1.54796e+12 -1.54796e+12  1.54796e+12
  300.00 -5.10180  2.77345e+15  2.77345e+15  2.77345e+15 -1.53969e+12 -1.53969e+12  1.53969e+12
  300.00 -5.08468  2.78492e+15  2.78492e+15  2.78492e+15 -1.49967e+12 -1.49967e+12  1.49968e+12
  300.00 -5.06757  2.79707e+15  2.79707e+15  2.79707e+15 -1.41796e+12 -1.41796e+12  1.41797e+12
  300.00 -5.05045  2.80990e+15  2.80990e+15  2.80990e+15 -1.28923e+12 -1.28922e+12  1.28924e+12
  300.00 -5.03333  2.82348e+15  2.82348e+15  2.82348e+15 -1.11829e+12 -1.11829e+12  1.11831e+12
  300.00 -5.01622  2.83777e+15  2.83777e+15  2.83777e+15 -9.18377e+11 -9.18374e+11  9.18390e+11
  300.00 -4.99910  2.85256e+15  2.85256e+15  2.85256e+15 -7.03155e+11 -7.03150e+11  7.03166e+11
  300.00 -4.98198  2.86750e+15  2.86750e+15  2.86750e+15 -4.80436e+11 -4.80430e+11  4.80446e+11
  300.00 -4.96486  2.88214e+15  2.88214e+15  2.88214e+15 -2.51824e+11 -2.51818e+11  2.51833e+11
  300.00 -4.94775  2.89609e+15  2.89609e+15  2.89609e+15 -1.61615e+10 -1.61558e+10  1.61703e+10
  300.00 -4.93063  2.90900e+15  2.90900e+15  2.90900e+15  2.26485e+11  2.26489e+11 -2.26475e+11
  300.00 -4.91351  2.92079e+15  2.92079e+15  2.92079e+15  4.71636e+11  4.71637e+11 -4.71624e+11
  300.00 -4.89640  2.93161e+15  2.93161e+15  2.93161e+15  7.08874e+11  7.08874e+11 -7.08861e+11
  300.00 -4.87928  2.94178e+15  2.94178e+15  2.94178e+15  9.23158e+11  9.23157e+11 -9.23146e+11
  300.00 -4.86216  2.95169e+15  2.95169e+15  2.95169e+15  1.09921e+12  1.09921e+12 -1.09920e+12
  300.00 -4.84505  2.96170e+15  2.96170e+15  2.96170e+15  1.22694e+12  1.22694e+12 -1.22694e+12
  300.00 -4.82793  2.97214e+15  2.97214e+15  2.97214e+15  1.30429e+12  1.30429e+12 -1.30429e+12
  300.00 -4.81081  2.98336e+15  2.98336e+15  2.98336e+15  1.33564e+12  1.33564e+12 -1.33564e+12
  300.00 -4.79369  2.99572e+15  2.99572e+15  2.99572e+15  1.32750e+12  1.32750e+12 -1.32750e+12
  300.00 -4.77658  3.00947e+15  3.00947e+15  3.00947e+15  1.28496e+12  1.28496e+12 -1.28496e+12
  300.00 -4.75946  3.02471e+15  3.02471e+15  3.02471e+15  1.21039e+12  1.21039e+12 -1.21040e+12
  300.00 -4.74234  3.04148e+15  3.04148e+15  3.04148e+15  1.10371e+12  1.10371e+12 -1.10371e+12
  300.00 -4.72523  3.05980e+15  3.05980e+15  3.05980e+15  9.63173e+11  9.63177e+11 -9.63176e+11
  300.00 -4.70811  3.07978e+15  3.07978e+15  3.07978e+15  7.87034e+11  7.87040e+11 -7.87038e+11
  300.00 -4.69099  3.10159e+15  3.10159e+15  3.10159e+15  5.76739e+11  5.76747e+11 -5.76743e+11
  300.00 -4.67387  3.12546e+15  3.12546e+15  3.12546e+15  3.39834e+11  3.39843e+11 -3.39839e+11
  300.00 -4.65676  3.15151e+15  3.15151e+15  3.15151e+15  8.81915e+10  8.82015e+10 -8.81962e+10
  300.00 -4.63964  3.17977e+15  3.17977e+15  3.17977e+15 -1.67121e+11 -1.67111e+11  1.67117e+11
  300.00 -4.62252  3.21008e+15  3.21008e+15  3.21008e+15 -4.16702e+11 -4.16691e+11  4.16698e+11
  300.00 -4.60541  3.24224e+15  3.24224e+15  3.24224e+15 -6.49805e+11 -6.49793e+11  6.49801e+11
  300.00 -4.58829  3.27608e+15  3.27608e+15  3.27608e+15 -8.55290e+11 -8.55277e+11  8.55286e+11
  300.00 -4.57117  3.31148e+15  3.31148e+15  3.31148e+15 -1.02643e+12 -1.02641e+12  1.02642e+12
  300.00 -4.55405  3.34835e+15  3.34835e+15  3.34835e+15 -1.16303e+12 -1.16302e+12  1.16302e+12
  300.00 -4.53694  3.38657e+15  3.38657e+15  3.38657e+15 -1.26868e+12 -1.26867e+12  1.26867e+12
  300.00 -4.51982  3.42600e+15  3.42600e+15  3.42600e+15 -1.34579e+12 -1.34578e+12  1.34578e+12
  300.00 -4.50270  3.46653e+15  3.46653e+15  3.46653e+15 -1.39220e+12 -1.39218e+12  1.39219e+12
  300.00 -4.48559  3.50809e+15  3.50809e+15  3.50809e+15 -1.40149e+12 -1.40147e+12  1.40147e+12
  300.00 -4.46847  3.55073e+15  3.55073e+15  3.55073e+15 -1.36724e+12 -1.36722e+12  1.36723e+12
  300.00 -4.45135  3.59448e+15  3.59448e+15  3.59448e+15 -1.28865e+12 -1.28863e+12  1.28864e+12
  300.00 -4.43423  3.63930e+15  3.63930e+15  3.63930e+15 -1.17283e+12 -1.17282e+12  1.17282e+12
  300.00 -4.41712  3.68503e+15  3.68503e+15  3.68503e+15 -1.03173e+12 -1.03171e+12  1.03171e+12
  300.00 -4.40000  3.73141e+15  3.73141e+15  3.73141e+15 -8.76223e+11 -8.76214e+11  8.76212e+11
  300.00 -4.38288  3.77814e+15  3.77814e+15  3.77814e+15 -7.12767e+11 -7.12761e+11  7.12756e+11
  300.00 -4.36577  3.82498e+15  3.82498e+15  3.82498e+15 -5.44122e+11 -5.44118e+11  5.44111e+11
  300.00 -4.34865  3.87177e+15  3.87177e+15  3.87177e+15 -3.72117e+11 -3.72115e+11  3.72106e+11
  300.00 -4.33153  3.91843e+15  3.91843e+15  3.91843e+15 -1.99521e+11 -1.99522e+11  1.99511e+11
  300.00 -4.31441  3.96491e+15  3.96491e+15  3.96491e+15 -3.03074e+10 -3.03107e+10  3.02970e+10
  300.00 -4.29730  4.01121e+15  4.01121e+15  4.01121e+15  1.31001e+11  1.30995e+11 -1.31011e+11
  300.00 -4.28018  4.05731e+15  4.05731e+15  4.05731e+15  2.80092e+11  2.80085e+11 -2.80103e+11
  300.00 -4.26306  4.10316e+15  4.10316e+15  4.10316e+15  4.13374e+11  4.13366e+11 -4.13386e+11
  300.00 -4.24595  4.14862e+15  4.14862e+15  4.14862e+15  5.27982e+11  5.27974e+11 -5.27995e+11
  300.00 -4.22883  4.19359e+15  4.19359e+15  4.19359e+15  6.21318e+11  6.21309e+11 -6.21331e+11
  300.00 -4.21171  4.23796e+15  4.23796e+15  4.23796e+15  6.90543e+11  6.90534e+11 -6.90556e+11
  300.00 -4.19459  4.28175e+15  4.28175e+15  4.28175e+15  7.32570e+11  7.32560e+11 -7.32581e+11
  300.00 -4.17748  4.32501e+15  4.32501e+15  4.32501e+15  7.44716e+11  7.44705e+11 -7.44722e+11
  300.00 -4.16036  4.36778e+15  4.36778e+15  4.36778e+15  7.25711e+11  7.25699e+11 -7.25707e+11
  300.00 -4.14324  4.41007e+15  4.41007e+15  4.41007e+15  6.76368e+11  6.76356e+11 -6.76346e+11
  300.00 -4.12613  4.45183e+15  4.45183e+15  4.45183e+15  5.99139e+11  5.99126e+11 -5.99084e+11
  300.00 -4.10901  4.49305e+15  4.49305e+15  4.49305e+15  4.96831e+11  4.96819e+11 -4.96720e+11
  300.00 -4.09189  4.53379e+15  4.53379e+15  4.53379e+15  3.71970e+11  3.71960e+11 -3.71762e+11
  300.00 -4.07477  4.57419e+15  4.57419e+15  4.57419e+15  2.27324e+11  2.27315e+11 -2.26948e+11
  300.00 -4.05766  4.61444e+15  4.61444e+15  4.61444e+15  6.65466e+10  6.65401e+10 -6.58866e+10
  300.00 -4.04054  4.65469e+15  4.65469e+15  4.65469e+15 -1.05916e+11 -1.05920e+11  1.07056e+11
  300.00 -4.02342  4.69501e+15  4.69501e+15  4.69501e+15 -2.85572e+11 -2.85574e+11  2.87512e+11
  300.00 -4.00631  4.73536e+15  4.73536e+15  4.73536e+15 -4.68672e+11 -4.68671e+11  4.71928e+11
  300.00 -3.98919  4.77552e+15  4.77552e+15  4.77552e+15 -6.52385e+11 -6.52381e+11  6.57775e+11
  300.00 -3.97207  4.81520e+15  4.81520e+15  4.81520e+15 -8.33915e+11 -8.33909e+11  8.42705e+11
  300.00 -3.95495  4.85411e+15  4.85411e+15  4.85411e+15 -1.00892e+12 -1.00891e+12  1.02301e+12
  300.00 -3.93784  4.89213e+15  4.89213e+15  4.89213e+15 -1.17073e+12 -1.17072e+12  1.19285e+12
  300.00 -3.92072  4.92947e+15  4.92947e+15  4.92947e+15 -1.31194e+12 -1.31192e+12  1.34580e+12
  300.00 -3.90360  4.96662e+15  4.96662e+15  4.96662e+15 -1.42806e+12 -1.42804e+12  1.47827e+12
  300.00 -3.88649  5.00415e+15  5.00415e+15  5.00415e+15 -1.52005e+12 -1.52003e+12  1.59163e+12
  300.00 -3.86937  5.04246e+15  5.04246e+15  5.04246e+15 -1.59307e+12 -1.59305e+12  1.69031e+12
  300.00 -3.85225  5.08157e+15  5.08157e+15  5.08157e+15 -1.65218e+12 -1.65216e+12  1.77730e+12
  300.00 -3.83514  5.12123e+15  5.12123e+15  5.12123e+15 -1.69854e+12 -1.69851e+12  1.85116e+12
  300.00 -3.81802  5.16105e+15  5.16105e+15  5.16105e+15 -1.72878e+12 -1.72876e+12  1.90709e+12
  300.00 -3.80090  5.20073e+15  5.20073e+15  5.20073e+15 -1.73785e+12 -1.73783e+12  1.94043e+12
  300.00 -3.78378  5.24008e+15  5.24008e+15  5.24008e+15 -1.72304e+12 -1.72302e+12  1.94920e+12
  300.00 -3.76667  5.27903e+15  5.27903e+15  5.27903e+15 -1.68584e+12 -1.68581e+12  1.93470e+12
  300.00 -3.74955  5.31753e+15  5.31753e+15  5.31753e+15 -1.63039e+12 -1.63037e+12  1.90109e+12
  300.00 -3.73243  5.35557e+15  5.35557e+15  5.35557e+15 -1.56183e+12 -1.56180e+12  1.85471e+12
  300.00 -3.71532  5.39323e+15  5.39323e+15  5.39323e+15 -1.48599e+12 -1.48597e+12  1.80237e+12
  300.00 -3.69820  5.43060e+15  5.43060e+15  5.43060e+15 -1.40918e+12 -1.40916e+12  1.74915e+12
  300.00 -3.68108  5.46771e+15  5.46771e+15  5.46771e+15 -1.33643e+12 -1.33641e+12  1.69756e+12
  300.00 -3.66396  5.50446e+15  5.50446e+15  5.50446e+15 -1.27014e+12 -1.27012e+12  1.64820e+12
  300.00 -3.64685  5.54064e+15  5.54064e+15  5.54064e+15 -1.21038e+12 -1.21036e+12  1.60029e+12
  300.00 -3.62973  5.57603e+15  5.57603e+15  5.57603e+15 -1.15597e+12 -1.15595e+12  1.55225e+12
  300.00 -3.61261  5.61039e+15  5.61039e+15  5.61039e+15 -1.10510e+12 -1.10509e+12  1.50238e+12
  300.00 -3.59550  5.64344e+15  5.64344e+15  5.64344e+15 -1.05589e+12 -1.05588e+12  1.44928e+12
  300.00 -3.57838  5.67486e+15  5.67486e+15  5.67486e+15 -1.00727e+12 -1.00726e+12  1.39211e+12
  300.00 -3.56126  5.70427e+15  5.70427e+15  5.70427e+15 -9.59749e+11 -9.59740e+11  1.33134e+12
  300.00 -3.54414  5.73139e+15  5.73139e+15  5.73139e+15 -9.15054e+11 -9.15049e+11  1.26923e+12
  300.00 -3.52703  5.75609e+15  5.75609e+15  5.75609e+15 -8.74920e+11 -8.74921e+11  1.20909e+12
  300.00 -3.50991  5.77846e+15  5.77846e+15  5.77846e+15 -8.40314e+11 -8.40321e+11  1.15343e+12
  300.00 -3.49279  5.79869e+15  5.79870e+15  5.79870e+15 -8.11673e+11 -8.11685e+11  1.10285e+12
  300.00 -3.47568  5.81699e+15  5.81699e+15  5.81699e+15 -7.88413e+11 -7.88430e+11  1.05592e+12
  300.00 -3.45856  5.83339e+15  5.83339e+15  5.83339e+15 -7.66663e+11 -7.66684e+11  1.00866e+12
  300.00 -3.44144  5.84776e+15  5.84776e+15  5.84776e+15 -7.39430e+11 -7.39455e+11  9.55269e+11
  300.00 -3.42432  5.85975e+15  5.85975e+15  5.85975e+15 -7.02376e+11 -7.02405e+11  8.92760e+11
  300.00 -3.40721  5.86899e+15  5.86899e+15  5.86899e+15 -6.58742e+11 -6.58775e+11  8.25001e+11
  300.00 -3.39009  5.87542e+15  5.87542e+15  5.87542e+15 -6.15869e+11 -6.15908e+11  7.59920e+11
  300.00 -3.37297  5.87959e+15  5.87959e+15  5.87959e+15 -5.76319e+11 -5.76365e+11  7.00947e+11
  300.00 -3.35586  5.88266e+15  5.88266e+15  5.88266e+15 -5.34731e+11 -5.34785e+11  6.42716e+11
  300.00 -3.33874  5.88579e+15  5.88579e+15  5.88579e+15 -4.84889e+11 -4.84952e+11  5.77558e+11
  300.00 -3.32162  5.88946e+15  5.88946e+15  5.88946e+15 -4.27740e+11 -4.27810e+11  5.04921e+11
  300.00 -3.30450  5.89341e+15  5.89341e+15  5.89341e+15 -3.71544e+11 -3.71619e+11  4.32939e+11
  300.00 -3.28739  5.89710e+15  5.89710e+15  5.89710e+15 -3.25464e+11 -3.25542e+11  3.71841e+11
  300.00 -3.27027  5.90030e+15  5.90030e+15  5.90030e+15 -2.93087e+11 -2.93166e+11  3.26437e+11
  300.00 -3.25315  5.90316e+15  5.90316e+15  5.90316e+15 -2.71930e+11 -2.72009e+11  2.94915e+11
  300.00 -3.23604  5.90604e+15  5.90605e+15  5.90605e+15 -2.58017e+11 -2.58096e+11  2.73316e+11
  300.00 -3.21892  5.90938e+15  5.90938e+15  5.90938e+15 -2.49597e+11 -2.49675e+11  2.59500e+11
  300.00 -3.20180  5.91362e+15  5.91362e+15  5.91362e+15 -2.47524e+11 -2.47600e+11  2.53793e+11
  300.00 -3.18468  5.91924e+15  5.91924e+15  5.91924e+15 -2.54030e+11 -2.54103e+11  2.57928e+11
  300.00 -3.16757  5.92663e+15  5.92663e+15  5.92663e+15 -2.71806e+11 -2.71876e+11  2.74197e+11
  300.00 -3.15045  5.93601e+15  5.93601e+15  5.93601e+15 -3.03761e+11 -3.03828e+11  3.05212e+11
  300.00 -3.13333  5.94745e+15  5.94745e+15  5.94745e+15 -3.52690e+11 -3.52752e+11  3.53563e+11
  300.00 -3.11622  5.96081e+15  5.96081e+15  5.96081e+15 -4.20120e+11 -4.20177e+11  4.20644e+11
  300.00 -3.09910  5.97586e+15  5.97586e+15  5.97586e+15 -5.04570e+11 -5.04623e+11  5.04885e+11
  300.00 -3.08198  5.99229e+15  5.99229e+15  5.99229e+15 -6.00473e+11 -6.00521e+11  6.00663e+11
  300.00 -3.06486  6.00988e+15  6.00988e+15  6.00988e+15 -6.99285e+11 -6.99329e+11  6.99403e+11
  300.00 -3.04775  6.02856e+15  6.02856e+15  6.02856e+15 -7.93290e+11 -7.93330e+11  7.93367e+11
  300.00 -3.03063  6.04851e+15  6.04851e+15  6.04851e+15 -8.80714e+11 -8.80750e+11  8.80768e+11
  300.00 -3.01351  6.07001e+15  6.07001e+15  6.07001e+15 -9.68702e+11 -9.68736e+11  9.68743e+11
  300.00 -2.99640  6.09319e+15  6.09319e+15  6.09319e+15 -1.06982e+12 -1.06985e+12  1.06985e+12
  300.00 -2.97928  6.11779e+15  6.11779e+15  6.11779e+15 -1.19188e+12 -1.19191e+12  1.19191e+12
  300.00 -2.96216  6.14314e+15  6.14314e+15  6.14314e+15 -1.33026e+12 -1.33028e+12  1.33029e+12
  300.00 -2.94505  6.16846e+15  6.16846e+15  6.16846e+15 -1.47113e+12 -1.47115e+12  1.47115e+12
  300.00 -2.92793  6.19318e+15  6.19318e+15  6.19318e+15 -1.60036e+12 -1.60038e+12  1.60038e+12
  300.00 -2.91081  6.21708e+15  6.21708e+15  6.21708e+15 -1.70926e+12 -1.70927e+12  1.70928e+12
  300.00 -2.89369  6.24020e+15  6.24020e+15  6.24020e+15 -1.79532e+12 -1.79534e+12  1.79535e+12
  300.00 -2.87658  6.26265e+15  6.26266e+15  6.26266e+15 -1.86009e+12 -1.86010e+12  1.86011e+12
  300.00 -2.85946  6.28449e+15  6.28449e+15  6.28449e+15 -1.90646e+12 -1.90647e+12  1.90648e+12
  300.00 -2.84234  6.30565e+15  6.30565e+15  6.30565e+15 -1.93701e+12 -1.93702e+12  1.93703e+12
  300.00 -2.82523  6.32593e+15  6.32593e+15  6.32593e+15 -1.95336e+12 -1.95337e+12  1.95338e+12
  300.00 -2.80811  6.34514e+15  6.34514e+15  6.34514e+15 -1.95630e+12 -1.95631e+12  1.95632e+12
  300.00 -2.79099  6.36303e+15  6.36303e+15  6.36303e+15 -1.94612e+12 -1.94612e+12  1.94613e+12
  300.00 -2.77387  6.37943e+15  6.37943e+15  6.37943e+15 -1.92293e+12 -1.92294e+12  1.92295e+12
  300.00 -2.75676  6.39424e+15  6.39424e+15  6.39424e+15 -1.88695e+12 -1.88696e+12  1.88697e+12
  300.00 -2.73964  6.40743e+15  6.40743e+15  6.40743e+15 -1.83858e+12 -1.83859e+12  1.83859e+12
  300.00 -2.72252  6.41906e+15  6.41906e+15  6.41906e+15 -1.77852e+12 -1.77853e+12  1.77854e+12
  300.00 -2.70541  6.42925e+15  6.42925e+15  6.42925e+15 -1.70782e+12 -1.70783e+12  1.70784e+12
  300.00 -2.68829  6.43816e+15  6.43816e+15  6.43816e+15 -1.62795e+12 -1.62796e+12  1.62797e+12
  300.00 -2.67117  6.44597e+15  6.44597e+15  6.44597e+15 -1.54092e+12 -1.54092e+12  1.54093e+12
  300.00 -2.65405  6.45285e+15  6.45285e+15  6.45285e+15 -1.44932e+12 -1.44933e+12  1.44934e+12
  300.00 -2.63694  6.45898e+15  6.45898e+15  6.45898e+15 -1.35621e+12 -1.35622e+12  1.35623e+12
  300.00 -2.61982  6.46454e+15  6.46454e+15  6.46454e+15 -1.26442e+12 -1.26443e+12  1.26444e+12
  300.00 -2.60270  6.46979e+15  6.46979e+15  6.46979e+15 -1.17565e+12 -1.17566e+12  1.17568e+12
  300.00 -2.58559  6.47504e+15  6.47504e+15  6.47504e+15 -1.09004e+12 -1.09004e+12  1.09007e+12
  300.00 -2.56847  6.48066e+15  6.48066e+15  6.48066e+15 -1.00683e+12 -1.00684e+12  1.00688e+12
  300.00 -2.55135  6.48692e+15  6.48692e+15  6.48692e+15 -9.26049e+11 -9.26059e+11  9.26117e+11
  300.00 -2.53423  6.49402e+15  6.49402e+15  6.49402e+15 -8.49288e+11 -8.49299e+11  8.49385e+11
  300.00 -2.51712  6.50201e+15  6.50201e+15  6.50201e+15 -7.78811e+11 -7.78823e+11  7.78951e+11
  300.00 -2.50000  6.51093e+15  6.51093e+15  6.51093e+15 -7.15895e+11 -7.15908e+11  7.16100e+11
  300.00 -2.48288  6.52088e+15  6.52088e+15  6.52088e+15 -6.60024e+11 -6.60037e+11  6.60323e+11
  300.00 -2.46577  6.53194e+15  6.53194e+15  6.53194e+15 -6.09397e+11 -6.09410e+11  6.09836e+11
  300.00 -2.44865  6.54421e+15  6.54421e+15  6.54421e+15 -5.62027e+11 -5.62039e+11  5.62675e+11
  300.00 -2.43153  6.55768e+15  6.55768e+15  6.55768e+15 -5.16627e+11 -5.16637e+11  5.17584e+11
  300.00 -2.41441  6.57228e+15  6.57228e+15  6.57228e+15 -4.72961e+11 -4.72969e+11  4.74377e+11
  300.00 -2.39730  6.58784e+15  6.58784e+15  6.58784e+15 -4.31701e+11 -4.31707e+11  4.33793e+11
  300.00 -2.38018  6.60416e+15  6.60416e+15  6.60416e+15 -3.93834e+11 -3.93838e+11  3.96921e+11
  300.00 -2.36306  6.62102e+15  6.62102e+15  6.62102e+15 -3.59666e+11 -3.59668e+11  3.64211e+11
  300.00 -2.34595  6.63827e+15  6.63827e+15  6.63827e+15 -3.27781e+11 -3.27781e+11  3.34454e+11
  300.00 -2.32883  6.65582e+15  6.65582e+15  6.65582e+15 -2.94952e+11 -2.94951e+11  3.04723e+11
  300.00 -2.31171  6.67359e+15  6.67359e+15  6.67359e+15 -2.57777e+11 -2.57774e+11  2.72041e+11
  300.00 -2.29459  6.69140e+15  6.69140e+15  6.69140e+15 -2.14937e+11 -2.14933e+11  2.35698e+11
  300.00 -2.27748  6.70898e+15  6.70898e+15  6.70898e+15 -1.67710e+11 -1.67704e+11  1.97835e+11
  300.00 -2.26036  6.72602e+15  6.72602e+15  6.72602e+15 -1.18152e+11 -1.18146e+11  1.61729e+11
  300.00 -2.24324  6.74232e+15  6.74232e+15  6.74232e+15 -6.69455e+10 -6.69381e+10  1.29779e+11
  300.00 -2.22613  6.75779e+15  6.75779e+15  6.75779e+15 -1.26943e+10 -1.26863e+10  1.02989e+11
  300.00 -2.20901  6.77243e+15  6.77243e+15  6.77243e+15  4.75292e+10  4.75378e+10  8.17637e+10
  300.00 -2.19189  6.78623e+15  6.78623e+15  6.78623e+15  1.17449e+11  1.17458e+11  6.69675e+10
  300.00 -2.17477  6.79916e+15  6.79916e+15  6.79916e+15  2.01255e+11  2.01265e+11  6.06635e+10
  300.00 -2.15766  6.81121e+15  6.81121e+15  6.81121e+15  3.03718e+11  3.03728e+11  6.64959e+10
  300.00 -2.14054  6.82242e+15  6.82242e+15  6.82242e+15  4.30599e+11  4.30608e+11  8.98639e+10
  300.00 -2.12342  6.83292e+15  6.83292e+15  6.83292e+15  5.89165e+11  5.89173e+11  1.38035e+11
  300.00 -2.10631  6.84289e+15  6.84289e+15  6.84289e+15  7.88672e+11  7.88680e+11  2.20289e+11
  300.00 -2.08919  6.85234e+15  6.85234e+15  6.85234e+15  1.04067e+12  1.04068e+12  3.48121e+11
  300.00 -2.07207  6.86102e+15  6.86102e+15  6.86102e+15  1.35910e+12  1.35910e+12  5.35384e+11
  300.00 -2.05495  6.86825e+15  6.86825e+15  6.86825e+15  1.76014e+12  1.76015e+12  7.98185e+11
  300.00 -2.03784  6.87320e+15  6.87320e+15  6.87320e+15  2.26197e+12  2.26198e+12  1.15422e+12
  300.00 -2.02072  6.87522e+15  6.87522e+15  6.87522e+15  2.88409e+12  2.88410e+12  1.62152e+12
  300.00 -2.00360  6.87437e+15  6.87437e+15  6.87437e+15  3.64580e+12  3.64580e+12  2.21699e+12
  300.00 -1.98649  6.87153e+15  6.87153e+15  6.87153e+15  4.56314e+12  4.56314e+12  2.95530e+12
  300.00 -1.96937  6.86799e+15  6.86800e+15  6.86800e+15  5.64497e+12  5.64497e+12  3.84785e+12
  300.00 -1.95225  6.86471e+15  6.86471e+15  6.86471e+15  6.88993e+12  6.88993e+12  4.90036e+12
  300.00 -1.93514  6.86167e+15  6.86167e+15  6.86167e+15  8.28557e+12  8.28556e+12  6.10882e+12
  300.00 -1.91802  6.85799e+15  6.85799e+15  6.85799e+15  9.80875e+12  9.80875e+12  7.45590e+12
  300.00 -1.90090  6.85262e+15  6.85262e+15  6.85262e+15  1.14255e+13  1.14255e+13  8.91045e+12
  300.00 -1.88378  6.84496e+15  6.84496e+15  6.84496e+15  1.30912e+13  1.30912e+13  1.04305e+13
  300.00 -1.86667  6.83505e+15  6.83505e+15  6.83505e+15  1.47527e+13  1.47527e+13  1.19672e+13
  300.00 -1.84955  6.82335e+15  6.82334e+15  6.82334e+15  1.63538e+13  1.63538e+13  1.34698e+13
  300.00 -1.83243  6.81041e+15  6.81041e+15  6.81041e+15  1.78411e+13  1.78411e+13  1.48897e+13
  300.00 -1.81532  6.79672e+15  6.79672e+15  6.79672e+15  1.91694e+13  1.91694e+13  1.61860e+13
  300.00 -1.79820  6.78265e+15  6.78265e+15  6.78265e+15  2.03063e+13  2.03063e+13  1.73285e+13
  300.00 -1.78108  6.76848e+15  6.76847e+15  6.76847e+15  2.12338e+13  2.12338e+13  1.83009e+13
  300.00 -1.76396  6.75440e+15  6.75440e+15  6.75440e+15  2.19486e+13  2.19486e+13  1.91005e+13
  300.00 -1.74685  6.74055e+15  6.74054e+15  6.74054e+15  2.24597e+13  2.24597e+13  1.97366e+13
  300.00 -1.72973  6.72696e+15  6.72696e+15  6.72696e+15  2.27868e+13  2.27868e+13  2.02281e+13
  300.00 -1.71261  6.71363e+15  6.71362e+15  6.71362e+15  2.29583e+13  2.29583e+13  2.06016e+13
  300.00 -1.69550  6.70057e+15  6.70056e+15  6.70056e+15  2.30047e+13  2.30047e+13  2.08849e+13
  300.00 -1.67838  6.68789e+15  6.68788e+15  6.68788e+15  2.29415e+13  2.29415e+13  2.10894e+13
  300.00 -1.66126  6.67583e+15  6.67582e+15  6.67582e+15  2.27447e+13  2.27447e+13  2.11868e+13
  300.00 -1.64414  6.66464e+15  6.66463e+15  6.66463e+15  2.23516e+13  2.23516e+13  2.11086e+13
  300.00 -1.62703  6.65450e+15  6.65449e+15  6.65449e+15  2.17033e+13  2.17033e+13  2.07889e+13
  300.00 -1.60991  6.64541e+15  6.64541e+15  6.64541e+15  2.07959e+13  2.07959e+13  2.02161e+13
  300.00 -1.59279  6.63726e+15  6.63726e+15  6.63726e+15  1.96911e+13  1.96912e+13  1.94442e+13
  300.00 -1.57568  6.62987e+15  6.62987e+15  6.62987e+15  1.84849e+13  1.84849e+13  1.85625e+13
  300.00 -1.55856  6.62309e+15  6.62309e+15  6.62309e+15  1.72692e+13  1.72692e+13  1.76574e+13
  300.00 -1.54144  6.61682e+15  6.61682e+15  6.61682e+15  1.61123e+13  1.61123e+13  1.67919e+13
  300.00 -1.52432  6.61101e+15  6.61101e+15  6.61101e+15  1.50571e+13  1.50571e+13  1.60043e+13
  300.00 -1.50721  6.60568e+15  6.60568e+15  6.60568e+15  1.41270e+13  1.41270e+13  1.53145e+13
  300.00 -1.49009  6.60081e+15  6.60081e+15  6.60081e+15  1.33313e+13  1.33313e+13  1.47290e+13
  300.00 -1.47297  6.59639e+15  6.59639e+15  6.59639e+15  1.26657e+13  1.26657e+13  1.42418e+13
  300.00 -1.45586  6.59236e+15  6.59237e+15  6.59237e+15  1.21141e+13  1.21141e+13  1.38357e+13
  300.00 -1.43874  6.58868e+15  6.58869e+15  6.58869e+15  1.16540e+13  1.16540e+13  1.34873e+13
  300.00 -1.42162  6.58533e+15  6.58534e+15  6.58534e+15  1.12635e+13  1.12635e+13  1.31746e+13
  300.00 -1.40450  6.58229e+15  6.58230e+15  6.58230e+15  1.09265e+13  1.09265e+13  1.28826e+13
  300.00 -1.38739  6.57953e+15  6.57954e+15  6.57954e+15  1.06336e+13  1.06336e+13  1.26033e+13
  300.00 -1.37027  6.57701e+15  6.57702e+15  6.57702e+15  1.03795e+13  1.03795e+13  1.23337e+13
  300.00 -1.35315  6.57465e+15  6.57467e+15  6.57467e+15  1.01600e+13  1.01600e+13  1.20718e+13
  300.00 -1.33604  6.57238e+15  6.57239e+15  6.57239e+15  9.97011e+12  9.97011e+12  1.18153e+13
  300.00 -1.31892  6.57010e+15  6.57011e+15  6.57011e+15  9.80539e+12  9.80539e+12  1.15622e+13
  300.00 -1.30180  6.56775e+15  6.56776e+15  6.56776e+15  9.66312e+12  9.66312e+12  1.13125e+13
  300.00 -1.28468  6.56532e+15  6.56533e+15  6.56533e+15  9.54300e+12  9.54300e+12  1.10689e+13
  300.00 -1.26757  6.56283e+15  6.56283e+15  6.56283e+15  9.44427e+12  9.44427e+12  1.08333e+13
  300.00 -1.25045  6.56033e+15  6.56033e+15  6.56033e+15  9.36266e+12  9.36266e+12  1.06040e+13
  300.00 -1.23333  6.55789e+15  6.55790e+15  6.55790e+15  9.29210e+12  9.29210e+12  1.03773e+13
  300.00 -1.21622  6.55562e+15  6.55563e+15  6.55563e+15  9.22825e+12  9.22825e+12  1.01517e+13
  300.00 -1.19910  6.55360e+15  6.55360e+15  6.55360e+15  9.16911e+12  9.16911e+12  9.92812e+12
  300.00 -1.18198  6.55189e+15  6.55189e+15  6.55189e+15  9.11364e+12  9.11364e+12  9.70897e+12
  300.00 -1.16486  6.55057e+15  6.55057e+15  6.55057e+15  9.06052e+12  9.06052e+12  9.49643e+12
  300.00 -1.14775  6.54966e+15  6.54966e+15  6.54966e+15  9.00784e+12  9.00784e+12  9.29230e+12
  300.00 -1.13063  6.54920e+15  6.54920e+15  6.54920e+15  8.95324e+12  8.95324e+12  9.09804e+12
  300.00 -1.11351  6.54918e+15  6.54918e+15  6.54918e+15  8.89399e+12  8.89399e+12  8.91486e+12
  300.00 -1.09640  6.54960e+15  6.54960e+15  6.54960e+15  8.82719e+12  8.82719e+12  8.74383e+12
  300.00 -1.07928  6.55045e+15  6.55045e+15  6.55045e+15  8.75019e+12  8.75019e+12  8.58619e+12
  300.00 -1.06216  6.55172e+15  6.55171e+15  6.55171e+15  8.66134e+12  8.66134e+12  8.44398e+12
  300.00 -1.04505  6.55337e+15  6.55337e+15  6.55337e+15  8.56009e+12  8.56009e+12  8.32007e+12
  300.00 -1.02793  6.55539e+15  6.55539e+15  6.55539e+15  8.44571e+12  8.44571e+12  8.21668e+12
  300.00 -1.01081  6.55776e+15  6.55776e+15  6.55776e+15  8.31613e+12  8.31613e+12  8.13410e+12
  300.00 -0.99369  6.56044e+15  6.56044e+15  6.56044e+15  8.16911e+12  8.16911e+12  8.07188e+12
  300.00 -0.97658  6.56342e+15  6.56341e+15  6.56341e+15  8.00372e+12  8.00372e+12  8.03019e+12
  300.00 -0.95946  6.56666e+15  6.56666e+15  6.56666e+15  7.82019e+12  7.82019e+12  8.00972e+12
  300.00 -0.94234  6.57016e+15  6.57016e+15  6.57016e+15  7.61934e+12  7.61934e+12  8.01085e+12
  300.00 -0.92523  6.57388e+15  6.57388e+15  6.57388e+15  7.40223e+12  7.40223e+12  8.03330e+12
  300.00 -0.90811  6.57781e+15  6.57781e+15  6.57781e+15  7.17000e+12  7.16999e+12  8.07580e+12
  300.00 -0.89099  6.58192e+15  6.58191e+15  6.58191e+15  6.92368e+12  6.92367e+12  8.13596e+12
  300.00 -0.87387  6.58617e+15  6.58616e+15  6.58616e+15  6.66393e+12  6.66392e+12  8.20996e+12
  300.00 -0.85676  6.59053e+15  6.59053e+15  6.59053e+15  6.39107e+12  6.39106e+12  8.29275e+12
  300.00 -0.83964  6.59497e+15  6.59496e+15  6.59496e+15  6.10619e+12  6.10619e+12  8.37933e+12
  300.00 -0.82252  6.59945e+15  6.59945e+15  6.59945e+15  5.81345e+12  5.81344e+12  8.46727e+12
  300.00 -0.80541  6.60396e+15  6.60396e+15  6.60396e+15  5.52099e+12  5.52099e+12  8.55797e+12
  300.00 -0.78829  6.60850e+15  6.60849e+15  6.60849e+15  5.23741e+12  5.23740e+12  8.65313e+12
  300.00 -0.77117  6.61307e+15  6.61306e+15  6.61306e+15  4.96622e+12  4.96622e+12  8.74941e+12
  300.00 -0.75405  6.61768e+15  6.61768e+15  6.61768e+15  4.70582e+12  4.70582e+12  8.83852e+12
  300.00 -0.73694  6.62239e+15  6.62239e+15  6.62239e+15  4.45479e+12  4.45479e+12  8.91289e+12
  300.00 -0.71982  6.62724e+15  6.62723e+15  6.62723e+15  4.21526e+12  4.21525e+12  8.96922e+12
  300.00 -0.70270  6.63227e+15  6.63226e+15  6.63226e+15  3.99169e+12  3.99168e+12  9.00743e+12
  300.00 -0.68559  6.63752e+15  6.63751e+15  6.63751e+15  3.78830e+12  3.78829e+12  9.02808e+12
  300.00 -0.66847  6.64299e+15  6.64299e+15  6.64299e+15  3.60758e+12  3.60758e+12  9.03084e+12
  300.00 -0.65135  6.64865e+15  6.64865e+15  6.64865e+15  3.44982e+12  3.44982e+12  9.01400e+12
  300.00 -0.63423  6.65442e+15  6.65442e+15  6.65442e+15  3.31314e+12  3.31314e+12  8.97431e+12
  300.00 -0.61712  6.66016e+15  6.66016e+15  6.66016e+15  3.19431e+12  3.19431e+12  8.90775e+12
  300.00 -0.60000  6.66570e+15  6.66570e+15  6.66570e+15  3.09110e+12  3.09110e+12  8.81179e+12
  300.00 -0.58288  6.67085e+15  6.67085e+15  6.67085e+15  3.00529e+12  3.00529e+12  8.68849e+12
  300.00 -0.56577  6.67544e+15  6.67544e+15  6.67544e+15  2.94301e+12  2.94301e+12  8.54486e+12
  300.00 -0.54865  6.67929e+15  6.67929e+15  6.67929e+15  2.90966e+12  2.90967e+12  8.38778e+12
  300.00 -0.53153  6.68228e+15  6.68228e+15  6.68228e+15  2.90398e+12  2.90399e+12  8.21807e+12
  300.00 -0.51441  6.68434e+15  6.68434e+15  6.68434e+15  2.91851e+12  2.91852e+12  8.03095e+12
  300.00 -0.49730  6.68549e+15  6.68549e+15  6.68549e+15  2.94590e+12  2.94591e+12  7.82236e+12
  300.00 -0.48018  6.68576e+15  6.68576e+15  6.68576e+15  2.98322e+12  2.98323e+12  7.59323e+12
  300.00 -0.46306  6.68522e+15  6.68523e+15  6.68523e+15  3.03081e+12  3.03082e+12  7.34824e+12
  300.00 -0.44595  6.68387e+15  6.68387e+15  6.68387e+15  3.08869e+12  3.08870e+12  7.09233e+12
  300.00 -0.42883  6.68155e+15  6.68155e+15  6.68155e+15  3.15404e+12  3.15405e+12  6.82827e+12
  300.00 -0.41171  6.67792e+15  6.67792e+15  6.67792e+15  3.22082e+12  3.22083e+12  6.55658e+12
  300.00 -0.39459  6.67246e+15  6.67246e+15  6.67246e+15  3.28179e+12  3.28180e+12  6.27753e+12
  300.00 -0.37748  6.66458e+15  6.66458e+15  6.66458e+15  3.33226e+12  3.33227e+12  5.99462e+12
  300.00 -0.36036  6.65373e+15  6.65373e+15  6.65373e+15  3.37253e+12  3.37254e+12  5.71619e+12
  300.00 -0.34324  6.63951e+15  6.63951e+15  6.63951e+15  3.40517e+12  3.40518e+12  5.45186e+12
  300.00 -0.32613  6.62170e+15  6.62170e+15  6.62170e+15  3.42909e+12  3.42909e+12  5.20599e+12
  300.00 -0.30901  6.60015e+15  6.60015e+15  6.60015e+15  3.43814e+12  3.43814e+12  4.97562e+12
  300.00 -0.29189  6.57479e+15  6.57479e+15  6.57479e+15  3.42662e+12  3.42663e+12  4.75511e+12
  300.00 -0.27477  6.54560e+15  6.54560e+15  6.54560e+15  3.39414e+12  3.39415e+12  4.54092e+12
  300.00 -0.25766  6.51255e+15  6.51255e+15  6.51255e+15  3.34325e+12  3.34326e+12  4.33269e+12
  300.00 -0.24054  6.47544e+15  6.47544e+15  6.47544e+15  3.27356e+12  3.27356e+12  4.13202e+12
  300.00 -0.22342  6.43391e+15  6.43391e+15  6.43391e+15  3.18016e+12  3.18017e+12  3.94105e+12
  300.00 -0.20631  6.38752e+15  6.38752e+15  6.38752e+15  3.05749e+12  3.05749e+12  3.76240e+12
  300.00 -0.18919  6.33590e+15  6.33589e+15  6.33589e+15  2.90233e+12  2.90234e+12  3.59976e+12
  300.00 -0.17207  6.27883e+15  6.27883e+15  6.27883e+15  2.71190e+12  2.71191e+12  3.45608e+12
  300.00 -0.15495  6.21646e+15  6.21645e+15  6.21645e+15  2.48109e+12  2.48110e+12  3.33088e+12
  300.00 -0.13784  6.14922e+15  6.14922e+15  6.14922e+15  2.20541e+12  2.20542e+12  3.22205e+12
  300.00 -0.12072  6.07777e+15  6.07777e+15  6.07777e+15  1.88674e+12  1.88675e+12  3.13035e+12
  300.00 -0.10360  6.00276e+15  6.00276e+15  6.00276e+15  1.53520e+12  1.53522e+12  3.05991e+12
  300.00 -0.08649  5.92483e+15  5.92483e+15  5.92483e+15  1.16654e+12  1.16656e+12  3.01425e+12
  300.00 -0.06937  5.84466e+15  5.84466e+15  5.84466e+15  7.97695e+11  7.97711e+11  2.99151e+12
  300.00 -0.05225  5.76291e+15  5.76291e+15  5.76291e+15  4.42080e+11  4.42099e+11  2.98295e+12
  300.00 -0.03514  5.68021e+15  5.68021e+15  5.68021e+15  1.06944e+11  1.06963e+11  2.97639e+12
  300.00 -0.01802  5.59716e+15  5.59716e+15  5.59716e+15 -2.06861e+11 -2.06840e+11  2.96217e+12
  300.00 -0.00090  5.51444e+15  5.51444e+15  5.51444e+15 -5.04330e+11 -5.04308e+11  2.93737e+12
  300.00  0.01622  5.43283e+15  5.43284e+15  5.43284e+15 -7.94022e+11 -7.93998e+11  2.90631e+12
  300.00  0.03333  5.35317e+15  5.35317e+15  5.35317e+15 -1.08294e+12 -1.08292e+12  2.87741e+12
  300.00  0.05045  5.27617e+15  5.27617e+15  5.27617e+15 -1.37143e+12 -1.37141e+12  2.85813e+12
  300.00  0.06757  5.20238e+15  5.20238e+15  5.20238e+15 -1.65166e+12 -1.65163e+12  2.85101e+12
  300.00  0.08468  5.13222e+15  5.13222e+15  5.13222e+15 -1.90993e+12 -1.90990e+12  2.85226e+12
  300.00  0.10180  5.06602e+15  5.06602e+15  5.06602e+15 -2.13100e+12 -2.13097e+12  2.85320e+12
  300.00  0.11892  5.00408e+15  5.00408e+15  5.00408e+15 -2.30327e+12 -2.30325e+12  2.84441e+12
  300.00  0.13604  4.94660e+15  4.94660e+15  4.94660e+15 -2.42358e+12 -2.42355e+12  2.82102e+12
  300.00  0.15315  4.89370e+15  4.89370e+15  4.89370e+15 -2.49796e+12 -2.49793e+12  2.78480e+12
  300.00  0.17027  4.84537e+15  4.84537e+15  4.84537e+15 -2.53669e+12 -2.53666e+12  2.74059e+12
  300.00  0.18739  4.80149e+15  4.80149e+15  4.80149e+15 -2.54757e+12 -2.54755e+12  2.69062e+12
  300.00  0.20450  4.76184e+15  4.76184e+15  4.76184e+15 -2.53264e+12 -2.53262e+12  2.63182e+12
  300.00  0.22162  4.72616e+15  4.72616e+15  4.72616e+15 -2.48975e+12 -2.48972e+12  2.55780e+12
  300.00  0.23874  4.69411e+15  4.69411e+15  4.69411e+15 -2.41741e+12 -2.41739e+12  2.46366e+12
  300.00  0.25586  4.66530e+15  4.66530e+15  4.66530e+15 -2.31860e+12 -2.31858e+12  2.34977e+12
  300.00  0.27297  4.63932e+15  4.63932e+15  4.63932e+15 -2.19954e+12 -2.19952e+12  2.22036e+12
  300.00  0.29009  4.61591e+15  4.61591e+15  4.61591e+15 -2.06513e+12 -2.06511e+12  2.07894e+12
  300.00  0.30721  4.59512e+15  4.59512e+15  4.59512e+15 -1.91659e+12 -1.91658e+12  1.92568e+12
  300.00  0.32432  4.57743e+15  4.57743e+15  4.57743e+15 -1.75274e+12 -1.75272e+12  1.75867e+12
  300.00  0.34144  4.56360e+15  4.56360e+15  4.56360e+15 -1.57246e+12 -1.57245e+12  1.57631e+12
  300.00  0.35856  4.55431e+15  4.55431e+15  4.55431e+15 -1.37608e+12 -1.37607e+12  1.37856e+12
  300.00  0.37568  4.54964e+15  4.54964e+15  4.54964e+15 -1.16534e+12 -1.16533e+12  1.16693e+12
  300.00  0.39279  4.54876e+15  4.54876e+15  4.54876e+15 -9.42725e+11 -9.42716e+11  9.43736e+11
  300.00  0.40991  4.55038e+15  4.55038e+15  4.55038e+15 -7.10494e+11 -7.10487e+11  7.11133e+11
  300.00  0.42703  4.55337e+15  4.55337e+15  4.55337e+15 -4.70007e+11 -4.70001e+11  4.70407e+11
  300.00  0.44414  4.55740e+15  4.55740e+15  4.55740e+15 -2.21714e+11 -2.21710e+11  2.21964e+11
  300.00  0.46126  4.56296e+15  4.56296e+15  4.56296e+15  3.41781e+10  3.41816e+10 -3.40238e+10
  300.00  0.47838  4.57095e+15  4.57095e+15  4.57095e+15  2.96934e+11  2.96936e+11 -2.96839e+11
  300.00  0.49550  4.58217e+15  4.58217e+15  4.58217e+15  5.64926e+11  5.64927e+11 -5.64867e+11
  300.00  0.51261  4.59702e+15  4.59702e+15  4.59702e+15  8.35793e+11  8.35793e+11 -8.35755e+11
  300.00  0.52973  4.61542e+15  4.61542e+15  4.61542e+15  1.10685e+12  1.10685e+12 -1.10682e+12
  300.00  0.54685  4.63696e+15  4.63696e+15  4.63696e+15  1.37543e+12  1.37543e+12 -1.37542e+12
  300.00  0.56396  4.66106e+15  4.66106e+15  4.66106e+15  1.63910e+12  1.63910e+12 -1.63909e+12
  300.00  0.58108  4.68714e+15  4.68714e+15  4.68714e+15  1.89566e+12  1.89565e+12 -1.89564e+12
  300.00  0.59820  4.71466e+15  4.71466e+15  4.71466e+15  2.14308e+12  2.14308e+12 -2.14307e+12
  300.00  0.61532  4.74318e+15  4.74318e+15  4.74318e+15  2.37951e+12  2.37951e+12 -2.37950e+12
  300.00  0.63243  4.77237e+15  4.77237e+15  4.77237e+15  2.60318e+12  2.60318e+12 -2.60317e+12
  300.00  0.64955  4.80197e+15  4.80197e+15  4.80197e+15  2.81239e+12  2.81239e+12 -2.81238e+12
  300.00  0.66667  4.83179e+15  4.83179e+15  4.83179e+15  3.00551e+12  3.00550e+12 -3.00549e+12
  300.00  0.68378  4.86169e+15  4.86169e+15  4.86169e+15  3.18097e+12  3.18096e+12 -3.18095e+12
  300.00  0.70090  4.89157e+15  4.89158e+15  4.89157e+15  3.33728e+12  3.33728e+12 -3.33727e+12
  300.00  0.71802  4.92134e+15  4.92134e+15  4.92134e+15  3.47305e+12  3.47305e+12 -3.47303e+12
  300.00  0.73514  4.95094e+15  4.95094e+15  4.95094e+15  3.58696e+12  3.58696e+12 -3.58694e+12
  300.00  0.75225  4.98029e+15  4.98029e+15  4.98029e+15  3.67781e+12  3.67781e+12 -3.67779e+12
  300.00  0.76937  5.00938e+15  5.00938e+15  5.00938e+15  3.74450e+12  3.74449e+12 -3.74448e+12
  300.00  0.78649  5.03815e+15  5.03815e+15  5.03815e+15  3.78604e+12  3.78604e+12 -3.78602e+12
  300.00  0.80360  5.06659e+15  5.06659e+15  5.06659e+15  3.80158e+12  3.80158e+12 -3.80156e+12
  300.00  0.82072  5.09468e+15  5.09468e+15  5.09468e+15  3.79040e+12  3.79039e+12 -3.79037e+12
  300.00  0.83784  5.12241e+15  5.12241e+15  5.12241e+15  3.75188e+12  3.75188e+12 -3.75186e+12
  300.00  0.85495  5.14981e+15  5.14981e+15  5.14981e+15  3.68558e+12  3.68558e+12 -3.68556e+12
  300.00  0.87207  5.17686e+15  5.17686e+15  5.17686e+15  3.59119e+12  3.59119e+12 -3.59117e+12
  300.00  0.88919  5.20360e+15  5.20360e+15  5.20360e+15  3.46855e+12  3.46855e+12 -3.46853e+12
  300.00  0.90631  5.23005e+15  5.23005e+15  5.23005e+15  3.31765e+12  3.31764e+12 -3.31763e+12
  300.00  0.92342  5.25625e+15  5.25625e+15  5.25625e+15  3.13863e+12  3.13863e+12 -3.13861e+12
  300.00  0.94054  5.28222e+15  5.28222e+15  5.28222e+15  2.93180e+12  2.93180e+12 -2.93179e+12
  300.00  0.95766  5.30800e+15  5.30800e+15  5.30800e+15  2.69763e+12  2.69763e+12 -2.69762e+12
  300.00  0.97477  5.33363e+15  5.33363e+15  5.33363e+15  2.43675e+12  2.43675e+12 -2.43674e+12
  300.00  0.99189  5.35914e+15  5.35914e+15  5.35914e+15  2.14993e+12  2.14992e+12 -2.14991e+12
  300.00  1.00901  5.38457e+15  5.38457e+15  5.38457e+15  1.83810e+12  1.83810e+12 -1.83809e+12
  300.00  1.02613  5.40994e+15  5.40994e+15  5.40994e+15  1.50236e+12  1.50235e+12 -1.50235e+12
  300.00  1.04324  5.43527e+15  5.43527e+15  5.43527e+15  1.14391e+12  1.14391e+12 -1.14391e+12
  300.00  1.06036  5.46057e+15  5.46057e+15  5.46057e+15  7.64126e+11  7.64123e+11 -7.64121e+11
  300.00  1.07748  5.48586e+15  5.48586e+15  5.48586e+15  3.64470e+11  3.64466e+11 -3.64465e+11
  300.00  1.09459  5.51114e+15  5.51114e+15  5.51114e+15 -5.34734e+10 -5.34779e+10  5.34763e+10
  300.00  1.11171  5.53640e+15  5.53640e+15  5.53640e+15 -4.88026e+11 -4.88031e+11  4.88028e+11
  300.00  1.12883  5.56162e+15  5.56162e+15  5.56162e+15 -9.37432e+11 -9.37437e+11  9.37432e+11
  300.00  1.14595  5.58680e+15  5.58680e+15  5.58680e+15 -1.39987e+12 -1.39988e+12  1.39987e+12
  300.00  1.16306  5.61190e+15  5.61190e+15  5.61190e+15 -1.87348e+12 -1.87349e+12  1.87348e+12
  300.00  1.18018  5.63690e+15  5.63690e+15  5.63690e+15 -2.35636e+12 -2.35637e+12  2.35636e+12
  300.00  1.19730  5.66178e+15  5.66178e+15  5.66178e+15 -2.84662e+12 -2.84662e+12  2.84661e+12
  300.00  1.21441  5.68651e+15  5.68651e+15  5.68651e+15 -3.34234e+12 -3.34235e+12  3.34234e+12
  300.00  1.23153  5.71105e+15  5.71105e+15  5.71105e+15 -3.84166e+12 -3.84167e+12  3.84166e+12
  300.00  1.24865  5.73538e+15  5.73538e+15  5.73538e+15 -4.34274e+12 -4.34275e+12  4.34274e+12
  300.00  1.26577  5.75948e+15  5.75948e+15  5.75948e+15 -4.84380e+12 -4.84381e+12  4.84379e+12
  300.00  1.28288  5.78332e+15  5.78332e+15  5.78332e+15 -5.34311e+12 -5.34312e+12  5.34310e+12
  300.00  1.30000  5.80690e+15  5.80690e+15  5.80690e+15 -5.83903e+12 -5.83904e+12  5.83902e+12
  300.00  1.31712  5.83019e+15  5.83019e+15  5.83019e+15 -6.33000e+12 -6.33002e+12  6.33000e+12
  300.00  1.33423  5.85320e+15  5.85320e+15  5.85320e+15 -6.81456e+12 -6.81458e+12  6.81456e+12
  300.00  1.35135  5.87592e+15  5.87592e+15  5.87592e+15 -7.29134e+12 -7.29136e+12  7.29133e+12
  300.00  1.36847  5.89836e+15  5.89836e+15  5.89836e+15 -7.75907e+12 -7.75908e+12  7.75906e+12
  300.00  1.38559  5.92054e+15  5.92054e+15  5.92054e+15 -8.21657e+12 -8.21659e+12  8.21656e+12
  300.00  1.40270  5.94245e+15  5.94245e+15  5.94245e+15 -8.66278e+12 -8.66279e+12  8.66277e+12
  300.00  1.41982  5.96414e+15  5.96414e+15  5.96414e+15 -9.09671e+12 -9.09672e+12  9.09670e+12
  300.00  1.43694  5.98560e+15  5.98560e+15  5.98560e+15 -9.51747e+12 -9.51749e+12  9.51747e+12
  300.00  1.45405  6.00687e+15  6.00687e+15  6.00687e+15 -9.92426e+12 -9.92428e+12  9.92426e+12
  300.00  1.47117  6.02796e+15  6.02796e+15  6.02796e+15 -1.03163e+13 -1.03164e+13  1.03163e+13
  300.00  1.48829  6.04890e+15  6.04890e+15  6.04890e+15 -1.06931e+13 -1.06931e+13  1.06931e+13
  300.00  1.50541  6.06972e+15  6.06972e+15  6.06972e+15 -1.10538e+13 -1.10538e+13  1.10538e+13
  300.00  1.52252  6.09042e+15  6.09042e+15  6.09042e+15 -1.13980e+13 -1.13980e+13  1.13980e+13
  300.00  1.53964  6.11102e+15  6.11102e+15  6.11102e+15 -1.17251e+13 -1.17251e+13  1.17251e+13
  300.00  1.55676  6.13154e+15  6.13154e+15  6.13154e+15 -1.20347e+13 -1.20347e+13  1.20347e+13
  300.00  1.57387  6.15198e+15  6.15198e+15  6.15198e+15 -1.23263e+13 -1.23263e+13  1.23263e+13
  300.00  1.59099  6.17235e+15  6.17235e+15  6.17235e+15 -1.25994e+13 -1.25994e+13  1.25994e+13
  300.00  1.60811  6.19265e+15  6.19265e+15  6.19265e+15 -1.28536e+13 -1.28537e+13  1.28536e+13
  300.00  1.62523  6.21288e+15  6.21288e+15  6.21288e+15 -1.30886e+13 -1.30886e+13  1.30886e+13
  300.00  1.64234  6.23304e+15  6.23304e+15  6.23304e+15 -1.33038e+13 -1.33038e+13  1.33038e+13
  300.00  1.65946  6.25310e+15  6.25310e+15  6.25310e+15 -1.34990e+13 -1.34990e+13  1.34990e+13
  300.00  1.67658  6.27308e+15  6.27308e+15  6.27308e+15 -1.36737e+13 -1.36737e+13  1.36737e+13
  300.00  1.69369  6.29294e+15  6.29294e+15  6.29294e+15 -1.38275e+13 -1.38275e+13  1.38275e+13
  300.00  1.71081  6.31269e+15  6.31269e+15  6.31269e+15 -1.39602e+13 -1.39602e+13  1.39602e+13
  300.00  1.72793  6.33230e+15  6.33230e+15  6.33230e+15 -1.40714e+13 -1.40714e+13  1.40714e+13
  300.00  1.74505  6.35177e+15  6.35177e+15  6.35177e+15 -1.41608e+13 -1.41608e+13  1.41608e+13
  300.00  1.76216  6.37108e+15  6.37108e+15  6.37108e+15 -1.42283e+13 -1.42283e+13  1.42283e+13
  300.00  1.77928  6.39022e+15  6.39022e+15  6.39022e+15 -1.42736e+13 -1.42736e+13  1.42736e+13
  300.00  1.79640  6.40919e+15  6.40919e+15  6.40919e+15 -1.42967e+13 -1.42967e+13  1.42967e+13
  300.00  1.81351  6.42798e+15  6.42798e+15  6.42798e+15 -1.42975e+13 -1.42975e+13  1.42975e+13
  300.00  1.83063  6.44657e+15  6.44657e+15  6.44657e+15 -1.42762e+13 -1.42762e+13  1.42762e+13
  300.00  1.84775  6.46498e+15  6.46498e+15  6.46498e+15 -1.42329e+13 -1.42329e+13  1.42329e+13
  300.00  1.86486  6.48319e+15  6.48319e+15  6.48319e+15 -1.41678e+13 -1.41678e+13  1.41678e+13
  300.00  1.88198  6.50120e+15  6.50120e+15  6.50120e+15 -1.40815e+13 -1.40814e+13  1.40815e+13
  300.00  1.89910  6.51902e+15  6.51902e+15  6.51902e+15 -1.39743e+13 -1.39743e+13  1.39743e+13
  300.00  1.91622  6.53665e+15  6.53665e+15  6.53665e+15 -1.38470e+13 -1.38470e+13  1.38470e+13
  300.00  1.93333  6.55409e+15  6.55409e+15  6.55409e+15 -1.37004e+13 -1.37004e+13  1.37004e+13
  300.00  1.95045  6.57134e+15  6.57134e+15  6.57134e+15 -1.35353e+13 -1.35353e+13  1.35353e+13
  300.00  1.96757  6.58841e+15  6.58841e+15  6.58841e+15 -1.33528e+13 -1.33528e+13  1.33528e+13
  300.00  1.98468  6.60529e+15  6.60529e+15  6.60529e+15 -1.31542e+13 -1.31542e+13  1.31542e+13
  300.00  2.00180  6.62198e+15  6.62198e+15  6.62198e+15 -1.29406e+13 -1.29406e+13  1.29406e+13
  300.00  2.01892  6.63849e+15  6.63849e+15  6.63849e+15 -1.27136e+13 -1.27135e+13  1.27136e+13
  300.00  2.03604  6.65482e+15  6.65482e+15  6.65482e+15 -1.24746e+13 -1.24745e+13  1.24746e+13
  300.00  2.05315  6.67096e+15  6.67096e+15  6.67096e+15 -1.22252e+13 -1.22252e+13  1.22252e+13
  300.00  2.07027  6.68691e+15  6.68691e+15  6.68691e+15 -1.19673e+13 -1.19673e+13  1.19673e+13
  300.00  2.08739  6.70267e+15  6.70267e+15  6.70267e+15 -1.17026e+13 -1.17026e+13  1.17026e+13
  300.00  2.10450  6.71823e+15  6.71823e+15  6.71823e+15 -1.14329e+13 -1.14329e+13  1.14329e+13
  300.00  2.12162  6.73359e+15  6.73359e+15  6.73359e+15 -1.11601e+13 -1.11601e+13  1.11601e+13
  300.00  2.13874  6.74876e+15  6.74876e+15  6.74876e+15 -1.08862e+13 -1.08861e+13  1.08862e+13
  300.00  2.15586  6.76371e+15  6.76371e+15  6.76371e+15 -1.06130e+13 -1.06130e+13  1.06130e+13
  300.00  2.17297  6.77846e+15  6.77846e+15  6.77846e+15 -1.03424e+13 -1.03424e+13  1.03424e+13
  300.00  2.19009  6.79301e+15  6.79301e+15  6.79301e+15 -1.00764e+13 -1.00764e+13  1.00764e+13
  300.00  2.20721  6.80735e+15  6.80735e+15  6.80735e+15 -9.81674e+12 -9.81672e+12  9.81673e+12
  300.00  2.22432  6.82148e+15  6.82148e+15  6.82148e+15 -9.56514e+12 -9.56511e+12  9.56513e+12
  300.00  2.24144  6.83542e+15  6.83542e+15  6.83542e+15 -9.32327e+12 -9.32324e+12  9.32326e+12
  300.00  2.25856  6.84916e+15  6.84916e+15  6.84916e+15 -9.09267e+12 -9.09264e+12  9.09266e+12
  300.00  2.27568  6.86271e+15  6.86271e+15  6.86271e+15 -8.87475e+12 -8.87473e+12  8.87474e+12
  300.00  2.29279  6.87609e+15  6.87609e+15  6.87609e+15 -8.67078e+12 -8.67076e+12  8.67077e+12
  300.00  2.30991  6.88929e+15  6.88929e+15  6.88929e+15 -8.48187e+12 -8.48185e+12  8.48185e+12
  300.00  2.32703  6.90233e+15  6.90233e+15  6.90233e+15 -8.30894e+12 -8.30892e+12  8.30893e+12
  300.00  2.34414  6.91522e+15  6.91522e+15  6.91522e+15 -8.15274e+12 -8.15272e+12  8.15273e+12
  300.00  2.36126  6.92796e+15  6.92796e+15  6.92796e+15 -8.01383e+12 -8.01381e+12  8.01382e+12
  300.00  2.37838  6.94057e+15  6.94057e+15  6.94057e+15 -7.89256e+12 -7.89254e+12  7.89254e+12
  300.00  2.39550  6.95304e+15  6.95304e+15  6.95304e+15 -7.78907e+12 -7.78906e+12  7.78905e+12
  300.00  2.41261  6.96540e+15  6.96540e+15  6.96540e+15 -7.70332e+12 -7.70330e+12  7.70330e+12
  300.00  2.42973  6.97763e+15  6.97763e+15  6.97763e+15 -7.63504e+12 -7.63503e+12  7.63502e+12
  300.00  2.44685  6.98974e+15  6.98974e+15  6.98974e+15 -7.58378e+12 -7.58377e+12  7.58376e+12
  300.00  2.46396  7.00174e+15  7.00174e+15  7.00174e+15 -7.54892e+12 -7.54891e+12  7.54890e+12
  300.00  2.48108  7.01361e+15  7.01361e+15  7.01361e+15 -7.52964e+12 -7.52964e+12  7.52963e+12
  300.00  2.49820  7.02536e+15  7.02536e+15  7.02536e+15 -7.52499e+12 -7.52499e+12  7.52497e+12
  300.00  2.51532  7.03697e+15  7.03697e+15  7.03697e+15 -7.53387e+12 -7.53387e+12  7.53385e+12
  300.00  2.53243  7.04844e+15  7.04844e+15  7.04844e+15 -7.55507e+12 -7.55507e+12  7.55505e+12
  300.00  2.54955  7.05976e+15  7.05976e+15  7.05976e+15 -7.58729e+12 -7.58729e+12  7.58727e+12
  300.00  2.56667  7.07092e+15  7.07092e+15  7.07092e+15 -7.62917e+12 -7.62918e+12  7.62915e+12
  300.00  2.58378  7.08190e+15  7.08190e+15  7.08190e+15 -7.67931e+12 -7.67932e+12  7.67930e+12
  300.00  2.60090  7.09270e+15  7.09270e+15  7.09270e+15 -7.73633e+12 -7.73634e+12  7.73631e+12
  300.00  2.61802  7.10331e+15  7.10331e+15  7.10331e+15 -7.79883e+12 -7.79885e+12  7.79882e+12
  300.00  2.63514  7.11372e+15  7.11372e+15  7.11372e+15 -7.86551e+12 -7.86553e+12  7.86550e+12
  300.00  2.65225  7.12392e+15  7.12392e+15  7.12392e+15 -7.93514e+12 -7.93516e+12  7.93512e+12
  300.00  2.66937  7.13390e+15  7.13390e+15  7.13390e+15 -8.00659e+12 -8.00661e+12  8.00657e+12
  300.00  2.68649  7.14367e+15  7.14367e+15  7.14367e+15 -8.07889e+12 -8.07891e+12  8.07887e+12
  300.00  2.70360  7.15322e+15  7.15322e+15  7.15322e+15 -8.15122e+12 -8.15124e+12  8.15121e+12
  300.00  2.72072  7.16255e+15  7.16255e+15  7.16255e+15 -8.22297e+12 -8.22299e+12  8.22295e+12
  300.00  2.73784  7.17166e+15  7.17166e+15  7.17166e+15 -8.29372e+12 -8.29374e+12  8.29370e+12
  300.00  2.75495  7.18057e+15  7.18057e+15  7.18057e+15 -8.36329e+12 -8.36331e+12  8.36328e+12
  300.00  2.77207  7.18927e+15  7.18927e+15  7.18927e+15 -8.43174e+12 -8.43176e+12  8.43173e+12
  300.00  2.78919  7.19779e+15  7.19779e+15  7.19779e+15 -8.49937e+12 -8.49940e+12  8.49937e+12
  300.00  2.80631  7.20613e+15  7.20613e+15  7.20613e+15 -8.56678e+12 -8.56681e+12  8.56677e+12
  300.00  2.82342  7.21430e+15  7.21430e+15  7.21430e+15 -8.63478e+12 -8.63482e+12  8.63478e+12
  300.00  2.84054  7.22231e+15  7.22231e+15  7.22231e+15 -8.70450e+12 -8.70453e+12  8.70450e+12
  300.00  2.85766  7.23018e+15  7.23018e+15  7.23018e+15 -8.77729e+12 -8.77732e+12  8.77729e+12
  300.00  2.87477  7.23792e+15  7.23792e+15  7.23792e+15 -8.85478e+12 -8.85481e+12  8.85478e+12
  300.00  2.89189  7.24553e+15  7.24553e+15  7.24553e+15 -8.93885e+12 -8.93888e+12  8.93885e+12
  300.00  2.90901  7.25303e+15  7.25303e+15  7.25303e+15 -9.03160e+12 -9.03163e+12  9.03160e+12
  300.00  2.92613  7.26041e+15  7.26041e+15  7.26041e+15 -9.13537e+12 -9.13541e+12  9.13538e+12
  300.00  2.94324  7.26768e+15  7.26768e+15  7.26768e+15 -9.25269e+12 -9.25273e+12  9.25270e+12
  300.00  2.96036  7.27485e+15  7.27485e+15  7.27485e+15 -9.38628e+12 -9.38631e+12  9.38629e+12
  300.00  2.97748  7.28190e+15  7.28190e+15  7.28190e+15 -9.53901e+12 -9.53904e+12  9.53902e+12
  300.00  2.99459  7.28883e+15  7.28883e+15  7.28883e+15 -9.71387e+12 -9.71390e+12  9.71388e+12
  300.00  3.01171  7.29564e+15  7.29564e+15  7.29564e+15 -9.91398e+12 -9.91401e+12  9.91399e+12
  300.00  3.02883  7.30231e+15  7.30231e+15  7.30231e+15 -1.01425e+13 -1.01425e+13  1.01425e+13
  300.00  3.04595  7.30882e+15  7.30882e+15  7.30882e+15 -1.04027e+13 -1.04027e+13  1.04027e+13
  300.00  3.06306  7.31517e+15  7.31517e+15  7.31517e+15 -1.06978e+13 -1.06978e+13  1.06978e+13
  300.00  3.08018  7.32132e+15  7.32132e+15  7.32132e+15 -1.10309e+13 -1.10309e+13  1.10309e+13
  300.00  3.09730  7.32728e+15  7.32728e+15  7.32728e+15 -1.14053e+13 -1.14053e+13  1.14053e+13
  300.00  3.11441  7.33301e+15  7.33301e+15  7.33301e+15 -1.18239e+13 -1.18240e+13  1.18240e+13
  300.00  3.13153  7.33850e+15  7.33850e+15  7.33850e+15 -1.22898e+13 -1.22898e+13  1.22898e+13
  300.00  3.14865  7.34373e+15  7.34373e+15  7.34373e+15 -1.28055e+13 -1.28055e+13  1.28055e+13
  300.00  3.16577  7.34867e+15  7.34867e+15  7.34867e+15 -1.33737e+13 -1.33737e+13  1.33737e+13
  300.00  3.18288  7.35332e+15  7.35332e+15  7.35332e+15 -1.39966e+13 -1.39966e+13  1.39967e+13
  300.00  3.20000  7.35766e+15  7.35766e+15  7.35766e+15 -1.46763e+13 -1.46763e+13  1.46764e+13
  300.00  3.21712  7.36166e+15  7.36166e+15  7.36166e+15 -1.54145e+13 -1.54145e+13  1.54145e+13
  300.00  3.23423  7.36533e+15  7.36533e+15  7.36533e+15 -1.62125e+13 -1.62126e+13  1.62126e+13
  300.00  3.25135  7.36865e+15  7.36865e+15  7.36865e+15 -1.70715e+13 -1.70715e+13  1.70715e+13
  300.00  3.26847  7.37160e+15  7.37160e+15  7.37160e+15 -1.79919e+13 -1.79919e+13  1.79919e+13
  300.00  3.28559  7.37418e+15  7.37418e+15  7.37418e+15 -1.89741e+13 -1.89741e+13  1.89741e+13
  300.00  3.30270  7.37639e+15  7.37639e+15  7.37639e+15 -2.00178e+13 -2.00178e+13  2.00179e+13
  300.00  3.31982  7.37822e+15  7.37822e+15  7.37822e+15 -2.11225e+13 -2.11225e+13  2.11225e+13
  300.00  3.33694  7.37966e+15  7.37966e+15  7.37966e+15 -2.22871e+13 -2.22871e+13  2.22871e+13
  300.00  3.35405  7.38071e+15  7.38071e+15  7.38071e+15 -2.35101e+13 -2.35101e+13  2.35101e+13
  300.00  3.37117  7.38137e+15  7.38137e+15  7.38137e+15 -2.47895e+13 -2.47895e+13  2.47895e+13
  300.00  3.38829  7.38163e+15  7.38163e+15  7.38163e+15 -2.61230e+13 -2.61230e+13  2.61230e+13
  300.00  3.40541  7.38148e+15  7.38148e+15  7.38148e+15 -2.75078e+13 -2.75078e+13  2.75079e+13
  300.00  3.42252  7.38094e+15  7.38094e+15  7.38094e+15 -2.89408e+13 -2.89407e+13  2.89408e+13
  300.00  3.43964  7.37997e+15  7.37997e+15  7.37997e+15 -3.04182e+13 -3.04182e+13  3.04183e+13
  300.00  3.45676  7.37859e+15  7.37859e+15  7.37859e+15 -3.19363e+13 -3.19363e+13  3.19364e+13
  300.00  3.47387  7.37679e+15  7.37679e+15  7.37679e+15 -3.34908e+13 -3.34908e+13  3.34909e+13
  300.00  3.49099  7.37454e+15  7.37454e+15  7.37454e+15 -3.50771e+13 -3.50771e+13  3.50772e+13
  300.00  3.50811  7.37186e+15  7.37186e+15  7.37186e+15 -3.66904e+13 -3.66904e+13  3.66905e+13
  300.00  3.52523  7.36872e+15  7.36872e+15  7.36871e+15 -3.83257e+13 -3.83257e+13  3.83258e+13
  300.00  3.54234  7.36511e+15  7.36511e+15  7.36511e+15 -3.99778e+13 -3.99778e+13  3.99779e+13
  300.00  3.55946  7.36102e+15  7.36102e+15  7.36102e+15 -4.16414e+13 -4.16414e+13  4.16415e+13
  300.00  3.57658  7.35644e+15  7.35644e+15  7.35644e+15 -4.33110e+13 -4.33110e+13  4.33111e+13
  300.00  3.59369  7.35136e+15  7.35136e+15  7.35136e+15 -4.49813e+13 -4.49812e+13  4.49813e+13
  300.00  3.61081  7.34577e+15  7.34577e+15  7.34577e+15 -4.66466e+13 -4.66466e+13  4.66467e+13
  300.00  3.62793  7.33965e+15  7.33965e+15  7.33965e+15 -4.83017e+13 -4.83017e+13  4.83017e+13
  300.00  3.64505  7.33298e+15  7.33298e+15  7.33298e+15 -4.99412e+13 -4.99412e+13  4.99413e+13
  300.00  3.66216  7.32577e+15  7.32577e+15  7.32577e+15 -5.15600e+13 -5.15600e+13  5.15601e+13
  300.00  3.67928  7.31801e+15  7.31801e+15  7.31801e+15 -5.31531e+13 -5.31530e+13  5.31531e+13
  300.00  3.69640  7.30967e+15  7.30967e+15  7.30967e+15 -5.47156e+13 -5.47156e+13  5.47156e+13
  300.00  3.71351  7.30076e+15  7.30076e+15  7.30076e+15 -5.62431e+13 -5.62431e+13  5.62431e+13
  300.00  3.73063  7.29126e+15  7.29126e+15  7.29126e+15 -5.77314e+13 -5.77313e+13  5.77314e+13
  300.00  3.74775  7.28118e+15  7.28118e+15  7.28118e+15 -5.91764e+13 -5.91764e+13  5.91765e+13
  300.00  3.76486  7.27051e+15  7.27051e+15  7.27051e+15 -6.05748e+13 -6.05748e+13  6.05749e+13
  300.00  3.78198  7.25925e+15  7.25925e+15  7.25925e+15 -6.19233e+13 -6.19233e+13  6.19233e+13
  300.00  3.79910  7.24738e+15  7.24738e+15  7.24738e+15 -6.32190e+13 -6.32190e+13  6.32190e+13
  300.00  3.81622  7.23492e+15  7.23492e+15  7.23492e+15 -6.44596e+13 -6.44596e+13  6.44596e+13
  300.00  3.83333  7.22186e+15  7.22186e+15  7.22186e+15 -6.56431e+13 -6.56431e+13  6.56431e+13
  300.00  3.85045  7.20820e+15  7.20820e+15  7.20820e+15 -6.67680e+13 -6.67680e+13  6.67680e+13
  300.00  3.86757  7.19394e+15  7.19394e+15  7.19394e+15 -6.78331e+13 -6.78331e+13  6.78332e+13
  300.00  3.88468  7.17907e+15  7.17907e+15  7.17907e+15 -6.88378e+13 -6.88378e+13  6.88379e+13
  300.00  3.90180  7.16361e+15  7.16361e+15  7.16361e+15 -6.97819e+13 -6.97819e+13  6.97820e+13
  300.00  3.91892  7.14754e+15  7.14754e+15  7.14754e+15 -7.06656e+13 -7.06656e+13  7.06656e+13
  300.00  3.93604  7.13086e+15  7.13086e+15  7.13086e+15 -7.14895e+13 -7.14895e+13  7.14896e+13
  300.00  3.95315  7.11358e+15  7.11358e+15  7.11358e+15 -7.22547e+13 -7.22547e+13  7.22548e+13
  300.00  3.97027  7.09568e+15  7.09568e+15  7.09568e+15 -7.29627e+13 -7.29627e+13  7.29627e+13
  300.00  3.98739  7.07718e+15  7.07718e+15  7.07718e+15 -7.36153e+13 -7.36154e+13  7.36154e+13
  300.00  4.00450  7.05805e+15  7.05805e+15  7.05805e+15 -7.42149e+13 -7.42150e+13  7.42150e+13
  300.00  4.02162  7.03830e+15  7.03830e+15  7.03830e+15 -7.47641e+13 -7.47641e+13  7.47642e+13
  300.00  4.03874  7.01792e+15  7.01792e+15  7.01792e+15 -7.52658e+13 -7.52659e+13  7.52659e+13
  300.00  4.05586  6.99691e+15  6.99691e+15  6.99691e+15 -7.57234e+13 -7.57234e+13  7.57235e+13
  300.00  4.07297  6.97525e+15  6.97525e+15  6.97525e+15 -7.61404e+13 -7.61405e+13  7.61405e+13
  300.00  4.09009  6.95295e+15  6.95295e+15  6.95295e+15 -7.65208e+13 -7.65209e+13  7.65209e+13
  300.00  4.10721  6.92999e+15  6.92999e+15  6.92999e+15 -7.68687e+13 -7.68688e+13  7.68688e+13
  300.00  4.12432  6.90637e+15  6.90637e+15  6.90637e+15 -7.71884e+13 -7.71884e+13  7.71884e+13
  300.00  4.14144  6.88207e+15  6.88207e+15  6.88207e+15 -7.74844e+13 -7.74845e+13  7.74845e+13
  300.00  4.15856  6.85711e+15  6.85711e+15  6.85711e+15 -7.77615e+13 -7.77615e+13  7.77615e+13
  300.00  4.17568  6.83146e+15  6.83146e+15  6.83146e+15 -7.80243e+13 -7.80244e+13  7.80244e+13
  300.00  4.19279  6.80512e+15  6.80512e+15  6.80512e+15 -7.82780e+13 -7.82780e+13  7.82780e+13
  300.00  4.20991  6.77808e+15  6.77808e+15  6.77808e+15 -7.85273e+13 -7.85273e+13  7.85273e+13
  300.00  4.22703  6.75035e+15  6.75035e+15  6.75035e+15 -7.87772e+13 -7.87773e+13  7.87773e+13
  300.00  4.24414  6.72191e+15  6.72191e+15  6.72191e+15 -7.90329e+13 -7.90329e+13  7.90329e+13
  300.00  4.26126  6.69276e+15  6.69276e+15  6.69276e+15 -7.92992e+13 -7.92992e+13  7.92992e+13
  300.00  4.27838  6.66289e+15  6.66289e+15  6.66289e+15 -7.95810e+13 -7.95810e+13  7.95810e+13
  300.00  4.29550  6.63231e+15  6.63231e+15  6.63231e+15 -7.98832e+13 -7.98832e+13  7.98832e+13
  300.00  4.31261  6.60100e+15  6.60100e+15  6.60100e+15 -8.02105e+13 -8.02105e+13  8.02105e+13
  300.00  4.32973  6.56897e+15  6.56897e+15  6.56897e+15 -8.05676e+13 -8.05676e+13  8.05676e+13
  300.00  4.34685  6.53621e+15  6.53621e+15  6.53621e+15 -8.09590e+13 -8.09590e+13  8.09590e+13
  300.00  4.36396  6.50272e+15  6.50272e+15  6.50272e+15 -8.13891e+13 -8.13891e+13  8.13891e+13
  300.00  4.38108  6.46850e+15  6.46850e+15  6.46850e+15 -8.18623e+13 -8.18623e+13  8.18623e+13
  300.00  4.39820  6.43353e+15  6.43353e+15  6.43353e+15 -8.23827e+13 -8.23827e+13  8.23827e+13
  300.00  4.41532  6.39782e+15  6.39782e+15  6.39782e+15 -8.29544e+13 -8.29544e+13  8.29544e+13
  300.00  4.43243  6.36136e+15  6.36136e+15  6.36136e+15 -8.35815e+13 -8.35815e+13  8.35815e+13
  300.00  4.44955  6.32414e+15  6.32414e+15  6.32414e+15 -8.42680e+13 -8.42680e+13  8.42680e+13
  300.00  4.46667  6.28616e+15  6.28616e+15  6.28616e+15 -8.50178e+13 -8.50178e+13  8.50178e+13
  300.00  4.48378  6.24741e+15  6.24741e+15  6.24741e+15 -8.58349e+13 -8.58349e+13  8.58349e+13
  300.00  4.50090  6.20788e+15  6.20788e+15  6.20788e+15 -8.67235e+13 -8.67235e+13  8.67235e+13
  300.00  4.51802  6.16755e+15  6.16755e+15  6.16755e+15 -8.76876e+13 -8.76876e+13  8.76876e+13
  300.00  4.53514  6.12642e+15  6.12642e+15  6.12642e+15 -8.87317e+13 -8.87316e+13  8.87316e+13
  300.00  4.55225  6.08447e+15  6.08447e+15  6.08447e+15 -8.98602e+13 -8.98602e+13  8.98602e+13
  300.00  4.56937  6.04169e+15  6.04169e+15  6.04169e+15 -9.10780e+13 -9.10780e+13  9.10780e+13
  300.00  4.58649  5.99805e+15  5.99805e+15  5.99805e+15 -9.23902e+13 -9.23902e+13  9.23902e+13
  300.00  4.60360  5.95355e+15  5.95355e+15  5.95355e+15 -9.38023e+13 -9.38023e+13  9.38023e+13
  300.00  4.62072  5.90815e+15  5.90815e+15  5.90815e+15 -9.53201e+13 -9.53201e+13  9.53201e+13
  300.00  4.63784  5.86184e+15  5.86184e+15  5.86184e+15 -9.69498e+13 -9.69498e+13  9.69498e+13
  300.00  4.65495  5.81460e+15  5.81460e+15  5.81460e+15 -9.86981e+13 -9.86980e+13  9.86981e+13
  300.00  4.67207  5.76639e+15  5.76639e+15  5.76639e+15 -1.00572e+14 -1.00572e+14  1.00572e+14
  300.00  4.68919  5.71720e+15  5.71720e+15  5.71720e+15 -1.02578e+14 -1.02578e+14  1.02578e+14
  300.00  4.70631  5.66699e+15  5.66699e+15  5.66699e+15 -1.04724e+14 -1.04724e+14  1.04724e+14
  300.00  4.72342  5.61574e+15  5.61574e+15  5.61574e+15 -1.07017e+14 -1.07017e+14  1.07017e+14
  300.00  4.74054  5.56342e+15  5.56342e+15  5.56342e+15 -1.09464e+14 -1.09464e+14  1.09464e+14
  300.00  4.75766  5.51000e+15  5.51000e+15  5.51000e+15 -1.12071e+14 -1.12071e+14  1.12071e+14
  300.00  4.77477  5.45543e+15  5.45543e+15  5.45543e+15 -1.14843e+14 -1.14843e+14  1.14843e+14
  300.00  4.79189  5.39969e+15  5.39969e+15  5.39969e+15 -1.17784e+14 -1.17784e+14  1.17784e+14
  300.00  4.80901  5.34275e+15  5.34275e+15  5.34275e+15 -1.20896e+14 -1.20896e+14  1.20896e+14
  300.00  4.82613  5.28455e+15  5.28455e+15  5.28455e+15 -1.24179e+14 -1.24179e+14  1.24179e+14
  300.00  4.84324  5.22506e+15  5.22506e+15  5.22506e+15 -1.27630e+14 -1.27630e+14  1.27630e+14
  300.00  4.86036  5.16422e+15  5.16422e+15  5.16422e+15 -1.31245e+14 -1.31244e+14  1.31244e+14
  300.00  4.87748  5.10197e+15  5.10197e+15  5.10197e+15 -1.35013e+14 -1.35013e+14  1.35013e+14
  300.00  4.89459  5.03826e+15  5.03826e+15  5.03826e+15 -1.38926e+14 -1.38926e+14  1.38926e+14
  300.00  4.91171  4.97300e+15  4.97300e+15  4.97300e+15 -1.42970e+14 -1.42970e+14  1.42970e+14
  300.00  4.92883  4.90610e+15  4.90610e+15  4.90610e+15 -1.47132e+14 -1.47132e+14  1.47132e+14
  300.00  4.94595  4.83747e+15  4.83747e+15  4.83747e+15 -1.51396e+14 -1.51396e+14  1.51396e+14
  300.00  4.96306  4.76698e+15  4.76698e+15  4.76698e+15 -1.55749e+14 -1.55749e+14  1.55749e+14
  300.00  4.98018  4.69451e+15  4.69451e+15  4.69451e+15 -1.60179e+14 -1.60179e+14  1.60179e+14
  300.00  4.99730  4.61993e+15  4.61993e+15  4.61993e+15 -1.64679e+14 -1.64678e+14  1.64678e+14
  300.00  5.01441  4.54310e+15  4.54310e+15  4.54310e+15 -1.69243e+14 -1.69243e+14  1.69243e+14
  300.00  5.03153  4.46389e+15  4.46389e+15  4.46389e+15 -1.73877e+14 -1.73876e+14  1.73876e+14
  300.00  5.04865  4.38217e+15  4.38217e+15  4.38217e+15 -1.78588e+14 -1.78588e+14  1.78588e+14
  300.00  5.06577  4.29785e+15  4.29785e+15  4.29785e+15 -1.83394e+14 -1.83394e+14  1.83394e+14
  300.00  5.08288  4.21084e+15  4.21084e+15  4.21084e+15 -1.88313e+14 -1.88313e+14  1.88313e+14
  300.00  5.10000  4.12108e+15  4.12108e+15  4.12108e+15 -1.93359e+14 -1.93359e+14  1.93359e+14
