0.00001 5.272280270545918e+03
0.01250 1.635491051564979e+02
0.02500 1.197107754570236e+02
0.03750 9.707350451814625e+01
0.05000 8.151113326752386e+01
0.06250 6.985806965856975e+01
0.07500 6.081490833391940e+01
0.08750 5.363554813501933e+01
0.10000 4.782899227900737e+01
0.11250 4.305665682389377e+01
0.12500 3.908405402814909e+01
0.13750 3.575314654580861e+01
0.15000 3.293660435823800e+01
0.16250 3.049565893237673e+01
0.17500 2.834468644607517e+01
0.18750 2.644491247185202e+01
0.20000 2.476310092517448e+01
0.21250 2.326890437907166e+01
0.22500 2.193765819325499e+01
0.23750 2.075067685151206e+01
0.25000 1.969325185681609e+01
0.26250 1.874990128720631e+01
0.27500 1.789987233327865e+01
0.28750 1.712004934920181e+01
0.30000 1.639362380340237e+01
0.31250 1.571303168272348e+01
0.32500 1.507585182123319e+01
0.33750 1.448078091321150e+01
0.35000 1.392623330159094e+01
0.36250 1.341034903137570e+01
0.37500 1.293126756937039e+01
0.38750 1.248710811541116e+01
0.40000 1.207509673798618e+01
0.41250 1.168933782438630e+01
0.42500 1.131684046238453e+01
0.43750 1.093381221338853e+01
0.45000 1.087801690772993e+01
0.46250 1.069057003323054e+01
0.47500 1.032889725194179e+01
0.48750 1.003704180006466e+01
0.50000 9.769506880114761e+00
0.51250 9.519072788286936e+00
0.52500 9.286520347626706e+00
0.53750 9.072330805547550e+00
0.55000 8.872245987849206e+00
0.56250 8.681409648271158e+00
0.57500 8.500699748270284e+00
0.58750 8.329886128808077e+00
0.60000 8.167853943499081e+00
0.61250 8.015292218194844e+00
0.62500 7.873270615945520e+00
0.63750 7.740343105083243e+00
0.65000 7.614162978532646e+00
0.66250 7.493506390719686e+00
0.67500 7.375933671511075e+00
0.68750 7.258381288091645e+00
0.70000 7.140057192962917e+00
0.71250 7.022208150904129e+00
0.72500 6.905466736111819e+00
0.73750 6.790242176343108e+00
0.75000 6.678914702662032e+00
0.76250 6.574322881618935e+00
0.77500 6.477443846856882e+00
0.78750 6.386916358358350e+00
0.80000 6.300567998319184e+00
0.81250 6.217424878381669e+00
0.82500 6.137833690573873e+00
0.83750 6.061911189541243e+00
0.85000 5.988383791942749e+00
0.86250 5.915451355742423e+00
0.87500 5.842688729089400e+00
0.88750 5.771226942143679e+00
0.90000 5.702859007358922e+00
0.91250 5.639592789148340e+00
0.92500 5.582345465736267e+00
0.93750 5.528913776527084e+00
0.95000 5.476069728888925e+00
0.96250 5.423811081199529e+00
0.97500 5.374693005922854e+00
0.98750 5.331357406772291e+00
1.00000 5.295059071221061e+00
1.01250 5.264979700109319e+00
1.02500 5.238712959356259e+00
1.03750 5.213701632285529e+00
1.05000 5.188040648908944e+00
1.06250 5.159962675552744e+00
1.07500 5.127612120844392e+00
1.08750 5.090064701025852e+00
1.10000 5.047951062059436e+00
1.11250 5.003279797071310e+00
1.12500 4.958934997675526e+00
1.13750 4.917783141287686e+00
1.15000 4.881869897121531e+00
1.16250 4.851993324524278e+00
1.17500 4.827496495991316e+00
1.18750 4.806169653448257e+00
1.20000 4.784689995606986e+00
1.21250 4.760208739840108e+00
1.22500 4.731899324329983e+00
1.23750 4.700544466677134e+00
1.25000 4.667076512522019e+00
1.26250 4.631981019669872e+00
1.27500 4.595611193675181e+00
1.28750 4.558545774106468e+00
1.30000 4.521601709767229e+00
1.31250 4.485621088132297e+00
1.32500 4.451196184322321e+00
1.33750 4.418461181365106e+00
1.35000 4.387182306006372e+00
1.36250 4.357171208446053e+00
1.37500 4.328533690741479e+00
1.38750 4.301489413969786e+00
1.40000 4.276196797798144e+00
1.41250 4.252759518782282e+00
1.42500 4.231027250565069e+00
1.43750 4.210231207742011e+00
1.45000 4.189079972201997e+00
1.46250 4.166476230540432e+00
1.47500 4.142173536573553e+00
1.48750 4.116849024044597e+00
1.50000 4.091780233940981e+00
1.51250 4.068463676257462e+00
1.52500 4.048252284230482e+00
1.53750 4.031934497994947e+00
1.55000 4.019308150611546e+00
1.56250 4.009140518859393e+00
1.57500 3.999873039396888e+00
1.58750 3.990523752075878e+00
1.60000 3.980795061046931e+00
1.61250 3.970536335976024e+00
1.62500 3.959425413879652e+00
1.63750 3.947105934592160e+00
1.65000 3.933483078825397e+00
1.66250 3.918808272053393e+00
1.67500 3.903446430930539e+00
1.68750 3.887519731195636e+00
1.70000 3.870660303292707e+00
1.71250 3.852575351572960e+00
1.72500 3.834438941507167e+00
1.73750 3.819079491169458e+00
1.75000 3.809134084127718e+00
1.76250 3.804565700716406e+00
1.77500 3.801321630986750e+00
1.78750 3.793889240345667e+00
1.80000 3.781494839495386e+00
1.81250 3.769084728151801e+00
1.82500 3.758809295398651e+00
1.83750 3.748203356881182e+00
1.85000 3.739288299436135e+00
1.86250 3.734283135153608e+00
1.87500 3.745052376616765e+00
1.88750 3.774503522344224e+00
1.90000 3.758799553077520e+00
1.91250 3.716655244677644e+00
1.92500 3.674842144154601e+00
1.93750 3.637967370459312e+00
1.95000 3.605023462116327e+00
1.96250 3.573316187351577e+00
1.97500 3.542062153821009e+00
1.98750 3.512154961402539e+00
2.00000 3.484313947657617e+00
2.01250 3.458736350587595e+00
2.02500 3.435265274461669e+00
2.03750 3.413456139385509e+00
2.05000 3.392630463071931e+00
2.06250 3.372042024042886e+00
2.07500 3.351132423408682e+00
2.08750 3.329713644674998e+00
2.10000 3.307938767141748e+00
2.11250 3.286123519045391e+00
2.12500 3.264577483002848e+00
2.13750 3.243515793827746e+00
2.15000 3.223040673565611e+00
2.16250 3.203162842222168e+00
2.17500 3.183830951117737e+00
2.18750 3.164958477564807e+00
2.20000 3.146468455447748e+00
2.21250 3.128341877562011e+00
2.22500 3.110606132387224e+00
2.23750 3.093263550089458e+00
2.25000 3.076254599888123e+00
2.26250 3.059523167383580e+00
2.27500 3.043107659818443e+00
2.28750 3.027139918261870e+00
2.30000 3.011773707969407e+00
2.31250 2.997112511820462e+00
2.32500 2.983142160613087e+00
2.33750 2.969691163906073e+00
2.35000 2.956476580458711e+00
2.36250 2.943244748730309e+00
2.37500 2.929872858916298e+00
2.38750 2.916282003806983e+00
2.40000 2.902336400137597e+00
2.41250 2.887859565224386e+00
2.42500 2.872706157099540e+00
2.43750 2.856822063188253e+00
2.45000 2.840264520451258e+00
2.46250 2.823184360189496e+00
2.47500 2.805789587021576e+00
2.48750 2.788308018273570e+00
2.50000 2.770956420769672e+00
2.51250 2.753917715604940e+00
2.52500 2.737328042135923e+00
2.53750 2.721276115623019e+00
2.55000 2.705815353841036e+00
2.56250 2.690985424793980e+00
2.57500 2.676835552788657e+00
2.58750 2.663439465773481e+00
2.60000 2.650894448218061e+00
2.61250 2.639304377103028e+00
2.62500 2.628753504666568e+00
2.63750 2.619278758312080e+00
2.65000 2.610844224295506e+00
2.66250 2.603317931891786e+00
2.67500 2.596452381585074e+00
2.68750 2.589878027609835e+00
2.70000 2.583130822515189e+00
2.71250 2.575734566283863e+00
2.72500 2.567325114346069e+00
2.73750 2.557756424617669e+00
2.75000 2.547127448881671e+00
2.76250 2.535725953069074e+00
2.77500 2.523937537571595e+00
2.78750 2.512169293543947e+00
2.80000 2.500808124776520e+00
2.81250 2.490208780737250e+00
2.82500 2.480691469738567e+00
2.83750 2.472511616346563e+00
2.85000 2.465752550298578e+00
2.86250 2.460148672905489e+00
2.87500 2.455025427165413e+00
2.88750 2.449592024223980e+00
2.90000 2.443384884347911e+00
2.91250 2.436365884351217e+00
2.92500 2.428671925352762e+00
2.93750 2.420378060560813e+00
2.95000 2.411430515705132e+00
2.96250 2.401698408539104e+00
2.97500 2.391068281926720e+00
2.98750 2.379526886185535e+00
3.00000 2.367199768236785e+00
3.01250 2.354340801308535e+00
3.02500 2.341283154971911e+00
3.03750 2.328365092315451e+00
3.05000 2.315855483998746e+00
3.06250 2.303923712336221e+00
3.07500 2.292688702714142e+00
3.08750 2.282311338012439e+00
3.10000 2.273031393463925e+00
3.11250 2.265094571062105e+00
3.12500 2.258610263766442e+00
3.13750 2.253416785789293e+00
3.15000 2.249028843333120e+00
3.16250 2.244727973594892e+00
3.17500 2.239776673460192e+00
3.18750 2.233627528114685e+00
3.20000 2.226006249772235e+00
3.21250 2.216869070819063e+00
3.22500 2.206314094167186e+00
3.23750 2.194522396426237e+00
3.25000 2.181771120068158e+00
3.26250 2.168488436359818e+00
3.27500 2.155254798209314e+00
3.28750 2.142682989574927e+00
3.30000 2.131195468176885e+00
3.31250 2.120875255825674e+00
3.32500 2.111695325055405e+00
3.33750 2.104000465970131e+00
3.35000 2.098590300275980e+00
3.36250 2.096258260477235e+00
3.37500 2.097213690072630e+00
3.38750 2.100727391013473e+00
3.40000 2.105212103527186e+00
3.41250 2.108791287690998e+00
3.42500 2.110087399349695e+00
3.43750 2.108724560149719e+00
3.45000 2.105167090890383e+00
3.46250 2.100107462718430e+00
3.47500 2.093974342421370e+00
3.48750 2.086867969758654e+00
3.50000 2.078845112125174e+00
3.51250 2.070247860164942e+00
3.52500 2.061849743322752e+00
3.53750 2.054673843291298e+00
3.55000 2.049398628755934e+00
3.56250 2.045876125216948e+00
3.57500 2.043524758494578e+00
3.58750 2.041851167886695e+00
3.60000 2.040483629502083e+00
3.61250 2.039511099705018e+00
3.62500 2.039380471554058e+00
3.63750 2.039993926575622e+00
3.65000 2.040200014470307e+00
3.66250 2.038338918934685e+00
3.67500 2.033587460658750e+00
3.68750 2.026373841735195e+00
3.70000 2.017190731392910e+00
3.71250 2.007205616015224e+00
3.72500 2.006549519512932e+00
3.73750 2.017380354811988e+00
3.75000 2.000979919771377e+00
3.76250 1.983661648776185e+00
3.77500 1.972842374678621e+00
3.78750 1.967011728198498e+00
3.80000 1.954326495878003e+00
3.81250 1.937957796837192e+00
3.82500 1.928442107799339e+00
3.83750 1.911109955667976e+00
3.85000 1.891017235267758e+00
3.86250 1.872833819719288e+00
3.87500 1.856311869564718e+00
3.88750 1.840997879730716e+00
3.90000 1.826570575614611e+00
3.91250 1.812753218691859e+00
3.92500 1.799267193117832e+00
3.93750 1.785947826187038e+00
3.95000 1.772808318506435e+00
3.96250 1.759964055179716e+00
3.97500 1.747570286981081e+00
3.98750 1.735763157577326e+00
4.00000 1.724633614447597e+00
4.01250 1.714286439381252e+00
4.02500 1.704818918169971e+00
4.03750 1.696231106874339e+00
4.05000 1.688406901755943e+00
4.06250 1.681181161884875e+00
4.07500 1.674419056367422e+00
4.08750 1.668012047733482e+00
4.10000 1.661814836338443e+00
4.11250 1.655600359778478e+00
4.12500 1.649109678545746e+00
4.13750 1.642164425830131e+00
4.15000 1.634672713038391e+00
4.16250 1.626563218161766e+00
4.17500 1.617778618184360e+00
4.18750 1.608316860231434e+00
4.20000 1.598237591569198e+00
4.21250 1.587611669441095e+00
4.22500 1.576508992473720e+00
4.23750 1.565064618225426e+00
4.25000 1.553468289244081e+00
4.26250 1.541852018208518e+00
4.27500 1.530242988548127e+00
4.28750 1.518648651736773e+00
4.30000 1.507150498511331e+00
4.31250 1.495899866838381e+00
4.32500 1.485066118841767e+00
4.33750 1.474774210182135e+00
4.35000 1.465034590144851e+00
4.36250 1.455750407065828e+00
4.37500 1.446858563106233e+00
4.38750 1.438415874710178e+00
4.40000 1.430521158434879e+00
4.41250 1.423222925091453e+00
4.42500 1.416465217155757e+00
4.43750 1.410050122027254e+00
4.45000 1.403685662790498e+00
4.46250 1.397119240944142e+00
4.47500 1.390202636239503e+00
4.48750 1.382856548307300e+00
4.50000 1.375046750111732e+00
4.51250 1.366803088338696e+00
4.52500 1.358230294696711e+00
4.53750 1.349482798224986e+00
4.55000 1.340725880221964e+00
4.56250 1.332107893116427e+00
4.57500 1.323743998243477e+00
4.58750 1.315707181227033e+00
4.60000 1.308029912744959e+00
4.61250 1.300720983357758e+00
4.62500 1.293803089357911e+00
4.63750 1.287342279677660e+00
4.65000 1.281365067357815e+00
4.66250 1.275662327429234e+00
4.67500 1.269791555461858e+00
4.68750 1.263445937661964e+00
4.70000 1.256684128218231e+00
4.71250 1.249754767274110e+00
4.72500 1.242866448851939e+00
4.73750 1.236101852254019e+00
4.75000 1.229461605597122e+00
4.76250 1.222968294281994e+00
4.77500 1.216735592226948e+00
4.78750 1.210977172170790e+00
4.80000 1.206003310568087e+00
4.81250 1.202218072208371e+00
4.82500 1.199989366794060e+00
4.83750 1.199074322619003e+00
4.85000 1.198069009386235e+00
4.86250 1.195743738212961e+00
4.87500 1.194599753264044e+00
4.88750 1.233393820030267e+00
4.90000 1.215843899469659e+00
4.91250 1.204743581741136e+00
4.92500 1.200416380589044e+00
4.93750 1.194766544184326e+00
4.95000 1.186538812243470e+00
4.96250 1.178375286540578e+00
4.97500 1.170751893076034e+00
4.98750 1.163117073923761e+00
5.00000 1.155022776106806e+00
5.01250 1.146477561977357e+00
5.02500 1.137673390965064e+00
5.03750 1.128733709113078e+00
5.05000 1.119702311282716e+00
5.06250 1.110605991267944e+00
5.07500 1.101490576067990e+00
5.08750 1.092424091854665e+00
5.10000 1.083482862519935e+00
5.11250 1.074733937763068e+00
5.12500 1.066221393042077e+00
5.13750 1.057959091961003e+00
5.15000 1.049930785811641e+00
5.16250 1.042099200360410e+00
5.17500 1.034424054814105e+00
5.18750 1.026881682699871e+00
5.20000 1.019474255489270e+00
5.21250 1.012224402980261e+00
5.22500 1.005163120410704e+00
5.23750 9.983204742854095e-01
5.25000 9.917209027657179e-01
5.26250 9.853788222659084e-01
5.27500 9.792912579814970e-01
5.28750 9.734296053586183e-01
5.30000 9.677364472935358e-01
5.31250 9.621317095735568e-01
5.32500 9.565263766095486e-01
5.33750 9.508370742056236e-01
5.35000 9.449961139227767e-01
5.36250 9.389570327751466e-01
5.37500 9.326984372725692e-01
5.38750 9.262270314809399e-01
5.40000 9.195781734504168e-01
5.41250 9.128122938804083e-01
5.42500 9.060071255204382e-01
5.43750 8.992471204353276e-01
5.45000 8.926126986913268e-01
5.46250 8.861754863304777e-01
5.47500 8.800217106583721e-01
5.48750 8.744258311907248e-01
5.50000 8.710873849404470e-01
5.51250 8.736334185899292e-01
5.52500 8.668506105928027e-01
5.53750 8.598700378076765e-01
5.55000 8.548663884737763e-01
5.56250 8.532818364221796e-01
5.57500 8.470560951846365e-01
5.58750 8.427719861699891e-01
5.60000 8.387697500506590e-01
5.61250 8.366245163962006e-01
5.62500 8.327249120174945e-01
5.63750 8.276774807890334e-01
5.65000 8.239134991820314e-01
5.66250 8.215538145117208e-01
5.67500 8.211675279593614e-01
5.68750 8.219943984405098e-01
5.70000 8.202980598614126e-01
5.71250 8.157701756628708e-01
5.72500 8.101323094996673e-01
5.73750 8.040873866797968e-01
5.75000 7.980466730361736e-01
5.76250 7.922608965896207e-01
5.77500 7.868188064353522e-01
5.78750 7.816902886632054e-01
5.80000 7.767407716014453e-01
5.81250 7.717736892231704e-01
5.82500 7.666565653902512e-01
5.83750 7.614187531351778e-01
5.85000 7.561998614382274e-01
5.86250 7.511357922813066e-01
5.87500 7.463038604890952e-01
5.88750 7.417297366714679e-01
5.90000 7.374101312674716e-01
5.91250 7.333255931107424e-01
5.92500 7.294408624992036e-01
5.93750 7.257023484950859e-01
5.95000 7.220493170696338e-01
5.96250 7.184316438098644e-01
5.97500 7.148093775434208e-01
5.98750 7.111472922116535e-01
6.00000 7.074162633417516e-01
6.01250 7.035988074062879e-01
6.02500 6.996903399828470e-01
6.03750 6.956957686354280e-01
6.05000 6.916447076432287e-01
6.06250 6.878148491943902e-01
6.07500 6.873886396815641e-01
6.08750 7.500513802948070e-01
6.10000 7.610171818668117e-01
6.11250 7.162651175683372e-01
6.12500 7.038188667817927e-01
6.13750 6.985033381927044e-01
6.15000 6.957460516002205e-01
6.16250 6.941554391694748e-01
6.17500 6.930994705093270e-01
6.18750 6.921983650726968e-01
6.20000 6.912081338427349e-01
6.21250 6.900121583162314e-01
6.22500 6.886045172422476e-01
6.23750 6.870454750160377e-01
6.25000 6.855101687133539e-01
6.26250 6.840969211083573e-01
6.27500 6.822226217177592e-01
6.28750 6.805455250225459e-01
6.30000 6.801605769180240e-01
6.31250 6.799522238141694e-01
6.32500 6.788347120647611e-01
6.33750 6.783853561386498e-01
6.35000 6.785697364152551e-01
6.36250 6.791701863985459e-01
6.37500 6.800630115695352e-01
6.38750 6.811041595147515e-01
6.40000 6.821291659321631e-01
6.41250 6.830337231904363e-01
6.42500 6.837650654683477e-01
6.43750 6.842999618165733e-01
6.45000 6.846771010397504e-01
6.46250 6.849946183980904e-01
6.47500 6.853388012684248e-01
6.48750 6.857172496216344e-01
6.50000 6.860672377726009e-01
6.51250 6.863109387530327e-01
6.52500 6.864214294789034e-01
6.53750 6.864879345424462e-01
6.55000 6.867229177683409e-01
6.56250 6.873678890734423e-01
6.57500 6.885774355847405e-01
6.58750 6.903693202258566e-01
6.60000 6.926262272334437e-01
6.61250 6.950866438015805e-01
6.62500 6.973710585672267e-01
6.63750 6.991847018203435e-01
6.65000 7.005236506136314e-01
6.66250 7.015714274519596e-01
6.67500 7.024780126914669e-01
6.68750 7.033030472911932e-01
6.70000 7.040682689013793e-01
6.71250 7.047642613115908e-01
6.72500 7.052545224649674e-01
6.73750 7.051825375242019e-01
6.75000 7.041310387771780e-01
6.76250 7.020466788967009e-01
6.77500 6.994448819060403e-01
6.78750 6.971006283536854e-01
6.80000 6.956107224941823e-01
6.81250 6.952009386183894e-01
6.82500 6.957640166841503e-01
6.83750 6.969789089855428e-01
6.85000 6.982810816431237e-01
6.86250 6.988333739198906e-01
6.87500 6.983330218168526e-01
6.88750 6.977569815664740e-01
6.90000 6.983698601999747e-01
6.91250 7.007252513915231e-01
6.92500 7.047103861994185e-01
6.93750 7.098765172171143e-01
6.95000 7.149662832227099e-01
6.96250 7.180718147273176e-01
6.97500 7.197157571254982e-01
6.98750 7.227667365035819e-01
7.00000 7.295265688030118e-01
7.01250 7.407306910823599e-01
7.02500 7.504431023743183e-01
7.03750 7.601183651495754e-01
7.05000 7.592360236845140e-01
7.06250 7.518748002888324e-01
7.07500 7.484761280608728e-01
7.08750 7.455697193975923e-01
7.10000 7.415877656176419e-01
7.11250 7.382199771698753e-01
7.12500 7.368285038298730e-01
7.13750 7.370744833210425e-01
7.15000 7.380738942940579e-01
7.16250 7.388888017547377e-01
7.17500 7.389714882273980e-01
7.18750 7.384403587026431e-01
7.20000 7.375952461003640e-01
7.21250 7.366623632746647e-01
7.22500 7.358957857843904e-01
7.23750 7.354863081139731e-01
7.25000 7.353709547978939e-01
7.26250 7.352221136441818e-01
7.27500 7.346702078391816e-01
7.28750 7.335695131786624e-01
7.30000 7.320538269541669e-01
7.31250 7.303709757006395e-01
7.32500 7.287070880223736e-01
7.33750 7.271373644449474e-01
7.35000 7.256641962663692e-01
7.36250 7.242587226537548e-01
7.37500 7.228817680820230e-01
7.38750 7.214980210122106e-01
7.40000 7.200882820826203e-01
7.41250 7.186556063211789e-01
7.42500 7.172249682606393e-01
7.43750 7.158357076917126e-01
7.45000 7.145219456366396e-01
7.46250 7.132852608742286e-01
7.47500 7.120843620836629e-01
7.48750 7.108664388484308e-01
7.50000 7.096246090924831e-01
7.51250 7.084304674268738e-01
7.52500 7.074180572617087e-01
7.53750 7.067475491427953e-01
7.55000 7.065775924870117e-01
7.56250 7.070225104616479e-01
7.57500 7.080084751502994e-01
7.58750 7.090477312294472e-01
7.60000 7.094412577327710e-01
7.61250 7.090248308823618e-01
7.62500 7.081624210444071e-01
7.63750 7.071467339076245e-01
7.65000 7.060848640424258e-01
7.66250 7.050528056644770e-01
7.67500 7.041472373857414e-01
7.68750 7.034505566293680e-01
7.70000 7.030047820406324e-01
7.71250 7.028139300511498e-01
7.72500 7.028564915930148e-01
7.73750 7.030955594832532e-01
7.75000 7.034853731981671e-01
7.76250 7.039777139678581e-01
7.77500 7.045304646337884e-01
7.78750 7.051162738133386e-01
7.80000 7.057264550913935e-01
7.81250 7.063681346331018e-01
7.82500 7.070584200442666e-01
7.83750 7.078209065985737e-01
7.85000 7.086855930565590e-01
7.86250 7.096888396719632e-01
7.87500 7.108702105769082e-01
7.88750 7.122665065806232e-01
7.90000 7.139051746252708e-01
7.91250 7.157976466624101e-01
7.92500 7.179310220448435e-01
7.93750 7.202575631571976e-01
7.95000 7.226856185569517e-01
7.96250 7.250795692370194e-01
7.97500 7.272768144715797e-01
7.98750 7.291241338887817e-01
8.00000 7.305234782674883e-01
8.01250 7.314646431910644e-01
8.02500 7.320236522710448e-01
8.03750 7.323268800244958e-01
8.05000 7.325034702590388e-01
8.06250 7.326510980474975e-01
8.07500 7.328262008713391e-01
8.08750 7.330554996176906e-01
8.10000 7.333578643106541e-01
8.11250 7.337637705578438e-01
8.12500 7.343232070048106e-01
8.13750 7.351002905832762e-01
8.15000 7.361593232392372e-01
8.16250 7.375491572022720e-01
8.17500 7.392916982917032e-01
8.18750 7.413778083401932e-01
8.20000 7.437691832446355e-01
8.21250 7.464006130701201e-01
8.22500 7.491780656139296e-01
8.23750 7.519829045406516e-01
8.25000 7.546945156034607e-01
8.26250 7.572218603095842e-01
8.27500 7.595244211560116e-01
8.28750 7.615989252864414e-01
8.30000 7.634524508031594e-01
8.31250 7.650925861343262e-01
8.32500 7.665412511583219e-01
8.33750 7.678554147011060e-01
8.35000 7.691419779442364e-01
8.36250 7.706020039451299e-01
8.37500 7.728436264098901e-01
8.38750 7.791213461177321e-01
8.40000 7.869872193783446e-01
8.41250 7.863829501481080e-01
8.42500 7.859738320785435e-01
8.43750 7.869726948220562e-01
8.45000 7.893364340091927e-01
8.46250 7.929523895866849e-01
8.47500 7.979481077886850e-01
8.48750 8.053391889720334e-01
8.50000 8.168342082487893e-01
8.51250 8.282467950448736e-01
8.52500 8.299019470772234e-01
8.53750 8.257295332699525e-01
8.55000 8.216625260907210e-01
8.56250 8.187246655618202e-01
8.57500 8.167317671386427e-01
8.58750 8.154596631327486e-01
8.60000 8.147215909851564e-01
8.61250 8.147653529938105e-01
8.62500 8.159755906595356e-01
8.63750 8.185152498006991e-01
8.65000 8.223533731734023e-01
8.66250 8.284852093278434e-01
8.67500 8.383206229443381e-01
8.68750 8.402093732282421e-01
8.70000 8.456195263587258e-01
8.71250 8.524641000179486e-01
8.72500 8.601662140714180e-01
8.73750 8.675417657361111e-01
8.75000 8.729483574357615e-01
8.76250 8.754805150666397e-01
8.77500 8.755825370529465e-01
8.78750 8.743901023349905e-01
8.80000 8.730100237725459e-01
8.81250 8.725062698725609e-01
8.82500 8.750189418735456e-01
8.83750 8.885759991696061e-01
8.85000 9.117427012975065e-01
8.86250 9.050256574498478e-01
8.87500 8.943810882087699e-01
8.88750 8.900038952204086e-01
8.90000 8.887715741551028e-01
8.91250 8.888772932216238e-01
8.92500 8.892299909852620e-01
8.93750 8.891393636960504e-01
8.95000 8.883892331325846e-01
8.96250 8.871710394337016e-01
8.97500 8.858359168185371e-01
8.98750 8.846836141138826e-01
9.00000 8.838838393868356e-01
9.01250 8.834840476575491e-01
9.02500 8.834441902658957e-01
9.03750 8.836709471201045e-01
9.05000 8.840452769447465e-01
9.06250 8.844437997020518e-01
9.07500 8.847550675315324e-01
9.08750 8.848909078753237e-01
9.10000 8.847916116565858e-01
9.11250 8.844232627509623e-01
9.12500 8.837690263245240e-01
9.13750 8.828231315852969e-01
9.15000 8.815963922979196e-01
9.16250 8.801290507367812e-01
9.17500 8.784949885463886e-01
9.18750 8.767869466731111e-01
9.20000 8.750881074186685e-01
9.21250 8.734438280266413e-01
9.22500 8.718455574622310e-01
9.23750 8.702345112989993e-01
9.25000 8.685266144679408e-01
9.26250 8.666499948486710e-01
9.27500 8.645769975399009e-01
9.28750 8.623334783197836e-01
9.30000 8.599826795837721e-01
9.31250 8.576068186853383e-01
9.32500 8.553059228102763e-01
9.33750 8.531851329624265e-01
9.35000 8.513306332698296e-01
9.36250 8.498006574300897e-01
9.37500 8.486254667665928e-01
9.38750 8.478069787198069e-01
9.40000 8.473182469983332e-01
9.41250 8.471067458261315e-01
9.42500 8.471049739174047e-01
9.43750 8.472560629484720e-01
9.45000 8.475051240727304e-01
9.46250 8.475071734624208e-01
9.47500 8.471995926638511e-01
9.48750 8.466839034373737e-01
9.50000 8.459361139047465e-01
9.51250 8.449751953840939e-01
9.52500 8.438364524245218e-01
9.53750 8.423620579514074e-01
9.55000 8.404201667139952e-01
9.56250 8.382532901543834e-01
9.57500 8.359720690416725e-01
9.58750 8.334776000529792e-01
9.60000 8.307804583486769e-01
9.61250 8.279919862556705e-01
9.62500 8.251585516090905e-01
9.63750 8.222920386887841e-01
9.65000 8.194253940042283e-01
9.66250 8.166134188979923e-01
9.67500 8.138530631552522e-01
9.68750 8.110084467037338e-01
9.70000 8.079736922738150e-01
9.71250 8.048791212194275e-01
9.72500 8.019593625894192e-01
9.73750 7.993834468031575e-01
9.75000 7.972365712284958e-01
9.76250 7.955259465145765e-01
9.77500 7.941666724218930e-01
9.78750 7.930188967415690e-01
9.80000 7.919619667666785e-01
9.81250 7.909037045426677e-01
9.82500 7.897889854873964e-01
9.83750 7.886211738970240e-01
9.85000 7.874355154330968e-01
9.86250 7.862598372118330e-01
9.87500 7.851040373763355e-01
9.88750 7.839698211540919e-01
9.90000 7.828644486736664e-01
9.91250 7.818150311626340e-01
9.92500 7.808777880291249e-01
9.93750 7.801144821888223e-01
9.95000 7.795002228231870e-01
9.96250 7.788293431473465e-01
9.97500 7.778651095901034e-01
9.98750 7.766594416803750e-01
10.00000 7.754817053584206e-01
