0.00001 5.266898380432420e+03
0.01250 1.279157435169455e+02
0.02500 7.433378214778629e+01
0.03750 4.895544785582052e+01
0.05000 3.423443325517641e+01
0.06250 2.502354661273573e+01
0.07500 1.897865400898400e+01
0.08750 1.485809333724967e+01
0.10000 1.195933898846502e+01
0.11250 9.868379308530477e+00
0.12500 8.332328411669792e+00
0.13750 7.181965147547167e+00
0.15000 6.279542477706713e+00
0.16250 5.544003781885069e+00
0.17500 4.957774090606430e+00
0.18750 4.499267543306339e+00
0.20000 4.141254293746269e+00
0.21250 3.861999079529385e+00
0.22500 3.645402265701882e+00
0.23750 3.478126648575405e+00
0.25000 3.346330651041924e+00
0.26250 3.234200643346059e+00
0.27500 3.127929758182768e+00
0.28750 3.022957883798073e+00
0.30000 2.924196179937130e+00
0.31250 2.838429023041136e+00
0.32500 2.769094552254189e+00
0.33750 2.716376621954116e+00
0.35000 2.678910970150316e+00
0.36250 2.654890187764348e+00
0.37500 2.642382090070849e+00
0.38750 2.639122002051848e+00
0.40000 2.642190123992171e+00
0.41250 2.648807919771090e+00
0.42500 2.660768156926930e+00
0.43750 2.705796883150034e+00
0.45000 2.992358549702129e+00
0.46250 2.686479972486624e+00
0.47500 2.602209183844608e+00
0.48750 2.586805594766641e+00
0.50000 2.577087775174577e+00
0.51250 2.575025778857608e+00
0.52500 2.579257141513026e+00
0.53750 2.585841510642455e+00
0.55000 2.589905758733449e+00
0.56250 2.593104690652091e+00
0.57500 2.597655736643810e+00
0.58750 2.602430413773646e+00
0.60000 2.607491634727296e+00
0.61250 2.613467329125402e+00
0.62500 2.618875949537028e+00
0.63750 2.621011855715720e+00
0.65000 2.619182469638450e+00
0.66250 2.613242407254490e+00
0.67500 2.602531077646977e+00
0.68750 2.588488967316992e+00
0.70000 2.574393644761076e+00
0.71250 2.562403671375657e+00
0.72500 2.553055530680993e+00
0.73750 2.547715992920590e+00
0.75000 2.547819413499059e+00
0.76250 2.552402276445208e+00
0.77500 2.558614301859030e+00
0.78750 2.563836436855048e+00
0.80000 2.567406026790731e+00
0.81250 2.570221498893035e+00
0.82500 2.572847286017286e+00
0.83750 2.574614757166493e+00
0.85000 2.574655518237766e+00
0.86250 2.573596142727979e+00
0.87500 2.573422105628594e+00
0.88750 2.575781919408506e+00
0.90000 2.581268194292000e+00
0.91250 2.589222502043697e+00
0.92500 2.597188067914912e+00
0.93750 2.602415259871106e+00
0.95000 2.605584637231065e+00
0.96250 2.609859601567549e+00
0.97500 2.616906769273808e+00
0.98750 2.625883490086452e+00
1.00000 2.634168694259955e+00
1.01250 2.638665798196733e+00
1.02500 2.637351732178182e+00
1.03750 2.629885164033793e+00
1.05000 2.616800053207265e+00
1.06250 2.598792824047781e+00
1.07500 2.577314663076052e+00
1.08750 2.554989866601995e+00
1.10000 2.534757432146928e+00
1.11250 2.518957813921796e+00
1.12500 2.508643692588393e+00
1.13750 2.503242762428951e+00
1.15000 2.500838747778631e+00
1.16250 2.498736465739868e+00
1.17500 2.494042453839683e+00
1.18750 2.484366744379468e+00
1.20000 2.468871106344634e+00
1.21250 2.448986366050579e+00
1.22500 2.427390285757667e+00
1.23750 2.406089195121019e+00
1.25000 2.385875577708153e+00
1.26250 2.367064871945411e+00
1.27500 2.350071414479276e+00
1.28750 2.335361118889920e+00
1.30000 2.323168399967959e+00
1.31250 2.313324258951798e+00
1.32500 2.305274246186534e+00
1.33750 2.298316356060956e+00
1.35000 2.291989638755134e+00
1.36250 2.286232758504364e+00
1.37500 2.281086301027251e+00
1.38750 2.276392595947973e+00
1.40000 2.271836449926096e+00
1.41250 2.266972430399985e+00
1.42500 2.261107995760741e+00
1.43750 2.253513214293771e+00
1.45000 2.244053180873387e+00
1.46250 2.233561487437515e+00
1.47500 2.223483970181247e+00
1.48750 2.215199221418735e+00
1.50000 2.209558991386791e+00
1.51250 2.206715421461403e+00
1.52500 2.206074211032221e+00
1.53750 2.206329965788269e+00
1.55000 2.205755522715002e+00
1.56250 2.202897487840601e+00
1.57500 2.197269081560760e+00
1.58750 2.189243369324008e+00
1.60000 2.179301066472889e+00
1.61250 2.167655792092423e+00
1.62500 2.154485258652899e+00
1.63750 2.140219214988368e+00
1.65000 2.125514711889925e+00
1.66250 2.110947693683829e+00
1.67500 2.096757552706590e+00
1.68750 2.082879548392966e+00
1.70000 2.069386577235019e+00
1.71250 2.057260978254770e+00
1.72500 2.048163487002815e+00
1.73750 2.042583234074747e+00
1.75000 2.038368501850626e+00
1.76250 2.031236561211720e+00
1.77500 2.017612669880140e+00
1.78750 1.998707526752515e+00
1.80000 1.980354146425083e+00
1.81250 1.965707373136128e+00
1.82500 1.951520707648386e+00
1.83750 1.937070678051995e+00
1.85000 1.924867299595506e+00
1.86250 1.914749839878908e+00
1.87500 1.908016922482885e+00
1.88750 1.870220171293567e+00
1.90000 1.797712336947830e+00
1.91250 1.748327423748198e+00
1.92500 1.718742540948589e+00
1.93750 1.698498439965798e+00
1.95000 1.681630590702764e+00
1.96250 1.666142123913784e+00
1.97500 1.652922641824690e+00
1.98750 1.642396453785414e+00
2.00000 1.633936818362825e+00
2.01250 1.626654960232668e+00
2.02500 1.619718839635569e+00
2.03750 1.612434452460324e+00
2.05000 1.604365283394330e+00
2.06250 1.595462772519306e+00
2.07500 1.586071481842217e+00
2.08750 1.576738419164598e+00
2.10000 1.567942468165243e+00
2.11250 1.559936578335428e+00
2.12500 1.552748668205253e+00
2.13750 1.546261279822984e+00
2.15000 1.540298671338140e+00
2.16250 1.534688921311447e+00
2.17500 1.529295540227220e+00
2.18750 1.524038003830087e+00
2.20000 1.518906019516479e+00
2.21250 1.513930713416091e+00
2.22500 1.509116281372674e+00
2.23750 1.504414072674237e+00
2.25000 1.499783888351156e+00
2.26250 1.495265918851331e+00
2.27500 1.490951513887226e+00
2.28750 1.486882391975493e+00
2.30000 1.482991516888884e+00
2.31250 1.479101776656824e+00
2.32500 1.474958438958428e+00
2.33750 1.470313164262791e+00
2.35000 1.465038073536110e+00
2.36250 1.459181444451413e+00
2.37500 1.452863195398945e+00
2.38750 1.446142370632598e+00
2.40000 1.439049681028722e+00
2.41250 1.431678577959837e+00
2.42500 1.424219074442423e+00
2.43750 1.416929391248076e+00
2.45000 1.410077996767447e+00
2.46250 1.403890167530326e+00
2.47500 1.398517554999445e+00
2.48750 1.394030467534337e+00
2.50000 1.390425010431491e+00
2.51250 1.387639574906031e+00
2.52500 1.385577813687153e+00
2.53750 1.384134264628712e+00
2.55000 1.383216669196885e+00
2.56250 1.382758334382323e+00
2.57500 1.382715767656405e+00
2.58750 1.383052011665900e+00
2.60000 1.383712765913286e+00
2.61250 1.384605484363208e+00
2.62500 1.385588064386857e+00
2.63750 1.386466965046004e+00
2.65000 1.387001835149458e+00
2.66250 1.386918070700030e+00
2.67500 1.385935888389905e+00
2.68750 1.383826585098252e+00
2.70000 1.380494561860019e+00
2.71250 1.376054093971753e+00
2.72500 1.370845798045360e+00
2.73750 1.365360931320923e+00
2.75000 1.360107470383081e+00
2.76250 1.355491586987585e+00
2.77500 1.351761512673761e+00
2.78750 1.349008711608342e+00
2.80000 1.347194765448734e+00
2.81250 1.346173993981375e+00
2.82500 1.345691075336369e+00
2.83750 1.345347070263067e+00
2.85000 1.344568993682449e+00
2.86250 1.342693710258003e+00
2.87500 1.339262652657848e+00
2.88750 1.334330521579340e+00
2.90000 1.328380400537760e+00
2.91250 1.321911281364477e+00
2.92500 1.315180731280160e+00
2.93750 1.308247004559768e+00
2.95000 1.301122664332448e+00
2.96250 1.293893565018636e+00
2.97500 1.286762600117941e+00
2.98750 1.280022506605024e+00
3.00000 1.273985781179956e+00
3.01250 1.268907285919221e+00
3.02500 1.264924506049965e+00
3.03750 1.262033175227210e+00
3.05000 1.260114628139569e+00
3.06250 1.259012099601739e+00
3.07500 1.258605794783724e+00
3.08750 1.258810215198496e+00
3.10000 1.259480436429255e+00
3.11250 1.260309599058796e+00
3.12500 1.260805971453864e+00
3.13750 1.260379071456070e+00
3.15000 1.258518288355216e+00
3.16250 1.254993876956366e+00
3.17500 1.249957118484510e+00
3.18750 1.243866282984520e+00
3.20000 1.237305912574403e+00
3.21250 1.230830167600089e+00
3.22500 1.224899500009348e+00
3.23750 1.219902738632162e+00
3.25000 1.216202489187199e+00
3.26250 1.214116568044749e+00
3.27500 1.213811797375238e+00
3.28750 1.215187449667382e+00
3.30000 1.217878207253635e+00
3.31250 1.221499155787805e+00
3.32500 1.225987843135116e+00
3.33750 1.231530572994949e+00
3.35000 1.238015096844766e+00
3.36250 1.244631644574184e+00
3.37500 1.249959528864230e+00
3.38750 1.252451663642421e+00
3.40000 1.251107467161950e+00
3.41250 1.245981090673475e+00
3.42500 1.238166104189447e+00
3.43750 1.229193045094512e+00
3.45000 1.220254230528488e+00
3.46250 1.211861804708299e+00
3.47500 1.204069640185657e+00
3.48750 1.196918179750756e+00
3.50000 1.190705573021431e+00
3.51250 1.185916462747785e+00
3.52500 1.182906838710956e+00
3.53750 1.181490820895382e+00
3.55000 1.180772901005299e+00
3.56250 1.179679450888354e+00
3.57500 1.177659612419539e+00
3.58750 1.174583282413676e+00
3.60000 1.170579855047722e+00
3.61250 1.165942351729439e+00
3.62500 1.160441293535508e+00
3.63750 1.153145613124291e+00
3.65000 1.143239338114869e+00
3.66250 1.131041826353056e+00
3.67500 1.118119135804507e+00
3.68750 1.105988136380340e+00
3.70000 1.095675541287791e+00
3.71250 1.089658016023659e+00
3.72500 1.090797039056040e+00
3.73750 1.071619676664927e+00
3.75000 1.046137697501093e+00
3.76250 1.035870996707834e+00
3.77500 1.030132517821016e+00
3.78750 1.019870118818977e+00
3.80000 1.003944776241330e+00
3.81250 9.947937215050865e-01
3.82500 9.857068468105062e-01
3.83750 9.712701826170530e-01
3.85000 9.636694620789209e-01
3.86250 9.596023513046035e-01
3.87500 9.569339355117269e-01
3.88750 9.549357283782383e-01
3.90000 9.532825281016325e-01
3.91250 9.517927949159228e-01
3.92500 9.504330838304360e-01
3.93750 9.493414011265828e-01
3.95000 9.486868715527758e-01
3.96250 9.485694570586157e-01
3.97500 9.490024095939843e-01
3.98750 9.499148497973345e-01
4.00000 9.512098886715566e-01
4.01250 9.527833269733091e-01
4.02500 9.544526753381805e-01
4.03750 9.559700576496282e-01
4.05000 9.571124813244783e-01
4.06250 9.577498788118375e-01
4.07500 9.578216420200305e-01
4.08750 9.572638979346664e-01
4.10000 9.559880345092369e-01
4.11250 9.539349637040168e-01
4.12500 9.511632087349779e-01
4.13750 9.478380420261131e-01
4.15000 9.441298843817136e-01
4.16250 9.401869560390416e-01
4.17500 9.361710455564419e-01
4.18750 9.322592456790135e-01
4.20000 9.285999630872481e-01
4.21250 9.252964584989908e-01
4.22500 9.224580515506875e-01
4.23750 9.202056694683887e-01
4.25000 9.185792732458423e-01
4.26250 9.175138199203189e-01
4.27500 9.169409409207320e-01
4.28750 9.168775053549700e-01
4.30000 9.173878762155634e-01
4.31250 9.184970417574831e-01
4.32500 9.201477350459075e-01
4.33750 9.221923191739759e-01
4.35000 9.244349959990582e-01
4.36250 9.267482761962151e-01
4.37500 9.291354589474760e-01
4.38750 9.316184667742337e-01
4.40000 9.341233746083062e-01
4.41250 9.364821437387515e-01
4.42500 9.384741432007564e-01
4.43750 9.399000508645589e-01
4.45000 9.406938531505136e-01
4.46250 9.409546115122576e-01
4.47500 9.408564493474321e-01
4.48750 9.405769344784189e-01
4.50000 9.402987093262076e-01
4.51250 9.402124950765934e-01
4.52500 9.404845769220027e-01
4.53750 9.412196576923169e-01
4.55000 9.424508380660763e-01
4.56250 9.441510343489703e-01
4.57500 9.462498734367704e-01
4.58750 9.486533261641181e-01
4.60000 9.512662504027426e-01
4.61250 9.540126666468786e-01
4.62500 9.568397843212516e-01
4.63750 9.596666823562848e-01
4.65000 9.622884886125739e-01
4.66250 9.644165833939397e-01
4.67500 9.659734524390472e-01
4.68750 9.672677677455852e-01
4.70000 9.687155299841187e-01
4.71250 9.705346179746043e-01
4.72500 9.727317095958459e-01
4.73750 9.752359796664132e-01
4.75000 9.780280832667040e-01
4.76250 9.811829181526758e-01
4.77500 9.848202509546440e-01
4.78750 9.890351645754821e-01
4.80000 9.938444581065764e-01
4.81250 9.991012913197849e-01
4.82500 1.004309812912702e+00
4.83750 1.008543569792138e+00
4.85000 1.011410695265162e+00
4.86250 1.014790148193964e+00
4.87500 1.025105633174627e+00
4.88750 1.029949234973497e+00
4.90000 9.949873917078734e-01
4.91250 9.928339127208218e-01
4.92500 9.905169720056780e-01
4.93750 9.846673512912676e-01
4.95000 9.798402866748127e-01
4.96250 9.768911020715532e-01
4.97500 9.745088278238668e-01
4.98750 9.720391813085432e-01
5.00000 9.696070261539135e-01
5.01250 9.675490066228505e-01
5.02500 9.659958741537806e-01
5.03750 9.649176201166572e-01
5.05000 9.642715692817813e-01
5.06250 9.640510757811998e-01
5.07500 9.642692848912852e-01
5.08750 9.649317083757861e-01
5.10000 9.660192034970134e-01
5.11250 9.674848657575920e-01
5.12500 9.692612732113683e-01
5.13750 9.712733638836416e-01
5.15000 9.734537947409699e-01
5.16250 9.757577893902588e-01
5.17500 9.781714263767232e-01
5.18750 9.807064416396463e-01
5.20000 9.833828858882233e-01
5.21250 9.862113722286251e-01
5.22500 9.891850296225961e-01
5.23750 9.922803346199141e-01
5.25000 9.954598659473026e-01
5.26250 9.986732034050395e-01
5.27500 1.001858391609742e+00
5.28750 1.004948636169723e+00
5.30000 1.007885379689889e+00
5.31250 1.010633105518885e+00
5.32500 1.013188658713749e+00
5.33750 1.015581486375998e+00
5.35000 1.017867558812967e+00
5.36250 1.020121993275219e+00
5.37500 1.022432237032431e+00
5.38750 1.024890510360304e+00
5.40000 1.027584711774651e+00
5.41250 1.030589272758453e+00
5.42500 1.033958750595190e+00
5.43750 1.037727231933948e+00
5.45000 1.041917646326677e+00
5.46250 1.046569427468867e+00
5.47500 1.051807512569635e+00
5.48750 1.058016852290400e+00
5.50000 1.065818536196760e+00
5.51250 1.067684256091610e+00
5.52500 1.066609606713536e+00
5.53750 1.070953383841730e+00
5.55000 1.076399584791055e+00
5.56250 1.080063142086718e+00
5.57500 1.082575054145271e+00
5.58750 1.088141811464879e+00
5.60000 1.091831376384864e+00
5.61250 1.096005166803463e+00
5.62500 1.098244107275007e+00
5.63750 1.102343459702938e+00
5.65000 1.107539585610480e+00
5.66250 1.112854737427680e+00
5.67500 1.117239530681063e+00
5.68750 1.118297863998414e+00
5.70000 1.116788359588518e+00
5.71250 1.116037889820614e+00
5.72500 1.116546996112222e+00
5.73750 1.118114630462720e+00
5.75000 1.120535635430058e+00
5.76250 1.123539223432678e+00
5.77500 1.126862773832142e+00
5.78750 1.130287939156426e+00
5.80000 1.133677340021713e+00
5.81250 1.137042507951139e+00
5.82500 1.140542479457415e+00
5.83750 1.144352383827093e+00
5.85000 1.148541796335061e+00
5.86250 1.153074039951786e+00
5.87500 1.157868041316102e+00
5.88750 1.162844812792103e+00
5.90000 1.167941082787204e+00
5.91250 1.173105834195179e+00
5.92500 1.178296778975206e+00
5.93750 1.183487459796027e+00
5.95000 1.188681920490093e+00
5.96250 1.193914777990675e+00
5.97500 1.199239310424969e+00
5.98750 1.204729958043600e+00
6.00000 1.210492816800918e+00
6.01250 1.216680034003174e+00
6.02500 1.223514600678581e+00
6.03750 1.231358798626961e+00
6.05000 1.240920282647611e+00
6.06250 1.253951449715884e+00
6.07500 1.276269672113609e+00
6.08750 1.329598870902230e+00
6.10000 1.223430181373565e+00
6.11250 1.223337333563471e+00
6.12500 1.237513427086173e+00
6.13750 1.247847794193681e+00
6.15000 1.255893078866207e+00
6.16250 1.262477904120201e+00
6.17500 1.268017159868538e+00
6.18750 1.272787767749955e+00
6.20000 1.277043922876963e+00
6.21250 1.281036826164015e+00
6.22500 1.284975089149279e+00
6.23750 1.289013738266384e+00
6.25000 1.293252632446683e+00
6.26250 1.297467038526400e+00
6.27500 1.301686407589881e+00
6.28750 1.306826208484105e+00
6.30000 1.312332989632408e+00
6.31250 1.316463876198260e+00
6.32500 1.320916916709955e+00
6.33750 1.326035062850423e+00
6.35000 1.331048645162030e+00
6.36250 1.335763615267892e+00
6.37500 1.340112570699740e+00
6.38750 1.344036324004816e+00
6.40000 1.347551737038214e+00
6.41250 1.350750279798687e+00
6.42500 1.353727607191069e+00
6.43750 1.356588645700165e+00
6.45000 1.359448403562432e+00
6.46250 1.362374306346233e+00
6.47500 1.365344594727122e+00
6.48750 1.368288381448809e+00
6.50000 1.371164238748977e+00
6.51250 1.374005678148697e+00
6.52500 1.376927096548237e+00
6.53750 1.380082190833122e+00
6.55000 1.383561397755429e+00
6.56250 1.387300000563539e+00
6.57500 1.391087681950988e+00
6.58750 1.394649214840594e+00
6.60000 1.397713570374661e+00
6.61250 1.400064727118832e+00
6.62500 1.401653969196876e+00
6.63750 1.402709103386564e+00
6.65000 1.403586805236328e+00
6.66250 1.404495045951665e+00
6.67500 1.405449557453706e+00
6.68750 1.406397578405600e+00
6.70000 1.407279267018119e+00
6.71250 1.407994340140058e+00
6.72500 1.408384610861035e+00
6.73750 1.408371596855365e+00
6.75000 1.408224933849911e+00
6.76250 1.408606575616413e+00
6.77500 1.410156992132133e+00
6.78750 1.413041074693881e+00
6.80000 1.416918806157627e+00
6.81250 1.421210708598924e+00
6.82500 1.425357753740095e+00
6.83750 1.428936731899746e+00
6.85000 1.431666515225881e+00
6.86250 1.433710173798946e+00
6.87500 1.436117901388391e+00
6.88750 1.439956348131716e+00
6.90000 1.445116983199175e+00
6.91250 1.450669109802239e+00
6.92500 1.455660598911015e+00
6.93750 1.459289134076139e+00
6.95000 1.460805383442053e+00
6.96250 1.460942473737326e+00
6.97500 1.462439863889335e+00
6.98750 1.466384913684073e+00
7.00000 1.471209753511261e+00
7.01250 1.473325573297571e+00
7.02500 1.468307679641722e+00
7.03750 1.463017141942205e+00
7.05000 1.443606478128502e+00
7.06250 1.438659235800565e+00
7.07500 1.436988969110690e+00
7.08750 1.435203335456246e+00
7.10000 1.434096824983323e+00
7.11250 1.435288541194383e+00
7.12500 1.437604209961412e+00
7.13750 1.439528234355486e+00
7.15000 1.440320883358277e+00
7.16250 1.439911141613861e+00
7.17500 1.438870321524227e+00
7.18750 1.437884418706003e+00
7.20000 1.437261698983383e+00
7.21250 1.437085236750270e+00
7.22500 1.437283798056890e+00
7.23750 1.437575609384798e+00
7.25000 1.437592783499988e+00
7.26250 1.437134853226068e+00
7.27500 1.436325404075978e+00
7.28750 1.435508245764238e+00
7.30000 1.434985787889471e+00
7.31250 1.434859350107851e+00
7.32500 1.435064707116840e+00
7.33750 1.435487896559249e+00
7.35000 1.436037616226109e+00
7.36250 1.436658519194904e+00
7.37500 1.437326496075347e+00
7.38750 1.438044949059812e+00
7.40000 1.438837301433377e+00
7.41250 1.439734622965507e+00
7.42500 1.440762152101671e+00
7.43750 1.441925800170325e+00
7.45000 1.443203537671329e+00
7.46250 1.444555994228709e+00
7.47500 1.445962802866810e+00
7.48750 1.447459195143511e+00
7.50000 1.449130857182480e+00
7.51250 1.451063122079745e+00
7.52500 1.453288131406590e+00
7.53750 1.455760291341203e+00
7.55000 1.458341517848370e+00
7.56250 1.460763221048745e+00
7.57500 1.462607516717797e+00
7.58750 1.463541804646373e+00
7.60000 1.463824141946215e+00
7.61250 1.464144802329126e+00
7.62500 1.464859843020409e+00
7.63750 1.465947162565377e+00
7.65000 1.467349933461476e+00
7.66250 1.469062126168220e+00
7.67500 1.471062836391847e+00
7.68750 1.473287846618511e+00
7.70000 1.475650933914064e+00
7.71250 1.478069453891949e+00
7.72500 1.480476421253816e+00
7.73750 1.482823572497015e+00
7.75000 1.485082436639656e+00
7.76250 1.487245721034882e+00
7.77500 1.489326663236095e+00
7.78750 1.491353189345213e+00
7.80000 1.493357840948429e+00
7.81250 1.495368942551667e+00
7.82500 1.497407302282447e+00
7.83750 1.499486942472497e+00
7.85000 1.501614994361708e+00
7.86250 1.503788327445783e+00
7.87500 1.505988888117813e+00
7.88750 1.508180873084161e+00
7.90000 1.510310418764851e+00
7.91250 1.512306551514799e+00
7.92500 1.514083619121810e+00
7.93750 1.515548509218038e+00
7.95000 1.516616699940467e+00
7.96250 1.517237665774466e+00
7.97500 1.517423206659136e+00
7.98750 1.517264795421155e+00
8.00000 1.516924118599098e+00
8.01250 1.516592152620117e+00
8.02500 1.516433973781584e+00
8.03750 1.516549174626616e+00
8.05000 1.516965941822053e+00
8.06250 1.517663574193924e+00
8.07500 1.518605257254172e+00
8.08750 1.519764038496112e+00
8.10000 1.521132521432506e+00
8.11250 1.522715764801611e+00
8.12500 1.524514549194008e+00
8.13750 1.526509118390393e+00
8.15000 1.528650671116719e+00
8.16250 1.530862813173866e+00
8.17500 1.533051266689506e+00
8.18750 1.535117233020729e+00
8.20000 1.536968652327602e+00
8.21250 1.538527431165108e+00
8.22500 1.539736800097897e+00
8.23750 1.540582549415546e+00
8.25000 1.541101686617250e+00
8.26250 1.541380672869197e+00
8.27500 1.541522147605885e+00
8.28750 1.541614027141270e+00
8.30000 1.541727577190390e+00
8.31250 1.541938052791178e+00
8.32500 1.542342441513297e+00
8.33750 1.543062536189359e+00
8.35000 1.544251147355753e+00
8.36250 1.546149063303576e+00
8.37500 1.549262973932571e+00
8.38750 1.553564294203147e+00
8.40000 1.547863347394410e+00
8.41250 1.544989226432239e+00
8.42500 1.545384781828379e+00
8.43750 1.547420493158365e+00
8.45000 1.549958426976114e+00
8.46250 1.552650474226225e+00
8.47500 1.555381762752883e+00
8.48750 1.557911836896679e+00
8.50000 1.557252771322019e+00
8.51250 1.547726134881663e+00
8.52500 1.534916381751933e+00
8.53750 1.527702709217978e+00
8.55000 1.524817064932626e+00
8.56250 1.523974335435092e+00
8.57500 1.524236751821416e+00
8.58750 1.525219404500853e+00
8.60000 1.526926858438810e+00
8.61250 1.529494691388429e+00
8.62500 1.532688571855247e+00
8.63750 1.536125962531608e+00
8.65000 1.539638955214015e+00
8.66250 1.544168428899318e+00
8.67500 1.538779483722272e+00
8.68750 1.539183948819387e+00
8.70000 1.539637130846084e+00
8.71250 1.538908982922936e+00
8.72500 1.536247787560228e+00
8.73750 1.531055398653941e+00
8.75000 1.523828880660086e+00
8.76250 1.516208670962564e+00
8.77500 1.509833373925428e+00
8.78750 1.505554976192866e+00
8.80000 1.503665367801709e+00
8.81250 1.504488031859083e+00
8.82500 1.508903357922752e+00
8.83750 1.514839206618863e+00
8.85000 1.496420831460797e+00
8.86250 1.472563155135855e+00
8.87500 1.467121724826435e+00
8.88750 1.465746980869396e+00
8.90000 1.464171147881579e+00
8.91250 1.461651947843156e+00
8.92500 1.458173171343858e+00
8.93750 1.454132452134010e+00
8.95000 1.450104430478257e+00
8.96250 1.446520960136394e+00
8.97500 1.443523974829612e+00
8.98750 1.441025863633921e+00
9.00000 1.438832923146500e+00
9.01250 1.436736594056504e+00
9.02500 1.434560082705524e+00
9.03750 1.432176575756027e+00
9.05000 1.429513098449016e+00
9.06250 1.426546971731359e+00
9.07500 1.423297641744658e+00
9.08750 1.419814901364750e+00
9.10000 1.416164657170949e+00
9.11250 1.412415788677915e+00
9.12500 1.408634201616155e+00
9.13750 1.404886730318031e+00
9.15000 1.401246499907817e+00
9.16250 1.397786167028968e+00
9.17500 1.394557038767835e+00
9.18750 1.391567779228204e+00
9.20000 1.388778086133650e+00
9.21250 1.386112187739599e+00
9.22500 1.383487475169971e+00
9.23750 1.380848541822503e+00
9.25000 1.378193007113431e+00
9.26250 1.375575722021985e+00
9.27500 1.373087544054312e+00
9.28750 1.370820224500800e+00
9.30000 1.368840375988169e+00
9.31250 1.367187955167121e+00
9.32500 1.365875691201474e+00
9.33750 1.364874973815206e+00
9.35000 1.364119735633400e+00
9.36250 1.363522576908749e+00
9.37500 1.362985371254905e+00
9.38750 1.362406142259913e+00
9.40000 1.361687201746476e+00
9.41250 1.360745224913039e+00
9.42500 1.359519862739045e+00
9.43750 1.357969461071277e+00
9.45000 1.355980271146056e+00
9.46250 1.353490114038177e+00
9.47500 1.350839871906407e+00
9.48750 1.348057900982060e+00
9.50000 1.345167874322692e+00
9.51250 1.342220100214559e+00
9.52500 1.339179553018812e+00
9.53750 1.335978124158163e+00
9.55000 1.332877684573284e+00
9.56250 1.330049962177781e+00
9.57500 1.327364211329799e+00
9.58750 1.324784711399898e+00
9.60000 1.322437253410031e+00
9.61250 1.320349826769151e+00
9.62500 1.318483351255844e+00
9.63750 1.316826044912543e+00
9.65000 1.315383756760346e+00
9.66250 1.314126062278890e+00
9.67500 1.312958581426131e+00
9.68750 1.311837659906221e+00
9.70000 1.310925084386350e+00
9.71250 1.310427923401180e+00
9.72500 1.310373623326104e+00
9.73750 1.310651137294625e+00
9.75000 1.311101515111043e+00
9.76250 1.311547181551992e+00
9.77500 1.311829591859156e+00
9.78750 1.311873279968614e+00
9.80000 1.311681236481122e+00
9.81250 1.311293614589580e+00
9.82500 1.310784575940267e+00
9.83750 1.310230559319350e+00
9.85000 1.309669659005472e+00
9.86250 1.309105266354788e+00
9.87500 1.308531559820296e+00
9.88750 1.307949756883974e+00
9.90000 1.307371267490995e+00
9.91250 1.306809611257221e+00
9.92500 1.306254145823138e+00
9.93750 1.305624946497134e+00
9.95000 1.304758336118440e+00
9.96250 1.303537532812931e+00
9.97500 1.302109150100252e+00
9.98750 1.300763857256665e+00
10.00000 1.299545693382851e+00
