0.00001 5.266898588013023e+03
0.01250 1.279157485743627e+02
0.02500 7.433378510108837e+01
0.03750 4.895544986413864e+01
0.05000 3.423443481597211e+01
0.06250 2.502354800902686e+01
0.07500 1.897865542253646e+01
0.08750 1.485809489859083e+01
0.10000 1.195934080928960e+01
0.11250 9.868381520992228e+00
0.12500 8.332331231572482e+00
0.13750 7.181968807535080e+00
0.15000 6.279546692534772e+00
0.16250 5.544008252753235e+00
0.17500 4.957779179675365e+00
0.18750 4.499273568221601e+00
0.20000 4.141261417245937e+00
0.21250 3.862007418193362e+00
0.22500 3.645411939626623e+00
0.23750 3.478137806922564e+00
0.25000 3.346343498537182e+00
0.26250 3.234215448974695e+00
0.27500 3.127946798610622e+00
0.28750 3.022977363514314e+00
0.30000 2.924218250420191e+00
0.31250 2.838453849931177e+00
0.32500 2.769122321656546e+00
0.33750 2.716407503294862e+00
0.35000 2.678945070614227e+00
0.36250 2.654927498712491e+00
0.37500 2.642422414387877e+00
0.38750 2.639164852444672e+00
0.40000 2.642234581473043e+00
0.41250 2.648852407860394e+00
0.42500 2.660809986238459e+00
0.43750 2.705831317313005e+00
0.45000 2.992374672065131e+00
0.46250 2.686481437620931e+00
0.47500 2.602177793741151e+00
0.48750 2.586721800896665e+00
0.50000 2.576927293352223e+00
0.51250 2.574759074128545e+00
0.52500 2.578853928650356e+00
0.53750 2.585280806743965e+00
0.55000 2.589191765171583e+00
0.56250 2.592284250058083e+00
0.57500 2.596825659249182e+00
0.58750 2.601717111218629e+00
0.60000 2.607003642185278e+00
0.61250 2.613249335060062e+00
0.62500 2.618898062239334e+00
0.63750 2.621198254959550e+00
0.65000 2.619451675467795e+00
0.66250 2.613532482702270e+00
0.67500 2.602805506166192e+00
0.68750 2.588731541065682e+00
0.70000 2.574600633002766e+00
0.71250 2.562577613906021e+00
0.72500 2.553201539212549e+00
0.73750 2.547839870029614e+00
0.75000 2.547926806606301e+00
0.76250 2.552498441603769e+00
0.77500 2.558704174488594e+00
0.78750 2.563924825238029e+00
0.80000 2.567497847667771e+00
0.81250 2.570321992276996e+00
0.82500 2.572962167627156e+00
0.83750 2.574750310764219e+00
0.85000 2.574818634641160e+00
0.86250 2.573794223897434e+00
0.87500 2.573662633828025e+00
0.88750 2.576071550453538e+00
0.90000 2.581611356951519e+00
0.91250 2.589619554406645e+00
0.92500 2.597633359185709e+00
0.93750 2.602895731370188e+00
0.95000 2.606079210090110e+00
0.96250 2.610339815128823e+00
0.97500 2.617339969725392e+00
0.98750 2.626238629041591e+00
1.00000 2.634422923814514e+00
1.01250 2.638809212524992e+00
1.02500 2.637388344428780e+00
1.03750 2.629830215020793e+00
1.05000 2.616675298915943e+00
1.06250 2.598621607716245e+00
1.07500 2.577118086798432e+00
1.08750 2.554784733262755e+00
1.10000 2.534555782963940e+00
1.11250 2.518767420264753e+00
1.12500 2.508468934539196e+00
1.13750 2.503085532411191e+00
1.15000 2.500699228387685e+00
1.16250 2.498613751283270e+00
1.17500 2.493935020811698e+00
1.18750 2.484272789375060e+00
1.20000 2.468788782856708e+00
1.21250 2.448913948732842e+00
1.22500 2.427326261101606e+00
1.23750 2.406032276589634e+00
1.25000 2.385824679439867e+00
1.26250 2.367019078495726e+00
1.27500 2.350029957954761e+00
1.28750 2.335323359723319e+00
1.30000 2.323133808071566e+00
1.31250 2.313292395517548e+00
1.32500 2.305244746866286e+00
1.33750 2.298288915674195e+00
1.35000 2.291963998545869e+00
1.36250 2.286208697567071e+00
1.37500 2.281063631326788e+00
1.38750 2.276371158263202e+00
1.40000 2.271816109369127e+00
1.41250 2.266953071882658e+00
1.42500 2.261089519516304e+00
1.43750 2.253495531492408e+00
1.45000 2.244036210453192e+00
1.46250 2.233545155349947e+00
1.47500 2.223468210649779e+00
1.48750 2.215183978626014e+00
1.50000 2.209544220403856e+00
1.51250 2.206701088147347e+00
1.52500 2.206060290842247e+00
1.53750 2.206316441063902e+00
1.55000 2.205742378310622e+00
1.56250 2.202884706754741e+00
1.57500 2.197256643575860e+00
1.58750 2.189231252891344e+00
1.60000 2.179289250429208e+00
1.61250 2.167644255336254e+00
1.62500 2.154473979049538e+00
1.63750 2.140208169131203e+00
1.65000 2.125503876575029e+00
1.66250 2.110937048703455e+00
1.67500 2.096747083221280e+00
1.68750 2.082869244920496e+00
1.70000 2.069376432499471e+00
1.71250 2.057250983655872e+00
1.72500 2.048153633993989e+00
1.73750 2.042573519996755e+00
1.75000 2.038358931299231e+00
1.76250 2.031227134738885e+00
1.77500 2.017603364779593e+00
1.78750 1.998698292950260e+00
1.80000 1.980344935078189e+00
1.81250 1.965698182326254e+00
1.82500 1.951511581369832e+00
1.83750 1.937061619325735e+00
1.85000 1.924858298190102e+00
1.86250 1.914740876564646e+00
1.87500 1.908008095807835e+00
1.88750 1.870212316197457e+00
1.90000 1.797704729345514e+00
1.91250 1.748319591971029e+00
1.92500 1.718734602582461e+00
1.93750 1.698490452502590e+00
1.95000 1.681622546042592e+00
1.96250 1.666134027940049e+00
1.97500 1.652914527983144e+00
1.98750 1.642388343353336e+00
2.00000 1.633928716752111e+00
2.01250 1.626646867356062e+00
2.02500 1.619710755416862e+00
2.03750 1.612426378543872e+00
2.05000 1.604357222822878e+00
2.06250 1.595454728061773e+00
2.07500 1.586063453822619e+00
2.08750 1.576730404164769e+00
2.10000 1.567934459852607e+00
2.11250 1.559928569858968e+00
2.12500 1.552740654265209e+00
2.13750 1.546253257292177e+00
2.15000 1.540290638680955e+00
2.16250 1.534680877639929e+00
2.17500 1.529287484461694e+00
2.18750 1.524029933929016e+00
2.20000 1.518897932104382e+00
2.21250 1.513922604388577e+00
2.22500 1.509108147149456e+00
2.23750 1.504405911097958e+00
2.25000 1.499775698510870e+00
2.26250 1.495257700059057e+00
2.27500 1.490943265098630e+00
2.28750 1.486874112314422e+00
2.30000 1.482983206481524e+00
2.31250 1.479093436993812e+00
2.32500 1.474950072840425e+00
2.33750 1.470304775478710e+00
2.35000 1.465029665924136e+00
2.36250 1.459173021236479e+00
2.37500 1.452854759200898e+00
2.38750 1.446133922927983e+00
2.40000 1.439041221438519e+00
2.41250 1.431670103966689e+00
2.42500 1.424210581601937e+00
2.43750 1.416920873800833e+00
2.45000 1.410069448434756e+00
2.46250 1.403881582243924e+00
2.47500 1.398508927418632e+00
2.48750 1.394021793332826e+00
2.50000 1.390416286394033e+00
2.51250 1.387630798870975e+00
2.52500 1.385568984369314e+00
2.53750 1.384125381387079e+00
2.55000 1.383207731849818e+00
2.56250 1.382749343179997e+00
2.57500 1.382706723475890e+00
2.58750 1.383042916406492e+00
2.60000 1.383703622969994e+00
2.61250 1.384596298992997e+00
2.62500 1.385578843788307e+00
2.63750 1.386457718044055e+00
2.65000 1.386992571475746e+00
2.66250 1.386908799956179e+00
2.67500 1.385926618856451e+00
2.68750 1.383817322566710e+00
2.70000 1.380485308613880e+00
2.71250 1.376044848043194e+00
2.72500 1.370836552986169e+00
2.73750 1.365351676753097e+00
2.75000 1.360098193378229e+00
2.76250 1.355482274030447e+00
2.77500 1.351752151802430e+00
2.78750 1.348999294300451e+00
2.80000 1.347185287912198e+00
2.81250 1.346164457722171e+00
2.82500 1.345681487139462e+00
2.83750 1.345337441789315e+00
2.85000 1.344559340434757e+00
2.86250 1.342684048900297e+00
2.87500 1.339252996275692e+00
2.88750 1.334320875620519e+00
2.90000 1.328370763133391e+00
2.91250 1.321901647006584e+00
2.92500 1.315171094006107e+00
2.93750 1.308237359187670e+00
2.95000 1.301113006402943e+00
2.96250 1.293883890224562e+00
2.97500 1.286752903772167e+00
2.98750 1.280012783577069e+00
3.00000 1.273976026467885e+00
3.01250 1.268897495741453e+00
3.02500 1.264914679151750e+00
3.03750 1.262023313840010e+00
3.05000 1.260104737864422e+00
3.06250 1.259002188087511e+00
3.07500 1.258595870529551e+00
3.08750 1.258800288249126e+00
3.10000 1.259470520677911e+00
3.11250 1.260299713808787e+00
3.12500 1.260796140301944e+00
3.13750 1.260369317931756e+00
3.15000 1.258508628398116e+00
3.16250 1.254984308930124e+00
3.17500 1.249947613441820e+00
3.18750 1.243856781534392e+00
3.20000 1.237296335978537e+00
3.21250 1.230820441980891e+00
3.22500 1.224889578083234e+00
3.23750 1.219892604300980e+00
3.25000 1.216192147968801e+00
3.26250 1.214106035577242e+00
3.27500 1.213801092454376e+00
3.28750 1.215176591887777e+00
3.30000 1.217867218149499e+00
3.31250 1.221488061041462e+00
3.32500 1.225976670570325e+00
3.33750 1.231519347083160e+00
3.35000 1.238003838844792e+00
3.36250 1.244620378398233e+00
3.37500 1.249948284289855e+00
3.38750 1.252440472956297e+00
3.40000 1.251096356845986e+00
3.41250 1.245970072191734e+00
3.42500 1.238155169472486e+00
3.43750 1.229182171478441e+00
3.45000 1.220243391558124e+00
3.46250 1.211850976548330e+00
3.47500 1.204058798452844e+00
3.48750 1.196907289819647e+00
3.50000 1.190694580378481e+00
3.51250 1.185905283018380e+00
3.52500 1.182895335648809e+00
3.53750 1.181478755306220e+00
3.55000 1.180759842178090e+00
3.56250 1.179664744317267e+00
3.57500 1.177642888621547e+00
3.58750 1.174565919379204e+00
3.60000 1.170564262106786e+00
3.61250 1.165929083060248e+00
3.62500 1.160429727379288e+00
3.63750 1.153135029668329e+00
3.65000 1.143229209717509e+00
3.66250 1.131031835400475e+00
3.67500 1.118109096427675e+00
3.68750 1.105977910322979e+00
3.70000 1.095664960327681e+00
3.71250 1.089646724027856e+00
3.72500 1.090785614609609e+00
3.73750 1.071609644106031e+00
3.75000 1.046127571710848e+00
3.76250 1.035860632441936e+00
3.77500 1.030121999707256e+00
3.78750 1.019859496764241e+00
3.80000 1.003934028644035e+00
3.81250 9.947828387353496e-01
3.82500 9.856959081501918e-01
3.83750 9.712591475314811e-01
3.85000 9.636582945184117e-01
3.86250 9.595910356402929e-01
3.87500 9.569224728201647e-01
3.88750 9.549241227410891e-01
3.90000 9.532707833861702e-01
3.91250 9.517809138961958e-01
3.92500 9.504210662697383e-01
3.93750 9.493292435864673e-01
3.95000 9.486745696837608e-01
3.96250 9.485570074876957e-01
3.97500 9.489898120497273e-01
3.98750 9.499021078574608e-01
4.00000 9.511970065276453e-01
4.01250 9.527703091457066e-01
4.02500 9.544395302262717e-01
4.03750 9.559567968203901e-01
4.05000 9.570991165592233e-01
4.06250 9.577364208315673e-01
4.07500 9.578081007885969e-01
4.08750 9.572502827920737e-01
4.10000 9.559743531822945e-01
4.11250 9.539212200456687e-01
4.12500 9.511494021526529e-01
4.13750 9.478241698563057e-01
4.15000 9.441159427125723e-01
4.16250 9.401729384469616e-01
4.17500 9.361569424648487e-01
4.18750 9.322450451915698e-01
4.20000 9.285856526805160e-01
4.21250 9.252820264969853e-01
4.22500 9.224434876983176e-01
4.23750 9.201909646829918e-01
4.25000 9.185644194615444e-01
4.26250 9.174988102995938e-01
4.27500 9.169257692565408e-01
4.28750 9.168621650433686e-01
4.30000 9.173723607643977e-01
4.31250 9.184813463606130e-01
4.32500 9.201318575503314e-01
4.33750 9.221762602331740e-01
4.35000 9.244187586110930e-01
4.36250 9.267318643259375e-01
4.37500 9.291188757798473e-01
4.38750 9.316017153982703e-01
4.40000 9.341064613440675e-01
4.41250 9.364650800862970e-01
4.42500 9.384569439485930e-01
4.43750 9.398827290499903e-01
4.45000 9.406764150212220e-01
4.46250 9.409370564856893e-01
4.47500 9.408387739812144e-01
4.48750 9.405591342749516e-01
4.50000 9.402807772956927e-01
4.51250 9.401944206946043e-01
4.52500 9.404663477429263e-01
4.53750 9.412012623283847e-01
4.55000 9.424322684646537e-01
4.56250 9.441322870459763e-01
4.57500 9.462309504747189e-01
4.58750 9.486342355602382e-01
4.60000 9.512470044561080e-01
4.61250 9.539932767615504e-01
4.62500 9.568202557408628e-01
4.63750 9.596470147091100e-01
4.65000 9.622686797758420e-01
4.66250 9.643966302473908e-01
4.67500 9.659533517572196e-01
4.68750 9.672475182268132e-01
4.70000 9.686951312212676e-01
4.71250 9.705140699198702e-01
4.72500 9.727110133898729e-01
4.73750 9.752151371371809e-01
4.75000 9.780070957024286e-01
4.76250 9.811617865311356e-01
4.77500 9.847989778810636e-01
4.78750 9.890137566655226e-01
4.80000 9.938229282268786e-01
4.81250 9.990796605292294e-01
4.82500 1.004288109279376e+00
4.83750 1.008521816268231e+00
4.85000 1.011388890133556e+00
4.86250 1.014768267097289e+00
4.87500 1.025083663342351e+00
4.88750 1.029928123252603e+00
4.90000 9.949660196245300e-01
4.91250 9.928123018087122e-01
4.92500 9.904952323981012e-01
4.93750 9.846455376731525e-01
4.95000 9.798183359739253e-01
4.96250 9.768689867670737e-01
4.97500 9.744865516594262e-01
4.98750 9.720167425331987e-01
5.00000 9.695844115848015e-01
5.01250 9.675262009595689e-01
5.02500 9.659728660338942e-01
5.03750 9.648944015857908e-01
5.05000 9.642481338947790e-01
5.06250 9.640274179131686e-01
5.07500 9.642454000937217e-01
5.08750 9.649075940341431e-01
5.10000 9.659948592524110e-01
5.11250 9.674602934692306e-01
5.12500 9.692364764812530e-01
5.13750 9.712483472926484e-01
5.15000 9.734285629917222e-01
5.16250 9.757323466043478e-01
5.17500 9.781457758446210e-01
5.18750 9.806805861866755e-01
5.20000 9.833568286413018e-01
5.21250 9.861851173020791e-01
5.22500 9.891585823951030e-01
5.23750 9.922537016296482e-01
5.25000 9.954330546036703e-01
5.26250 9.986462216235449e-01
5.27500 1.001831247315218e+00
5.28750 1.004921336587363e+00
5.30000 1.007857930487415e+00
5.31250 1.010605510034142e+00
5.32500 1.013160917527742e+00
5.33750 1.015553597341136e+00
5.35000 1.017839517472654e+00
5.36250 1.020093793566073e+00
5.37500 1.022403872208299e+00
5.38750 1.024861974082165e+00
5.40000 1.027555999237411e+00
5.41250 1.030560381655100e+00
5.42500 1.033929681724495e+00
5.43750 1.037697989350588e+00
5.45000 1.041888237105655e+00
5.46250 1.046539861468916e+00
5.47500 1.051777803356812e+00
5.48750 1.057987022763675e+00
5.50000 1.065788631610355e+00
5.51250 1.067654391426730e+00
5.52500 1.066579595371216e+00
5.53750 1.070923197365176e+00
5.55000 1.076369320812564e+00
5.56250 1.080032651214957e+00
5.57500 1.082544456675888e+00
5.58750 1.088111181903847e+00
5.60000 1.091800592748921e+00
5.61250 1.095974384642689e+00
5.62500 1.098213237939111e+00
5.63750 1.102312459806303e+00
5.65000 1.107508477485962e+00
5.66250 1.112823547323221e+00
5.67500 1.117208386976134e+00
5.68750 1.118267025273286e+00
5.70000 1.116757639993258e+00
5.71250 1.116006989424858e+00
5.72500 1.116515860982682e+00
5.73750 1.118083272587927e+00
5.75000 1.120504083055099e+00
5.76250 1.123507506485253e+00
5.77500 1.126830916418623e+00
5.78750 1.130255957916936e+00
5.80000 1.133645244787723e+00
5.81250 1.137010303909761e+00
5.82500 1.140510170823818e+00
5.83750 1.144319977319889e+00
5.85000 1.148509302485420e+00
5.86250 1.153041472166733e+00
5.87500 1.157835414038115e+00
5.88750 1.162812139894200e+00
5.90000 1.167908376391989e+00
5.91250 1.173073103759214e+00
5.92500 1.178264030697779e+00
5.93750 1.183454696555315e+00
5.95000 1.188649142496972e+00
5.96250 1.193881983846402e+00
5.97500 1.199206498167249e+00
5.98750 1.204697125814307e+00
6.00000 1.210459964221981e+00
6.01250 1.216647163566650e+00
6.02500 1.223481719407041e+00
6.03750 1.231325920350138e+00
6.05000 1.240887433082561e+00
6.06250 1.253918684287230e+00
6.07500 1.276237167683799e+00
6.08750 1.329567704124708e+00
6.10000 1.223399157453897e+00
6.11250 1.223304870962267e+00
6.12500 1.237480788729496e+00
6.13750 1.247815153167105e+00
6.15000 1.255860476733180e+00
6.16250 1.262445352438175e+00
6.17500 1.267984658665906e+00
6.18750 1.272755311033363e+00
6.20000 1.277011501589614e+00
6.21250 1.281004431036374e+00
6.22500 1.284942713277295e+00
6.23750 1.288981378232944e+00
6.25000 1.293220290186649e+00
6.26250 1.297434717371082e+00
6.27500 1.301654101180856e+00
6.28750 1.306793931534201e+00
6.30000 1.312300778889591e+00
6.31250 1.316431729507850e+00
6.32500 1.320884819322726e+00
6.33750 1.326003035177279e+00
6.35000 1.331016695126438e+00
6.36250 1.335731746185325e+00
6.37500 1.340080784719481e+00
6.38750 1.344004619639452e+00
6.40000 1.347520108843024e+00
6.41250 1.350718720424341e+00
6.42500 1.353696109324938e+00
6.43750 1.356557203780338e+00
6.45000 1.359417015126005e+00
6.46250 1.362342971537062e+00
6.47500 1.365313313417369e+00
6.48750 1.368257149731413e+00
6.50000 1.371133047916282e+00
6.51250 1.373974517442340e+00
6.52500 1.376895959014775e+00
6.53750 1.380051078540001e+00
6.55000 1.383530320543211e+00
6.56250 1.387268969653634e+00
6.57500 1.391056704693194e+00
6.58750 1.394618292373907e+00
6.60000 1.397682696110824e+00
6.61250 1.400033884933541e+00
6.62500 1.401623135402640e+00
6.63750 1.402678256586910e+00
6.65000 1.403555935000997e+00
6.66250 1.404464150556778e+00
6.67500 1.405418637493717e+00
6.68750 1.406366633963992e+00
6.70000 1.407248297964520e+00
6.71250 1.407963346834912e+00
6.72500 1.408353593680082e+00
6.73750 1.408340554282830e+00
6.75000 1.408193860394939e+00
6.76250 1.408575465459923e+00
6.77500 1.410125850989363e+00
6.78750 1.413009925101865e+00
6.80000 1.416887679631058e+00
6.81250 1.421179634404806e+00
6.82500 1.425326750170097e+00
6.83750 1.428905801276816e+00
6.85000 1.431635643188334e+00
6.86250 1.433679336061316e+00
6.87500 1.436087084845423e+00
6.88750 1.439925568244310e+00
6.90000 1.445086270034486e+00
6.91250 1.450638487659275e+00
6.92500 1.455630084552947e+00
6.93750 1.459258736494681e+00
6.95000 1.460775091362670e+00
6.96250 1.460912255723165e+00
6.97500 1.462409703994757e+00
6.98750 1.466354844372515e+00
7.00000 1.471179836738551e+00
7.01250 1.473295896320846e+00
7.02500 1.468278123050139e+00
7.03750 1.462987574277642e+00
7.05000 1.443576627890792e+00
7.06250 1.438629194777124e+00
7.07500 1.436958939472925e+00
7.08750 1.435173280637622e+00
7.10000 1.434066721042880e+00
7.11250 1.435258392713870e+00
7.12500 1.437574046250583e+00
7.13750 1.439498083918000e+00
7.15000 1.440290754296137e+00
7.16250 1.439881009701721e+00
7.17500 1.438840157562464e+00
7.18750 1.437854212739293e+00
7.20000 1.437231457918292e+00
7.21250 1.437054973505898e+00
7.22500 1.437253524216661e+00
7.23750 1.437545330274275e+00
7.25000 1.437562495755477e+00
7.26250 1.437104545804659e+00
7.27500 1.436295063148544e+00
7.28750 1.435477860920538e+00
7.30000 1.434955355412954e+00
7.31250 1.434828871860779e+00
7.32500 1.435034186958775e+00
7.33750 1.435457337349723e+00
7.35000 1.436007019043710e+00
7.36250 1.436627884079535e+00
7.37500 1.437295823022477e+00
7.38750 1.438014238762535e+00
7.40000 1.438806555707094e+00
7.41250 1.439703844846948e+00
7.42500 1.440731345666290e+00
7.43750 1.441894970033878e+00
7.45000 1.443172688016162e+00
7.46250 1.444525127486444e+00
7.47500 1.445931918952261e+00
7.48750 1.447428292376485e+00
7.50000 1.449099934757460e+00
7.51250 1.451032182332834e+00
7.52500 1.453257180380464e+00
7.53750 1.455729337736117e+00
7.55000 1.458310571200439e+00
7.56250 1.460732289357222e+00
7.57500 1.462576602559470e+00
7.58750 1.463510900260444e+00
7.60000 1.463793232808650e+00
7.61250 1.464113882077318e+00
7.62500 1.464828917416495e+00
7.63750 1.465916239341309e+00
7.65000 1.467319015621779e+00
7.66250 1.469031214713256e+00
7.67500 1.471031935147903e+00
7.68750 1.473256963237417e+00
7.70000 1.475620078069298e+00
7.71250 1.478038635288388e+00
7.72500 1.480445648374364e+00
7.73750 1.482792851939396e+00
7.75000 1.485051772806283e+00
7.76250 1.487215116150562e+00
7.77500 1.489296117770564e+00
7.78750 1.491322702780847e+00
7.80000 1.493327412600041e+00
7.81250 1.495338572104495e+00
7.82500 1.497376989942985e+00
7.83750 1.499456688878813e+00
7.85000 1.501584800447924e+00
7.86250 1.503758194337660e+00
7.87500 1.505958817026180e+00
7.88750 1.508150865143839e+00
7.90000 1.510280474787212e+00
7.91250 1.512276671615735e+00
7.92500 1.514053802177096e+00
7.93750 1.515518752152045e+00
7.95000 1.516586996981935e+00
7.96250 1.517208007965374e+00
7.97500 1.517393582022335e+00
7.98750 1.517235190171395e+00
8.00000 1.516894519396282e+00
8.01250 1.516562549085788e+00
8.02500 1.516404360020367e+00
8.03750 1.516519549078554e+00
8.05000 1.516936305900240e+00
8.06250 1.517633930685284e+00
8.07500 1.518575609201137e+00
8.08750 1.519734388793016e+00
8.10000 1.521102873011086e+00
8.11250 1.522686121088118e+00
8.12500 1.524484914490830e+00
8.13750 1.526479497948906e+00
8.15000 1.528621070834624e+00
8.16250 1.530833238979013e+00
8.17500 1.533021723761685e+00
8.18750 1.535087725073659e+00
8.20000 1.536939181181046e+00
8.21250 1.538497996712830e+00
8.22500 1.539707400281931e+00
8.23750 1.540553181440102e+00
8.25000 1.541072346880071e+00
8.26250 1.541351357787266e+00
8.27500 1.541492853998893e+00
8.28750 1.541584752047498e+00
8.30000 1.541698317479551e+00
8.31250 1.541908805321612e+00
8.32500 1.542313204084884e+00
8.33750 1.543033308904627e+00
8.35000 1.544221934269549e+00
8.36250 1.546119876774341e+00
8.37500 1.549233859991831e+00
8.38750 1.553535505646316e+00
8.40000 1.547834391678060e+00
8.41250 1.544960179300496e+00
8.42500 1.545355657162629e+00
8.43750 1.547391380729211e+00
8.45000 1.549929358257206e+00
8.46250 1.552621471784077e+00
8.47500 1.555352881701500e+00
8.48750 1.557883197625998e+00
8.50000 1.557224531045065e+00
8.51250 1.547698109251301e+00
8.52500 1.534888063063740e+00
8.53750 1.527674085804179e+00
8.55000 1.524788290986930e+00
8.56250 1.523945490532746e+00
8.57500 1.524207871212417e+00
8.58750 1.525190505243150e+00
8.60000 1.526897953473788e+00
8.61250 1.529465801241981e+00
8.62500 1.532659719355060e+00
8.63750 1.536097168091901e+00
8.65000 1.539610237699756e+00
8.66250 1.544139839151175e+00
8.67500 1.538750950088233e+00
8.68750 1.539155434148232e+00
8.70000 1.539608697476464e+00
8.71250 1.538880659677859e+00
8.72500 1.536219583289829e+00
8.73750 1.531027293146528e+00
8.75000 1.523800828619657e+00
8.76250 1.516180622084195e+00
8.77500 1.509805295554150e+00
8.78750 1.505526861917151e+00
8.80000 1.503637234707796e+00
8.81250 1.504459915900506e+00
8.82500 1.508875277624808e+00
8.83750 1.514810674433947e+00
8.85000 1.496392711516686e+00
8.86250 1.472535790879340e+00
8.87500 1.467093892707231e+00
8.88750 1.465718957676710e+00
8.90000 1.464143054805596e+00
8.91250 1.461623823195874e+00
8.92500 1.458145017547001e+00
8.93750 1.454104256995319e+00
8.95000 1.450076182984385e+00
8.96250 1.446492658073333e+00
8.97500 1.443495623912076e+00
8.98750 1.440997473195919e+00
9.00000 1.438804502331126e+00
9.01250 1.436708149527488e+00
9.02500 1.434531617581364e+00
9.03750 1.432148089353535e+00
9.05000 1.429484586598365e+00
9.06250 1.426518427488088e+00
9.07500 1.423269056272943e+00
9.08750 1.419786264752886e+00
9.10000 1.416135959081890e+00
9.11250 1.412387018938505e+00
9.12500 1.408605350874823e+00
9.13750 1.404857790746389e+00
9.15000 1.401217465766229e+00
9.16250 1.397757034877375e+00
9.17500 1.394527807218662e+00
9.18750 1.391538448293889e+00
9.20000 1.388748656288934e+00
9.21250 1.386082658875161e+00
9.22500 1.383457845760683e+00
9.23750 1.380818808749044e+00
9.25000 1.378163166417074e+00
9.26250 1.375545770390214e+00
9.27500 1.373057480354155e+00
9.28750 1.370790050600362e+00
9.30000 1.368810096497809e+00
9.31250 1.367157576719837e+00
9.32500 1.365845222397843e+00
9.33750 1.364844425045205e+00
9.35000 1.364089118120927e+00
9.36250 1.363491901742930e+00
9.37500 1.362954648636903e+00
9.38750 1.362375380834665e+00
9.40000 1.361656408021817e+00
9.41250 1.360714402889071e+00
9.42500 1.359489013810355e+00
9.43750 1.357938583897937e+00
9.45000 1.355949360456567e+00
9.46250 1.353459166537457e+00
9.47500 1.350808879349392e+00
9.48750 1.348026856299258e+00
9.50000 1.345136772579350e+00
9.51250 1.342188937936686e+00
9.52500 1.339148327684480e+00
9.53750 1.335946831366443e+00
9.55000 1.332846319240549e+00
9.56250 1.330018521590527e+00
9.57500 1.327332693526135e+00
9.58750 1.324753112450597e+00
9.60000 1.322405572081747e+00
9.61250 1.320318066976767e+00
9.62500 1.318451518377350e+00
9.63750 1.316794143969854e+00
9.65000 1.315351791755587e+00
9.66250 1.314094034737710e+00
9.67500 1.312926487760413e+00
9.68750 1.311805492162725e+00
9.70000 1.310892838738601e+00
9.71250 1.310395605363706e+00
9.72500 1.310341244093813e+00
9.73750 1.310618709858497e+00
9.75000 1.311069053613185e+00
9.76250 1.311514701627970e+00
9.77500 1.311797106172140e+00
9.78750 1.311840789130117e+00
9.80000 1.311648731003149e+00
9.81250 1.311261086234052e+00
9.82500 1.310752022634737e+00
9.83750 1.310197983462575e+00
9.85000 1.309637064547490e+00
9.86250 1.309072657101083e+00
9.87500 1.308498938985238e+00
9.88750 1.307917127231050e+00
9.90000 1.307338631572846e+00
9.91250 1.306776971545642e+00
9.92500 1.306221504616627e+00
9.93750 1.305592305109310e+00
9.95000 1.304725692460152e+00
9.96250 1.303504878764292e+00
9.97500 1.302076474519335e+00
9.98750 1.300731154820904e+00
10.00000 1.299512967875046e+00
