0.00001 5.271531843688035e+03
0.01250 1.280264893833651e+02
0.02500 7.439881414516225e+01
0.03750 4.899883896495660e+01
0.05000 3.426524920967960e+01
0.06250 2.504647711981483e+01
0.07500 1.899637993991562e+01
0.08750 1.487223640377660e+01
0.10000 1.197099277805518e+01
0.11250 9.878490530534966e+00
0.12500 8.341996940351954e+00
0.13750 7.191988171984640e+00
0.15000 6.288142139512876e+00
0.16250 5.549268336021759e+00
0.17500 4.960616992982348e+00
0.18750 4.500678073962396e+00
0.20000 4.141676764366776e+00
0.21250 3.861619888524578e+00
0.22500 3.644268250596150e+00
0.23750 3.476119557978555e+00
0.25000 3.343108402507869e+00
0.26250 3.229312748003030e+00
0.27500 3.121230448775962e+00
0.28750 3.014873598811470e+00
0.30000 2.915399614639809e+00
0.31250 2.829405149500388e+00
0.32500 2.760067973501940e+00
0.33750 2.707432991553859e+00
0.35000 2.670096364597415e+00
0.36250 2.646248647706176e+00
0.37500 2.633955156767354e+00
0.38750 2.630944112614112e+00
0.40000 2.634365749698419e+00
0.41250 2.641915646401670e+00
0.42500 2.657909895807391e+00
0.43750 2.728311177632001e+00
0.45000 3.036517062292383e+00
0.46250 2.636877925076374e+00
0.47500 2.588111182138368e+00
0.48750 2.575679596219797e+00
0.50000 2.567540493519325e+00
0.51250 2.566798637200692e+00
0.52500 2.571970175341072e+00
0.53750 2.578905253349821e+00
0.55000 2.583004763019177e+00
0.56250 2.586431596152112e+00
0.57500 2.590980159120037e+00
0.58750 2.595559815221295e+00
0.60000 2.600493980629169e+00
0.61250 2.606327196574079e+00
0.62500 2.611337244225793e+00
0.63750 2.612975923285844e+00
0.65000 2.610827666990369e+00
0.66250 2.604618300697762e+00
0.67500 2.593725335737425e+00
0.68750 2.579818076203360e+00
0.70000 2.566144492653359e+00
0.71250 2.554623187283713e+00
0.72500 2.545787897985314e+00
0.73750 2.541145209041090e+00
0.75000 2.541943551984745e+00
0.76250 2.546954892995400e+00
0.77500 2.553266628950388e+00
0.78750 2.558435951742752e+00
0.80000 2.562044220712381e+00
0.81250 2.565042555575332e+00
0.82500 2.567853552770349e+00
0.83750 2.569684055985689e+00
0.85000 2.569733788190689e+00
0.86250 2.568817295859499e+00
0.87500 2.568968582476785e+00
0.88750 2.571745587175671e+00
0.90000 2.577636185081440e+00
0.91250 2.585803533874826e+00
0.92500 2.593601659099793e+00
0.93750 2.598514734673354e+00
0.95000 2.601714146417893e+00
0.96250 2.606351369066711e+00
0.97500 2.613777098924105e+00
0.98750 2.622891207025011e+00
1.00000 2.630953529056569e+00
1.01250 2.634930624028813e+00
1.02500 2.632994639745801e+00
1.03750 2.624956340873406e+00
1.05000 2.611381491276833e+00
1.06250 2.593017411362537e+00
1.07500 2.571464694857100e+00
1.08750 2.549425171080729e+00
1.10000 2.529783537471638e+00
1.11250 2.514752830730488e+00
1.12500 2.505204816524951e+00
1.13750 2.500394716312398e+00
1.15000 2.498290948451522e+00
1.16250 2.496144347231031e+00
1.17500 2.491071545163958e+00
1.18750 2.480799801312744e+00
1.20000 2.464752131973833e+00
1.21250 2.444615179043105e+00
1.22500 2.423084324798678e+00
1.23750 2.402004073266022e+00
1.25000 2.382045314872201e+00
1.26250 2.363503178981433e+00
1.27500 2.346806080311853e+00
1.28750 2.332415126406635e+00
1.30000 2.320538369668727e+00
1.31250 2.310975743726200e+00
1.32500 2.303154869688123e+00
1.33750 2.296387779409875e+00
1.35000 2.290256121875483e+00
1.36250 2.284727282094980e+00
1.37500 2.279834040715214e+00
1.38750 2.275408363604230e+00
1.40000 2.271136551428599e+00
1.41250 2.266556453889927e+00
1.42500 2.260951694045363e+00
1.43750 2.253625220154710e+00
1.45000 2.244546827468700e+00
1.46250 2.234650995900808e+00
1.47500 2.225405693595238e+00
1.48750 2.218125588684928e+00
1.50000 2.213534111959221e+00
1.51250 2.211601557936383e+00
1.52500 2.211512257957516e+00
1.53750 2.211760039213274e+00
1.55000 2.210556551325983e+00
1.56250 2.206610668107776e+00
1.57500 2.199730867890916e+00
1.58750 2.190521459866463e+00
1.60000 2.179559856792026e+00
1.61250 2.167088455506548e+00
1.62500 2.153296347416767e+00
1.63750 2.138606927331018e+00
1.65000 2.123639997299095e+00
1.66250 2.108910667191576e+00
1.67500 2.094604891277556e+00
1.68750 2.080639172647178e+00
1.70000 2.067143748877560e+00
1.71250 2.055204856901698e+00
1.72500 2.046442395370861e+00
1.73750 2.041089210542516e+00
1.75000 2.036699985120626e+00
1.76250 2.028909375202585e+00
1.77500 2.014504092491932e+00
1.78750 1.995352899412841e+00
1.80000 1.977404316988120e+00
1.81250 1.963064433190354e+00
1.82500 1.948804578312643e+00
1.83750 1.934585765953382e+00
1.85000 1.922584378365175e+00
1.86250 1.912860710315609e+00
1.87500 1.905540518571726e+00
1.88750 1.861718924888317e+00
1.90000 1.790144698526834e+00
1.91250 1.743574639549778e+00
1.92500 1.715438331282665e+00
1.93750 1.695814285037037e+00
1.95000 1.679128022674844e+00
1.96250 1.663859088069768e+00
1.97500 1.650993815133634e+00
1.98750 1.640796488296470e+00
2.00000 1.632567513375345e+00
2.01250 1.625413580044804e+00
2.02500 1.618512737807628e+00
2.03750 1.611193359796136e+00
2.05000 1.603060494756856e+00
2.06250 1.594118243355964e+00
2.07500 1.584750598112214e+00
2.08750 1.575509805231766e+00
2.10000 1.566850588170891e+00
2.11250 1.558994161902117e+00
2.12500 1.551944777015732e+00
2.13750 1.545573703108318e+00
2.15000 1.539704677631550e+00
2.16250 1.534171833670421e+00
2.17500 1.528847930537519e+00
2.18750 1.523663879538475e+00
2.20000 1.518618972095042e+00
2.21250 1.513744281807913e+00
2.22500 1.509034904835877e+00
2.23750 1.504436277636427e+00
2.25000 1.499914549247052e+00
2.26250 1.495520096328713e+00
2.27500 1.491342844985690e+00
2.28750 1.487411309079226e+00
2.30000 1.483642570145473e+00
2.31250 1.479845808816446e+00
2.32500 1.475760284285128e+00
2.33750 1.471146573250181e+00
2.35000 1.465899124053705e+00
2.36250 1.460084403744500e+00
2.37500 1.453817227814913e+00
2.38750 1.447145691348946e+00
2.40000 1.440102378628725e+00
2.41250 1.432792115445878e+00
2.42500 1.425417340474398e+00
2.43750 1.418244512574902e+00
2.45000 1.411544894970218e+00
2.46250 1.405542588996162e+00
2.47500 1.400386209666746e+00
2.48750 1.396142589400819e+00
2.50000 1.392804659587048e+00
2.51250 1.390308449546221e+00
2.52500 1.388556405907772e+00
2.53750 1.387442870964309e+00
2.55000 1.386875401825414e+00
2.56250 1.386785127540336e+00
2.57500 1.387121630499212e+00
2.58750 1.387833519002422e+00
2.60000 1.388842763400642e+00
2.61250 1.390023861054174e+00
2.62500 1.391195200142326e+00
2.63750 1.392123243042461e+00
2.65000 1.392536769823098e+00
2.66250 1.392150559350200e+00
2.67500 1.390702452875253e+00
2.68750 1.388009814364178e+00
2.70000 1.384042507942281e+00
2.71250 1.378983744773921e+00
2.72500 1.373229308268161e+00
2.73750 1.367300763804750e+00
2.75000 1.361711300184950e+00
2.76250 1.356855351291673e+00
2.77500 1.352962237254797e+00
2.78750 1.350104075725650e+00
2.80000 1.348225561882948e+00
2.81250 1.347166412917222e+00
2.82500 1.346656666931075e+00
2.83750 1.346280420766091e+00
2.85000 1.345448437593574e+00
2.86250 1.343495460175097e+00
2.87500 1.339987519787493e+00
2.88750 1.335014181219412e+00
2.90000 1.329068395353995e+00
2.91250 1.322629709712472e+00
2.92500 1.315932037471696e+00
2.93750 1.309023739966126e+00
2.95000 1.301923053475351e+00
2.96250 1.294730681031031e+00
2.97500 1.287665019517321e+00
2.98750 1.281028300349046e+00
3.00000 1.275134047655147e+00
3.01250 1.270230842821009e+00
3.02500 1.266445546039778e+00
3.03750 1.263762860257713e+00
3.05000 1.262057150479340e+00
3.06250 1.261171468837755e+00
3.07500 1.260989712001660e+00
3.08750 1.261425749101496e+00
3.10000 1.262323738680623e+00
3.11250 1.263357389894845e+00
3.12500 1.264014047562989e+00
3.13750 1.263688676135104e+00
3.15000 1.261867349701384e+00
3.16250 1.258325178525016e+00
3.17500 1.253215957753346e+00
3.18750 1.246991261712615e+00
3.20000 1.240225588966143e+00
3.21250 1.233472841403377e+00
3.22500 1.227211466667451e+00
3.23750 1.221863905059068e+00
3.25000 1.217828756519360e+00
3.26250 1.215446246295123e+00
3.27500 1.214884633549629e+00
3.28750 1.216029482207223e+00
3.30000 1.218505154794252e+00
3.31250 1.221940806262069e+00
3.32500 1.226300185038414e+00
3.33750 1.231761887778346e+00
3.35000 1.238161709058971e+00
3.36250 1.244628781733450e+00
3.37500 1.249707865089394e+00
3.38750 1.251866472413587e+00
3.40000 1.250169126399580e+00
3.41250 1.244755711085584e+00
3.42500 1.236777874477130e+00
3.43750 1.227762591563843e+00
3.45000 1.218851709829637e+00
3.46250 1.210507761145417e+00
3.47500 1.202767493592307e+00
3.48750 1.195684748693067e+00
3.50000 1.189577065479879e+00
3.51250 1.184932587916121e+00
3.52500 1.182083364466307e+00
3.53750 1.180792427866961e+00
3.55000 1.180125079876123e+00
3.56250 1.179030433761660e+00
3.57500 1.177000216968689e+00
3.58750 1.173917138691136e+00
3.60000 1.169927926523427e+00
3.61250 1.165315281053570e+00
3.62500 1.159791515534814e+00
3.63750 1.152392691893661e+00
3.65000 1.142350503645173e+00
3.66250 1.130090885056529e+00
3.67500 1.117228676248657e+00
3.68750 1.105224408474354e+00
3.70000 1.095113776267083e+00
3.71250 1.089542602663975e+00
3.72500 1.090773829593246e+00
3.73750 1.069439999059277e+00
3.75000 1.045122017352886e+00
3.76250 1.035357419342354e+00
3.77500 1.029583272309647e+00
3.78750 1.018708528046415e+00
3.80000 1.002873800496921e+00
3.81250 9.942246381068419e-01
3.82500 9.845288408575910e-01
3.83750 9.703511359824166e-01
3.85000 9.630470370071259e-01
3.86250 9.590655391833055e-01
3.87500 9.564110008085178e-01
3.88750 9.543980347138201e-01
3.90000 9.527168476631479e-01
3.91250 9.511965107372633e-01
3.92500 9.498188926028042e-01
3.93750 9.487318840937627e-01
3.95000 9.481026213918510e-01
3.96250 9.480256044889707e-01
3.97500 9.485078738588445e-01
3.98750 9.494745261251696e-01
4.00000 9.508300296378884e-01
4.01250 9.524685044126467e-01
4.02500 9.542022208128169e-01
4.03750 9.557823514671120e-01
4.05000 9.569907837818853e-01
4.06250 9.577028027380665e-01
4.07500 9.578561972669292e-01
4.08750 9.573793408106953e-01
4.10000 9.561758784556342e-01
4.11250 9.541851073323253e-01
4.12500 9.514682246873133e-01
4.13750 9.481853404264987e-01
4.15000 9.444944158638342e-01
4.16250 9.405354208058372e-01
4.17500 9.364717121757848e-01
4.18750 9.324890508340028e-01
4.20000 9.287459577629155e-01
4.21250 9.253568402280171e-01
4.22500 9.224428258005419e-01
4.23750 9.201271671400191e-01
4.25000 9.184418856850886e-01
4.26250 9.173178702804631e-01
4.27500 9.166939053681833e-01
4.28750 9.165962979563446e-01
4.30000 9.170904421171648e-01
4.31250 9.181955022533806e-01
4.32500 9.198455997000320e-01
4.33750 9.218849754363916e-01
4.35000 9.241187177292276e-01
4.36250 9.264338341716731e-01
4.37500 9.288450249918727e-01
4.38750 9.313691905922531e-01
4.40000 9.339214779741027e-01
4.41250 9.363250042825600e-01
4.42500 9.383535757486952e-01
4.43750 9.398111435363684e-01
4.45000 9.406430411366041e-01
4.46250 9.409535329579345e-01
4.47500 9.409111631723152e-01
4.48750 9.406874866072182e-01
4.50000 9.404640426382467e-01
4.51250 9.404315951463115e-01
4.52500 9.407538230333954e-01
4.53750 9.415310908367577e-01
4.55000 9.427928328000786e-01
4.56250 9.445096583884369e-01
4.57500 9.466101911300099e-01
4.58750 9.490010638621208e-01
4.60000 9.515896624003818e-01
4.61250 9.543038642743576e-01
4.62500 9.570920568593086e-01
4.63750 9.598630540992025e-01
4.65000 9.623946753927127e-01
4.66250 9.644077561854389e-01
4.67500 9.658774613672486e-01
4.68750 9.671522041414237e-01
4.70000 9.686356774434381e-01
4.71250 9.705153617474297e-01
4.72500 9.727805137525423e-01
4.73750 9.753608237759862e-01
4.75000 9.782465097830352e-01
4.76250 9.815165170287705e-01
4.77500 9.852827214388162e-01
4.78750 9.896245528799982e-01
4.80000 9.945384281423745e-01
4.81250 9.998464565076193e-01
4.82500 1.005002168910284e+00
4.83750 1.009065142472835e+00
4.85000 1.011819157261260e+00
4.86250 1.015443535359918e+00
4.87500 1.027384483739371e+00
4.88750 1.023847878973281e+00
4.90000 9.943004291524222e-01
4.91250 9.926396822535762e-01
4.92500 9.898572045392717e-01
4.93750 9.838394649547308e-01
4.95000 9.792171872296296e-01
4.96250 9.763541300177934e-01
4.97500 9.739427129323149e-01
4.98750 9.714280576149900e-01
5.00000 9.689937927340622e-01
5.01250 9.669642412562489e-01
5.02500 9.654434922964102e-01
5.03750 9.643946280036830e-01
5.05000 9.637793518752038e-01
5.06250 9.635952841038791e-01
5.07500 9.638562752377724e-01
5.08750 9.645655907850568e-01
5.10000 9.657004837603523e-01
5.11250 9.672104571619614e-01
5.12500 9.690253269664894e-01
5.13750 9.710685470288607e-01
5.15000 9.732728798030282e-01
5.16250 9.755951918281112e-01
5.17500 9.780237929838040e-01
5.18750 9.805717055979773e-01
5.20000 9.832586057969438e-01
5.21250 9.860938075520078e-01
5.22500 9.890693375275378e-01
5.23750 9.921610816287945e-01
5.25000 9.953310724446232e-01
5.26250 9.985279891702900e-01
5.27500 1.001688930360026e+00
5.28750 1.004746974664588e+00
5.30000 1.007644922957070e+00
5.31250 1.010349910540458e+00
5.32500 1.012861764401372e+00
5.33750 1.015212309387035e+00
5.35000 1.017459050007029e+00
5.36250 1.019678105321510e+00
5.37500 1.021957692335659e+00
5.38750 1.024390612894445e+00
5.40000 1.027065095100639e+00
5.41250 1.030055647188650e+00
5.42500 1.033416701016281e+00
5.43750 1.037181968831842e+00
5.45000 1.041373350889349e+00
5.46250 1.046027250571070e+00
5.47500 1.051259617064788e+00
5.48750 1.057430498675468e+00
5.50000 1.065200012260592e+00
5.51250 1.067937119062114e+00
5.52500 1.066458595584027e+00
5.53750 1.070712706960027e+00
5.55000 1.076142849595908e+00
5.56250 1.080131090627447e+00
5.57500 1.082409884670667e+00
5.58750 1.087956027199378e+00
5.60000 1.091508718993877e+00
5.61250 1.096289945673882e+00
5.62500 1.098138266537480e+00
5.63750 1.102014599621075e+00
5.65000 1.107118509257517e+00
5.66250 1.112392293986430e+00
5.67500 1.116937175900928e+00
5.68750 1.118404658234167e+00
5.70000 1.116974898303589e+00
5.71250 1.116078598123104e+00
5.72500 1.116445003673326e+00
5.73750 1.117884215878736e+00
5.75000 1.120214198294249e+00
5.76250 1.123175662751362e+00
5.77500 1.126504318970476e+00
5.78750 1.129973574455166e+00
5.80000 1.133426120993948e+00
5.81250 1.136842191620202e+00
5.82500 1.140359182153180e+00
5.83750 1.144156353264889e+00
5.85000 1.148320119237073e+00
5.86250 1.152825858558313e+00
5.87500 1.157596718585836e+00
5.88750 1.162553436900158e+00
5.90000 1.167630929220790e+00
5.91250 1.172776833773653e+00
5.92500 1.177949481316118e+00
5.93750 1.183126406057831e+00
5.95000 1.188317301928253e+00
5.96250 1.193559854404915e+00
5.97500 1.198908921691394e+00
5.98750 1.204441860508467e+00
6.00000 1.210270571378562e+00
6.01250 1.216558072468412e+00
6.02500 1.223549918587850e+00
6.03750 1.231661308390627e+00
6.05000 1.241742642988626e+00
6.06250 1.256019829598221e+00
6.07500 1.282425457988056e+00
6.08750 1.337541762407555e+00
6.10000 1.213775910700053e+00
6.11250 1.225310516619946e+00
6.12500 1.238628958451116e+00
6.13750 1.248493806330110e+00
6.15000 1.256334601791952e+00
6.16250 1.262837502962641e+00
6.17500 1.268349707017157e+00
6.18750 1.273112852167181e+00
6.20000 1.277362216208637e+00
6.21250 1.281339008456341e+00
6.22500 1.285248331854774e+00
6.23750 1.289251270038733e+00
6.25000 1.293440442354860e+00
6.26250 1.297556359302086e+00
6.27500 1.301796742940613e+00
6.28750 1.306996625746917e+00
6.30000 1.312410085049425e+00
6.31250 1.316412104612606e+00
6.32500 1.320986858215669e+00
6.33750 1.326125588906346e+00
6.35000 1.331130076492250e+00
6.36250 1.335834439006195e+00
6.37500 1.340167387341521e+00
6.38750 1.344071458238431e+00
6.40000 1.347572691143508e+00
6.41250 1.350764433021806e+00
6.42500 1.353742380316959e+00
6.43750 1.356614780800067e+00
6.45000 1.359493751061569e+00
6.46250 1.362434257958530e+00
6.47500 1.365402383714710e+00
6.48750 1.368326661211043e+00
6.50000 1.371176433842136e+00
6.51250 1.374000701679760e+00
6.52500 1.376927167704951e+00
6.53750 1.380110766911999e+00
6.55000 1.383625501374635e+00
6.56250 1.387384575189789e+00
6.57500 1.391165123311721e+00
6.58750 1.394690643002517e+00
6.60000 1.397694426409042e+00
6.61250 1.399974762111580e+00
6.62500 1.401519236375859e+00
6.63750 1.402589347290808e+00
6.65000 1.403528642394524e+00
6.66250 1.404503013964925e+00
6.67500 1.405500161001924e+00
6.68750 1.406459025884046e+00
6.70000 1.407316415573182e+00
6.71250 1.407966499081928e+00
6.72500 1.408256115671820e+00
6.73750 1.408148957497702e+00
6.75000 1.407987569426607e+00
6.76250 1.408468658561618e+00
6.77500 1.410182364303643e+00
6.78750 1.413208840326998e+00
6.80000 1.417155028614814e+00
6.81250 1.421432041832791e+00
6.82500 1.425497930512881e+00
6.83750 1.428946876566949e+00
6.85000 1.431527644039128e+00
6.86250 1.433522659857751e+00
6.87500 1.436084340591881e+00
6.88750 1.440147366749567e+00
6.90000 1.445427248651851e+00
6.91250 1.450949000548125e+00
6.92500 1.455791795171644e+00
6.93750 1.459145388426540e+00
6.95000 1.460337743944035e+00
6.96250 1.460490995221733e+00
6.97500 1.462361177087048e+00
6.98750 1.466581071262667e+00
7.00000 1.471305105112282e+00
7.01250 1.472529979624875e+00
7.02500 1.466893368283160e+00
7.03750 1.461351289593666e+00
7.05000 1.442049999305130e+00
7.06250 1.438432438497708e+00
7.07500 1.436642479854033e+00
7.08750 1.434644046278783e+00
7.10000 1.433711433930114e+00
7.11250 1.435104605142921e+00
7.12500 1.437410557843650e+00
7.13750 1.439212222822845e+00
7.15000 1.439874105024328e+00
7.16250 1.439426863550719e+00
7.17500 1.438493017926634e+00
7.18750 1.437673022668676e+00
7.20000 1.437167892330445e+00
7.21250 1.437029181117391e+00
7.22500 1.437210874557439e+00
7.23750 1.437466084774409e+00
7.25000 1.437447456401734e+00
7.26250 1.436961341188600e+00
7.27500 1.436131812254915e+00
7.28750 1.435302545310574e+00
7.30000 1.434774630728899e+00
7.31250 1.434645834810866e+00
7.32500 1.434849695033009e+00
7.33750 1.435272578916073e+00
7.35000 1.435823821559213e+00
7.36250 1.436448447509540e+00
7.37500 1.437123505612501e+00
7.38750 1.437854226362538e+00
7.40000 1.438665550592503e+00
7.41250 1.439589275033154e+00
7.42500 1.440650385852286e+00
7.43750 1.441853072147217e+00
7.45000 1.443171821007162e+00
7.46250 1.444562697877373e+00
7.47500 1.446001190975924e+00
7.48750 1.447520321163679e+00
7.50000 1.449206189643536e+00
7.51250 1.451146556179290e+00
7.52500 1.453376691461773e+00
7.53750 1.455854283960547e+00
7.55000 1.458445600062432e+00
7.56250 1.460888326553077e+00
7.57500 1.462767327475425e+00
7.58750 1.463732868867196e+00
7.60000 1.464013675700878e+00
7.61250 1.464303656388337e+00
7.62500 1.464983554113751e+00
7.63750 1.466042488951958e+00
7.65000 1.467424069830398e+00
7.66250 1.469120318594946e+00
7.67500 1.471108640028824e+00
7.68750 1.473323998238604e+00
7.70000 1.475680090828570e+00
7.71250 1.478094502416828e+00
7.72500 1.480500404315780e+00
7.73750 1.482849368659705e+00
7.75000 1.485112326121179e+00
7.76250 1.487281024523402e+00
7.77500 1.489367671224696e+00
7.78750 1.491399471043143e+00
7.80000 1.493408742351068e+00
7.81250 1.495423908887430e+00
7.82500 1.497465797938450e+00
7.83750 1.499548050430491e+00
7.85000 1.501676952672286e+00
7.86250 1.503848205595405e+00
7.87500 1.506042475129195e+00
7.88750 1.508222798104148e+00
7.90000 1.510334546264481e+00
7.91250 1.512306699345410e+00
7.92500 1.514054604400738e+00
7.93750 1.515487438213359e+00
7.95000 1.516524261628728e+00
7.96250 1.517118978047804e+00
7.97500 1.517287672457678e+00
7.98750 1.517124723830088e+00
8.00000 1.516792525689139e+00
8.01250 1.516480601972328e+00
8.02500 1.516351086796434e+00
8.03750 1.516499912283400e+00
8.05000 1.516951483593734e+00
8.06250 1.517681590778352e+00
8.07500 1.518650424036432e+00
8.08750 1.519828724265413e+00
8.10000 1.521207640397931e+00
8.11250 1.522791738759377e+00
8.12500 1.524582271239297e+00
8.13750 1.526560856245274e+00
8.15000 1.528680947074998e+00
8.16250 1.530869266907668e+00
8.17500 1.533035282286294e+00
8.18750 1.535083878987831e+00
8.20000 1.536925540678864e+00
8.21250 1.538482680769849e+00
8.22500 1.539696421687164e+00
8.23750 1.540548572583909e+00
8.25000 1.541071834990829e+00
8.26250 1.541349409173214e+00
8.27500 1.541482948231734e+00
8.28750 1.541561536417107e+00
8.30000 1.541659058721259e+00
8.31250 1.541854101141383e+00
8.32500 1.542246885281354e+00
8.33750 1.542961293823037e+00
8.35000 1.544150026261982e+00
8.36250 1.546050825665961e+00
8.37500 1.549163439139458e+00
8.38750 1.553482050902292e+00
8.40000 1.547876099760539e+00
8.41250 1.544952197388716e+00
8.42500 1.545335812945001e+00
8.43750 1.547358394265142e+00
8.45000 1.549875278362048e+00
8.46250 1.552540560254414e+00
8.47500 1.555252016904304e+00
8.48750 1.557836614599121e+00
8.50000 1.557492192555787e+00
8.51250 1.548359604911639e+00
8.52500 1.535346816006799e+00
8.53750 1.527849484025172e+00
8.55000 1.524851492476103e+00
8.56250 1.523972660102603e+00
8.57500 1.524219516595517e+00
8.58750 1.525189260179501e+00
8.60000 1.526877477303560e+00
8.61250 1.529421742613091e+00
8.62500 1.532592459241976e+00
8.63750 1.536003784252294e+00
8.65000 1.539453354945529e+00
8.66250 1.543803808276137e+00
8.67500 1.539172113434250e+00
8.68750 1.539151672416578e+00
8.70000 1.539674079156254e+00
8.71250 1.539038584324386e+00
8.72500 1.536504345406805e+00
8.73750 1.531439102557017e+00
8.75000 1.524268683224753e+00
8.76250 1.516606533032101e+00
8.77500 1.510133798972413e+00
8.78750 1.505750488478174e+00
8.80000 1.503761905798713e+00
8.81250 1.504473221629334e+00
8.82500 1.508742336596521e+00
8.83750 1.514985443872939e+00
8.85000 1.497850259186353e+00
8.86250 1.473022610478693e+00
8.87500 1.467218570237286e+00
8.88750 1.465829141907867e+00
8.90000 1.464288735761609e+00
8.91250 1.461813728945316e+00
8.92500 1.458371016139658e+00
8.93750 1.454344652986030e+00
8.95000 1.450307640374983e+00
8.96250 1.446701796717230e+00
8.97500 1.443681160836502e+00
8.98750 1.441166014481816e+00
9.00000 1.438965789988099e+00
9.01250 1.436871909743548e+00
9.02500 1.434705879058893e+00
9.03750 1.432338469056220e+00
9.05000 1.429694155429777e+00
9.06250 1.426747886729716e+00
9.07500 1.423517096667122e+00
9.08750 1.420050105615462e+00
9.10000 1.416412021069124e+00
9.11250 1.412671496475689e+00
9.12500 1.408894460705907e+00
9.13750 1.405147816384988e+00
9.15000 1.401504998355918e+00
9.16250 1.398039639146245e+00
9.17500 1.394804846984733e+00
9.18750 1.391811509205542e+00
9.20000 1.389021176168034e+00
9.21250 1.386358787927447e+00
9.22500 1.383740903625375e+00
9.23750 1.381109894805655e+00
9.25000 1.378460501817228e+00
9.26250 1.375845092619457e+00
9.27500 1.373353273196321e+00
9.28750 1.371077017734454e+00
9.30000 1.369084517311284e+00
9.31250 1.367418100090127e+00
9.32500 1.366092242686524e+00
9.33750 1.365079211614147e+00
9.35000 1.364313706759824e+00
9.36250 1.363709059103881e+00
9.37500 1.363167685461691e+00
9.38750 1.362587925574370e+00
9.40000 1.361872173445116e+00
9.41250 1.360936882010816e+00
9.42500 1.359721047611174e+00
9.43750 1.358181040803154e+00
9.45000 1.356196069223123e+00
9.46250 1.353715542645246e+00
9.47500 1.351077781439558e+00
9.48750 1.348303411832925e+00
9.50000 1.345418127083680e+00
9.51250 1.342471353437302e+00
9.52500 1.339423887611605e+00
9.53750 1.336214091312468e+00
9.55000 1.333114653362059e+00
9.56250 1.330284299633347e+00
9.57500 1.327589581921925e+00
9.58750 1.325004232887766e+00
9.60000 1.322654233165149e+00
9.61250 1.320562188098230e+00
9.62500 1.318688520727524e+00
9.63750 1.317022096893010e+00
9.65000 1.315568146299145e+00
9.66250 1.314293848846416e+00
9.67500 1.313104166745514e+00
9.68750 1.311963581288279e+00
9.70000 1.311043397456553e+00
9.71250 1.310547220966144e+00
9.72500 1.310495076081286e+00
9.73750 1.310772825332449e+00
9.75000 1.311220283741970e+00
9.76250 1.311659214445208e+00
9.77500 1.311933216463901e+00
9.78750 1.311970813620909e+00
9.80000 1.311776217182939e+00
9.81250 1.311389756852720e+00
9.82500 1.310885831723597e+00
9.83750 1.310339385745412e+00
9.85000 1.309786375453244e+00
9.86250 1.309229096324722e+00
9.87500 1.308661552919216e+00
9.88750 1.308084699162767e+00
9.90000 1.307508908978302e+00
9.91250 1.306946102348691e+00
9.92500 1.306384164782650e+00
9.93750 1.305742442231055e+00
9.95000 1.304859377844505e+00
9.96250 1.303626024893223e+00
9.97500 1.302195386682713e+00
9.98750 1.300851161654282e+00
10.00000 1.299625588319338e+00
