  300.00 -12.00000  9.60365e-19  9.60342e-19  9.60372e-19 -1.72275e-20 -1.72227e-20  1.72250e-20
  300.00 -11.98288  1.82823e-18  1.82818e-18  1.82824e-18 -3.27693e-20 -3.27602e-20  3.27646e-20
  300.00 -11.96577  3.47977e-18  3.47968e-18  3.47979e-18 -6.23206e-20 -6.23034e-20  6.23118e-20
  300.00 -11.94865  6.62209e-18  6.62193e-18  6.62214e-18 -1.18499e-19 -1.18466e-19  1.18482e-19
  300.00 -11.93153  1.25998e-17  1.25995e-17  1.25999e-17 -2.25276e-19 -2.25214e-19  2.25244e-19
  300.00 -11.91441  2.39692e-17  2.39687e-17  2.39694e-17 -4.28183e-19 -4.28064e-19  4.28122e-19
  300.00 -11.89730  4.55896e-17  4.55885e-17  4.55899e-17 -8.13686e-19 -8.13460e-19  8.13571e-19
  300.00 -11.88018  8.66954e-17  8.66933e-17  8.66960e-17 -1.54595e-18 -1.54552e-18  1.54573e-18
  300.00 -11.86306  1.64833e-16  1.64829e-16  1.64834e-16 -2.93659e-18 -2.93578e-18  2.93617e-18
  300.00 -11.84595  3.13334e-16  3.13327e-16  3.13336e-16 -5.57698e-18 -5.57543e-18  5.57619e-18
  300.00 -11.82883  5.95505e-16  5.95491e-16  5.95509e-16 -1.05891e-17 -1.05862e-17  1.05876e-17
  300.00 -11.81171  1.13156e-15  1.13153e-15  1.13156e-15 -2.01013e-17 -2.00958e-17  2.00985e-17
  300.00 -11.79459  2.14969e-15  2.14964e-15  2.14971e-15 -3.81497e-17 -3.81391e-17  3.81443e-17
  300.00 -11.77748  4.08307e-15  4.08297e-15  4.08309e-15 -7.23864e-17 -7.23663e-17  7.23761e-17
  300.00 -11.76036  7.75360e-15  7.75341e-15  7.75365e-15 -1.37315e-16 -1.37277e-16  1.37296e-16
  300.00 -11.74324  1.47206e-14  1.47202e-14  1.47207e-14 -2.60422e-16 -2.60350e-16  2.60385e-16
  300.00 -11.72613  2.79415e-14  2.79408e-14  2.79417e-14 -4.93773e-16 -4.93636e-16  4.93703e-16
  300.00 -11.70901  5.30243e-14  5.30230e-14  5.30246e-14 -9.35982e-16 -9.35723e-16  9.35850e-16
  300.00 -11.69189  1.00600e-13  1.00598e-13  1.00601e-13 -1.77376e-15 -1.77327e-15  1.77351e-15
  300.00 -11.67477  1.90818e-13  1.90814e-13  1.90819e-13 -3.36053e-15 -3.35960e-15  3.36006e-15
  300.00 -11.65766  3.61855e-13  3.61846e-13  3.61857e-13 -6.36507e-15 -6.36330e-15  6.36417e-15
  300.00 -11.64054  6.86026e-13  6.86010e-13  6.86031e-13 -1.20525e-14 -1.20492e-14  1.20508e-14
  300.00 -11.62342  1.30028e-12  1.30025e-12  1.30029e-12 -2.28154e-14 -2.28091e-14  2.28122e-14
  300.00 -11.60631  2.46388e-12  2.46382e-12  2.46390e-12 -4.31771e-14 -4.31651e-14  4.31709e-14
  300.00 -11.58919  4.66752e-12  4.66741e-12  4.66755e-12 -8.16860e-14 -8.16634e-14  8.16745e-14
  300.00 -11.57207  8.83965e-12  8.83944e-12  8.83970e-12 -1.54493e-13 -1.54450e-13  1.54471e-13
  300.00 -11.55495  1.67364e-11  1.67360e-11  1.67365e-11 -2.92103e-13 -2.92022e-13  2.92061e-13
  300.00 -11.53784  3.16785e-11  3.16778e-11  3.16787e-11 -5.52105e-13 -5.51952e-13  5.52027e-13
  300.00 -11.52072  5.99432e-11  5.99418e-11  5.99436e-11 -1.04319e-12 -1.04290e-12  1.04304e-12
  300.00 -11.50360  1.13393e-10  1.13390e-10  1.13393e-10 -1.97043e-12 -1.96988e-12  1.97015e-12
  300.00 -11.48649  2.14435e-10  2.14430e-10  2.14437e-10 -3.72053e-12 -3.71950e-12  3.72000e-12
  300.00 -11.46937  4.05387e-10  4.05378e-10  4.05390e-10 -7.02254e-12 -7.02059e-12  7.02154e-12
  300.00 -11.45225  7.66132e-10  7.66115e-10  7.66137e-10 -1.32503e-11 -1.32466e-11  1.32484e-11
  300.00 -11.43514  1.44742e-09  1.44738e-09  1.44742e-09 -2.49914e-11 -2.49845e-11  2.49879e-11
  300.00 -11.41802  2.73360e-09  2.73353e-09  2.73361e-09 -4.71182e-11 -4.71051e-11  4.71115e-11
  300.00 -11.40090  5.16088e-09  5.16076e-09  5.16091e-09 -8.88001e-11 -8.87754e-11  8.87875e-11
  300.00 -11.38378  9.73995e-09  9.73973e-09  9.74002e-09 -1.67286e-10 -1.67240e-10  1.67262e-10
  300.00 -11.36667  1.83751e-08  1.83747e-08  1.83752e-08 -3.15009e-10 -3.14921e-10  3.14964e-10
  300.00 -11.34955  3.46527e-08  3.46519e-08  3.46530e-08 -5.92921e-10 -5.92756e-10  5.92837e-10
  300.00 -11.33243  6.53245e-08  6.53230e-08  6.53249e-08 -1.11552e-09 -1.11521e-09  1.11536e-09
  300.00 -11.31532  1.23095e-07  1.23092e-07  1.23096e-07 -2.09775e-09 -2.09717e-09  2.09746e-09
  300.00 -11.29820  2.31860e-07  2.31854e-07  2.31861e-07 -3.94299e-09 -3.94190e-09  3.94243e-09
  300.00 -11.28108  4.36542e-07  4.36532e-07  4.36545e-07 -7.40771e-09 -7.40565e-09  7.40666e-09
  300.00 -11.26396  8.21554e-07  8.21535e-07  8.21559e-07 -1.39098e-08 -1.39059e-08  1.39078e-08
  300.00 -11.24685  1.54543e-06  1.54540e-06  1.54544e-06 -2.61054e-08 -2.60982e-08  2.61017e-08
  300.00 -11.22973  2.90578e-06  2.90572e-06  2.90580e-06 -4.89672e-08 -4.89535e-08  4.89602e-08
  300.00 -11.21261  5.46094e-06  5.46082e-06  5.46098e-06 -9.17986e-08 -9.17730e-08  9.17855e-08
  300.00 -11.19550  1.02579e-05  1.02576e-05  1.02579e-05 -1.71995e-07 -1.71947e-07  1.71970e-07
  300.00 -11.17838  1.92586e-05  1.92582e-05  1.92588e-05 -3.22057e-07 -3.21967e-07  3.22011e-07
  300.00 -11.16126  3.61380e-05  3.61372e-05  3.61383e-05 -6.02673e-07 -6.02504e-07  6.02587e-07
  300.00 -11.14414  6.77746e-05  6.77731e-05  6.77750e-05 -1.12707e-06 -1.12675e-06  1.12691e-06
  300.00 -11.12703  1.27035e-04  1.27033e-04  1.27036e-04 -2.10634e-06 -2.10575e-06  2.10604e-06
  300.00 -11.10991  2.37974e-04  2.37969e-04  2.37976e-04 -3.93373e-06 -3.93263e-06  3.93317e-06
  300.00 -11.09279  4.45526e-04  4.45516e-04  4.45529e-04 -7.34122e-06 -7.33916e-06  7.34017e-06
  300.00 -11.07568  8.33576e-04  8.33557e-04  8.33581e-04 -1.36901e-05 -1.36863e-05  1.36881e-05
  300.00 -11.05856  1.55861e-03  1.55857e-03  1.55862e-03 -2.55097e-05 -2.55026e-05  2.55061e-05
  300.00 -11.04144  2.91230e-03  2.91223e-03  2.91232e-03 -4.74956e-05 -4.74823e-05  4.74888e-05
  300.00 -11.02432  5.43793e-03  5.43780e-03  5.43796e-03 -8.83554e-05 -8.83306e-05  8.83427e-05
  300.00 -11.00721  1.01465e-02  1.01463e-02  1.01466e-02 -1.64222e-04 -1.64175e-04  1.64198e-04
  300.00 -10.99009  1.89179e-02  1.89175e-02  1.89180e-02 -3.04949e-04 -3.04863e-04  3.04905e-04
  300.00 -10.97297  3.52445e-02  3.52437e-02  3.52447e-02 -5.65726e-04 -5.65568e-04  5.65645e-04
  300.00 -10.95586  6.56078e-02  6.56064e-02  6.56082e-02 -1.04845e-03 -1.04816e-03  1.04830e-03
  300.00 -10.93874  1.22026e-01  1.22023e-01  1.22027e-01 -1.94104e-03 -1.94049e-03  1.94076e-03
  300.00 -10.92162  2.26760e-01  2.26755e-01  2.26761e-01 -3.58954e-03 -3.58853e-03  3.58902e-03
  300.00 -10.90450  4.20997e-01  4.20988e-01  4.21000e-01 -6.63041e-03 -6.62854e-03  6.62945e-03
  300.00 -10.88739  7.80863e-01  7.80846e-01  7.80867e-01 -1.22324e-02 -1.22290e-02  1.22307e-02
  300.00 -10.87027  1.44688e+00  1.44685e+00  1.44689e+00 -2.25387e-02 -2.25324e-02  2.25355e-02
  300.00 -10.85315  2.67815e+00  2.67809e+00  2.67817e+00 -4.14723e-02 -4.14607e-02  4.14664e-02
  300.00 -10.83604  4.95174e+00  4.95164e+00  4.95177e+00 -7.62026e-02 -7.61811e-02  7.61916e-02
  300.00 -10.81892  9.14490e+00  9.14471e+00  9.14496e+00 -1.39806e-01 -1.39767e-01  1.39786e-01
  300.00 -10.80180  1.68684e+01  1.68680e+01  1.68685e+01 -2.56090e-01 -2.56017e-01  2.56053e-01
  300.00 -10.78468  3.10751e+01  3.10745e+01  3.10753e+01 -4.68299e-01 -4.68167e-01  4.68232e-01
  300.00 -10.76757  5.71702e+01  5.71690e+01  5.71705e+01 -8.54822e-01 -8.54580e-01  8.54698e-01
  300.00 -10.75045  1.05030e+02  1.05027e+02  1.05030e+02 -1.55739e+00 -1.55695e+00  1.55717e+00
  300.00 -10.73333  1.92666e+02  1.92662e+02  1.92667e+02 -2.83164e+00 -2.83083e+00  2.83122e+00
  300.00 -10.71622  3.52869e+02  3.52862e+02  3.52871e+02 -5.13726e+00 -5.13579e+00  5.13651e+00
  300.00 -10.69910  6.45203e+02  6.45189e+02  6.45206e+02 -9.29850e+00 -9.29586e+00  9.29715e+00
  300.00 -10.68198  1.17763e+03  1.17761e+03  1.17764e+03 -1.67884e+01 -1.67836e+01  1.67859e+01
  300.00 -10.66486  2.14538e+03  2.14534e+03  2.14539e+03 -3.02299e+01 -3.02213e+01  3.02255e+01
  300.00 -10.64775  3.90059e+03  3.90051e+03  3.90061e+03 -5.42757e+01 -5.42601e+01  5.42677e+01
  300.00 -10.63063  7.07666e+03  7.07652e+03  7.07670e+03 -9.71433e+01 -9.71154e+01  9.71290e+01
  300.00 -10.61351  1.28096e+04  1.28093e+04  1.28097e+04 -1.73280e+02 -1.73230e+02  1.73254e+02
  300.00 -10.59640  2.31304e+04  2.31299e+04  2.31305e+04 -3.07954e+02 -3.07865e+02  3.07909e+02
  300.00 -10.57928  4.16573e+04  4.16565e+04  4.16575e+04 -5.45118e+02 -5.44961e+02  5.45037e+02
  300.00 -10.56216  7.48128e+04  7.48113e+04  7.48131e+04 -9.60753e+02 -9.60475e+02  9.60610e+02
  300.00 -10.54505  1.33949e+05  1.33947e+05  1.33950e+05 -1.68533e+03 -1.68484e+03  1.68508e+03
  300.00 -10.52793  2.39045e+05  2.39040e+05  2.39046e+05 -2.94127e+03 -2.94041e+03  2.94083e+03
  300.00 -10.51081  4.25082e+05  4.25074e+05  4.25084e+05 -5.10466e+03 -5.10318e+03  5.10390e+03
  300.00 -10.49369  7.52986e+05  7.52972e+05  7.52989e+05 -8.80595e+03 -8.80339e+03  8.80464e+03
  300.00 -10.47658  1.32823e+06  1.32820e+06  1.32823e+06 -1.50917e+04 -1.50873e+04  1.50895e+04
  300.00 -10.45946  2.33217e+06  2.33213e+06  2.33218e+06 -2.56808e+04 -2.56733e+04  2.56770e+04
  300.00 -10.44234  4.07437e+06  4.07430e+06  4.07438e+06 -4.33618e+04 -4.33493e+04  4.33554e+04
  300.00 -10.42523  7.07871e+06  7.07859e+06  7.07874e+06 -7.25956e+04 -7.25749e+04  7.25850e+04
  300.00 -10.40811  1.22235e+07  1.22233e+07  1.22236e+07 -1.20396e+05 -1.20362e+05  1.20378e+05
  300.00 -10.39099  2.09655e+07  2.09652e+07  2.09656e+07 -1.97549e+05 -1.97494e+05  1.97521e+05
  300.00 -10.37387  3.56908e+07  3.56903e+07  3.56910e+07 -3.20157e+05 -3.20071e+05  3.20114e+05
  300.00 -10.35676  6.02527e+07  6.02518e+07  6.02529e+07 -5.11236e+05 -5.11104e+05  5.11170e+05
  300.00 -10.33964  1.00770e+08  1.00768e+08  1.00770e+08 -8.01498e+05 -8.01304e+05  8.01402e+05
  300.00 -10.32252  1.66766e+08  1.66764e+08  1.66766e+08 -1.22717e+06 -1.22690e+06  1.22704e+06
  300.00 -10.30541  2.72715e+08  2.72712e+08  2.72715e+08 -1.82021e+06 -1.81985e+06  1.82004e+06
  300.00 -10.28829  4.39967e+08  4.39963e+08  4.39968e+08 -2.58210e+06 -2.58170e+06  2.58192e+06
  300.00 -10.27117  6.98853e+08  6.98848e+08  6.98855e+08 -3.42709e+06 -3.42674e+06  3.42695e+06
  300.00 -10.25405  1.09037e+09  1.09036e+09  1.09037e+09 -4.07637e+06 -4.07633e+06  4.07642e+06
  300.00 -10.23694  1.66621e+09  1.66621e+09  1.66621e+09 -3.89288e+06 -3.89367e+06  3.89339e+06
  300.00 -10.21982  2.48521e+09  2.48521e+09  2.48521e+09 -1.68625e+06 -1.68871e+06  1.68768e+06
  300.00 -10.20270  3.60344e+09  3.60344e+09  3.60344e+09  4.38191e+06  4.37650e+06 -4.37889e+06
  300.00 -10.18559  5.05598e+09  5.05599e+09  5.05597e+09  1.65074e+07  1.64974e+07 -1.65019e+07
  300.00 -10.16847  6.83153e+09  6.83157e+09  6.83151e+09  3.61963e+07  3.61803e+07 -3.61875e+07
  300.00 -10.15135  8.84745e+09  8.84752e+09  8.84742e+09  6.23600e+07  6.23370e+07 -6.23473e+07
  300.00 -10.13423  1.09407e+10  1.09408e+10  1.09406e+10  8.93197e+07  8.92906e+07 -8.93034e+07
  300.00 -10.11712  1.28912e+10  1.28914e+10  1.28912e+10  1.06583e+08  1.06551e+08 -1.06565e+08
  300.00 -10.10000  1.44825e+10  1.44826e+10  1.44824e+10  1.02224e+08  1.02193e+08 -1.02206e+08
  300.00 -10.08288  1.55748e+10  1.55749e+10  1.55748e+10  6.93518e+07  6.93291e+07 -6.93377e+07
  300.00 -10.06577  1.61515e+10  1.61516e+10  1.61515e+10  1.17288e+07  1.17176e+07 -1.17212e+07
  300.00 -10.04865  1.63048e+10  1.63049e+10  1.63049e+10 -5.61743e+07 -5.61729e+07  5.61739e+07
  300.00 -10.03153  1.61723e+10  1.61723e+10  1.61724e+10 -1.15492e+08 -1.15480e+08  1.15484e+08
  300.00 -10.01441  1.58681e+10  1.58681e+10  1.58682e+10 -1.51430e+08 -1.51412e+08  1.51416e+08
  300.00 -9.99730  1.54529e+10  1.54529e+10  1.54530e+10 -1.58498e+08 -1.58480e+08  1.58481e+08
  300.00 -9.98018  1.49498e+10  1.49498e+10  1.49499e+10 -1.40267e+08 -1.40250e+08  1.40249e+08
  300.00 -9.96306  1.43792e+10  1.43792e+10  1.43793e+10 -1.05316e+08 -1.05301e+08  1.05299e+08
  300.00 -9.94595  1.37793e+10  1.37793e+10  1.37794e+10 -6.27336e+07 -6.27208e+07  6.27175e+07
  300.00 -9.92883  1.32009e+10  1.32008e+10  1.32009e+10 -1.95335e+07 -1.95219e+07  1.95197e+07
  300.00 -9.91171  1.26866e+10  1.26866e+10  1.26866e+10  1.97766e+07  1.97873e+07 -1.97873e+07
  300.00 -9.89459  1.22547e+10  1.22547e+10  1.22547e+10  5.25326e+07  5.25420e+07 -5.25393e+07
  300.00 -9.87748  1.18965e+10  1.18964e+10  1.18964e+10  7.71549e+07  7.71622e+07 -7.71572e+07
  300.00 -9.86036  1.15862e+10  1.15862e+10  1.15862e+10  9.27063e+07  9.27108e+07 -9.27039e+07
  300.00 -9.84324  1.12964e+10  1.12964e+10  1.12963e+10  9.87506e+07  9.87522e+07 -9.87441e+07
  300.00 -9.82613  1.10097e+10  1.10097e+10  1.10097e+10  9.53715e+07  9.53704e+07 -9.53618e+07
  300.00 -9.80901  1.07241e+10  1.07241e+10  1.07241e+10  8.32286e+07  8.32253e+07 -8.32166e+07
  300.00 -9.79189  1.04498e+10  1.04498e+10  1.04497e+10  6.35844e+07  6.35797e+07 -6.35714e+07
  300.00 -9.77477  1.02019e+10  1.02019e+10  1.02019e+10  3.82713e+07  3.82657e+07 -3.82580e+07
  300.00 -9.75766  9.99263e+09  9.99264e+09  9.99261e+09  9.58590e+06  9.57969e+06 -9.57299e+06
  300.00 -9.74054  9.82594e+09  9.82596e+09  9.82593e+09 -1.98852e+07 -1.98918e+07  1.98972e+07
  300.00 -9.72342  9.69615e+09  9.69617e+09  9.69615e+09 -4.75035e+07 -4.75105e+07  4.75142e+07
  300.00 -9.70631  9.59008e+09  9.59011e+09  9.59009e+09 -7.08655e+07 -7.08729e+07  7.08746e+07
  300.00 -9.68919  9.49132e+09  9.49134e+09  9.49133e+09 -8.80987e+07 -8.81065e+07  8.81060e+07
  300.00 -9.67207  9.38491e+09  9.38494e+09  9.38493e+09 -9.80968e+07 -9.81047e+07  9.81019e+07
  300.00 -9.65495  9.26109e+09  9.26111e+09  9.26111e+09 -1.00619e+08 -1.00627e+08  1.00622e+08
  300.00 -9.63784  9.11693e+09  9.11696e+09  9.11695e+09 -9.62227e+07 -9.62298e+07  9.62233e+07
  300.00 -9.62072  8.95597e+09  8.95599e+09  8.95598e+09 -8.60595e+07 -8.60654e+07  8.60579e+07
  300.00 -9.60360  8.78603e+09  8.78605e+09  8.78605e+09 -7.16087e+07 -7.16130e+07  7.16051e+07
  300.00 -9.58649  8.61644e+09  8.61646e+09  8.61646e+09 -5.44322e+07 -5.44344e+07  5.44269e+07
  300.00 -9.56937  8.45529e+09  8.45531e+09  8.45531e+09 -3.60007e+07 -3.60004e+07  3.59939e+07
  300.00 -9.55225  8.30753e+09  8.30754e+09  8.30754e+09 -1.76016e+07 -1.75988e+07  1.75937e+07
  300.00 -9.53514  8.17408e+09  8.17409e+09  8.17409e+09 -3.09146e+05 -3.03695e+05  3.00461e+05
  300.00 -9.51802  8.05207e+09  8.05208e+09  8.05208e+09  1.50182e+07  1.50261e+07 -1.50274e+07
  300.00 -9.50090  7.93579e+09  7.93580e+09  7.93580e+09  2.77383e+07  2.77482e+07 -2.77478e+07
  300.00 -9.48378  7.81825e+09  7.81826e+09  7.81826e+09  3.74374e+07  3.74489e+07 -3.74469e+07
  300.00 -9.46667  7.69278e+09  7.69278e+09  7.69279e+09  4.39492e+07  4.39616e+07 -4.39585e+07
  300.00 -9.44955  7.55448e+09  7.55449e+09  7.55449e+09  4.73659e+07  4.73785e+07 -4.73747e+07
  300.00 -9.43243  7.40124e+09  7.40124e+09  7.40125e+09  4.80262e+07  4.80382e+07 -4.80340e+07
  300.00 -9.41532  7.23402e+09  7.23402e+09  7.23403e+09  4.64711e+07  4.64818e+07 -4.64778e+07
  300.00 -9.39820  7.05663e+09  7.05663e+09  7.05665e+09  4.33717e+07  4.33806e+07 -4.33768e+07
  300.00 -9.38108  6.87496e+09  6.87496e+09  6.87498e+09  3.94397e+07  3.94463e+07 -3.94430e+07
  300.00 -9.36396  6.69587e+09  6.69587e+09  6.69589e+09  3.53394e+07  3.53435e+07 -3.53407e+07
  300.00 -9.34685  6.52611e+09  6.52611e+09  6.52613e+09  3.16157e+07  3.16170e+07 -3.16147e+07
  300.00 -9.32973  6.37137e+09  6.37136e+09  6.37139e+09  2.86466e+07  2.86453e+07 -2.86435e+07
  300.00 -9.31261  6.23556e+09  6.23556e+09  6.23558e+09  2.66238e+07  2.66200e+07 -2.66186e+07
  300.00 -9.29550  6.12056e+09  6.12055e+09  6.12057e+09  2.55541e+07  2.55481e+07 -2.55471e+07
  300.00 -9.27838  6.02610e+09  6.02609e+09  6.02611e+09  2.52789e+07  2.52712e+07 -2.52705e+07
  300.00 -9.26126  5.95012e+09  5.95011e+09  5.95013e+09  2.55030e+07  2.54940e+07 -2.54937e+07
  300.00 -9.24414  5.88916e+09  5.88915e+09  5.88917e+09  2.58307e+07  2.58211e+07 -2.58210e+07
  300.00 -9.22703  5.83901e+09  5.83900e+09  5.83901e+09  2.58057e+07  2.57959e+07 -2.57961e+07
  300.00 -9.20991  5.79527e+09  5.79525e+09  5.79526e+09  2.49542e+07  2.49446e+07 -2.49451e+07
  300.00 -9.19279  5.75396e+09  5.75394e+09  5.75394e+09  2.28288e+07  2.28200e+07 -2.28208e+07
  300.00 -9.17568  5.71197e+09  5.71194e+09  5.71194e+09  1.90517e+07  1.90440e+07 -1.90450e+07
  300.00 -9.15856  5.66736e+09  5.66734e+09  5.66733e+09  1.33517e+07  1.33454e+07 -1.33466e+07
  300.00 -9.14144  5.61946e+09  5.61943e+09  5.61941e+09  5.59334e+06  5.58862e+06 -5.58993e+06
  300.00 -9.12432  5.56871e+09  5.56868e+09  5.56866e+09 -4.20502e+06 -4.20807e+06  4.20673e+06
  300.00 -9.10721  5.51648e+09  5.51645e+09  5.51642e+09 -1.58650e+07 -1.58664e+07  1.58651e+07
  300.00 -9.09009  5.46460e+09  5.46457e+09  5.46454e+09 -2.90532e+07 -2.90530e+07  2.90519e+07
  300.00 -9.07297  5.41503e+09  5.41500e+09  5.41497e+09 -4.32958e+07 -4.32941e+07  4.32933e+07
  300.00 -9.05586  5.36941e+09  5.36939e+09  5.36936e+09 -5.80003e+07 -5.79973e+07  5.79969e+07
  300.00 -9.03874  5.32881e+09  5.32879e+09  5.32875e+09 -7.24833e+07 -7.24793e+07  7.24793e+07
  300.00 -9.02162  5.29345e+09  5.29344e+09  5.29340e+09 -8.60037e+07 -8.59988e+07  8.59993e+07
  300.00 -9.00450  5.26272e+09  5.26271e+09  5.26267e+09 -9.78014e+07 -9.77959e+07  9.77968e+07
  300.00 -8.98739  5.23513e+09  5.23513e+09  5.23509e+09 -1.07142e+08 -1.07136e+08  1.07137e+08
  300.00 -8.97027  5.20857e+09  5.20857e+09  5.20855e+09 -1.13364e+08 -1.13358e+08  1.13359e+08
  300.00 -8.95315  5.18052e+09  5.18053e+09  5.18050e+09 -1.15933e+08 -1.15927e+08  1.15929e+08
  300.00 -8.93604  5.14836e+09  5.14837e+09  5.14835e+09 -1.14488e+08 -1.14482e+08  1.14484e+08
  300.00 -8.91892  5.10972e+09  5.10974e+09  5.10972e+09 -1.08875e+08 -1.08870e+08  1.08871e+08
  300.00 -8.90180  5.06277e+09  5.06279e+09  5.06278e+09 -9.91776e+07 -9.91724e+07  9.91739e+07
  300.00 -8.88468  5.00645e+09  5.00647e+09  5.00647e+09 -8.57099e+07 -8.57053e+07  8.57064e+07
  300.00 -8.86757  4.94064e+09  4.94066e+09  4.94067e+09 -6.90005e+07 -6.89965e+07  6.89971e+07
  300.00 -8.85045  4.86615e+09  4.86618e+09  4.86619e+09 -4.97490e+07 -4.97457e+07  4.97457e+07
  300.00 -8.83333  4.78465e+09  4.78468e+09  4.78470e+09 -2.87713e+07 -2.87687e+07  2.87680e+07
  300.00 -8.81622  4.69849e+09  4.69852e+09  4.69854e+09 -6.93719e+06 -6.93531e+06  6.93390e+06
  300.00 -8.79910  4.61041e+09  4.61044e+09  4.61046e+09  1.48895e+07  1.48907e+07 -1.48928e+07
  300.00 -8.78198  4.52331e+09  4.52333e+09  4.52336e+09  3.59014e+07  3.59020e+07 -3.59046e+07
  300.00 -8.76486  4.43990e+09  4.43992e+09  4.43995e+09  5.53835e+07  5.53835e+07 -5.53866e+07
  300.00 -8.74775  4.36251e+09  4.36253e+09  4.36256e+09  7.27341e+07  7.27337e+07 -7.27371e+07
  300.00 -8.73063  4.29285e+09  4.29287e+09  4.29290e+09  8.74714e+07  8.74706e+07 -8.74741e+07
  300.00 -8.71351  4.23192e+09  4.23193e+09  4.23196e+09  9.92295e+07  9.92282e+07 -9.92318e+07
  300.00 -8.69640  4.17993e+09  4.17994e+09  4.17997e+09  1.07749e+08  1.07748e+08 -1.07751e+08
  300.00 -8.67928  4.13635e+09  4.13636e+09  4.13639e+09  1.12869e+08  1.12868e+08 -1.12871e+08
  300.00 -8.66216  4.09996e+09  4.09997e+09  4.10000e+09  1.14519e+08  1.14517e+08 -1.14520e+08
  300.00 -8.64505  4.06904e+09  4.06905e+09  4.06907e+09  1.12715e+08  1.12713e+08 -1.12715e+08
  300.00 -8.62793  4.04148e+09  4.04148e+09  4.04151e+09  1.07564e+08  1.07562e+08 -1.07563e+08
  300.00 -8.61081  4.01505e+09  4.01506e+09  4.01507e+09  9.92668e+07  9.92645e+07 -9.92651e+07
  300.00 -8.59369  3.98760e+09  3.98760e+09  3.98762e+09  8.81171e+07  8.81148e+07 -8.81146e+07
  300.00 -8.57658  3.95723e+09  3.95723e+09  3.95724e+09  7.45033e+07  7.45010e+07 -7.45001e+07
  300.00 -8.55946  3.92251e+09  3.92251e+09  3.92252e+09  5.88982e+07  5.88960e+07 -5.88943e+07
  300.00 -8.54234  3.88258e+09  3.88258e+09  3.88259e+09  4.18440e+07  4.18420e+07 -4.18397e+07
  300.00 -8.52523  3.83721e+09  3.83720e+09  3.83721e+09  2.39303e+07  2.39284e+07 -2.39256e+07
  300.00 -8.50811  3.78677e+09  3.78677e+09  3.78677e+09  5.76664e+06  5.76491e+06 -5.76176e+06
  300.00 -8.49099  3.73221e+09  3.73220e+09  3.73220e+09 -1.20458e+07 -1.20473e+07  1.20507e+07
  300.00 -8.47387  3.67487e+09  3.67486e+09  3.67485e+09 -2.89418e+07 -2.89430e+07  2.89465e+07
  300.00 -8.45676  3.61634e+09  3.61633e+09  3.61632e+09 -4.44151e+07 -4.44160e+07  4.44194e+07
  300.00 -8.43964  3.55829e+09  3.55828e+09  3.55827e+09 -5.80358e+07 -5.80364e+07  5.80396e+07
  300.00 -8.42252  3.50228e+09  3.50227e+09  3.50225e+09 -6.94612e+07 -6.94615e+07  6.94644e+07
  300.00 -8.40541  3.44960e+09  3.44959e+09  3.44957e+09 -7.84397e+07 -7.84397e+07  7.84421e+07
  300.00 -8.38829  3.40115e+09  3.40114e+09  3.40112e+09 -8.48107e+07 -8.48104e+07  8.48122e+07
  300.00 -8.37117  3.35739e+09  3.35737e+09  3.35735e+09 -8.85013e+07 -8.85007e+07  8.85019e+07
  300.00 -8.35405  3.31825e+09  3.31823e+09  3.31821e+09 -8.95220e+07 -8.95212e+07  8.95216e+07
  300.00 -8.33694  3.28320e+09  3.28318e+09  3.28316e+09 -8.79623e+07 -8.79614e+07  8.79610e+07
  300.00 -8.31982  3.25128e+09  3.25126e+09  3.25124e+09 -8.39875e+07 -8.39865e+07  8.39853e+07
  300.00 -8.30270  3.22119e+09  3.22118e+09  3.22116e+09 -7.78349e+07 -7.78339e+07  7.78318e+07
  300.00 -8.28559  3.19143e+09  3.19141e+09  3.19139e+09 -6.98093e+07 -6.98084e+07  6.98055e+07
  300.00 -8.26847  3.16041e+09  3.16039e+09  3.16037e+09 -6.02762e+07 -6.02755e+07  6.02717e+07
  300.00 -8.25135  3.12664e+09  3.12662e+09  3.12661e+09 -4.96508e+07 -4.96502e+07  4.96457e+07
  300.00 -8.23423  3.08886e+09  3.08884e+09  3.08883e+09 -3.83823e+07 -3.83819e+07  3.83768e+07
  300.00 -8.21712  3.04616e+09  3.04615e+09  3.04614e+09 -2.69342e+07 -2.69341e+07  2.69285e+07
  300.00 -8.20000  2.99808e+09  2.99806e+09  2.99806e+09 -1.57611e+07 -1.57612e+07  1.57553e+07
  300.00 -8.18288  2.94464e+09  2.94463e+09  2.94463e+09 -5.28419e+06 -5.28441e+06  5.27834e+06
  300.00 -8.16577  2.88638e+09  2.88637e+09  2.88637e+09  4.13229e+06  4.13197e+06 -4.13798e+06
  300.00 -8.14865  2.82426e+09  2.82425e+09  2.82425e+09  1.22004e+07  1.22000e+07 -1.22058e+07
  300.00 -8.13153  2.75959e+09  2.75959e+09  2.75959e+09  1.87224e+07  1.87221e+07 -1.87274e+07
  300.00 -8.11441  2.69394e+09  2.69393e+09  2.69393e+09  2.35981e+07  2.35979e+07 -2.36025e+07
  300.00 -8.09730  2.62892e+09  2.62892e+09  2.62892e+09  2.68244e+07  2.68243e+07 -2.68280e+07
  300.00 -8.08018  2.56614e+09  2.56614e+09  2.56614e+09  2.84885e+07  2.84886e+07 -2.84913e+07
  300.00 -8.06306  2.50698e+09  2.50698e+09  2.50699e+09  2.87571e+07  2.87575e+07 -2.87591e+07
  300.00 -8.04595  2.45256e+09  2.45257e+09  2.45257e+09  2.78611e+07  2.78617e+07 -2.78621e+07
  300.00 -8.02883  2.40361e+09  2.40362e+09  2.40363e+09  2.60793e+07  2.60801e+07 -2.60793e+07
  300.00 -8.01171  2.36044e+09  2.36045e+09  2.36046e+09  2.37215e+07  2.37225e+07 -2.37205e+07
  300.00 -7.99459  2.32290e+09  2.32291e+09  2.32292e+09  2.11114e+07  2.11125e+07 -2.11095e+07
  300.00 -7.97748  2.29041e+09  2.29042e+09  2.29043e+09  1.85691e+07  1.85704e+07 -1.85665e+07
  300.00 -7.96036  2.26199e+09  2.26200e+09  2.26201e+09  1.63930e+07  1.63943e+07 -1.63896e+07
  300.00 -7.94324  2.23633e+09  2.23635e+09  2.23635e+09  1.48396e+07  1.48409e+07 -1.48357e+07
  300.00 -7.92613  2.21190e+09  2.21192e+09  2.21192e+09  1.41039e+07  1.41052e+07 -1.40996e+07
  300.00 -7.90901  2.18704e+09  2.18706e+09  2.18707e+09  1.42989e+07  1.43000e+07 -1.42944e+07
  300.00 -7.89189  2.16014e+09  2.16016e+09  2.16016e+09  1.54387e+07  1.54396e+07 -1.54341e+07
  300.00 -7.87477  2.12972e+09  2.12974e+09  2.12974e+09  1.74274e+07  1.74281e+07 -1.74231e+07
  300.00 -7.85766  2.09464e+09  2.09466e+09  2.09467e+09  2.00585e+07  2.00589e+07 -2.00545e+07
  300.00 -7.84054  2.05418e+09  2.05419e+09  2.05420e+09  2.30252e+07  2.30255e+07 -2.30219e+07
  300.00 -7.82342  2.00811e+09  2.00812e+09  2.00813e+09  2.59465e+07  2.59466e+07 -2.59439e+07
  300.00 -7.80631  1.95679e+09  1.95680e+09  1.95680e+09  2.84034e+07  2.84034e+07 -2.84016e+07
  300.00 -7.78919  1.90110e+09  1.90111e+09  1.90111e+09  2.99846e+07  2.99847e+07 -2.99837e+07
  300.00 -7.77207  1.84242e+09  1.84242e+09  1.84243e+09  3.03337e+07  3.03339e+07 -3.03337e+07
  300.00 -7.75495  1.78248e+09  1.78249e+09  1.78249e+09  2.91904e+07  2.91908e+07 -2.91913e+07
  300.00 -7.73784  1.72326e+09  1.72326e+09  1.72327e+09  2.64204e+07  2.64211e+07 -2.64222e+07
  300.00 -7.72072  1.66677e+09  1.66677e+09  1.66678e+09  2.20296e+07  2.20306e+07 -2.20322e+07
  300.00 -7.70360  1.61492e+09  1.61492e+09  1.61493e+09  1.61626e+07  1.61639e+07 -1.61658e+07
  300.00 -7.68649  1.56936e+09  1.56935e+09  1.56936e+09  9.09005e+06  9.09154e+06 -9.09377e+06
  300.00 -7.66937  1.53129e+09  1.53129e+09  1.53129e+09  1.18864e+06  1.19021e+06 -1.19262e+06
  300.00 -7.65225  1.50143e+09  1.50143e+09  1.50143e+09 -7.08065e+06 -7.07916e+06  7.07666e+06
  300.00 -7.63514  1.47985e+09  1.47984e+09  1.47984e+09 -1.51962e+07 -1.51950e+07  1.51925e+07
  300.00 -7.61802  1.46593e+09  1.46593e+09  1.46593e+09 -2.26059e+07 -2.26052e+07  2.26028e+07
  300.00 -7.60090  1.45839e+09  1.45839e+09  1.45838e+09 -2.87706e+07 -2.87705e+07  2.87683e+07
  300.00 -7.58378  1.45527e+09  1.45527e+09  1.45526e+09 -3.32272e+07 -3.32278e+07  3.32260e+07
  300.00 -7.56667  1.45408e+09  1.45407e+09  1.45407e+09 -3.56680e+07 -3.56694e+07  3.56680e+07
  300.00 -7.54955  1.45203e+09  1.45202e+09  1.45201e+09 -3.60163e+07 -3.60184e+07  3.60176e+07
  300.00 -7.53243  1.44633e+09  1.44632e+09  1.44632e+09 -3.44684e+07 -3.44709e+07  3.44708e+07
  300.00 -7.51532  1.43463e+09  1.43462e+09  1.43461e+09 -3.14704e+07 -3.14730e+07  3.14736e+07
  300.00 -7.49820  1.41544e+09  1.41543e+09  1.41542e+09 -2.76173e+07 -2.76198e+07  2.76210e+07
  300.00 -7.48108  1.38859e+09  1.38858e+09  1.38858e+09 -2.35023e+07 -2.35042e+07  2.35059e+07
  300.00 -7.46396  1.35566e+09  1.35565e+09  1.35564e+09 -1.95723e+07 -1.95734e+07  1.95754e+07
  300.00 -7.44685  1.32019e+09  1.32018e+09  1.32017e+09 -1.60587e+07 -1.60590e+07  1.60611e+07
  300.00 -7.42973  1.28781e+09  1.28780e+09  1.28780e+09 -1.30166e+07 -1.30161e+07  1.30182e+07
  300.00 -7.41261  1.26618e+09  1.26617e+09  1.26617e+09 -1.04452e+07 -1.04442e+07  1.04460e+07
  300.00 -7.39550  1.26476e+09  1.26475e+09  1.26475e+09 -8.41600e+06 -8.41472e+06  8.41627e+06
  300.00 -7.37838  1.29477e+09  1.29476e+09  1.29476e+09 -7.13311e+06 -7.13197e+06  7.13308e+06
  300.00 -7.36126  1.36944e+09  1.36944e+09  1.36944e+09 -6.90081e+06 -6.90019e+06  6.90076e+06
  300.00 -7.34414  1.50494e+09  1.50494e+09  1.50494e+09 -8.03254e+06 -8.03284e+06  8.03278e+06
  300.00 -7.32703  1.72204e+09  1.72204e+09  1.72204e+09 -1.07720e+07 -1.07736e+07  1.07729e+07
  300.00 -7.30991  2.04827e+09  2.04827e+09  2.04827e+09 -1.53000e+07 -1.53034e+07  1.53020e+07
  300.00 -7.29279  2.51902e+09  2.51902e+09  2.51903e+09 -2.18540e+07 -2.18593e+07  2.18576e+07
  300.00 -7.27568  3.17312e+09  3.17313e+09  3.17314e+09 -3.08484e+07 -3.08560e+07  3.08543e+07
  300.00 -7.25856  4.03549e+09  4.03550e+09  4.03551e+09 -4.26872e+07 -4.26970e+07  4.26959e+07
  300.00 -7.24144  5.08362e+09  5.08363e+09  5.08364e+09 -5.69608e+07 -5.69724e+07  5.69724e+07
  300.00 -7.22432  6.21544e+09  6.21545e+09  6.21546e+09 -7.14378e+07 -7.14504e+07  7.14521e+07
  300.00 -7.20721  7.25925e+09  7.25926e+09  7.25927e+09 -8.22875e+07 -8.22997e+07  8.23033e+07
  300.00 -7.19009  8.04671e+09  8.04672e+09  8.04673e+09 -8.57477e+07 -8.57580e+07  8.57631e+07
  300.00 -7.17297  8.49900e+09  8.49901e+09  8.49902e+09 -7.92908e+07 -7.92975e+07  7.93033e+07
  300.00 -7.15586  8.64599e+09  8.64600e+09  8.64600e+09 -6.23889e+07 -6.23911e+07  6.23960e+07
  300.00 -7.13874  8.56847e+09  8.56848e+09  8.56847e+09 -3.75370e+07 -3.75343e+07  3.75369e+07
  300.00 -7.12162  8.33594e+09  8.33594e+09  8.33593e+09 -9.71281e+06 -9.70550e+06  9.70465e+06
  300.00 -7.10450  7.99703e+09  7.99702e+09  7.99701e+09  1.58638e+07  1.58749e+07 -1.58794e+07
  300.00 -7.08739  7.60382e+09  7.60382e+09  7.60380e+09  3.56989e+07  3.57124e+07 -3.57202e+07
  300.00 -7.07027  7.22139e+09  7.22139e+09  7.22137e+09  4.85429e+07  4.85577e+07 -4.85676e+07
  300.00 -7.05315  6.91026e+09  6.91026e+09  6.91025e+09  5.47307e+07  5.47456e+07 -5.47562e+07
  300.00 -7.03604  6.70651e+09  6.70651e+09  6.70650e+09  5.52754e+07  5.52894e+07 -5.52993e+07
  300.00 -7.01892  6.62001e+09  6.62001e+09  6.62001e+09  5.13849e+07  5.13973e+07 -5.14053e+07
  300.00 -7.00180  6.64791e+09  6.64792e+09  6.64793e+09  4.44159e+07  4.44261e+07 -4.44312e+07
  300.00 -6.98468  6.78738e+09  6.78739e+09  6.78741e+09  3.59135e+07  3.59212e+07 -3.59229e+07
  300.00 -6.96757  7.03640e+09  7.03642e+09  7.03644e+09  2.75004e+07  2.75055e+07 -2.75035e+07
  300.00 -6.95045  7.38514e+09  7.38516e+09  7.38518e+09  2.07031e+07  2.07056e+07 -2.06998e+07
  300.00 -6.93333  7.80959e+09  7.80961e+09  7.80963e+09  1.68964e+07  1.68962e+07 -1.68870e+07
  300.00 -6.91622  8.27416e+09  8.27418e+09  8.27421e+09  1.72416e+07  1.72390e+07 -1.72268e+07
  300.00 -6.89910  8.73821e+09  8.73823e+09  8.73826e+09  2.22526e+07  2.22480e+07 -2.22336e+07
  300.00 -6.88198  9.16078e+09  9.16080e+09  9.16082e+09  3.11082e+07  3.11021e+07 -3.10864e+07
  300.00 -6.86486  9.50580e+09  9.50582e+09  9.50584e+09  4.15511e+07  4.15439e+07 -4.15279e+07
  300.00 -6.84775  9.74953e+09  9.74955e+09  9.74956e+09  5.09297e+07  5.09220e+07 -5.09068e+07
  300.00 -6.83063  9.88636e+09  9.88637e+09  9.88637e+09  5.78151e+07  5.78076e+07 -5.77943e+07
  300.00 -6.81351  9.92978e+09  9.92978e+09  9.92978e+09  6.30174e+07  6.30108e+07 -6.30005e+07
  300.00 -6.79640  9.90679e+09  9.90679e+09  9.90678e+09  6.92083e+07  6.92035e+07 -6.91968e+07
  300.00 -6.77928  9.84620e+09  9.84620e+09  9.84618e+09  7.91969e+07  7.91945e+07 -7.91922e+07
  300.00 -6.76216  9.76551e+09  9.76549e+09  9.76546e+09  9.36998e+07  9.37002e+07 -9.37024e+07
  300.00 -6.74505  9.66274e+09  9.66272e+09  9.66268e+09  1.09862e+08  1.09866e+08 -1.09872e+08
  300.00 -6.72793  9.51672e+09  9.51670e+09  9.51666e+09  1.21637e+08  1.21643e+08 -1.21653e+08
  300.00 -6.71081  9.29556e+09  9.29554e+09  9.29550e+09  1.22286e+08  1.22294e+08 -1.22307e+08
  300.00 -6.69369  8.97130e+09  8.97128e+09  8.97124e+09  1.07844e+08  1.07854e+08 -1.07868e+08
  300.00 -6.67658  8.53492e+09  8.53490e+09  8.53487e+09  7.91805e+07  7.91910e+07 -7.92058e+07
  300.00 -6.65946  8.00287e+09  8.00286e+09  8.00284e+09  4.12254e+07  4.12352e+07 -4.12494e+07
  300.00 -6.64234  7.41107e+09  7.41106e+09  7.41106e+09  7.28355e+05  7.36163e+05 -7.48873e+05
  300.00 -6.62523  6.80285e+09  6.80284e+09  6.80284e+09 -3.54192e+07 -3.54142e+07  3.54039e+07
  300.00 -6.60811  6.22070e+09  6.22070e+09  6.22070e+09 -6.12042e+07 -6.12026e+07  6.11953e+07
  300.00 -6.59099  5.70510e+09  5.70510e+09  5.70510e+09 -7.25336e+07 -7.25352e+07  7.25314e+07
  300.00 -6.57387  5.29482e+09  5.29481e+09  5.29482e+09 -6.82199e+07 -6.82245e+07  6.82240e+07
  300.00 -6.55676  5.02368e+09  5.02367e+09  5.02368e+09 -5.02908e+07 -5.02978e+07  5.03002e+07
  300.00 -6.53964  4.91342e+09  4.91341e+09  4.91342e+09 -2.33734e+07 -2.33823e+07  2.33870e+07
  300.00 -6.52252  4.96492e+09  4.96492e+09  4.96492e+09  6.37616e+06  6.36581e+06 -6.35955e+06
  300.00 -6.50541  5.15103e+09  5.15102e+09  5.15103e+09  3.23172e+07  3.23059e+07 -3.22989e+07
  300.00 -6.48829  5.41698e+09  5.41698e+09  5.41699e+09  4.85983e+07  4.85866e+07 -4.85794e+07
  300.00 -6.47117  5.69400e+09  5.69401e+09  5.69403e+09  5.19741e+07  5.19628e+07 -5.19560e+07
  300.00 -6.45405  5.92123e+09  5.92124e+09  5.92126e+09  4.31808e+07  4.31707e+07 -4.31644e+07
  300.00 -6.43694  6.06302e+09  6.06303e+09  6.06306e+09  2.64000e+07  2.63919e+07 -2.63862e+07
  300.00 -6.41982  6.11448e+09  6.11450e+09  6.11453e+09  7.09304e+06  7.08764e+06 -7.08233e+06
  300.00 -6.40270  6.09624e+09  6.09627e+09  6.09629e+09 -1.00388e+07 -1.00410e+07  1.00459e+07
  300.00 -6.38559  6.04109e+09  6.04111e+09  6.04113e+09 -2.19308e+07 -2.19296e+07  2.19338e+07
  300.00 -6.36847  5.97834e+09  5.97836e+09  5.97838e+09 -2.71899e+07 -2.71851e+07  2.71883e+07
  300.00 -6.35135  5.92324e+09  5.92325e+09  5.92326e+09 -2.59259e+07 -2.59177e+07  2.59197e+07
  300.00 -6.33423  5.87451e+09  5.87452e+09  5.87452e+09 -1.95280e+07 -1.95167e+07  1.95173e+07
  300.00 -6.31712  5.81906e+09  5.81906e+09  5.81905e+09 -1.01941e+07 -1.01803e+07  1.01794e+07
  300.00 -6.30000  5.74082e+09  5.74082e+09  5.74079e+09 -2.22328e+05 -2.06716e+05  2.04361e+05
  300.00 -6.28288  5.62943e+09  5.62942e+09  5.62938e+09  8.62244e+06  8.63890e+06 -8.64277e+06
  300.00 -6.26577  5.48321e+09  5.48320e+09  5.48316e+09  1.54110e+07  1.54272e+07 -1.54327e+07
  300.00 -6.24865  5.30559e+09  5.30557e+09  5.30552e+09  1.99987e+07  2.00137e+07 -2.00206e+07
  300.00 -6.23153  5.10004e+09  5.10001e+09  5.09997e+09  2.26612e+07  2.26740e+07 -2.26825e+07
  300.00 -6.21441  4.86888e+09  4.86885e+09  4.86882e+09  2.35591e+07  2.35688e+07 -2.35787e+07
  300.00 -6.19730  4.61496e+09  4.61493e+09  4.61491e+09  2.24347e+07  2.24411e+07 -2.24518e+07
  300.00 -6.18018  4.34311e+09  4.34308e+09  4.34307e+09  1.88715e+07  1.88748e+07 -1.88858e+07
  300.00 -6.16306  4.06102e+09  4.06099e+09  4.06099e+09  1.28708e+07  1.28717e+07 -1.28819e+07
  300.00 -6.14595  3.77974e+09  3.77972e+09  3.77972e+09  5.15136e+06  5.15069e+06 -5.15909e+06
  300.00 -6.12883  3.51153e+09  3.51152e+09  3.51152e+09 -3.08313e+06 -3.08447e+06  3.07900e+06
  300.00 -6.11171  3.26488e+09  3.26488e+09  3.26488e+09 -1.06024e+07 -1.06040e+07  1.06021e+07
  300.00 -6.09459  3.04054e+09  3.04054e+09  3.04055e+09 -1.64276e+07 -1.64293e+07  1.64312e+07
  300.00 -6.07748  2.83181e+09  2.83182e+09  2.83183e+09 -1.98854e+07 -1.98876e+07  1.98928e+07
  300.00 -6.06036  2.62806e+09  2.62807e+09  2.62808e+09 -2.06510e+07 -2.06542e+07  2.06617e+07
  300.00 -6.04324  2.41898e+09  2.41900e+09  2.41902e+09 -1.88563e+07 -1.88609e+07  1.88696e+07
  300.00 -6.02613  2.19838e+09  2.19840e+09  2.19841e+09 -1.51394e+07 -1.51456e+07  1.51546e+07
  300.00 -6.00901  1.96643e+09  1.96645e+09  1.96646e+09 -1.05138e+07 -1.05215e+07  1.05299e+07
  300.00 -5.99189  1.72931e+09  1.72933e+09  1.72935e+09 -6.08597e+06 -6.09484e+06  6.10225e+06
  300.00 -5.97477  1.49595e+09  1.49597e+09  1.49598e+09 -2.75535e+06 -2.76487e+06  2.77102e+06
  300.00 -5.95766  1.27399e+09  1.27400e+09  1.27402e+09 -1.01553e+06 -1.02512e+06  1.02994e+06
  300.00 -5.94054  1.06769e+09  1.06770e+09  1.06772e+09 -8.94656e+05 -9.03725e+05  9.07256e+05
  300.00 -5.92342  8.78562e+08  8.78569e+08  8.78582e+08 -2.01223e+06 -2.02028e+06  2.02261e+06
  300.00 -5.90631  7.07103e+08  7.07109e+08  7.07120e+08 -3.72355e+06 -3.73021e+06  3.73148e+06
  300.00 -5.88919  5.53975e+08  5.53979e+08  5.53987e+08 -5.32413e+06 -5.32918e+06  5.32960e+06
  300.00 -5.87207  4.19800e+08  4.19802e+08  4.19807e+08 -6.25764e+06 -6.26102e+06  6.26080e+06
  300.00 -5.85495  3.04513e+08  3.04514e+08  3.04517e+08 -6.25131e+06 -6.25315e+06  6.25250e+06
  300.00 -5.83784  2.07298e+08  2.07298e+08  2.07299e+08 -5.34024e+06 -5.34077e+06  5.33991e+06
  300.00 -5.82072  1.27376e+08  1.27375e+08  1.27374e+08 -3.80599e+06 -3.80561e+06  3.80472e+06
  300.00 -5.80360  6.50208e+07  6.50193e+07  6.50180e+07 -2.08165e+06 -2.08080e+06  2.08005e+06
  300.00 -5.78649  2.20338e+07  2.20325e+07  2.20313e+07 -6.56193e+05 -6.55395e+05  6.54908e+05
  300.00 -5.76937  1.36420e+06  1.36384e+06  1.36343e+06  1.00120e+04  1.02740e+04 -1.04012e+04
  300.00 -5.75225  6.27260e+06  6.27348e+06  6.27456e+06 -4.48846e+05 -4.49518e+05  4.49812e+05
  300.00 -5.73514  3.96832e+07  3.96855e+07  3.96885e+07 -2.26293e+06 -2.26478e+06  2.26554e+06
  300.00 -5.71802  1.04060e+08  1.04064e+08  1.04069e+08 -5.50471e+06 -5.50779e+06  5.50902e+06
  300.00 -5.70090  2.01592e+08  2.01597e+08  2.01604e+08 -1.00682e+07 -1.00724e+07  1.00741e+07
  300.00 -5.68378  3.34325e+08  3.34330e+08  3.34340e+08 -1.56399e+07 -1.56448e+07  1.56470e+07
  300.00 -5.66667  5.04345e+08  5.04351e+08  5.04361e+08 -2.16803e+07 -2.16854e+07  2.16881e+07
  300.00 -5.64955  7.14668e+08  7.14672e+08  7.14683e+08 -2.74657e+07 -2.74703e+07  2.74733e+07
  300.00 -5.63243  9.71239e+08  9.71243e+08  9.71253e+08 -3.22233e+07 -3.22268e+07  3.22298e+07
  300.00 -5.61532  1.28529e+09  1.28529e+09  1.28530e+09 -3.53337e+07 -3.53354e+07  3.53381e+07
  300.00 -5.59820  1.67413e+09  1.67413e+09  1.67413e+09 -3.65055e+07 -3.65045e+07  3.65066e+07
  300.00 -5.58108  2.15830e+09  2.15830e+09  2.15830e+09 -3.58151e+07 -3.58109e+07  3.58118e+07
  300.00 -5.56396  2.75396e+09  2.75396e+09  2.75395e+09 -3.35608e+07 -3.35530e+07  3.35524e+07
  300.00 -5.54685  3.46061e+09  3.46060e+09  3.46059e+09 -2.99905e+07 -2.99792e+07  2.99765e+07
  300.00 -5.52973  4.24873e+09  4.24871e+09  4.24870e+09 -2.51282e+07 -2.51139e+07  2.51090e+07
  300.00 -5.51261  5.05684e+09  5.05682e+09  5.05680e+09 -1.89592e+07 -1.89430e+07  1.89359e+07
  300.00 -5.49550  5.80584e+09  5.80582e+09  5.80580e+09 -1.18818e+07 -1.18650e+07  1.18562e+07
  300.00 -5.47838  6.42638e+09  6.42636e+09  6.42634e+09 -4.82722e+06 -4.81166e+06  4.80188e+06
  300.00 -5.46126  6.88233e+09  6.88231e+09  6.88228e+09  1.31564e+06  1.32853e+06 -1.33825e+06
  300.00 -5.44414  7.17446e+09  7.17444e+09  7.17442e+09  6.39564e+06  6.40497e+06 -6.41378e+06
  300.00 -5.42703  7.32536e+09  7.32534e+09  7.32532e+09  1.10392e+07  1.10448e+07 -1.10523e+07
  300.00 -5.40991  7.36017e+09  7.36016e+09  7.36014e+09  1.61430e+07  1.61453e+07 -1.61513e+07
  300.00 -5.39279  7.29515e+09  7.29514e+09  7.29513e+09  2.24150e+07  2.24145e+07 -2.24195e+07
  300.00 -5.37568  7.13485e+09  7.13484e+09  7.13483e+09  3.01823e+07  3.01796e+07 -3.01840e+07
  300.00 -5.35856  6.87350e+09  6.87349e+09  6.87348e+09  3.93281e+07  3.93238e+07 -3.93280e+07
  300.00 -5.34144  6.49786e+09  6.49786e+09  6.49785e+09  4.92479e+07  4.92423e+07 -4.92466e+07
  300.00 -5.32432  5.99168e+09  5.99168e+09  5.99168e+09  5.88468e+07  5.88402e+07 -5.88447e+07
  300.00 -5.30721  5.34319e+09  5.34319e+09  5.34319e+09  6.66484e+07  6.66411e+07 -6.66455e+07
  300.00 -5.29009  4.55521e+09  4.55521e+09  4.55522e+09  7.10510e+07  7.10434e+07 -7.10475e+07
  300.00 -5.27297  3.65469e+09  3.65469e+09  3.65469e+09  7.06995e+07  7.06922e+07 -7.06954e+07
  300.00 -5.25586  2.69715e+09  2.69715e+09  2.69715e+09  6.48720e+07  6.48655e+07 -6.48676e+07
  300.00 -5.23874  1.76320e+09  1.76320e+09  1.76320e+09  5.37660e+07  5.37606e+07 -5.37616e+07
  300.00 -5.22162  9.47415e+08  9.47416e+08  9.47417e+08  3.86036e+07  3.85998e+07 -3.85999e+07
  300.00 -5.20450  3.43608e+08  3.43609e+08  3.43609e+08  2.15439e+07  2.15417e+07 -2.15413e+07
  300.00 -5.18739  3.09314e+07  3.09317e+07  3.09319e+07  5.42303e+06  5.42243e+06 -5.42220e+06
  300.00 -5.17027  6.31873e+07  6.31867e+07  6.31863e+07 -6.66150e+06 -6.66079e+06  6.66029e+06
  300.00 -5.15315  4.59698e+08  4.59696e+08  4.59694e+08 -1.19406e+07 -1.19391e+07  1.19374e+07
  300.00 -5.13604  1.19377e+09  1.19377e+09  1.19376e+09 -8.72383e+06 -8.72202e+06  8.71894e+06
  300.00 -5.11892  2.17736e+09  2.17735e+09  2.17735e+09  2.85044e+06  2.85172e+06 -2.85613e+06
  300.00 -5.10180  3.25010e+09  3.25009e+09  3.25009e+09  2.04782e+07  2.04782e+07 -2.04836e+07
  300.00 -5.08468  4.19314e+09  4.19313e+09  4.19313e+09  4.02985e+07  4.02964e+07 -4.03024e+07
  300.00 -5.06757  4.78603e+09  4.78602e+09  4.78601e+09  5.84800e+07  5.84757e+07 -5.84818e+07
  300.00 -5.05045  4.89228e+09  4.89227e+09  4.89227e+09  7.27065e+07  7.27004e+07 -7.27060e+07
  300.00 -5.03333  4.51855e+09  4.51854e+09  4.51854e+09  8.22030e+07  8.21959e+07 -8.22008e+07
  300.00 -5.01622  3.80138e+09  3.80138e+09  3.80137e+09  8.66329e+07  8.66257e+07 -8.66295e+07
  300.00 -4.99910  2.93617e+09  2.93617e+09  2.93617e+09  8.55902e+07  8.55837e+07 -8.55862e+07
  300.00 -4.98198  2.10052e+09  2.10052e+09  2.10052e+09  7.92142e+07  7.92087e+07 -7.92100e+07
  300.00 -4.96486  1.40835e+09  1.40835e+09  1.40835e+09  6.87950e+07  6.87907e+07 -6.87910e+07
  300.00 -4.94775  9.00829e+08  9.00830e+08  9.00829e+08  5.65132e+07  5.65101e+07 -5.65097e+07
  300.00 -4.93063  5.64346e+08  5.64347e+08  5.64346e+08  4.45941e+07  4.45920e+07 -4.45913e+07
  300.00 -4.91351  3.59639e+08  3.59639e+08  3.59638e+08  3.45973e+07  3.45960e+07 -3.45953e+07
  300.00 -4.89640  2.46133e+08  2.46133e+08  2.46132e+08  2.72332e+07  2.72324e+07 -2.72318e+07
  300.00 -4.87928  1.94208e+08  1.94208e+08  1.94207e+08  2.25499e+07  2.25496e+07 -2.25491e+07
  300.00 -4.86216  1.88148e+08  1.88148e+08  1.88147e+08  2.00951e+07  2.00951e+07 -2.00948e+07
  300.00 -4.84505  2.25550e+08  2.25550e+08  2.25549e+08  1.88642e+07  1.88644e+07 -1.88642e+07
  300.00 -4.82793  3.15622e+08  3.15623e+08  3.15622e+08  1.72040e+07  1.72044e+07 -1.72044e+07
  300.00 -4.81081  4.76652e+08  4.76653e+08  4.76653e+08  1.29570e+07  1.29575e+07 -1.29578e+07
  300.00 -4.79369  7.33263e+08  7.33264e+08  7.33264e+08  3.90547e+06  3.90601e+06 -3.90648e+06
  300.00 -4.77658  1.11279e+09  1.11280e+09  1.11280e+09 -1.16496e+07 -1.16490e+07  1.16484e+07
  300.00 -4.75946  1.63782e+09  1.63783e+09  1.63783e+09 -3.42993e+07 -3.42988e+07  3.42980e+07
  300.00 -4.74234  2.31406e+09  2.31406e+09  2.31406e+09 -6.30334e+07 -6.30328e+07  6.30322e+07
  300.00 -4.72523  3.11957e+09  3.11957e+09  3.11957e+09 -9.51472e+07 -9.51465e+07  9.51462e+07
  300.00 -4.70811  4.00513e+09  4.00513e+09  4.00514e+09 -1.26887e+08 -1.26886e+08  1.26886e+08
  300.00 -4.69099  4.90941e+09  4.90942e+09  4.90942e+09 -1.54633e+08 -1.54632e+08  1.54633e+08
  300.00 -4.67387  5.78157e+09  5.78157e+09  5.78158e+09 -1.75774e+08 -1.75774e+08  1.75776e+08
  300.00 -4.65676  6.59781e+09  6.59782e+09  6.59782e+09 -1.88750e+08 -1.88749e+08  1.88752e+08
  300.00 -4.63964  7.36189e+09  7.36189e+09  7.36190e+09 -1.92840e+08 -1.92840e+08  1.92844e+08
  300.00 -4.62252  8.09041e+09  8.09042e+09  8.09043e+09 -1.88167e+08 -1.88168e+08  1.88172e+08
  300.00 -4.60541  8.79658e+09  8.79659e+09  8.79660e+09 -1.75371e+08 -1.75372e+08  1.75377e+08
  300.00 -4.58829  9.48486e+09  9.48486e+09  9.48487e+09 -1.54973e+08 -1.54974e+08  1.54979e+08
  300.00 -4.57117  1.01560e+10  1.01560e+10  1.01560e+10 -1.27290e+08 -1.27291e+08  1.27295e+08
  300.00 -4.55405  1.08123e+10  1.08123e+10  1.08123e+10 -9.30603e+07 -9.30611e+07  9.30643e+07
  300.00 -4.53694  1.14552e+10  1.14552e+10  1.14553e+10 -5.40834e+07 -5.40836e+07  5.40861e+07
  300.00 -4.51982  1.20790e+10  1.20790e+10  1.20790e+10 -1.32850e+07 -1.32845e+07  1.32860e+07
  300.00 -4.50270  1.26668e+10  1.26668e+10  1.26668e+10  2.59124e+07  2.59136e+07 -2.59131e+07
  300.00 -4.48559  1.31972e+10  1.31972e+10  1.31972e+10  6.06582e+07  6.06598e+07 -6.06603e+07
  300.00 -4.46847  1.36576e+10  1.36576e+10  1.36576e+10  8.96115e+07  8.96131e+07 -8.96146e+07
  300.00 -4.45135  1.40544e+10  1.40544e+10  1.40544e+10  1.13046e+08  1.13047e+08 -1.13050e+08
  300.00 -4.43423  1.44107e+10  1.44107e+10  1.44107e+10  1.31949e+08  1.31950e+08 -1.31953e+08
  300.00 -4.41712  1.47508e+10  1.47508e+10  1.47508e+10  1.46842e+08  1.46842e+08 -1.46846e+08
  300.00 -4.40000  1.50808e+10  1.50808e+10  1.50808e+10  1.57288e+08  1.57287e+08 -1.57291e+08
  300.00 -4.38288  1.53791e+10  1.53791e+10  1.53791e+10  1.62330e+08  1.62328e+08 -1.62333e+08
  300.00 -4.36577  1.56004e+10  1.56004e+10  1.56004e+10  1.61290e+08  1.61287e+08 -1.61293e+08
  300.00 -4.34865  1.56910e+10  1.56910e+10  1.56910e+10  1.54275e+08  1.54272e+08 -1.54278e+08
  300.00 -4.33153  1.56060e+10  1.56060e+10  1.56060e+10  1.42197e+08  1.42194e+08 -1.42199e+08
  300.00 -4.31441  1.53226e+10  1.53226e+10  1.53226e+10  1.26478e+08  1.26476e+08 -1.26481e+08
  300.00 -4.29730  1.48478e+10  1.48478e+10  1.48478e+10  1.08703e+08  1.08702e+08 -1.08706e+08
  300.00 -4.28018  1.42167e+10  1.42167e+10  1.42167e+10  9.03346e+07  9.03342e+07 -9.03373e+07
  300.00 -4.26306  1.34833e+10  1.34833e+10  1.34833e+10  7.25398e+07  7.25404e+07 -7.25424e+07
  300.00 -4.24595  1.27052e+10  1.27052e+10  1.27052e+10  5.61183e+07  5.61199e+07 -5.61208e+07
  300.00 -4.22883  1.19303e+10  1.19303e+10  1.19303e+10  4.14812e+07  4.14836e+07 -4.14835e+07
  300.00 -4.21171  1.11925e+10  1.11925e+10  1.11925e+10  2.86393e+07  2.86424e+07 -2.86413e+07
  300.00 -4.19459  1.05173e+10  1.05173e+10  1.05173e+10  1.72084e+07  1.72119e+07 -1.72100e+07
  300.00 -4.17748  9.92812e+09  9.92812e+09  9.92811e+09  6.47526e+06  6.47901e+06 -6.47641e+06
  300.00 -4.16036  9.44618e+09  9.44618e+09  9.44617e+09 -4.43673e+06 -4.43287e+06  4.43609e+06
  300.00 -4.14324  9.08378e+09  9.08378e+09  9.08377e+09 -1.63031e+07 -1.62992e+07  1.63031e+07
  300.00 -4.12613  8.83808e+09  8.83808e+09  8.83807e+09 -2.95297e+07 -2.95258e+07  2.95305e+07
  300.00 -4.10901  8.69045e+09  8.69045e+09  8.69044e+09 -4.40511e+07 -4.40474e+07  4.40534e+07
  300.00 -4.09189  8.61297e+09  8.61297e+09  8.61296e+09 -5.94209e+07 -5.94175e+07  5.94257e+07
  300.00 -4.07477  8.57841e+09  8.57841e+09  8.57840e+09 -7.49397e+07 -7.49368e+07  7.49490e+07
  300.00 -4.05766  8.56823e+09  8.56823e+09  8.56822e+09 -8.97313e+07 -8.97291e+07  8.97488e+07
  300.00 -4.04054  8.57508e+09  8.57508e+09  8.57507e+09 -1.02805e+08 -1.02804e+08  1.02837e+08
  300.00 -4.02342  8.59985e+09  8.59985e+09  8.59985e+09 -1.13150e+08 -1.13149e+08  1.13207e+08
  300.00 -4.00631  8.64466e+09  8.64466e+09  8.64466e+09 -1.19855e+08 -1.19856e+08  1.19958e+08
  300.00 -3.98919  8.70295e+09  8.70294e+09  8.70294e+09 -1.22235e+08 -1.22236e+08  1.22418e+08
  300.00 -3.97207  8.74902e+09  8.74902e+09  8.74901e+09 -1.19903e+08 -1.19904e+08  1.20226e+08
  300.00 -3.95495  8.73333e+09  8.73333e+09  8.73332e+09 -1.12783e+08 -1.12784e+08  1.13347e+08
  300.00 -3.93784  8.59269e+09  8.59269e+09  8.59268e+09 -1.01052e+08 -1.01053e+08  1.02016e+08
  300.00 -3.92072  8.27941e+09  8.27941e+09  8.27939e+09 -8.51252e+07 -8.51259e+07  8.67285e+07
  300.00 -3.90360  7.79649e+09  7.79649e+09  7.79648e+09 -6.57917e+07 -6.57915e+07  6.83687e+07
  300.00 -3.88649  7.21193e+09  7.21193e+09  7.21191e+09 -4.44037e+07 -4.44025e+07  4.83786e+07
  300.00 -3.86937  6.63620e+09  6.63620e+09  6.63617e+09 -2.27851e+07 -2.27829e+07  2.86319e+07
  300.00 -3.85225  6.17862e+09  6.17861e+09  6.17858e+09 -2.72964e+06 -2.72649e+06  1.08792e+07
  300.00 -3.83514  5.91331e+09  5.91329e+09  5.91327e+09  1.45240e+07  1.45280e+07 -3.81952e+06
  300.00 -3.81802  5.86939e+09  5.86937e+09  5.86933e+09  2.84277e+07  2.84326e+07 -1.52073e+07
  300.00 -3.80090  6.03820e+09  6.03816e+09  6.03813e+09  3.89135e+07  3.89190e+07 -2.35188e+07
  300.00 -3.78378  6.38494e+09  6.38488e+09  6.38484e+09  4.61002e+07  4.61062e+07 -2.91293e+07
  300.00 -3.76667  6.85554e+09  6.85545e+09  6.85541e+09  5.00805e+07  5.00868e+07 -3.24016e+07
  300.00 -3.74955  7.37700e+09  7.37689e+09  7.37684e+09  5.08982e+07  5.09045e+07 -3.36826e+07
  300.00 -3.73243  7.85979e+09  7.85970e+09  7.85965e+09  4.87365e+07  4.87426e+07 -3.32921e+07
  300.00 -3.71532  8.21319e+09  8.21315e+09  8.21310e+09  4.40964e+07  4.41022e+07 -3.14777e+07
  300.00 -3.69820  8.36863e+09  8.36865e+09  8.36859e+09  3.77267e+07  3.77322e+07 -2.84591e+07
  300.00 -3.68108  8.29390e+09  8.29396e+09  8.29390e+09  3.04155e+07  3.04209e+07 -2.45477e+07
  300.00 -3.66396  7.99162e+09  7.99168e+09  7.99163e+09  2.28930e+07  2.28984e+07 -2.01704e+07
  300.00 -3.64685  7.48995e+09  7.48999e+09  7.48993e+09  1.58355e+07  1.58411e+07 -1.58099e+07
  300.00 -3.62973  6.83432e+09  6.83431e+09  6.83425e+09  9.83441e+06  9.84025e+06 -1.19510e+07
  300.00 -3.61261  6.08120e+09  6.08115e+09  6.08109e+09  5.32864e+06  5.33496e+06 -9.01484e+06
  300.00 -3.59550  5.28991e+09  5.28983e+09  5.28977e+09  2.55921e+06  2.56621e+06 -7.27855e+06
  300.00 -3.57838  4.51087e+09  4.51078e+09  4.51072e+09  1.54046e+06  1.54844e+06 -6.82687e+06
  300.00 -3.56126  3.77595e+09  3.77586e+09  3.77580e+09  2.02892e+06  2.03826e+06 -7.53192e+06
  300.00 -3.54414  3.09806e+09  3.09797e+09  3.09791e+09  3.52882e+06  3.53989e+06 -9.02861e+06
  300.00 -3.52703  2.48030e+09  2.48025e+09  2.48019e+09  5.38764e+06  5.40066e+06 -1.07332e+07
  300.00 -3.50991  1.92680e+09  1.92678e+09  1.92672e+09  6.96553e+06  6.98043e+06 -1.19929e+07
  300.00 -3.49279  1.44683e+09  1.44685e+09  1.44679e+09  7.79144e+06  7.80781e+06 -1.23258e+07
  300.00 -3.47568  1.05104e+09  1.05108e+09  1.05103e+09  7.65311e+06  7.67029e+06 -1.15859e+07
  300.00 -3.45856  7.44132e+08  7.44175e+08  7.44129e+08  6.65682e+06  6.67407e+06 -9.98762e+06
  300.00 -3.44144  5.19833e+08  5.19872e+08  5.19831e+08  5.20595e+06  5.22262e+06 -8.00127e+06
  300.00 -3.42432  3.61234e+08  3.61264e+08  3.61228e+08  3.77698e+06  3.79254e+06 -6.10513e+06
  300.00 -3.40721  2.45704e+08  2.45724e+08  2.45694e+08  2.63833e+06  2.65221e+06 -4.53298e+06
  300.00 -3.39009  1.52716e+08  1.52726e+08  1.52702e+08  1.77616e+06  1.78758e+06 -3.22221e+06
  300.00 -3.37297  7.39125e+07  7.39153e+07  7.38992e+07  1.05981e+06  1.06777e+06 -2.00549e+06
  300.00 -3.35586  1.83874e+07  1.83893e+07  1.83818e+07  4.50529e+05  4.54319e+05 -8.74027e+05
  300.00 -3.33874  1.73959e+04  2.32094e+04  2.34251e+04 -1.53002e+04 -1.53926e+04  2.27348e+04
  300.00 -3.32162  1.43231e+07  1.43323e+07  1.43372e+07 -4.00394e+05 -4.02932e+05  6.41586e+05
  300.00 -3.30450  3.62311e+07  3.62402e+07  3.62459e+07 -8.10746e+05 -8.13769e+05  1.08832e+06
  300.00 -3.28739  4.28779e+07  4.28846e+07  4.28881e+07 -1.16585e+06 -1.16783e+06  1.36960e+06
  300.00 -3.27027  3.04020e+07  3.04058e+07  3.04063e+07 -1.21816e+06 -1.21862e+06  1.32707e+06
  300.00 -3.25315  1.05739e+07  1.05755e+07  1.05744e+07 -8.14383e+05 -8.13922e+05  8.52714e+05
  300.00 -3.23604  4.47731e+04  4.56660e+04  4.55359e+04 -4.50976e+04 -4.50329e+04  4.53935e+04
  300.00 -3.21892  1.26414e+07  1.26432e+07  1.26471e+07  8.16380e+05  8.14486e+05 -8.29261e+05
  300.00 -3.20180  5.59542e+07  5.59581e+07  5.59689e+07  1.44549e+06  1.44029e+06 -1.45701e+06
  300.00 -3.18468  1.32117e+08  1.32124e+08  1.32143e+08  1.55767e+06  1.54832e+06 -1.56125e+06
  300.00 -3.16757  2.41572e+08  2.41582e+08  2.41611e+08  9.33399e+05  9.19622e+05 -9.27266e+05
  300.00 -3.15045  3.86706e+08  3.86719e+08  3.86759e+08 -6.05761e+05 -6.23755e+05  6.20980e+05
  300.00 -3.13333  5.72839e+08  5.72856e+08  5.72904e+08 -3.23885e+06 -3.26047e+06  3.26149e+06
  300.00 -3.11622  8.05960e+08  8.05980e+08  8.06036e+08 -7.16301e+06 -7.18736e+06  7.19105e+06
  300.00 -3.09910  1.08782e+09  1.08784e+09  1.08790e+09 -1.25313e+07 -1.25573e+07  1.25626e+07
  300.00 -3.08198  1.40983e+09  1.40985e+09  1.40992e+09 -1.92650e+07 -1.92914e+07  1.92975e+07
  300.00 -3.06486  1.74884e+09  1.74887e+09  1.74894e+09 -2.67807e+07 -2.68062e+07  2.68125e+07
  300.00 -3.04775  2.06976e+09  2.06979e+09  2.06986e+09 -3.38382e+07 -3.38618e+07  3.38678e+07
  300.00 -3.03063  2.33853e+09  2.33856e+09  2.33863e+09 -3.88143e+07 -3.88353e+07  3.88407e+07
  300.00 -3.01351  2.54053e+09  2.54055e+09  2.54061e+09 -4.04684e+07 -4.04866e+07  4.04912e+07
  300.00 -2.99640  2.68944e+09  2.68946e+09  2.68953e+09 -3.87187e+07 -3.87342e+07  3.87380e+07
  300.00 -2.97928  2.81567e+09  2.81569e+09  2.81575e+09 -3.46935e+07 -3.47065e+07  3.47096e+07
  300.00 -2.96216  2.94112e+09  2.94114e+09  2.94120e+09 -2.99488e+07 -2.99597e+07  2.99622e+07
  300.00 -2.94505  3.06012e+09  3.06014e+09  3.06019e+09 -2.56036e+07 -2.56126e+07  2.56147e+07
  300.00 -2.92793  3.13961e+09  3.13963e+09  3.13968e+09 -2.20164e+07 -2.20238e+07  2.20256e+07
  300.00 -2.91081  3.13735e+09  3.13737e+09  3.13741e+09 -1.89523e+07 -1.89584e+07  1.89599e+07
  300.00 -2.89369  3.02492e+09  3.02493e+09  3.02498e+09 -1.59566e+07 -1.59615e+07  1.59628e+07
  300.00 -2.87658  2.80119e+09  2.80120e+09  2.80123e+09 -1.27007e+07 -1.27046e+07  1.27057e+07
  300.00 -2.85946  2.49067e+09  2.49069e+09  2.49072e+09 -9.13998e+06 -9.14299e+06  9.14402e+06
  300.00 -2.84234  2.13184e+09  2.13185e+09  2.13187e+09 -5.47026e+06 -5.47260e+06  5.47350e+06
  300.00 -2.82523  1.76374e+09  1.76375e+09  1.76377e+09 -1.98825e+06 -1.99005e+06  1.99083e+06
  300.00 -2.80811  1.41700e+09  1.41701e+09  1.41703e+09  1.03590e+06  1.03451e+06 -1.03385e+06
  300.00 -2.79099  1.11036e+09  1.11036e+09  1.11038e+09  3.42705e+06  3.42599e+06 -3.42543e+06
  300.00 -2.77387  8.51626e+08  8.51631e+08  8.51643e+08  5.11852e+06  5.11771e+06 -5.11725e+06
  300.00 -2.75676  6.40776e+08  6.40780e+08  6.40790e+08  6.13304e+06  6.13242e+06 -6.13204e+06
  300.00 -2.73964  4.73351e+08  4.73354e+08  4.73361e+08  6.55290e+06  6.55242e+06 -6.55211e+06
  300.00 -2.72252  3.43183e+08  3.43186e+08  3.43191e+08  6.49317e+06  6.49280e+06 -6.49255e+06
  300.00 -2.70541  2.44058e+08  2.44060e+08  2.44064e+08  6.08282e+06  6.08252e+06 -6.08232e+06
  300.00 -2.68829  1.70412e+08  1.70413e+08  1.70417e+08  5.45218e+06  5.45195e+06 -5.45179e+06
  300.00 -2.67117  1.17401e+08  1.17402e+08  1.17405e+08  4.72275e+06  4.72256e+06 -4.72244e+06
  300.00 -2.65405  8.07177e+07  8.07185e+07  8.07203e+07  3.99662e+06  3.99646e+06 -3.99636e+06
  300.00 -2.63694  5.64786e+07  5.64792e+07  5.64806e+07  3.34720e+06  3.34707e+06 -3.34699e+06
  300.00 -2.61982  4.13337e+07  4.13342e+07  4.13353e+07  2.81601e+06  2.81590e+06 -2.81582e+06
  300.00 -2.60270  3.27455e+07  3.27459e+07  3.27468e+07  2.42019e+06  2.42009e+06 -2.42002e+06
  300.00 -2.58559  2.93061e+07  2.93064e+07  2.93071e+07  2.16859e+06  2.16849e+06 -2.16841e+06
  300.00 -2.56847  3.10527e+07  3.10530e+07  3.10537e+07  2.07281e+06  2.07272e+06 -2.07260e+06
  300.00 -2.55135  3.99160e+07  3.99163e+07  3.99169e+07  2.13894e+06  2.13883e+06 -2.13865e+06
  300.00 -2.53423  6.03334e+07  6.03336e+07  6.03344e+07  2.34423e+06  2.34410e+06 -2.34381e+06
  300.00 -2.51712  9.94530e+07  9.94533e+07  9.94541e+07  2.62273e+06  2.62257e+06 -2.62203e+06
  300.00 -2.50000  1.66081e+08  1.66081e+08  1.66082e+08  2.87768e+06  2.87751e+06 -2.87649e+06
  300.00 -2.48288  2.68499e+08  2.68500e+08  2.68500e+08  3.01952e+06  3.01935e+06 -3.01742e+06
  300.00 -2.46577  4.12275e+08  4.12276e+08  4.12276e+08  3.01191e+06  3.01176e+06 -3.00817e+06
  300.00 -2.44865  5.98712e+08  5.98712e+08  5.98713e+08  2.90228e+06  2.90216e+06 -2.89566e+06
  300.00 -2.43153  8.23600e+08  8.23600e+08  8.23600e+08  2.81740e+06  2.81734e+06 -2.80582e+06
  300.00 -2.41441  1.07596e+09  1.07596e+09  1.07596e+09  2.91817e+06  2.91819e+06 -2.89834e+06
  300.00 -2.39730  1.33718e+09  1.33718e+09  1.33718e+09  3.32490e+06  3.32501e+06 -3.29172e+06
  300.00 -2.38018  1.58155e+09  1.58155e+09  1.58155e+09  4.04183e+06  4.04203e+06 -3.98778e+06
  300.00 -2.36306  1.77906e+09  1.77906e+09  1.77906e+09  4.92470e+06  4.92498e+06 -4.83917e+06
  300.00 -2.34595  1.90171e+09  1.90171e+09  1.90171e+09  5.73491e+06  5.73527e+06 -5.60352e+06
  300.00 -2.32883  1.93230e+09  1.93230e+09  1.93230e+09  6.27749e+06  6.27790e+06 -6.08152e+06
  300.00 -2.31171  1.87119e+09  1.87119e+09  1.87119e+09  6.52237e+06  6.52280e+06 -6.23820e+06
  300.00 -2.29459  1.73475e+09  1.73475e+09  1.73475e+09  6.58243e+06  6.58283e+06 -6.18075e+06
  300.00 -2.27748  1.54648e+09  1.54647e+09  1.54648e+09  6.57013e+06  6.57045e+06 -6.01529e+06
  300.00 -2.26036  1.32879e+09  1.32878e+09  1.32878e+09  6.49706e+06  6.49727e+06 -5.74710e+06
  300.00 -2.24324  1.10092e+09  1.10092e+09  1.10092e+09  6.30402e+06  6.30411e+06 -5.31168e+06
  300.00 -2.22613  8.80171e+08  8.80169e+08  8.80169e+08  5.95178e+06  5.95175e+06 -4.66570e+06
  300.00 -2.20901  6.81724e+08  6.81720e+08  6.81721e+08  5.47395e+06  5.47382e+06 -3.83809e+06
  300.00 -2.19189  5.16321e+08  5.16316e+08  5.16316e+08  4.96610e+06  4.96590e+06 -2.91439e+06
  300.00 -2.17477  3.88144e+08  3.88136e+08  3.88136e+08  4.54291e+06  4.54267e+06 -1.98681e+06
  300.00 -2.15766  2.95183e+08  2.95172e+08  2.95172e+08  4.30374e+06  4.30349e+06 -1.11092e+06
  300.00 -2.14054  2.31923e+08  2.31907e+08  2.31907e+08  4.32723e+06  4.32698e+06 -2.87750e+05
  300.00 -2.12342  1.92521e+08  1.92497e+08  1.92497e+08  4.69500e+06  4.69477e+06  5.36994e+05
  300.00 -2.10631  1.72936e+08  1.72900e+08  1.72900e+08  5.53679e+06  5.53659e+06  1.47879e+06
  300.00 -2.08919  1.71487e+08  1.71431e+08  1.71432e+08  7.08595e+06  7.08577e+06  2.73989e+06
  300.00 -2.07207  1.87616e+08  1.87526e+08  1.87526e+08  9.70931e+06  9.70915e+06  4.64111e+06
  300.00 -2.05495  2.17953e+08  2.17810e+08  2.17810e+08  1.38165e+07  1.38164e+07  7.59391e+06
  300.00 -2.03784  2.49392e+08  2.49162e+08  2.49162e+08  1.95089e+07  1.95088e+07  1.18848e+07
  300.00 -2.02072  2.55124e+08  2.54764e+08  2.54764e+08  2.59184e+07  2.59184e+07  1.71543e+07
  300.00 -2.00360  2.07642e+08  2.07093e+08  2.07093e+08  3.05059e+07  3.05059e+07  2.16773e+07
  300.00 -1.98649  1.11450e+08  1.10635e+08  1.10635e+08  2.89554e+07  2.89555e+07  2.19924e+07
  300.00 -1.96937  2.32385e+07  2.20605e+07  2.20605e+07  1.62932e+07  1.62933e+07  1.36310e+07
  300.00 -1.95225  2.04992e+07  1.88519e+07  1.88519e+07 -1.08600e+07 -1.08601e+07 -6.95487e+06
  300.00 -1.93514  1.38881e+08  1.36671e+08  1.36671e+08 -5.21794e+07 -5.21795e+07 -4.04051e+07
  300.00 -1.91802  3.47607e+08  3.44795e+08  3.44795e+08 -1.03415e+08 -1.03415e+08 -8.39737e+07
  300.00 -1.90090  5.84753e+08  5.81389e+08  5.81389e+08 -1.58304e+08 -1.58304e+08 -1.32834e+08
  300.00 -1.88378  8.01730e+08  7.97982e+08  7.97982e+08 -2.10731e+08 -2.10731e+08 -1.81774e+08
  300.00 -1.86667  9.75806e+08  9.71958e+08  9.71958e+08 -2.55456e+08 -2.55456e+08 -2.25914e+08
  300.00 -1.84955  1.09958e+09  1.09601e+09  1.09601e+09 -2.87731e+08 -2.87731e+08 -2.60540e+08
  300.00 -1.83243  1.17036e+09  1.16747e+09  1.16747e+09 -3.03185e+08 -3.03185e+08 -2.81092e+08
  300.00 -1.81532  1.18743e+09  1.18558e+09  1.18558e+09 -2.98559e+08 -2.98559e+08 -2.83851e+08
  300.00 -1.79820  1.15358e+09  1.15296e+09  1.15296e+09 -2.72806e+08 -2.72806e+08 -2.67013e+08
  300.00 -1.78108  1.07626e+09  1.07679e+09  1.07679e+09 -2.27778e+08 -2.27777e+08 -2.31430e+08
  300.00 -1.76396  9.67031e+08  9.68366e+08  9.68366e+08 -1.68167e+08 -1.68167e+08 -1.80728e+08
  300.00 -1.74685  8.40190e+08  8.41747e+08  8.41746e+08 -1.00792e+08 -1.00792e+08 -1.20786e+08
  300.00 -1.72973  7.11049e+08  7.12126e+08  7.12126e+08 -3.33457e+07 -3.33454e+07 -5.86832e+07
  300.00 -1.71261  5.93830e+08  5.93780e+08  5.93780e+08  2.71767e+07  2.71770e+07 -1.26663e+06
  300.00 -1.69550  4.99078e+08  4.97478e+08  4.97478e+08  7.58927e+07  7.58929e+07  4.62432e+07
  300.00 -1.67838  4.31274e+08  4.28054e+08  4.28054e+08  1.10607e+08  1.10608e+08  8.09614e+07
  300.00 -1.66126  3.88064e+08  3.83530e+08  3.83529e+08  1.31260e+08  1.31260e+08  1.02092e+08
  300.00 -1.64414  3.62140e+08  3.56860e+08  3.56860e+08  1.38914e+08  1.38914e+08  1.10259e+08
  300.00 -1.62703  3.44621e+08  3.39230e+08  3.39229e+08  1.35343e+08  1.35343e+08  1.07244e+08
  300.00 -1.60991  3.27638e+08  3.22645e+08  3.22645e+08  1.23159e+08  1.23159e+08  9.59696e+07
  300.00 -1.59279  3.05491e+08  3.01197e+08  3.01197e+08  1.05628e+08  1.05628e+08  8.00508e+07
  300.00 -1.57568  2.75277e+08  2.71788e+08  2.71788e+08  8.60225e+07  8.60225e+07  6.29157e+07
  300.00 -1.55856  2.37241e+08  2.34525e+08  2.34525e+08  6.70017e+07  6.70016e+07  4.71176e+07
  300.00 -1.54144  1.94260e+08  1.92215e+08  1.92215e+08  5.03091e+07  5.03090e+07  3.40928e+07
  300.00 -1.52432  1.50434e+08  1.48935e+08  1.48935e+08  3.67402e+07  3.67401e+07  2.42595e+07
  300.00 -1.50721  1.09639e+08  1.08567e+08  1.08567e+08  2.63091e+07  2.63091e+07  1.72954e+07
  300.00 -1.49009  7.47390e+07  7.39917e+07  7.39917e+07  1.85458e+07  1.85458e+07  1.24902e+07
  300.00 -1.47297  4.73674e+07  4.68632e+07  4.68633e+07  1.28330e+07  1.28329e+07  9.09663e+06
  300.00 -1.45586  2.79046e+07  2.75808e+07  2.75808e+07  8.65848e+06  8.65845e+06  6.57951e+06
  300.00 -1.43874  1.55506e+07  1.53601e+07  1.53601e+07  5.69414e+06  5.69412e+06  4.68125e+06
  300.00 -1.42162  8.66129e+06  8.56921e+06  8.56924e+06  3.72666e+06  3.72665e+06  3.32610e+06
  300.00 -1.40450  5.37915e+06  5.36010e+06  5.36012e+06  2.55930e+06  2.55929e+06  2.48467e+06
  300.00 -1.38739  4.26970e+06  4.30508e+06  4.30510e+06  1.97511e+06  1.97510e+06  2.10067e+06
  300.00 -1.37027  4.61854e+06  4.69499e+06  4.69502e+06  1.75938e+06  1.75936e+06  2.08741e+06
  300.00 -1.35315  6.31770e+06  6.42576e+06  6.42580e+06  1.73376e+06  1.73374e+06  2.35121e+06
  300.00 -1.33604  9.54474e+06  9.67811e+06  9.67815e+06  1.77432e+06  1.77429e+06  2.81114e+06
  300.00 -1.31892  1.44705e+07  1.46265e+07  1.46266e+07  1.81341e+06  1.81337e+06  3.40937e+06
  300.00 -1.30180  2.10814e+07  2.12622e+07  2.12623e+07  1.82942e+06  1.82938e+06  4.10924e+06
  300.00 -1.28468  2.90703e+07  2.92806e+07  2.92807e+07  1.82083e+06  1.82077e+06  4.87236e+06
  300.00 -1.26757  3.77442e+07  3.79847e+07  3.79848e+07  1.77555e+06  1.77547e+06  5.62654e+06
  300.00 -1.25045  4.59821e+07  4.62442e+07  4.62443e+07  1.67033e+06  1.67023e+06  6.26622e+06
  300.00 -1.23333  5.23099e+07  5.25786e+07  5.25787e+07  1.50052e+06  1.50041e+06  6.68977e+06
  300.00 -1.21622  5.51364e+07  5.53979e+07  5.53981e+07  1.29234e+06  1.29221e+06  6.82342e+06
  300.00 -1.19910  5.31708e+07  5.34163e+07  5.34164e+07  1.08308e+06  1.08295e+06  6.61657e+06
  300.00 -1.18198  4.59609e+07  4.61859e+07  4.61860e+07  8.98119e+05  8.98000e+05  6.03841e+06
  300.00 -1.16486  3.43629e+07  3.45658e+07  3.45658e+07  7.41328e+05  7.41226e+05  5.08937e+06
  300.00 -1.14775  2.06856e+07  2.08658e+07  2.08659e+07  5.95090e+05  5.95013e+05  3.81568e+06
  300.00 -1.13063  8.32865e+06  8.48670e+06  8.48673e+06  4.24309e+05  4.24265e+05  2.31527e+06
  300.00 -1.11351  9.30481e+05  1.06684e+06  1.06685e+06  1.82734e+05  1.82723e+05  7.30227e+05
  300.00 -1.09640  1.26112e+06  1.37605e+06  1.37603e+06 -1.79351e+05 -1.79333e+05 -7.73849e+05
  300.00 -1.07928  1.02507e+07  1.03436e+07  1.03435e+07 -7.07370e+05 -7.07333e+05 -2.03789e+06
  300.00 -1.06216  2.65373e+07  2.66059e+07  2.66059e+07 -1.43238e+06 -1.43233e+06 -2.93922e+06
  300.00 -1.04505  4.67526e+07  4.67929e+07  4.67929e+07 -2.35154e+06 -2.35151e+06 -3.40521e+06
  300.00 -1.02793  6.64757e+07  6.64834e+07  6.64833e+07 -3.40749e+06 -3.40747e+06 -3.41117e+06
  300.00 -1.01081  8.15137e+07  8.14852e+07  8.14852e+07 -4.49639e+06 -4.49640e+06 -2.98737e+06
  300.00 -0.99369  8.90626e+07  8.89959e+07  8.89959e+07 -5.50125e+06 -5.50129e+06 -2.22984e+06
  300.00 -0.97658  8.83803e+07  8.82742e+07  8.82742e+07 -6.31617e+06 -6.31624e+06 -1.28231e+06
  300.00 -0.95946  8.07660e+07  8.06201e+07  8.06201e+07 -6.86137e+06 -6.86146e+06 -2.96788e+05
  300.00 -0.94234  6.89034e+07  6.87187e+07  6.87188e+07 -7.10226e+06 -7.10236e+06  6.01337e+05
  300.00 -0.92523  5.58759e+07  5.56551e+07  5.56552e+07 -7.06696e+06 -7.06707e+06  1.33578e+06
  300.00 -0.90811  4.42670e+07  4.40147e+07  4.40147e+07 -6.85060e+06 -6.85070e+06  1.88965e+06
  300.00 -0.89099  3.56798e+07  3.54022e+07  3.54022e+07 -6.60061e+06 -6.60071e+06  2.30273e+06
  300.00 -0.87387  3.07865e+07  3.04910e+07  3.04910e+07 -6.48525e+06 -6.48534e+06  2.65460e+06
  300.00 -0.85676  2.97586e+07  2.94519e+07  2.94520e+07 -6.65353e+06 -6.65362e+06  3.03401e+06
  300.00 -0.83964  3.27491e+07  3.24342e+07  3.24342e+07 -7.19997e+06 -7.20007e+06  3.49838e+06
  300.00 -0.82252  4.00982e+07  3.97723e+07  3.97724e+07 -8.14260e+06 -8.14270e+06  4.03661e+06
  300.00 -0.80541  5.21289e+07  5.17861e+07  5.17862e+07 -9.40661e+06 -9.40672e+06  4.56376e+06
  300.00 -0.78829  6.86629e+07  6.83024e+07  6.83024e+07 -1.08065e+07 -1.08067e+07  4.96481e+06
  300.00 -0.77117  8.85550e+07  8.81878e+07  8.81878e+07 -1.20625e+07 -1.20627e+07  5.14543e+06
  300.00 -0.75405  1.09556e+08  1.09201e+08  1.09201e+08 -1.28891e+07 -1.28892e+07  5.03388e+06
  300.00 -0.73694  1.28699e+08  1.28377e+08  1.28377e+08 -1.31025e+07 -1.31026e+07  4.56538e+06
  300.00 -0.71982  1.43151e+08  1.42873e+08  1.42873e+08 -1.26610e+07 -1.26611e+07  3.70795e+06
  300.00 -0.70270  1.51120e+08  1.50895e+08  1.50895e+08 -1.16372e+07 -1.16373e+07  2.50497e+06
  300.00 -0.68559  1.52393e+08  1.52224e+08  1.52223e+08 -1.01744e+07 -1.01745e+07  1.07834e+06
  300.00 -0.66847  1.48240e+08  1.48129e+08  1.48128e+08 -8.44698e+06 -8.44710e+06 -4.13092e+05
  300.00 -0.65135  1.40817e+08  1.40763e+08  1.40763e+08 -6.62695e+06 -6.62707e+06 -1.82905e+06
  300.00 -0.63423  1.32352e+08  1.32351e+08  1.32350e+08 -4.86021e+06 -4.86033e+06 -3.08962e+06
  300.00 -0.61712  1.24446e+08  1.24491e+08  1.24491e+08 -3.26069e+06 -3.26082e+06 -4.18975e+06
  300.00 -0.60000  1.17659e+08  1.17742e+08  1.17742e+08 -1.91727e+06 -1.91741e+06 -5.18008e+06
  300.00 -0.58288  1.11398e+08  1.11513e+08  1.11513e+08 -8.90217e+05 -8.90368e+05 -6.10932e+06
  300.00 -0.56577  1.04077e+08  1.04222e+08  1.04222e+08 -1.82189e+05 -1.82348e+05 -6.94196e+06
  300.00 -0.54865  9.35798e+07  9.37535e+07  9.37533e+07  2.80387e+05  2.80225e+05 -7.51171e+06
  300.00 -0.53153  7.80785e+07  7.82784e+07  7.82782e+07  5.97094e+05  5.96938e+05 -7.57781e+06
  300.00 -0.51441  5.72324e+07  5.74532e+07  5.74531e+07  8.02183e+05  8.02048e+05 -6.95030e+06
  300.00 -0.49730  3.34114e+07  3.36470e+07  3.36469e+07  8.38592e+05  8.38490e+05 -5.56399e+06
  300.00 -0.48018  1.20952e+07  1.23407e+07  1.23407e+07  6.22919e+05  6.22860e+05 -3.46015e+06
  300.00 -0.46306  5.77661e+05  8.29590e+05  8.29580e+05  1.13081e+05  1.13066e+05 -7.50165e+05
  300.00 -0.44595  5.09094e+06  5.34630e+06  5.34631e+06 -6.83458e+05 -6.83437e+05  2.38936e+06
  300.00 -0.42883  2.80045e+07  2.82602e+07  2.82602e+07 -1.73332e+06 -1.73328e+06  5.72819e+06
  300.00 -0.41171  6.74520e+07  6.77063e+07  6.77063e+07 -2.98254e+06 -2.98252e+06  9.05477e+06
  300.00 -0.39459  1.20480e+08  1.20737e+08  1.20737e+08 -4.33651e+06 -4.33653e+06  1.23011e+07
  300.00 -0.37748  1.88305e+08  1.88578e+08  1.88578e+08 -5.65241e+06 -5.65250e+06  1.56333e+07
  300.00 -0.36036  2.81045e+08  2.81356e+08  2.81355e+08 -6.77139e+06 -6.77158e+06  1.94017e+07
  300.00 -0.34324  4.20669e+08  4.21036e+08  4.21036e+08 -7.54800e+06 -7.54832e+06  2.39330e+07
  300.00 -0.32613  6.42826e+08  6.43255e+08  6.43254e+08 -7.79872e+06 -7.79919e+06  2.92795e+07
  300.00 -0.30901  9.98074e+08  9.98546e+08  9.98545e+08 -7.14854e+06 -7.14919e+06  3.50923e+07
  300.00 -0.29189  1.55094e+09  1.55141e+09  1.55141e+09 -4.88121e+06 -4.88206e+06  4.06860e+07
  300.00 -0.27477  2.37248e+09  2.37289e+09  2.37289e+09 -2.11212e+04 -2.21400e+04  4.52161e+07
  300.00 -0.25766  3.52369e+09  3.52397e+09  3.52397e+09  8.24896e+06  8.24780e+06  4.79114e+07
  300.00 -0.24054  5.03846e+09  5.03854e+09  5.03854e+09  2.01693e+07  2.01680e+07  4.83441e+07
  300.00 -0.22342  6.91999e+09  6.91982e+09  6.91982e+09  3.54619e+07  3.54607e+07  4.66314e+07
  300.00 -0.20631  9.15152e+09  9.15110e+09  9.15110e+09  5.37469e+07  5.37457e+07  4.34520e+07
  300.00 -0.18919  1.17125e+10  1.17118e+10  1.17118e+10  7.47486e+07  7.47475e+07  3.97492e+07
  300.00 -0.17207  1.45922e+10  1.45914e+10  1.45914e+10  9.82766e+07  9.82757e+07  3.62169e+07
  300.00 -0.15495  1.77875e+10  1.77867e+10  1.77867e+10  1.24551e+08  1.24550e+08  3.31507e+07
  300.00 -0.13784  2.12761e+10  2.12752e+10  2.12752e+10  1.54740e+08  1.54739e+08  3.08097e+07
  300.00 -0.12072  2.49805e+10  2.49797e+10  2.49797e+10  1.90697e+08  1.90697e+08  2.95006e+07
  300.00 -0.10360  2.87546e+10  2.87539e+10  2.87539e+10  2.33631e+08  2.33631e+08  2.90323e+07
  300.00 -0.08649  3.23955e+10  3.23949e+10  3.23949e+10  2.82547e+08  2.82547e+08  2.81704e+07
  300.00 -0.06937  3.56630e+10  3.56625e+10  3.56625e+10  3.33339e+08  3.33339e+08  2.47305e+07
  300.00 -0.05225  3.83008e+10  3.83003e+10  3.83003e+10  3.79170e+08  3.79170e+08  1.65431e+07
  300.00 -0.03514  4.00759e+10  4.00753e+10  4.00753e+10  4.12088e+08  4.12088e+08  2.98589e+06
  300.00 -0.01802  4.08297e+10  4.08291e+10  4.08291e+10  4.25003e+08  4.25002e+08 -1.39694e+07
  300.00 -0.00090  4.05064e+10  4.05057e+10  4.05057e+10  4.13664e+08  4.13663e+08 -3.02633e+07
  300.00  0.01622  3.91421e+10  3.91414e+10  3.91414e+10  3.78421e+08  3.78419e+08 -4.16669e+07
  300.00  0.03333  3.68375e+10  3.68369e+10  3.68369e+10  3.24672e+08  3.24670e+08 -4.57884e+07
  300.00  0.05045  3.37451e+10  3.37446e+10  3.37447e+10  2.61271e+08  2.61269e+08 -4.28991e+07
  300.00  0.06757  3.00704e+10  3.00701e+10  3.00701e+10  1.97633e+08  1.97630e+08 -3.53008e+07
  300.00  0.08468  2.60642e+10  2.60640e+10  2.60640e+10  1.41007e+08  1.41005e+08 -2.58675e+07
  300.00  0.10180  2.19920e+10  2.19919e+10  2.19919e+10  9.49943e+07  9.49922e+07 -1.66401e+07
  300.00  0.11892  1.80929e+10  1.80929e+10  1.80929e+10  5.96514e+07  5.96496e+07 -8.20601e+06
  300.00  0.13604  1.45480e+10  1.45480e+10  1.45480e+10  3.29939e+07  3.29924e+07 -2.31323e+05
  300.00  0.15315  1.14683e+10  1.14683e+10  1.14683e+10  1.29246e+07  1.29234e+07  7.41181e+06
  300.00  0.17027  8.89910e+09  8.89911e+09  8.89911e+09 -1.76030e+06 -1.76126e+06  1.41203e+07
  300.00  0.18739  6.83419e+09  6.83420e+09  6.83420e+09 -1.16563e+07 -1.16571e+07  1.90452e+07
  300.00  0.20450  5.23125e+09  5.23127e+09  5.23127e+09 -1.74890e+07 -1.74896e+07  2.18550e+07
  300.00  0.22162  4.02519e+09  4.02520e+09  4.02520e+09 -2.04461e+07 -2.04466e+07  2.30091e+07
  300.00  0.23874  3.14176e+09  3.14177e+09  3.14177e+09 -2.19288e+07 -2.19291e+07  2.34313e+07
  300.00  0.25586  2.51125e+09  2.51125e+09  2.51125e+09 -2.30583e+07 -2.30586e+07  2.39425e+07
  300.00  0.27297  2.07654e+09  2.07654e+09  2.07654e+09 -2.44140e+07 -2.44141e+07  2.49391e+07
  300.00  0.29009  1.79341e+09  1.79342e+09  1.79342e+09 -2.61703e+07 -2.61704e+07  2.64867e+07
  300.00  0.30721  1.62421e+09  1.62422e+09  1.62422e+09 -2.83492e+07 -2.83493e+07  2.85431e+07
  300.00  0.32432  1.52606e+09  1.52606e+09  1.52606e+09 -3.08543e+07 -3.08544e+07  3.09746e+07
  300.00  0.34144  1.43667e+09  1.43667e+09  1.43667e+09 -3.32446e+07 -3.32445e+07  3.33187e+07
  300.00  0.35856  1.27271e+09  1.27271e+09  1.27272e+09 -3.44642e+07 -3.44642e+07  3.45083e+07
  300.00  0.37568  9.66344e+08  9.66344e+08  9.66344e+08 -3.28522e+07 -3.28520e+07  3.28761e+07
  300.00  0.39279  5.39366e+08  5.39366e+08  5.39366e+08 -2.66655e+07 -2.66654e+07  2.66766e+07
  300.00  0.40991  1.45740e+08  1.45740e+08  1.45740e+08 -1.50014e+07 -1.50013e+07  1.50049e+07
  300.00  0.42703  2.95095e+06  2.95109e+06  2.95108e+06  1.46005e+06  1.46004e+06 -1.46037e+06
  300.00  0.44414  2.47644e+08  2.47644e+08  2.47644e+08  2.05277e+07  2.05275e+07 -2.05293e+07
  300.00  0.46126  8.49477e+08  8.49478e+08  8.49478e+08  3.94163e+07  3.94160e+07 -3.94179e+07
  300.00  0.47838  1.65162e+09  1.65162e+09  1.65162e+09  5.58376e+07  5.58372e+07 -5.58386e+07
  300.00  0.49550  2.47590e+09  2.47590e+09  2.47590e+09  6.85791e+07  6.85785e+07 -6.85794e+07
  300.00  0.51261  3.19981e+09  3.19981e+09  3.19981e+09  7.74409e+07  7.74403e+07 -7.74407e+07
  300.00  0.52973  3.77339e+09  3.77339e+09  3.77340e+09  8.28420e+07  8.28412e+07 -8.28413e+07
  300.00  0.54685  4.19834e+09  4.19834e+09  4.19834e+09  8.54245e+07  8.54238e+07 -8.54236e+07
  300.00  0.56396  4.49996e+09  4.49996e+09  4.49996e+09  8.58072e+07  8.58064e+07 -8.58061e+07
  300.00  0.58108  4.70763e+09  4.70763e+09  4.70763e+09  8.44825e+07  8.44818e+07 -8.44814e+07
  300.00  0.59820  4.84568e+09  4.84568e+09  4.84568e+09  8.18060e+07  8.18053e+07 -8.18049e+07
  300.00  0.61532  4.93111e+09  4.93111e+09  4.93111e+09  7.80236e+07  7.80229e+07 -7.80225e+07
  300.00  0.63243  4.97457e+09  4.97457e+09  4.97457e+09  7.33087e+07  7.33081e+07 -7.33078e+07
  300.00  0.64955  4.98233e+09  4.98233e+09  4.98233e+09  6.77942e+07  6.77936e+07 -6.77933e+07
  300.00  0.66667  4.95812e+09  4.95812e+09  4.95812e+09  6.15938e+07  6.15934e+07 -6.15932e+07
  300.00  0.68378  4.90457e+09  4.90457e+09  4.90457e+09  5.48162e+07  5.48158e+07 -5.48157e+07
  300.00  0.70090  4.82412e+09  4.82412e+09  4.82412e+09  4.75703e+07  4.75700e+07 -4.75700e+07
  300.00  0.71802  4.71963e+09  4.71963e+09  4.71963e+09  3.99668e+07  3.99666e+07 -3.99667e+07
  300.00  0.73514  4.59454e+09  4.59454e+09  4.59454e+09  3.21161e+07  3.21160e+07 -3.21162e+07
  300.00  0.75225  4.45291e+09  4.45291e+09  4.45291e+09  2.41247e+07  2.41247e+07 -2.41250e+07
  300.00  0.76937  4.29927e+09  4.29927e+09  4.29927e+09  1.60911e+07  1.60912e+07 -1.60916e+07
  300.00  0.78649  4.13845e+09  4.13845e+09  4.13845e+09  8.10169e+06  8.10180e+06 -8.10233e+06
  300.00  0.80360  3.97526e+09  3.97526e+09  3.97526e+09  2.27569e+05  2.27735e+05 -2.28355e+05
  300.00  0.82072  3.81431e+09  3.81431e+09  3.81431e+09 -7.47748e+06 -7.47726e+06  7.47656e+06
  300.00  0.83784  3.65979e+09  3.65979e+09  3.65979e+09 -1.49779e+07 -1.49776e+07  1.49769e+07
  300.00  0.85495  3.51529e+09  3.51529e+09  3.51529e+09 -2.22557e+07 -2.22554e+07  2.22546e+07
  300.00  0.87207  3.38372e+09  3.38372e+09  3.38372e+09 -2.93086e+07 -2.93083e+07  2.93074e+07
  300.00  0.88919  3.26724e+09  3.26724e+09  3.26724e+09 -3.61469e+07 -3.61465e+07  3.61456e+07
  300.00  0.90631  3.16725e+09  3.16725e+09  3.16725e+09 -4.27893e+07 -4.27889e+07  4.27880e+07
  300.00  0.92342  3.08443e+09  3.08443e+09  3.08443e+09 -4.92583e+07 -4.92580e+07  4.92570e+07
  300.00  0.94054  3.01879e+09  3.01879e+09  3.01879e+09 -5.55753e+07 -5.55749e+07  5.55740e+07
  300.00  0.95766  2.96971e+09  2.96970e+09  2.96970e+09 -6.17554e+07 -6.17551e+07  6.17541e+07
  300.00  0.97477  2.93599e+09  2.93599e+09  2.93599e+09 -6.78036e+07 -6.78034e+07  6.78024e+07
  300.00  0.99189  2.91596e+09  2.91596e+09  2.91596e+09 -7.37116e+07 -7.37113e+07  7.37104e+07
  300.00  1.00901  2.90753e+09  2.90753e+09  2.90753e+09 -7.94553e+07 -7.94551e+07  7.94543e+07
  300.00  1.02613  2.90823e+09  2.90823e+09  2.90823e+09 -8.49952e+07 -8.49950e+07  8.49943e+07
  300.00  1.04324  2.91536e+09  2.91536e+09  2.91536e+09 -9.02767e+07 -9.02767e+07  9.02760e+07
  300.00  1.06036  2.92602e+09  2.92601e+09  2.92601e+09 -9.52336e+07 -9.52336e+07  9.52330e+07
  300.00  1.07748  2.93727e+09  2.93727e+09  2.93727e+09 -9.97913e+07 -9.97914e+07  9.97908e+07
  300.00  1.09459  2.94627e+09  2.94627e+09  2.94627e+09 -1.03872e+08 -1.03872e+08  1.03872e+08
  300.00  1.11171  2.95034e+09  2.95034e+09  2.95034e+09 -1.07401e+08 -1.07401e+08  1.07400e+08
  300.00  1.12883  2.94718e+09  2.94718e+09  2.94718e+09 -1.10309e+08 -1.10309e+08  1.10309e+08
  300.00  1.14595  2.93491e+09  2.93491e+09  2.93491e+09 -1.12541e+08 -1.12542e+08  1.12542e+08
  300.00  1.16306  2.91221e+09  2.91221e+09  2.91221e+09 -1.14060e+08 -1.14060e+08  1.14060e+08
  300.00  1.18018  2.87838e+09  2.87838e+09  2.87838e+09 -1.14845e+08 -1.14845e+08  1.14845e+08
  300.00  1.19730  2.83332e+09  2.83332e+09  2.83332e+09 -1.14898e+08 -1.14898e+08  1.14899e+08
  300.00  1.21441  2.77758e+09  2.77758e+09  2.77758e+09 -1.14243e+08 -1.14243e+08  1.14244e+08
  300.00  1.23153  2.71223e+09  2.71223e+09  2.71223e+09 -1.12921e+08 -1.12922e+08  1.12922e+08
  300.00  1.24865  2.63881e+09  2.63881e+09  2.63881e+09 -1.10993e+08 -1.10994e+08  1.10994e+08
  300.00  1.26577  2.55920e+09  2.55920e+09  2.55920e+09 -1.08532e+08 -1.08532e+08  1.08533e+08
  300.00  1.28288  2.47549e+09  2.47549e+09  2.47549e+09 -1.05619e+08 -1.05620e+08  1.05620e+08
  300.00  1.30000  2.38986e+09  2.38986e+09  2.38986e+09 -1.02342e+08 -1.02343e+08  1.02344e+08
  300.00  1.31712  2.30444e+09  2.30444e+09  2.30444e+09 -9.87890e+07 -9.87896e+07  9.87907e+07
  300.00  1.33423  2.22121e+09  2.22121e+09  2.22121e+09 -9.50428e+07 -9.50434e+07  9.50445e+07
  300.00  1.35135  2.14191e+09  2.14191e+09  2.14191e+09 -9.11801e+07 -9.11807e+07  9.11819e+07
  300.00  1.36847  2.06798e+09  2.06799e+09  2.06799e+09 -8.72675e+07 -8.72680e+07  8.72692e+07
  300.00  1.38559  2.00055e+09  2.00055e+09  2.00055e+09 -8.33594e+07 -8.33598e+07  8.33611e+07
  300.00  1.40270  1.94037e+09  1.94037e+09  1.94038e+09 -7.94976e+07 -7.94980e+07  7.94992e+07
  300.00  1.41982  1.88788e+09  1.88788e+09  1.88788e+09 -7.57107e+07 -7.57111e+07  7.57124e+07
  300.00  1.43694  1.84317e+09  1.84317e+09  1.84317e+09 -7.20152e+07 -7.20155e+07  7.20167e+07
  300.00  1.45405  1.80605e+09  1.80605e+09  1.80605e+09 -6.84159e+07 -6.84162e+07  6.84174e+07
  300.00  1.47117  1.77604e+09  1.77604e+09  1.77604e+09 -6.49086e+07 -6.49088e+07  6.49100e+07
  300.00  1.48829  1.75246e+09  1.75246e+09  1.75246e+09 -6.14813e+07 -6.14814e+07  6.14826e+07
  300.00  1.50541  1.73442e+09  1.73442e+09  1.73442e+09 -5.81167e+07 -5.81167e+07  5.81179e+07
  300.00  1.52252  1.72090e+09  1.72090e+09  1.72090e+09 -5.47943e+07 -5.47943e+07  5.47953e+07
  300.00  1.53964  1.71077e+09  1.71077e+09  1.71077e+09 -5.14925e+07 -5.14924e+07  5.14934e+07
  300.00  1.55676  1.70283e+09  1.70283e+09  1.70284e+09 -4.81902e+07 -4.81901e+07  4.81910e+07
  300.00  1.57387  1.69592e+09  1.69592e+09  1.69593e+09 -4.48688e+07 -4.48686e+07  4.48694e+07
  300.00  1.59099  1.68890e+09  1.68890e+09  1.68890e+09 -4.15127e+07 -4.15125e+07  4.15132e+07
  300.00  1.60811  1.68073e+09  1.68073e+09  1.68073e+09 -3.81110e+07 -3.81108e+07  3.81114e+07
  300.00  1.62523  1.67051e+09  1.67051e+09  1.67051e+09 -3.46573e+07 -3.46570e+07  3.46574e+07
  300.00  1.64234  1.65754e+09  1.65754e+09  1.65754e+09 -3.11501e+07 -3.11498e+07  3.11502e+07
  300.00  1.65946  1.64131e+09  1.64131e+09  1.64131e+09 -2.75931e+07 -2.75928e+07  2.75930e+07
  300.00  1.67658  1.62154e+09  1.62154e+09  1.62154e+09 -2.39941e+07 -2.39937e+07  2.39938e+07
  300.00  1.69369  1.59817e+09  1.59817e+09  1.59817e+09 -2.03649e+07 -2.03645e+07  2.03644e+07
  300.00  1.71081  1.57135e+09  1.57135e+09  1.57135e+09 -1.67202e+07 -1.67198e+07  1.67196e+07
  300.00  1.72793  1.54143e+09  1.54143e+09  1.54143e+09 -1.30772e+07 -1.30768e+07  1.30764e+07
  300.00  1.74505  1.50889e+09  1.50889e+09  1.50889e+09 -9.45412e+06 -9.45367e+06  9.45315e+06
  300.00  1.76216  1.47431e+09  1.47431e+09  1.47431e+09 -5.86972e+06 -5.86926e+06  5.86860e+06
  300.00  1.77928  1.43837e+09  1.43837e+09  1.43837e+09 -2.34247e+06 -2.34199e+06  2.34121e+06
  300.00  1.79640  1.40172e+09  1.40172e+09  1.40172e+09  1.11010e+06  1.11059e+06 -1.11149e+06
  300.00  1.81351  1.36501e+09  1.36501e+09  1.36501e+09  4.47176e+06  4.47227e+06 -4.47328e+06
  300.00  1.83063  1.32882e+09  1.32882e+09  1.32882e+09  7.72778e+06  7.72831e+06 -7.72943e+06
  300.00  1.84775  1.29364e+09  1.29364e+09  1.29364e+09  1.08649e+07  1.08654e+07 -1.08666e+07
  300.00  1.86486  1.25985e+09  1.25985e+09  1.25985e+09  1.38710e+07  1.38715e+07 -1.38728e+07
  300.00  1.88198  1.22771e+09  1.22771e+09  1.22771e+09  1.67348e+07  1.67354e+07 -1.67368e+07
  300.00  1.89910  1.19734e+09  1.19734e+09  1.19734e+09  1.94454e+07  1.94460e+07 -1.94474e+07
  300.00  1.91622  1.16877e+09  1.16877e+09  1.16877e+09  2.19917e+07  2.19923e+07 -2.19938e+07
  300.00  1.93333  1.14188e+09  1.14188e+09  1.14187e+09  2.43620e+07  2.43626e+07 -2.43641e+07
  300.00  1.95045  1.11648e+09  1.11648e+09  1.11648e+09  2.65438e+07  2.65444e+07 -2.65460e+07
  300.00  1.96757  1.09231e+09  1.09231e+09  1.09231e+09  2.85237e+07  2.85243e+07 -2.85259e+07
  300.00  1.98468  1.06904e+09  1.06904e+09  1.06904e+09  3.02876e+07  3.02883e+07 -3.02899e+07
  300.00  2.00180  1.04633e+09  1.04633e+09  1.04633e+09  3.18213e+07  3.18220e+07 -3.18236e+07
  300.00  2.01892  1.02383e+09  1.02383e+09  1.02383e+09  3.31107e+07  3.31114e+07 -3.31130e+07
  300.00  2.03604  1.00122e+09  1.00122e+09  1.00122e+09  3.41432e+07  3.41440e+07 -3.41456e+07
  300.00  2.05315  9.78203e+08  9.78203e+08  9.78202e+08  3.49083e+07  3.49091e+07 -3.49107e+07
  300.00  2.07027  9.54574e+08  9.54575e+08  9.54574e+08  3.53985e+07  3.53993e+07 -3.54008e+07
  300.00  2.08739  9.30195e+08  9.30195e+08  9.30195e+08  3.56102e+07  3.56110e+07 -3.56125e+07
  300.00  2.10450  9.05014e+08  9.05015e+08  9.05014e+08  3.55442e+07  3.55451e+07 -3.55465e+07
  300.00  2.12162  8.79072e+08  8.79072e+08  8.79072e+08  3.52064e+07  3.52073e+07 -3.52086e+07
  300.00  2.13874  8.52494e+08  8.52494e+08  8.52493e+08  3.46075e+07  3.46084e+07 -3.46096e+07
  300.00  2.15586  8.25482e+08  8.25482e+08  8.25481e+08  3.37628e+07  3.37637e+07 -3.37649e+07
  300.00  2.17297  7.98299e+08  7.98299e+08  7.98299e+08  3.26920e+07  3.26928e+07 -3.26940e+07
  300.00  2.19009  7.71252e+08  7.71253e+08  7.71252e+08  3.14177e+07  3.14186e+07 -3.14197e+07
  300.00  2.20721  7.44671e+08  7.44671e+08  7.44671e+08  2.99653e+07  2.99662e+07 -2.99671e+07
  300.00  2.22432  7.18885e+08  7.18885e+08  7.18885e+08  2.83611e+07  2.83620e+07 -2.83628e+07
  300.00  2.24144  6.94207e+08  6.94207e+08  6.94207e+08  2.66317e+07  2.66326e+07 -2.66334e+07
  300.00  2.25856  6.70912e+08  6.70912e+08  6.70912e+08  2.48030e+07  2.48039e+07 -2.48046e+07
  300.00  2.27568  6.49225e+08  6.49225e+08  6.49225e+08  2.28992e+07  2.29000e+07 -2.29007e+07
  300.00  2.29279  6.29309e+08  6.29309e+08  6.29309e+08  2.09425e+07  2.09433e+07 -2.09439e+07
  300.00  2.30991  6.11259e+08  6.11259e+08  6.11259e+08  1.89527e+07  1.89535e+07 -1.89540e+07
  300.00  2.32703  5.95096e+08  5.95096e+08  5.95096e+08  1.69475e+07  1.69483e+07 -1.69487e+07
  300.00  2.34414  5.80770e+08  5.80770e+08  5.80770e+08  1.49424e+07  1.49432e+07 -1.49435e+07
  300.00  2.36126  5.68159e+08  5.68159e+08  5.68159e+08  1.29517e+07  1.29525e+07 -1.29527e+07
  300.00  2.37838  5.57077e+08  5.57077e+08  5.57077e+08  1.09887e+07  1.09894e+07 -1.09896e+07
  300.00  2.39550  5.47280e+08  5.47280e+08  5.47280e+08  9.06661e+06  9.06734e+06 -9.06748e+06
  300.00  2.41261  5.38478e+08  5.38478e+08  5.38478e+08  7.19904e+06  7.19974e+06 -7.19981e+06
  300.00  2.42973  5.30343e+08  5.30343e+08  5.30343e+08  5.40030e+06  5.40096e+06 -5.40096e+06
  300.00  2.44685  5.22528e+08  5.22528e+08  5.22528e+08  3.68559e+06  3.68622e+06 -3.68615e+06
  300.00  2.46396  5.14679e+08  5.14679e+08  5.14679e+08  2.07087e+06  2.07145e+06 -2.07132e+06
  300.00  2.48108  5.06453e+08  5.06453e+08  5.06453e+08  5.72369e+05  5.72899e+05 -5.72712e+05
  300.00  2.49820  4.97537e+08  4.97537e+08  4.97536e+08 -7.94087e+05 -7.93609e+05  7.93854e+05
  300.00  2.51532  4.87663e+08  4.87663e+08  4.87663e+08 -2.01395e+06 -2.01353e+06  2.01383e+06
  300.00  2.53243  4.76625e+08  4.76625e+08  4.76625e+08 -3.07495e+06 -3.07458e+06  3.07493e+06
  300.00  2.54955  4.64291e+08  4.64290e+08  4.64290e+08 -3.96798e+06 -3.96768e+06  3.96808e+06
  300.00  2.56667  4.50608e+08  4.50608e+08  4.50607e+08 -4.68801e+06 -4.68777e+06  4.68821e+06
  300.00  2.58378  4.35610e+08  4.35610e+08  4.35610e+08 -5.23458e+06 -5.23441e+06  5.23488e+06
  300.00  2.60090  4.19412e+08  4.19412e+08  4.19411e+08 -5.61219e+06 -5.61208e+06  5.61259e+06
  300.00  2.61802  4.02201e+08  4.02201e+08  4.02200e+08 -5.83020e+06 -5.83014e+06  5.83068e+06
  300.00  2.63514  3.84227e+08  3.84227e+08  3.84226e+08 -5.90245e+06 -5.90245e+06  5.90300e+06
  300.00  2.65225  3.65783e+08  3.65782e+08  3.65782e+08 -5.84663e+06 -5.84669e+06  5.84726e+06
  300.00  2.66937  3.47187e+08  3.47187e+08  3.47186e+08 -5.68336e+06 -5.68346e+06  5.68404e+06
  300.00  2.68649  3.28765e+08  3.28764e+08  3.28764e+08 -5.43514e+06 -5.43529e+06  5.43587e+06
  300.00  2.70360  3.10828e+08  3.10828e+08  3.10827e+08 -5.12531e+06 -5.12550e+06  5.12608e+06
  300.00  2.72072  2.93660e+08  2.93660e+08  2.93660e+08 -4.77706e+06 -4.77729e+06  4.77786e+06
  300.00  2.73784  2.77505e+08  2.77505e+08  2.77505e+08 -4.41259e+06 -4.41285e+06  4.41342e+06
  300.00  2.75495  2.62555e+08  2.62555e+08  2.62555e+08 -4.05254e+06 -4.05282e+06  4.05337e+06
  300.00  2.77207  2.48947e+08  2.48947e+08  2.48947e+08 -3.71560e+06 -3.71590e+06  3.71644e+06
  300.00  2.78919  2.36764e+08  2.36764e+08  2.36763e+08 -3.41848e+06 -3.41879e+06  3.41932e+06
  300.00  2.80631  2.26031e+08  2.26031e+08  2.26030e+08 -3.17601e+06 -3.17634e+06  3.17684e+06
  300.00  2.82342  2.16722e+08  2.16722e+08  2.16722e+08 -3.00143e+06 -3.00177e+06  3.00226e+06
  300.00  2.84054  2.08767e+08  2.08767e+08  2.08767e+08 -2.90680e+06 -2.90715e+06  2.90761e+06
  300.00  2.85766  2.02050e+08  2.02050e+08  2.02050e+08 -2.90328e+06 -2.90363e+06  2.90408e+06
  300.00  2.87477  1.96422e+08  1.96423e+08  1.96422e+08 -3.00146e+06 -3.00182e+06  3.00225e+06
  300.00  2.89189  1.91703e+08  1.91703e+08  1.91702e+08 -3.21141e+06 -3.21177e+06  3.21217e+06
  300.00  2.90901  1.87685e+08  1.87685e+08  1.87685e+08 -3.54252e+06 -3.54289e+06  3.54326e+06
  300.00  2.92613  1.84146e+08  1.84146e+08  1.84146e+08 -4.00318e+06 -4.00354e+06  4.00389e+06
  300.00  2.94324  1.80849e+08  1.80849e+08  1.80849e+08 -4.60009e+06 -4.60046e+06  4.60078e+06
  300.00  2.96036  1.77556e+08  1.77557e+08  1.77557e+08 -5.33755e+06 -5.33793e+06  5.33822e+06
  300.00  2.97748  1.74036e+08  1.74037e+08  1.74036e+08 -6.21649e+06 -6.21687e+06  6.21714e+06
  300.00  2.99459  1.70074e+08  1.70074e+08  1.70074e+08 -7.23359e+06 -7.23398e+06  7.23422e+06
  300.00  3.01171  1.65481e+08  1.65482e+08  1.65482e+08 -8.38041e+06 -8.38080e+06  8.38101e+06
  300.00  3.02883  1.60111e+08  1.60112e+08  1.60112e+08 -9.64275e+06 -9.64314e+06  9.64332e+06
  300.00  3.04595  1.53862e+08  1.53862e+08  1.53862e+08 -1.10003e+07 -1.10007e+07  1.10009e+07
  300.00  3.06306  1.46685e+08  1.46686e+08  1.46686e+08 -1.24267e+07 -1.24271e+07  1.24272e+07
  300.00  3.08018  1.38592e+08  1.38593e+08  1.38593e+08 -1.38897e+07 -1.38901e+07  1.38902e+07
  300.00  3.09730  1.29650e+08  1.29650e+08  1.29651e+08 -1.53523e+07 -1.53527e+07  1.53527e+07
  300.00  3.11441  1.19980e+08  1.19980e+08  1.19980e+08 -1.67736e+07 -1.67740e+07  1.67741e+07
  300.00  3.13153  1.09748e+08  1.09748e+08  1.09748e+08 -1.81106e+07 -1.81110e+07  1.81110e+07
  300.00  3.14865  9.91554e+07  9.91556e+07  9.91558e+07 -1.93195e+07 -1.93199e+07  1.93199e+07
  300.00  3.16577  8.84266e+07  8.84268e+07  8.84270e+07 -2.03577e+07 -2.03581e+07  2.03581e+07
  300.00  3.18288  7.77933e+07  7.77935e+07  7.77938e+07 -2.11854e+07 -2.11858e+07  2.11858e+07
  300.00  3.20000  6.74828e+07  6.74829e+07  6.74832e+07 -2.17672e+07 -2.17675e+07  2.17675e+07
  300.00  3.21712  5.77050e+07  5.77051e+07  5.77054e+07 -2.20728e+07 -2.20731e+07  2.20731e+07
  300.00  3.23423  4.86433e+07  4.86434e+07  4.86437e+07 -2.20783e+07 -2.20786e+07  2.20786e+07
  300.00  3.25135  4.04479e+07  4.04481e+07  4.04483e+07 -2.17663e+07 -2.17665e+07  2.17665e+07
  300.00  3.26847  3.32324e+07  3.32325e+07  3.32327e+07 -2.11253e+07 -2.11256e+07  2.11255e+07
  300.00  3.28559  2.70734e+07  2.70735e+07  2.70737e+07 -2.01497e+07 -2.01499e+07  2.01499e+07
  300.00  3.30270  2.20138e+07  2.20139e+07  2.20141e+07 -1.88383e+07 -1.88385e+07  1.88385e+07
  300.00  3.31982  1.80677e+07  1.80677e+07  1.80679e+07 -1.71932e+07 -1.71933e+07  1.71933e+07
  300.00  3.33694  1.52272e+07  1.52272e+07  1.52274e+07 -1.52185e+07 -1.52186e+07  1.52187e+07
  300.00  3.35405  1.34705e+07  1.34705e+07  1.34707e+07 -1.29191e+07 -1.29192e+07  1.29192e+07
  300.00  3.37117  1.27697e+07  1.27697e+07  1.27699e+07 -1.02994e+07 -1.02995e+07  1.02995e+07
  300.00  3.38829  1.30990e+07  1.30989e+07  1.30991e+07 -7.36272e+06 -7.36272e+06  7.36275e+06
  300.00  3.40541  1.44412e+07  1.44412e+07  1.44413e+07 -4.11093e+06 -4.11089e+06  4.11093e+06
  300.00  3.42252  1.67944e+07  1.67944e+07  1.67945e+07 -5.44706e+05 -5.44636e+05  5.44681e+05
  300.00  3.43964  2.01764e+07  2.01763e+07  2.01764e+07  3.33587e+06  3.33597e+06 -3.33592e+06
  300.00  3.45676  2.46278e+07  2.46278e+07  2.46278e+07  7.53019e+06  7.53031e+06 -7.53026e+06
  300.00  3.47387  3.02143e+07  3.02143e+07  3.02143e+07  1.20357e+07  1.20358e+07 -1.20358e+07
  300.00  3.49099  3.70266e+07  3.70266e+07  3.70265e+07  1.68461e+07  1.68462e+07 -1.68462e+07
  300.00  3.50811  4.51796e+07  4.51795e+07  4.51794e+07  2.19498e+07  2.19500e+07 -2.19499e+07
  300.00  3.52523  5.48093e+07  5.48092e+07  5.48092e+07  2.73283e+07  2.73285e+07 -2.73284e+07
  300.00  3.54234  6.60695e+07  6.60695e+07  6.60694e+07  3.29548e+07  3.29550e+07 -3.29549e+07
  300.00  3.55946  7.91261e+07  7.91261e+07  7.91259e+07  3.87932e+07  3.87934e+07 -3.87933e+07
  300.00  3.57658  9.41511e+07  9.41511e+07  9.41510e+07  4.47978e+07  4.47980e+07 -4.47980e+07
  300.00  3.59369  1.11316e+08  1.11316e+08  1.11316e+08  5.09136e+07  5.09138e+07 -5.09138e+07
  300.00  3.61081  1.30785e+08  1.30785e+08  1.30785e+08  5.70768e+07  5.70770e+07 -5.70770e+07
  300.00  3.62793  1.52707e+08  1.52707e+08  1.52707e+08  6.32164e+07  6.32166e+07 -6.32166e+07
  300.00  3.64505  1.77212e+08  1.77213e+08  1.77212e+08  6.92561e+07  6.92562e+07 -6.92563e+07
  300.00  3.66216  2.04404e+08  2.04404e+08  2.04404e+08  7.51162e+07  7.51162e+07 -7.51163e+07
  300.00  3.67928  2.34358e+08  2.34359e+08  2.34359e+08  8.07164e+07  8.07164e+07 -8.07165e+07
  300.00  3.69640  2.67121e+08  2.67121e+08  2.67121e+08  8.59784e+07  8.59784e+07 -8.59786e+07
  300.00  3.71351  3.02709e+08  3.02709e+08  3.02709e+08  9.08285e+07  9.08284e+07 -9.08286e+07
  300.00  3.73063  3.41113e+08  3.41113e+08  3.41113e+08  9.51997e+07  9.51995e+07 -9.51997e+07
  300.00  3.74775  3.82302e+08  3.82303e+08  3.82303e+08  9.90338e+07  9.90336e+07 -9.90338e+07
  300.00  3.76486  4.26232e+08  4.26233e+08  4.26233e+08  1.02283e+08  1.02283e+08 -1.02283e+08
  300.00  3.78198  4.72850e+08  4.72851e+08  4.72851e+08  1.04913e+08  1.04913e+08 -1.04913e+08
  300.00  3.79910  5.22103e+08  5.22104e+08  5.22104e+08  1.06899e+08  1.06898e+08 -1.06899e+08
  300.00  3.81622  5.73948e+08  5.73949e+08  5.73949e+08  1.08231e+08  1.08231e+08 -1.08231e+08
  300.00  3.83333  6.28360e+08  6.28361e+08  6.28361e+08  1.08912e+08  1.08911e+08 -1.08911e+08
  300.00  3.85045  6.85334e+08  6.85335e+08  6.85336e+08  1.08955e+08  1.08954e+08 -1.08954e+08
  300.00  3.86757  7.44899e+08  7.44900e+08  7.44900e+08  1.08386e+08  1.08385e+08 -1.08385e+08
  300.00  3.88468  8.07113e+08  8.07114e+08  8.07115e+08  1.07240e+08  1.07239e+08 -1.07240e+08
  300.00  3.90180  8.72072e+08  8.72074e+08  8.72074e+08  1.05564e+08  1.05563e+08 -1.05564e+08
  300.00  3.91892  9.39908e+08  9.39909e+08  9.39910e+08  1.03410e+08  1.03409e+08 -1.03410e+08
  300.00  3.93604  1.01078e+09  1.01079e+09  1.01079e+09  1.00839e+08  1.00838e+08 -1.00839e+08
  300.00  3.95315  1.08490e+09  1.08490e+09  1.08490e+09  9.79182e+07  9.79166e+07 -9.79175e+07
  300.00  3.97027  1.16248e+09  1.16248e+09  1.16248e+09  9.47194e+07  9.47178e+07 -9.47187e+07
  300.00  3.98739  1.24376e+09  1.24377e+09  1.24377e+09  9.13206e+07  9.13189e+07 -9.13198e+07
  300.00  4.00450  1.32902e+09  1.32902e+09  1.32902e+09  8.78039e+07  8.78021e+07 -8.78031e+07
  300.00  4.02162  1.41852e+09  1.41852e+09  1.41852e+09  8.42556e+07  8.42537e+07 -8.42547e+07
  300.00  4.03874  1.51252e+09  1.51253e+09  1.51253e+09  8.07660e+07  8.07641e+07 -8.07651e+07
  300.00  4.05586  1.61131e+09  1.61131e+09  1.61131e+09  7.74291e+07  7.74272e+07 -7.74282e+07
  300.00  4.07297  1.71513e+09  1.71513e+09  1.71514e+09  7.43424e+07  7.43404e+07 -7.43414e+07
  300.00  4.09009  1.82423e+09  1.82423e+09  1.82423e+09  7.16062e+07  7.16042e+07 -7.16052e+07
  300.00  4.10721  1.93882e+09  1.93882e+09  1.93882e+09  6.93238e+07  6.93219e+07 -6.93228e+07
  300.00  4.12432  2.05909e+09  2.05909e+09  2.05909e+09  6.76004e+07  6.75984e+07 -6.75993e+07
  300.00  4.14144  2.18522e+09  2.18522e+09  2.18522e+09  6.65424e+07  6.65405e+07 -6.65413e+07
  300.00  4.15856  2.31734e+09  2.31734e+09  2.31734e+09  6.62569e+07  6.62551e+07 -6.62558e+07
  300.00  4.17568  2.45556e+09  2.45556e+09  2.45556e+09  6.68504e+07  6.68487e+07 -6.68494e+07
  300.00  4.19279  2.59997e+09  2.59997e+09  2.59998e+09  6.84281e+07  6.84265e+07 -6.84271e+07
  300.00  4.20991  2.75064e+09  2.75065e+09  2.75065e+09  7.10924e+07  7.10909e+07 -7.10914e+07
  300.00  4.22703  2.90763e+09  2.90763e+09  2.90763e+09  7.49424e+07  7.49412e+07 -7.49415e+07
  300.00  4.24414  3.07097e+09  3.07097e+09  3.07097e+09  8.00730e+07  8.00719e+07 -8.00722e+07
  300.00  4.26126  3.24070e+09  3.24070e+09  3.24071e+09  8.65739e+07  8.65731e+07 -8.65733e+07
  300.00  4.27838  3.41688e+09  3.41688e+09  3.41689e+09  9.45298e+07  9.45292e+07 -9.45293e+07
  300.00  4.29550  3.59957e+09  3.59957e+09  3.59958e+09  1.04020e+08  1.04019e+08 -1.04019e+08
  300.00  4.31261  3.78886e+09  3.78887e+09  3.78887e+09  1.15118e+08  1.15118e+08 -1.15118e+08
  300.00  4.32973  3.98489e+09  3.98489e+09  3.98489e+09  1.27895e+08  1.27896e+08 -1.27895e+08
  300.00  4.34685  4.18781e+09  4.18781e+09  4.18782e+09  1.42418e+08  1.42419e+08 -1.42418e+08
  300.00  4.36396  4.39786e+09  4.39787e+09  4.39787e+09  1.58753e+08  1.58754e+08 -1.58754e+08
  300.00  4.38108  4.61534e+09  4.61534e+09  4.61534e+09  1.76967e+08  1.76968e+08 -1.76968e+08
  300.00  4.39820  4.84060e+09  4.84060e+09  4.84060e+09  1.97130e+08  1.97133e+08 -1.97132e+08
  300.00  4.41532  5.07408e+09  5.07408e+09  5.07409e+09  2.19322e+08  2.19325e+08 -2.19324e+08
  300.00  4.43243  5.31633e+09  5.31633e+09  5.31634e+09  2.43630e+08  2.43633e+08 -2.43633e+08
  300.00  4.44955  5.56797e+09  5.56798e+09  5.56798e+09  2.70156e+08  2.70160e+08 -2.70160e+08
  300.00  4.46667  5.82974e+09  5.82974e+09  5.82974e+09  2.99022e+08  2.99026e+08 -2.99027e+08
  300.00  4.48378  6.10246e+09  6.10246e+09  6.10246e+09  3.30374e+08  3.30378e+08 -3.30379e+08
  300.00  4.50090  6.38709e+09  6.38709e+09  6.38710e+09  3.64384e+08  3.64389e+08 -3.64390e+08
  300.00  4.51802  6.68470e+09  6.68470e+09  6.68471e+09  4.01261e+08  4.01267e+08 -4.01268e+08
  300.00  4.53514  6.99648e+09  6.99648e+09  6.99648e+09  4.41252e+08  4.41258e+08 -4.41260e+08
  300.00  4.55225  7.32374e+09  7.32374e+09  7.32374e+09  4.84652e+08  4.84659e+08 -4.84660e+08
  300.00  4.56937  7.66793e+09  7.66793e+09  7.66793e+09  5.31805e+08  5.31813e+08 -5.31815e+08
  300.00  4.58649  8.03062e+09  8.03061e+09  8.03062e+09  5.83116e+08  5.83124e+08 -5.83127e+08
  300.00  4.60360  8.41352e+09  8.41351e+09  8.41352e+09  6.39052e+08  6.39061e+08 -6.39065e+08
  300.00  4.62072  8.81847e+09  8.81846e+09  8.81847e+09  7.00151e+08  7.00160e+08 -7.00164e+08
  300.00  4.63784  9.24744e+09  9.24744e+09  9.24744e+09  7.67021e+08  7.67031e+08 -7.67036e+08
  300.00  4.65495  9.70256e+09  9.70256e+09  9.70256e+09  8.40348e+08  8.40358e+08 -8.40364e+08
  300.00  4.67207  1.01861e+10  1.01861e+10  1.01861e+10  9.20893e+08  9.20903e+08 -9.20910e+08
  300.00  4.68919  1.07004e+10  1.07004e+10  1.07004e+10  1.00948e+09  1.00950e+09 -1.00950e+09
  300.00  4.70631  1.12480e+10  1.12480e+10  1.12480e+10  1.10702e+09  1.10703e+09 -1.10704e+09
  300.00  4.72342  1.18316e+10  1.18316e+10  1.18316e+10  1.21442e+09  1.21443e+09 -1.21444e+09
  300.00  4.74054  1.24540e+10  1.24540e+10  1.24540e+10  1.33266e+09  1.33267e+09 -1.33268e+09
  300.00  4.75766  1.31183e+10  1.31183e+10  1.31183e+10  1.46266e+09  1.46267e+09 -1.46268e+09
  300.00  4.77477  1.38276e+10  1.38276e+10  1.38276e+10  1.60529e+09  1.60530e+09 -1.60532e+09
  300.00  4.79189  1.45856e+10  1.45856e+10  1.45856e+10  1.76131e+09  1.76132e+09 -1.76134e+09
  300.00  4.80901  1.53960e+10  1.53960e+10  1.53960e+10  1.93126e+09  1.93127e+09 -1.93129e+09
  300.00  4.82613  1.62632e+10  1.62632e+10  1.62632e+10  2.11542e+09  2.11544e+09 -2.11546e+09
  300.00  4.84324  1.71920e+10  1.71920e+10  1.71920e+10  2.31376e+09  2.31378e+09 -2.31380e+09
  300.00  4.86036  1.81883e+10  1.81883e+10  1.81882e+10  2.52580e+09  2.52583e+09 -2.52585e+09
  300.00  4.87748  1.92590e+10  1.92590e+10  1.92590e+10  2.75070e+09  2.75073e+09 -2.75075e+09
  300.00  4.89459  2.04130e+10  2.04130e+10  2.04130e+10  2.98721e+09  2.98724e+09 -2.98726e+09
  300.00  4.91171  2.16613e+10  2.16613e+10  2.16613e+10  3.23378e+09  3.23382e+09 -3.23384e+09
  300.00  4.92883  2.30181e+10  2.30181e+10  2.30181e+10  3.48881e+09  3.48885e+09 -3.48888e+09
  300.00  4.94595  2.45016e+10  2.45016e+10  2.45016e+10  3.75086e+09  3.75090e+09 -3.75093e+09
  300.00  4.96306  2.61350e+10  2.61350e+10  2.61350e+10  4.01907e+09  4.01911e+09 -4.01915e+09
  300.00  4.98018  2.79476e+10  2.79476e+10  2.79476e+10  4.29364e+09  4.29369e+09 -4.29372e+09
  300.00  4.99730  2.99749e+10  2.99749e+10  2.99749e+10  4.57636e+09  4.57641e+09 -4.57645e+09
  300.00  5.01441  3.22593e+10  3.22593e+10  3.22594e+10  4.87122e+09  4.87127e+09 -4.87132e+09
  300.00  5.03153  3.48492e+10  3.48492e+10  3.48493e+10  5.18514e+09  5.18519e+09 -5.18524e+09
  300.00  5.04865  3.77968e+10  3.77968e+10  3.77969e+10  5.52874e+09  5.52879e+09 -5.52884e+09
  300.00  5.06577  4.11547e+10  4.11547e+10  4.11548e+10  5.91725e+09  5.91730e+09 -5.91736e+09
  300.00  5.08288  4.49704e+10  4.49705e+10  4.49706e+10  6.37138e+09  6.37144e+09 -6.37150e+09
  300.00  5.10000  4.92800e+10  4.92800e+10  4.92801e+10  6.91772e+09  6.91777e+09 -6.91784e+09
