0.00001 9.996204102104628e-01
0.01250 9.881891804863341e-01
0.02500 9.851192107453749e-01
0.03750 9.835478111763009e-01
0.05000 9.826087056876042e-01
0.06250 9.819610040648035e-01
0.07500 9.814435043659164e-01
0.08750 9.809697742266148e-01
0.10000 9.804854756870649e-01
0.11250 9.799481261457259e-01
0.12500 9.793214787697124e-01
0.13750 9.786041935585509e-01
0.15000 9.778774609578530e-01
0.16250 9.771528805966130e-01
0.17500 9.763070668113421e-01
0.18750 9.752752603065046e-01
0.20000 9.740422157423628e-01
0.21250 9.725972219524421e-01
0.22500 9.709307422098132e-01
0.23750 9.690497990186066e-01
0.25000 9.670035776536764e-01
0.26250 9.648942059285410e-01
0.27500 9.628245955489972e-01
0.28750 9.608042755273053e-01
0.30000 9.587370346676154e-01
0.31250 9.565054643631747e-01
0.32500 9.540328300478961e-01
0.33750 9.512842902825133e-01
0.35000 9.482486426236105e-01
0.36250 9.449269841578430e-01
0.37500 9.413317165665435e-01
0.38750 9.374929246288822e-01
0.40000 9.334604998241451e-01
0.41250 9.292640607180498e-01
0.42500 9.247513917004897e-01
0.43750 9.189224105221692e-01
0.45000 9.079314461761029e-01
0.46250 9.163244884109828e-01
0.47500 9.130827446158287e-01
0.48750 9.089020997094439e-01
0.50000 9.047259584231157e-01
0.51250 9.003312866211729e-01
0.52500 8.957796728487415e-01
0.53750 8.912361713651688e-01
0.55000 8.868261864787516e-01
0.56250 8.824093388653249e-01
0.57500 8.779404562222612e-01
0.58750 8.734836560363437e-01
0.60000 8.690311531501108e-01
0.61250 8.645965075009640e-01
0.62500 8.602995832730668e-01
0.63750 8.562473001017056e-01
0.65000 8.524210258839636e-01
0.66250 8.488068190237238e-01
0.67500 8.453762301600454e-01
0.68750 8.419720592909112e-01
0.70000 8.384124829791147e-01
0.71250 8.346350103179244e-01
0.72500 8.306347246104936e-01
0.73750 8.263496047350229e-01
0.75000 8.217915303676382e-01
0.76250 8.171318991466752e-01
0.77500 8.125804381582599e-01
0.78750 8.082386377823499e-01
0.80000 8.040588800081225e-01
0.81250 7.999550172380933e-01
0.82500 7.959210479917961e-01
0.83750 7.920124626349917e-01
0.85000 7.882275364711202e-01
0.86250 7.844457248129504e-01
0.87500 7.805329167911247e-01
0.88750 7.764577627280743e-01
0.90000 7.722899405593145e-01
0.91250 7.681898147246216e-01
0.92500 7.643721942385738e-01
0.93750 7.608906219515176e-01
0.95000 7.575139135565899e-01
0.96250 7.540493789528958e-01
0.97500 7.505630766520505e-01
0.98750 7.472845747041846e-01
1.00000 7.444619064572510e-01
1.01250 7.422320919141099e-01
1.02500 7.405572276398104e-01
1.03750 7.392872928070892e-01
1.05000 7.382683139965578e-01
1.06250 7.373511566414456e-01
1.07500 7.363318421239052e-01
1.08750 7.349888518418415e-01
1.10000 7.331802827591670e-01
1.11250 7.308914993336632e-01
1.12500 7.282523513985310e-01
1.13750 7.255039664729637e-01
1.15000 7.229227326136990e-01
1.16250 7.207468956841691e-01
1.17500 7.191191389856272e-01
1.18750 7.180336286243379e-01
1.20000 7.172998712513102e-01
1.21250 7.166096484968809e-01
1.22500 7.157208247131653e-01
1.23750 7.145594260797812e-01
1.25000 7.131455949278389e-01
1.26250 7.114947247241155e-01
1.27500 7.096018297597986e-01
1.28750 7.074753590175695e-01
1.30000 7.051609428388185e-01
1.31250 7.027380945519072e-01
1.32500 7.002965726632706e-01
1.33750 6.979002652628402e-01
1.35000 6.955637873069538e-01
1.36250 6.932753820757717e-01
1.37500 6.910424947698571e-01
1.38750 6.888987808572371e-01
1.40000 6.868833304035313e-01
1.41250 6.850392064760116e-01
1.42500 6.834065472261057e-01
1.43750 6.819728382675824e-01
1.45000 6.806296153635331e-01
1.46250 6.792075525251615e-01
1.47500 6.775659977089766e-01
1.48750 6.756552291576775e-01
1.50000 6.735252506418616e-01
1.51250 6.713071024040156e-01
1.52500 6.691856928310553e-01
1.53750 6.673579370687782e-01
1.55000 6.659638838211326e-01
1.56250 6.650162422414960e-01
1.57500 6.644051592211545e-01
1.58750 6.639982421449560e-01
1.60000 6.637199751824004e-01
1.61250 6.635320689757892e-01
1.62500 6.633828960495043e-01
1.63750 6.631980334629141e-01
1.65000 6.629124130591810e-01
1.66250 6.625046770116534e-01
1.67500 6.619942747326614e-01
1.68750 6.614018399204723e-01
1.70000 6.606845751083971e-01
1.71250 6.597212627796407e-01
1.72500 6.584788142775266e-01
1.73750 6.572113667069005e-01
1.75000 6.564022892058822e-01
1.76250 6.564452122317587e-01
1.77500 6.572371323392677e-01
1.78750 6.580687728447889e-01
1.80000 6.582915044710028e-01
1.81250 6.581441954435013e-01
1.82500 6.582183710175956e-01
1.83750 6.582987432570779e-01
1.85000 6.583389608779678e-01
1.86250 6.586195668933934e-01
1.87500 6.601364878636864e-01
1.88750 6.670269751389645e-01
1.90000 6.728509778242286e-01
1.91250 6.731843838070627e-01
1.92500 6.714414773483433e-01
1.93750 6.692559322603470e-01
1.95000 6.671757951190710e-01
1.96250 6.651006769054385e-01
1.97500 6.627964613957520e-01
1.98750 6.603059204192114e-01
2.00000 6.577939633721963e-01
2.01250 6.553972699043205e-01
2.02500 6.532036070036559e-01
2.03750 6.512489623465956e-01
2.05000 6.495070593027487e-01
2.06250 6.478912617568710e-01
2.07500 6.462848977956687e-01
2.08750 6.445900505066181e-01
2.10000 6.427614577247113e-01
2.11250 6.408058939725728e-01
2.12500 6.387605174476392e-01
2.13750 6.366704488309856e-01
2.15000 6.345741192201069e-01
2.16250 6.324972092599755e-01
2.17500 6.304520137713560e-01
2.18750 6.284379383626403e-01
2.20000 6.264452605679857e-01
2.21250 6.244662793824189e-01
2.22500 6.225044574371128e-01
2.23750 6.205682969699614e-01
2.25000 6.186561480796097e-01
2.26250 6.167540391880180e-01
2.27500 6.148537936662322e-01
2.28750 6.129689899897728e-01
2.30000 6.111333570145646e-01
2.31250 6.093900436818208e-01
2.32500 6.077766939249982e-01
2.33750 6.063062733067789e-01
2.35000 6.049557474016530e-01
2.36250 6.036782645425504e-01
2.37500 6.024363899446754e-01
2.38750 6.012105399124406e-01
2.40000 5.999768004243542e-01
2.41250 5.986940863680693e-01
2.42500 5.973098467440822e-01
2.43750 5.957740074936905e-01
2.45000 5.940515611946789e-01
2.46250 5.921287030819399e-01
2.47500 5.900124453130809e-01
2.48750 5.877263888932712e-01
2.50000 5.853049526080470e-01
2.51250 5.827871045482567e-01
2.52500 5.802103590532378e-01
2.53750 5.776061893910049e-01
2.55000 5.749980976475870e-01
2.56250 5.724030497424007e-01
2.57500 5.698358732412449e-01
2.58750 5.673148312926432e-01
2.60000 5.648658294221854e-01
2.61250 5.625234444488195e-01
2.62500 5.603287613294170e-01
2.63750 5.583252319909405e-01
2.65000 5.565533178047301e-01
2.66250 5.550432900055833e-01
2.67500 5.538050658748337e-01
2.68750 5.528157417185878e-01
2.70000 5.520098411497409e-01
2.71250 5.512815128048741e-01
2.72500 5.505051092166069e-01
2.73750 5.495681336102328e-01
2.75000 5.483996372099242e-01
2.76250 5.469808908795346e-01
2.77500 5.453389967150700e-01
2.78750 5.435331096736213e-01
2.80000 5.416421890583225e-01
2.81250 5.397585089995698e-01
2.82500 5.379868924528568e-01
2.83750 5.364439596882067e-01
2.85000 5.352422406428117e-01
2.86250 5.344417838020492e-01
2.87500 5.339883618849748e-01
2.88750 5.337175749470952e-01
2.90000 5.334564930023605e-01
2.91250 5.331145120845689e-01
2.92500 5.326781107408670e-01
2.93750 5.321558298006069e-01
2.95000 5.315373706376985e-01
2.96250 5.307821947937117e-01
2.97500 5.298300617026191e-01
2.98750 5.286225012400819e-01
3.00000 5.271240012633607e-01
3.01250 5.253353082535406e-01
3.02500 5.232958856779159e-01
3.03750 5.210742831085604e-01
3.05000 5.187478602782849e-01
3.06250 5.163815143632315e-01
3.07500 5.140227907159062e-01
3.08750 5.117213901573758e-01
3.10000 5.095548273174880e-01
3.11250 5.076320695017239e-01
3.12500 5.060666998574948e-01
3.13750 5.049314962966891e-01
3.15000 5.042146527776755e-01
3.16250 5.038036014181100e-01
3.17500 5.035139875927445e-01
3.18750 5.031486091382545e-01
3.20000 5.025474920271283e-01
3.21250 5.016054757567064e-01
3.22500 5.002624022814187e-01
3.23750 4.984845344285750e-01
3.25000 4.962591967971342e-01
3.26250 4.936137753211371e-01
3.27500 4.906414757463115e-01
3.28750 4.875005168904991e-01
3.30000 4.843626779508413e-01
3.31250 4.813266523839685e-01
3.32500 4.783992849140415e-01
3.33750 4.756238376516284e-01
3.35000 4.732094892086723e-01
3.36250 4.714948895967484e-01
3.37500 4.707871763584344e-01
3.38750 4.711886450762121e-01
3.40000 4.725032089468681e-01
3.41250 4.742865838837332e-01
3.42500 4.760283947054079e-01
3.43750 4.773672012859239e-01
3.45000 4.781926489205821e-01
3.46250 4.785718099218147e-01
3.47500 4.785960745691391e-01
3.48750 4.782797665753146e-01
3.50000 4.775723179771773e-01
3.51250 4.764503350914276e-01
3.52500 4.750181744175657e-01
3.53750 4.735537076443773e-01
3.55000 4.724037978963117e-01
3.56250 4.717530681170417e-01
3.57500 4.715681870904729e-01
3.58750 4.717537016568336e-01
3.60000 4.721948851541306e-01
3.61250 4.728509820545691e-01
3.62500 4.738779191272730e-01
3.63750 4.754568161114640e-01
3.65000 4.775023665281796e-01
3.66250 4.795684282522894e-01
3.67500 4.811254046339470e-01
3.68750 4.819435987802064e-01
3.70000 4.819133658212888e-01
3.71250 4.807182379099293e-01
3.72500 4.799803693849474e-01
3.73750 4.871285867474716e-01
3.75000 4.891212136387348e-01
3.76250 4.871039647953952e-01
3.77500 4.856188281757583e-01
3.78750 4.866092595775217e-01
3.80000 4.874478178595681e-01
3.81250 4.854855135417918e-01
3.82500 4.852866730215694e-01
3.83750 4.846559603985471e-01
3.85000 4.813580544611605e-01
3.86250 4.775871017623081e-01
3.87500 4.738621177952443e-01
3.88750 4.702602914339097e-01
3.90000 4.667859394912034e-01
3.91250 4.634166063079409e-01
3.92500 4.600868362735056e-01
3.93750 4.567115958265333e-01
3.95000 4.532461849973116e-01
3.96250 4.496951319226558e-01
3.97500 4.460998772678180e-01
3.98750 4.425216787325681e-01
4.00000 4.390163025748748e-01
4.01250 4.356443872460960e-01
4.02500 4.324864211233392e-01
4.03750 4.296126354731869e-01
4.05000 4.270510830943857e-01
4.06250 4.247878071379534e-01
4.07500 4.227976635903988e-01
4.08750 4.210650692747172e-01
4.10000 4.195722938006820e-01
4.11250 4.182711089623635e-01
4.12500 4.170712185371915e-01
4.13750 4.158758750033643e-01
4.15000 4.146138383008200e-01
4.16250 4.132277256300640e-01
4.17500 4.116601496123149e-01
4.18750 4.098633187483816e-01
4.20000 4.078130076416862e-01
4.21250 4.054992513630434e-01
4.22500 4.029078625121943e-01
4.23750 4.000395910898790e-01
4.25000 3.969376011605016e-01
4.26250 3.936614395293213e-01
4.27500 3.902402395054359e-01
4.28750 3.866707346855634e-01
4.30000 3.829586892027345e-01
4.31250 3.791448180049242e-01
4.32500 3.753009979273507e-01
4.33750 3.715126381635456e-01
4.35000 3.678434707316967e-01
4.36250 3.643011831868069e-01
4.37500 3.608626715558641e-01
4.38750 3.575372611411813e-01
4.40000 3.543760620306837e-01
4.41250 3.514399023189627e-01
4.42500 3.487699132669598e-01
4.43750 3.463555787004527e-01
4.45000 3.441185416844912e-01
4.46250 3.419475995206342e-01
4.47500 3.397472592774441e-01
4.48750 3.374462638913833e-01
4.50000 3.349873522949681e-01
4.51250 3.323313505720550e-01
4.52500 3.294699110308244e-01
4.53750 3.264280480306428e-01
4.55000 3.232540507027735e-01
4.56250 3.200067872107992e-01
4.57500 3.167454155266015e-01
4.58750 3.135208392723017e-01
4.60000 3.103699840891798e-01
4.61250 3.073157269119772e-01
4.62500 3.043776325987170e-01
4.63750 3.015954926379986e-01
4.65000 2.990300565936189e-01
4.66250 2.966895575527465e-01
4.67500 2.944484787238452e-01
4.68750 2.921213586478995e-01
4.70000 2.896191711980657e-01
4.71250 2.869724270216789e-01
4.72500 2.842533863973511e-01
4.73750 2.815105358872965e-01
4.75000 2.787502219365273e-01
4.76250 2.759621444482072e-01
4.77500 2.731568107378693e-01
4.78750 2.703855274328306e-01
4.80000 2.677491781484649e-01
4.81250 2.654124011276737e-01
4.82500 2.636012976042011e-01
4.83750 2.624455979025747e-01
4.85000 2.615897885389121e-01
4.86250 2.602365929339729e-01
4.87500 2.577248367198217e-01
4.88750 2.685867242029419e-01
4.90000 2.710950292568173e-01
4.91250 2.674865535150476e-01
4.92500 2.664349774323536e-01
4.93750 2.658929458112570e-01
4.95000 2.642262271487159e-01
4.96250 2.621352323166001e-01
4.97500 2.601103363006219e-01
4.98750 2.581208391253274e-01
5.00000 2.559791344789953e-01
5.01250 2.536035437989914e-01
5.02500 2.510295014853803e-01
5.03750 2.483085749158422e-01
5.05000 2.454670220231193e-01
5.06250 2.425161978668224e-01
5.07500 2.394693750856394e-01
5.08750 2.363493784428549e-01
5.10000 2.331875988692985e-01
5.11250 2.300184230525974e-01
5.12500 2.268727114868484e-01
5.13750 2.237724460845694e-01
5.15000 2.207275558387315e-01
5.16250 2.177359864181020e-01
5.17500 2.147881579267879e-01
5.18750 2.118747855834175e-01
5.20000 2.089936599178593e-01
5.21250 2.061513465708166e-01
5.22500 2.033603788419179e-01
5.23750 2.006355636189190e-01
5.25000 1.979916393241367e-01
5.26250 1.954416568669878e-01
5.27500 1.929944610642687e-01
5.28750 1.906510254962442e-01
5.30000 1.884013704412082e-01
5.31250 1.862243193551552e-01
5.32500 1.840907643888403e-01
5.33750 1.819687827210349e-01
5.35000 1.798282142961723e-01
5.36250 1.776437605899157e-01
5.37500 1.753972289642854e-01
5.38750 1.730795038026090e-01
5.40000 1.706918878945753e-01
5.41250 1.682460531773254e-01
5.42500 1.657621878371036e-01
5.43750 1.632654397493109e-01
5.45000 1.607811707212627e-01
5.46250 1.583303474708678e-01
5.47500 1.559303638796142e-01
5.48750 1.536363997902994e-01
5.50000 1.519571866926876e-01
5.51250 1.525060989945989e-01
5.52500 1.504878340423844e-01
5.53750 1.480572893913110e-01
5.55000 1.461199604461055e-01
5.56250 1.453324850832803e-01
5.57500 1.432779789482375e-01
5.58750 1.416157605526112e-01
5.60000 1.401759320712053e-01
5.61250 1.393080281350347e-01
5.62500 1.378679432469934e-01
5.63750 1.361815668416557e-01
5.65000 1.347991337273096e-01
5.66250 1.338373881607574e-01
5.67500 1.335151437367802e-01
5.68750 1.336624288237304e-01
5.70000 1.331913919598953e-01
5.71250 1.319435095418734e-01
5.72500 1.303467053977849e-01
5.73750 1.286002142125443e-01
5.75000 1.268302856039471e-01
5.76250 1.251175252824218e-01
5.77500 1.234961173165069e-01
5.78750 1.219641020197121e-01
5.80000 1.204869457767506e-01
5.81250 1.190111550143461e-01
5.82500 1.175013948181891e-01
5.83750 1.159670524725914e-01
5.85000 1.144471951711842e-01
5.86250 1.129800172054119e-01
5.87500 1.115881417125905e-01
5.88750 1.102800877034098e-01
5.90000 1.090563281781369e-01
5.91250 1.079129518124227e-01
5.92500 1.068419503273167e-01
5.93750 1.058302351961448e-01
5.95000 1.048617033641139e-01
5.96250 1.039223155459077e-01
5.97500 1.030014285119609e-01
5.98750 1.020904920812882e-01
6.00000 1.011834908101727e-01
6.01250 1.002786060001310e-01
6.02500 9.937937598568582e-02
6.03750 9.849524975285361e-02
6.05000 9.764716522685207e-02
6.06250 9.691428918350753e-02
6.07500 9.685039275975307e-02
6.08750 1.049055582540186e-01
6.10000 1.194831929312039e-01
6.11250 1.044123813362109e-01
6.12500 1.007766139882352e-01
6.13750 9.943185613940017e-02
6.15000 9.881423107887788e-02
6.16250 9.850207483817380e-02
6.17500 9.832148074992886e-02
6.18750 9.817732494085400e-02
6.20000 9.801412334023227e-02
6.21250 9.780924266019951e-02
6.22500 9.756645330874790e-02
6.23750 9.730327640259687e-02
6.25000 9.705810778985220e-02
6.26250 9.685867901047654e-02
6.27500 9.658413901191276e-02
6.28750 9.635805768270779e-02
6.30000 9.641283885112054e-02
6.31250 9.653293893266397e-02
6.32500 9.644762010885798e-02
6.33750 9.651594475247713e-02
6.35000 9.672480333301527e-02
6.36250 9.701677438423791e-02
6.37500 9.736072487390708e-02
6.38750 9.772446784771464e-02
6.40000 9.807341796085518e-02
6.41250 9.838762530617169e-02
6.42500 9.865936534376135e-02
6.43750 9.888704412038106e-02
6.45000 9.908140103383052e-02
6.46250 9.926464028163325e-02
6.47500 9.945537246787080e-02
6.48750 9.965522811341827e-02
6.50000 9.985170383818488e-02
6.51250 1.000305384365212e-01
6.52500 1.001892559710423e-01
6.53750 1.003491006508687e-01
6.55000 1.005544215357813e-01
6.56250 1.008514751545038e-01
6.57500 1.012640787125335e-01
6.58750 1.017851701209706e-01
6.60000 1.023804509299163e-01
6.61250 1.029903109219412e-01
6.62500 1.035375698261008e-01
6.63750 1.039674148315616e-01
6.65000 1.042863847143459e-01
6.66250 1.045383645777171e-01
6.67500 1.047574148115881e-01
6.68750 1.049567305199337e-01
6.70000 1.051404152465438e-01
6.71250 1.053051627825976e-01
6.72500 1.054224277636192e-01
6.73750 1.054235449555734e-01
6.75000 1.052348804748917e-01
6.76250 1.048622639451430e-01
6.77500 1.044267143697764e-01
6.78750 1.040925224806980e-01
6.80000 1.039719385734170e-01
6.81250 1.040899287010012e-01
6.82500 1.044014075357936e-01
6.83750 1.048233227849499e-01
6.85000 1.052375313496774e-01
6.86250 1.054927423885523e-01
6.87500 1.055572718846122e-01
6.88750 1.056506596078411e-01
6.90000 1.060234914342117e-01
6.91250 1.067531562823459e-01
6.92500 1.077736716906565e-01
6.93750 1.089605879711561e-01
6.95000 1.100634396054048e-01
6.96250 1.107478340456529e-01
6.97500 1.111695358334973e-01
6.98750 1.119219119624401e-01
7.00000 1.133964457764905e-01
7.01250 1.156129894463794e-01
7.02500 1.174368350847718e-01
7.03750 1.188488822821270e-01
7.05000 1.185421622952830e-01
7.06250 1.165232956994091e-01
7.07500 1.156494729282663e-01
7.08750 1.149786590589629e-01
7.10000 1.141496882163053e-01
7.11250 1.134968193613551e-01
7.12500 1.132924526030992e-01
7.13750 1.134219185320949e-01
7.15000 1.136733275066824e-01
7.16250 1.138483706330780e-01
7.17500 1.138410977733997e-01
7.18750 1.136887204128912e-01
7.20000 1.134712521393869e-01
7.21250 1.132533941167838e-01
7.22500 1.130929940644529e-01
7.23750 1.130165964720829e-01
7.25000 1.129911825085355e-01
7.26250 1.129384688249791e-01
7.27500 1.127888506137302e-01
7.28750 1.125293183143349e-01
7.30000 1.122011827631712e-01
7.31250 1.118593126212844e-01
7.32500 1.115385070383088e-01
7.33750 1.112485837659616e-01
7.35000 1.109854944640999e-01
7.36250 1.107407155651035e-01
7.37500 1.105052827085111e-01
7.38750 1.102722678005482e-01
7.40000 1.100388181166305e-01
7.41250 1.098068191344986e-01
7.42500 1.095821305711533e-01
7.43750 1.093723814284949e-01
7.45000 1.091827748309809e-01
7.46250 1.090114905646668e-01
7.47500 1.088497931832502e-01
7.48750 1.086901974778541e-01
7.50000 1.085372209877745e-01
7.51250 1.084105465293154e-01
7.52500 1.083386114412145e-01
7.53750 1.083499733186746e-01
7.55000 1.084668687266497e-01
7.56250 1.086940967501406e-01
7.57500 1.089893631673166e-01
7.58750 1.092356069877417e-01
7.60000 1.093161479545042e-01
7.61250 1.092466329759148e-01
7.62500 1.091197457108904e-01
7.63750 1.089888882952769e-01
7.65000 1.088701303361748e-01
7.66250 1.087773558630858e-01
7.67500 1.087278284615156e-01
7.68750 1.087334153096249e-01
7.70000 1.087967118515224e-01
7.71250 1.089130708369754e-01
7.72500 1.090738245520618e-01
7.73750 1.092685140735300e-01
7.75000 1.094863026475733e-01
7.76250 1.097173608019582e-01
7.77500 1.099544865617689e-01
7.78750 1.101943392561451e-01
7.80000 1.104374376942338e-01
7.81250 1.106869609869431e-01
7.82500 1.109474030547690e-01
7.83750 1.112239920876309e-01
7.85000 1.115227189393307e-01
7.86250 1.118501448577406e-01
7.87500 1.122125214298586e-01
7.88750 1.126145016617272e-01
7.90000 1.130579045269948e-01
7.91250 1.135405468045115e-01
7.92500 1.140548468463910e-01
7.93750 1.145862985784367e-01
7.95000 1.151127255494080e-01
7.96250 1.156057484117883e-01
7.97500 1.160355881473681e-01
7.98750 1.163788699195662e-01
8.00000 1.166266785275463e-01
8.01250 1.167883397651886e-01
8.02500 1.168878972651890e-01
8.03750 1.169550236258220e-01
8.05000 1.170157050943795e-01
8.06250 1.170871526034368e-01
8.07500 1.171779744963492e-01
8.08750 1.172919621899595e-01
8.10000 1.174327928643957e-01
8.11250 1.176071756975986e-01
8.12500 1.178251770670440e-01
8.13750 1.180980725146203e-01
8.15000 1.184351053402695e-01
8.16250 1.188405864038465e-01
8.17500 1.193123208241936e-01
8.18750 1.198416995217912e-01
8.20000 1.204148602035904e-01
8.21250 1.210137974001245e-01
8.22500 1.216165092488867e-01
8.23750 1.221998842869639e-01
8.25000 1.227439199889501e-01
8.26250 1.232377756375213e-01
8.27500 1.236811711471817e-01
8.28750 1.240796931641308e-01
8.30000 1.244395081020689e-01
8.31250 1.247667919333318e-01
8.32500 1.250714717958731e-01
8.33750 1.253714324371779e-01
8.35000 1.256959778560202e-01
8.36250 1.260982930158979e-01
8.37500 1.267274308904707e-01
8.38750 1.282106403938980e-01
8.40000 1.293456605385952e-01
8.41250 1.290531520510074e-01
8.42500 1.290000637112797e-01
8.43750 1.293192860215198e-01
8.45000 1.299345639816694e-01
8.46250 1.308055175442802e-01
8.47500 1.319550048798634e-01
8.48750 1.335741029110227e-01
8.50000 1.358075057026121e-01
8.51250 1.374555954430738e-01
8.52500 1.370096919138501e-01
8.53750 1.357870381468239e-01
8.55000 1.348330652454071e-01
8.56250 1.342092281927417e-01
8.57500 1.338295468954026e-01
8.58750 1.336308959783574e-01
8.60000 1.335781954912338e-01
8.61250 1.337307969301762e-01
8.62500 1.341532277091338e-01
8.63750 1.348564751182431e-01
8.65000 1.358276401480174e-01
8.66250 1.374040820454990e-01
8.67500 1.388793790882200e-01
8.68750 1.393837693072335e-01
8.70000 1.405291078780516e-01
8.71250 1.418979089273238e-01
8.72500 1.433470892783379e-01
8.73750 1.446099015479767e-01
8.75000 1.453807384268271e-01
8.76250 1.455551025907778e-01
8.77500 1.452950479083541e-01
8.78750 1.448646052954053e-01
8.80000 1.445009580491889e-01
8.81250 1.444430685599782e-01
8.82500 1.452050425300054e-01
8.83750 1.484823115658984e-01
8.85000 1.526285139292504e-01
8.86250 1.502430752122841e-01
8.87500 1.477998993527421e-01
8.88750 1.468314044960163e-01
8.90000 1.465300358936804e-01
8.91250 1.464855039729299e-01
8.92500 1.464616198243928e-01
8.93750 1.463218678215022e-01
8.95000 1.460384251787637e-01
8.96250 1.456673790408823e-01
8.97500 1.452903233520766e-01
8.98750 1.449704861538560e-01
9.00000 1.447393995761606e-01
9.01250 1.446013532183183e-01
9.02500 1.445424186650918e-01
9.03750 1.445384992410279e-01
9.05000 1.445614307115975e-01
9.06250 1.445834727103338e-01
9.07500 1.445805613985557e-01
9.08750 1.445344295405554e-01
9.10000 1.444333472967649e-01
9.11250 1.442711800581527e-01
9.12500 1.440453182726002e-01
9.13750 1.437554934105606e-01
9.15000 1.434052621833507e-01
9.16250 1.430048899890569e-01
9.17500 1.425719485227188e-01
9.18750 1.421275299212244e-01
9.20000 1.416896019106700e-01
9.21250 1.412667706672034e-01
9.22500 1.408551379881592e-01
9.23750 1.404398076355448e-01
9.25000 1.400011211081558e-01
9.26250 1.395233689990722e-01
9.27500 1.390017860977689e-01
9.28750 1.384440960007663e-01
9.30000 1.378663124850809e-01
9.31250 1.372882717460527e-01
9.32500 1.367333590988843e-01
9.33750 1.362256114345273e-01
9.35000 1.357841385210014e-01
9.36250 1.354211327128598e-01
9.37500 1.351420180296597e-01
9.38750 1.349455262589495e-01
9.40000 1.348237619732570e-01
9.41250 1.347631638194367e-01
9.42500 1.347471069559140e-01
9.43750 1.347617102237313e-01
9.45000 1.347939348835385e-01
9.46250 1.347651479625649e-01
9.47500 1.346610382856054e-01
9.48750 1.345073461411775e-01
9.50000 1.342990789624511e-01
9.51250 1.340409216547259e-01
9.52500 1.337415423744001e-01
9.53750 1.333653313007199e-01
9.55000 1.328801387481057e-01
9.56250 1.323428126842368e-01
9.57500 1.317808206829941e-01
9.58750 1.311706624546036e-01
9.60000 1.305135823515701e-01
9.61250 1.298361310531988e-01
9.62500 1.291496514932087e-01
9.63750 1.284570274768385e-01
9.65000 1.277660815684785e-01
9.66250 1.270899688065237e-01
9.67500 1.264287581448030e-01
9.68750 1.257512839433136e-01
9.70000 1.250321084058786e-01
9.71250 1.243014455910340e-01
9.72500 1.236150566167471e-01
9.73750 1.230126830540465e-01
9.75000 1.225133321025338e-01
9.76250 1.221173111981311e-01
9.77500 1.218034615117671e-01
9.78750 1.215378549036503e-01
9.80000 1.212915311596293e-01
9.81250 1.210429998417562e-01
9.82500 1.207797169805207e-01
9.83750 1.205028286014961e-01
9.85000 1.202209178550520e-01
9.86250 1.199407056793046e-01
9.87500 1.196645532634607e-01
9.88750 1.193928259358752e-01
9.90000 1.191272766470074e-01
9.91250 1.188744796616649e-01
9.92500 1.186477592368234e-01
9.93750 1.184612786947187e-01
9.95000 1.183085694862199e-01
9.96250 1.181411228089483e-01
9.97500 1.179036348313067e-01
9.98750 1.176088643037027e-01
10.00000 1.173204766151488e-01
