0.00001 9.996204101933990e-01
0.01250 9.881891799500552e-01
0.02500 9.851192100475394e-01
0.03750 9.835478103853466e-01
0.05000 9.826087048602371e-01
0.06250 9.819610032790723e-01
0.07500 9.814435037415410e-01
0.08750 9.809697739438127e-01
0.10000 9.804854760122310e-01
0.11250 9.799481274836086e-01
0.12500 9.793214817780244e-01
0.13750 9.786041991292321e-01
0.15000 9.778774693721013e-01
0.16250 9.771528921970076e-01
0.17500 9.763070832948451e-01
0.18750 9.752752835907864e-01
0.20000 9.740422477253088e-01
0.21250 9.725972646822526e-01
0.22500 9.709307979500404e-01
0.23750 9.690498702645968e-01
0.25000 9.670036671927443e-01
0.26250 9.648943169441585e-01
0.27500 9.628247315536717e-01
0.28750 9.608044400342048e-01
0.30000 9.587372308697866e-01
0.31250 9.565056946381568e-01
0.32500 9.540330949614604e-01
0.33750 9.512845871260450e-01
0.35000 9.482489634011856e-01
0.36250 9.449273127406030e-01
0.37500 9.413320247123020e-01
0.38750 9.374931666470195e-01
0.40000 9.334606055766279e-01
0.41250 9.292639250050628e-01
0.42500 9.247508525017589e-01
0.43750 9.189211870423931e-01
0.45000 9.079289882884533e-01
0.46250 9.163214243005525e-01
0.47500 9.130778533773900e-01
0.48750 9.088946041875071e-01
0.50000 9.047149644701565e-01
0.51250 9.003158503476362e-01
0.52500 8.957591365254199e-01
0.53750 8.912107023056659e-01
0.55000 8.867974074908676e-01
0.56250 8.823808144658850e-01
0.57500 8.779174473974904e-01
0.58750 8.734714545408268e-01
0.60000 8.690326869072841e-01
0.61250 8.646108662445310e-01
0.62500 8.603226634323266e-01
0.63750 8.562740388686341e-01
0.65000 8.524474053208642e-01
0.66250 8.488305743980127e-01
0.67500 8.453965996305053e-01
0.68750 8.419891930051348e-01
0.70000 8.384269225453901e-01
0.71250 8.346473917241632e-01
0.72500 8.306456558230487e-01
0.73750 8.263596230972601e-01
0.75000 8.218010962370557e-01
0.76250 8.171414126459264e-01
0.77500 8.125902613993728e-01
0.78750 8.082491145735509e-01
0.80000 8.040703493575635e-01
0.81250 7.999678160538256e-01
0.82500 7.959355042468967e-01
0.83750 7.920288851428019e-01
0.85000 7.882462005570183e-01
0.86250 7.844668345746376e-01
0.87500 7.805565230945727e-01
0.88750 7.764836488322490e-01
0.90000 7.723175013727436e-01
0.91250 7.682179627302392e-01
0.92500 7.643993568756878e-01
0.93750 7.609148424562298e-01
0.95000 7.575329688701938e-01
0.96250 7.540610144338281e-01
0.97500 7.505654992677868e-01
0.98750 7.472770158832849e-01
1.00000 7.444449386868089e-01
1.01250 7.422075028813067e-01
1.02500 7.405275265988031e-01
1.03750 7.392551274571010e-01
1.05000 7.382360148369382e-01
1.06250 7.373204722717073e-01
1.07500 7.363038746436014e-01
1.08750 7.349641538029186e-01
1.10000 7.331590113955118e-01
1.11250 7.308735535143717e-01
1.12500 7.282374701686881e-01
1.13750 7.254917942393961e-01
1.15000 7.229128672779590e-01
1.16250 7.207389284271698e-01
1.17500 7.191126857198474e-01
1.18750 7.180283520720517e-01
1.20000 7.172954946639554e-01
1.21250 7.166059601504047e-01
1.22500 7.157176700016538e-01
1.23750 7.145566915598240e-01
1.25000 7.131431945474290e-01
1.26250 7.114925921580041e-01
1.27500 7.095999141974679e-01
1.28750 7.074736217020430e-01
1.30000 7.051593538001962e-01
1.31250 7.027366298846865e-01
1.32500 7.002952125819086e-01
1.33750 6.978989930365186e-01
1.35000 6.955625889943218e-01
1.36250 6.932742464709710e-01
1.37500 6.910414128974918e-01
1.38750 6.888977451921360e-01
1.40000 6.868823343809514e-01
1.41250 6.850382442131911e-01
1.42500 6.834056131590982e-01
1.43750 6.819719270073388e-01
1.45000 6.806287221669771e-01
1.46250 6.792066740539817e-01
1.47500 6.775651323902178e-01
1.48750 6.756543769348804e-01
1.50000 6.735244123717701e-01
1.51250 6.713062791522837e-01
1.52500 6.691848851640193e-01
1.53750 6.673571444333367e-01
1.55000 6.659631042887573e-01
1.56250 6.650154729525322e-01
1.57500 6.644043973504609e-01
1.58750 6.639974855976806e-01
1.60000 6.637192225900199e-01
1.61250 6.635313193135530e-01
1.62500 6.633821483200829e-01
1.63750 6.631972866843829e-01
1.65000 6.629116664669045e-01
1.66250 6.625039301451999e-01
1.67500 6.619935272832828e-01
1.68750 6.614010915483257e-01
1.70000 6.606838256026275e-01
1.71250 6.597205126946810e-01
1.72500 6.584780653502210e-01
1.73750 6.572106211790507e-01
1.75000 6.564015480949612e-01
1.76250 6.564444735692515e-01
1.77500 6.572363912482615e-01
1.78750 6.580680247374016e-01
1.80000 6.582907491084978e-01
1.81250 6.581434368356676e-01
1.82500 6.582176112891310e-01
1.83750 6.582979814848599e-01
1.85000 6.583382000944252e-01
1.86250 6.586188106403904e-01
1.87500 6.601357587333381e-01
1.88750 6.670262734025182e-01
1.90000 6.728502118751445e-01
1.91250 6.731835701584350e-01
1.92500 6.714406389845772e-01
1.93750 6.692550759083070e-01
1.95000 6.671749221162671e-01
1.96250 6.650997903528836e-01
1.97500 6.627955650783687e-01
1.98750 6.603050163130681e-01
2.00000 6.577930522965021e-01
2.01250 6.553963522746682e-01
2.02500 6.532026830156811e-01
2.03750 6.512480319647727e-01
2.05000 6.495061222292541e-01
2.06250 6.478903174524697e-01
2.07500 6.462839455797194e-01
2.08750 6.445890897259469e-01
2.10000 6.427604879444078e-01
2.11250 6.408049150832789e-01
2.12500 6.387595296188318e-01
2.13750 6.366694523500519e-01
2.15000 6.345731143182186e-01
2.16250 6.324961960068241e-01
2.17500 6.304509920598177e-01
2.18750 6.284369079748940e-01
2.20000 6.264442213134565e-01
2.21250 6.244652312408109e-01
2.22500 6.225034006067285e-01
2.23750 6.205672317924648e-01
2.25000 6.186550748873106e-01
2.26250 6.167529581909280e-01
2.27500 6.148527049814531e-01
2.28750 6.129678937358792e-01
2.30000 6.111322533336542e-01
2.31250 6.093889326965038e-01
2.32500 6.077755757404880e-01
2.33750 6.063051480163516e-01
2.35000 6.049546149482087e-01
2.36250 6.036771246585448e-01
2.37500 6.024352422077481e-01
2.38750 6.012093837223408e-01
2.40000 5.999756349898110e-01
2.41250 5.986929107745155e-01
2.42500 5.973086600777477e-01
2.43750 5.957728089748917e-01
2.45000 5.940503502772695e-01
2.46250 5.921274794989533e-01
2.47500 5.900112090735182e-01
2.48750 5.877251402458322e-01
2.50000 5.853036919863901e-01
2.51250 5.827858325101847e-01
2.52500 5.802090762274399e-01
2.53750 5.776048964453585e-01
2.55000 5.749967952871256e-01
2.56250 5.724017387323189e-01
2.57500 5.698345544358377e-01
2.58750 5.673135056444235e-01
2.60000 5.648644979532497e-01
2.61250 5.625221081843538e-01
2.62500 5.603274212072414e-01
2.63750 5.583238887614925e-01
2.65000 5.565519719275077e-01
2.66250 5.550419415436978e-01
2.67500 5.538037143957891e-01
2.68750 5.528143862254254e-01
2.70000 5.520084800873345e-01
2.71250 5.512801441925099e-01
2.72500 5.505037309196880e-01
2.73750 5.495667436899651e-01
2.75000 5.483982342455438e-01
2.76250 5.469794741816231e-01
2.77500 5.453375664004660e-01
2.78750 5.435316666048449e-01
2.80000 5.416407346643890e-01
2.81250 5.397570450073271e-01
2.82500 5.379854205696369e-01
2.83750 5.364424812884825e-01
2.85000 5.352407565334649e-01
2.86250 5.344402941435055e-01
2.87500 5.339868662453885e-01
2.88750 5.337160723854669e-01
2.90000 5.334549822392211e-01
2.91250 5.331129918154991e-01
2.92500 5.326765798772094e-01
2.93750 5.321542874886692e-01
2.95000 5.315358161539649e-01
2.96250 5.307806274778941e-01
2.97500 5.298284810223202e-01
2.98750 5.286209069724127e-01
3.00000 5.271223936966545e-01
3.01250 5.253336883063373e-01
3.02500 5.232942548700948e-01
3.03750 5.210726433594186e-01
3.05000 5.187462135848437e-01
3.06250 5.163798625510786e-01
3.07500 5.140211354819056e-01
3.08750 5.117197333283793e-01
3.10000 5.095531709106662e-01
3.11250 5.076304152819072e-01
3.12500 5.060650484626831e-01
3.13750 5.049298461780224e-01
3.15000 5.042129991905929e-01
3.16250 5.038019357731603e-01
3.17500 5.035122977605826e-01
3.18750 5.031468815369360e-01
3.20000 5.025457155873085e-01
3.21250 5.016036458165208e-01
3.22500 5.002605215314641e-01
3.23750 4.984826105103873e-01
3.25000 4.962572390101313e-01
3.26250 4.936117925416864e-01
3.27500 4.906394757325315e-01
3.28750 4.874985062200542e-01
3.30000 4.843606620352854e-01
3.31250 4.813246354960234e-01
3.32500 4.783972704520530e-01
3.33750 4.756218287040372e-01
3.35000 4.732074888538557e-01
3.36250 4.714929002285916e-01
3.37500 4.707851981732260e-01
3.38750 4.711866746115199e-01
3.40000 4.725012387316427e-01
3.41250 4.742846036850651e-01
3.42500 4.760263936554348e-01
3.43750 4.773651695122956e-01
3.45000 4.781905776727780e-01
3.46250 4.785696902389037e-01
3.47500 4.785938954415495e-01
3.48750 4.782775134059364e-01
3.50000 4.775699710281120e-01
3.51250 4.764478665937783e-01
3.52500 4.750155433858430e-01
3.53750 4.735508535638339e-01
3.55000 4.724006451442591e-01
3.56250 4.717495924725456e-01
3.57500 4.715646396054348e-01
3.58750 4.717507496234965e-01
3.60000 4.721928590012611e-01
3.61250 4.728495414701113e-01
3.62500 4.738766828894397e-01
3.63750 4.754555553730930e-01
3.65000 4.775009762481759e-01
3.66250 4.795668744868338e-01
3.67500 4.811236820598860e-01
3.68750 4.819417075613430e-01
3.70000 4.819112985191479e-01
3.71250 4.807159916394589e-01
3.72500 4.799783496779981e-01
3.73750 4.871267221261398e-01
3.75000 4.891191510443987e-01
3.76250 4.871017769093382e-01
3.77500 4.856165634655166e-01
3.78750 4.866069307685850e-01
3.80000 4.874454110650894e-01
3.81250 4.854830386931160e-01
3.82500 4.852841665409452e-01
3.83750 4.846533862500702e-01
3.85000 4.813554132840391e-01
3.86250 4.775844064678573e-01
3.87500 4.738593758739457e-01
3.88750 4.702575073031156e-01
3.90000 4.667831159815015e-01
3.91250 4.634137452026592e-01
3.92500 4.600839385326473e-01
3.93750 4.567086623271887e-01
3.95000 4.532432171851356e-01
3.96250 4.496921319708428e-01
3.97500 4.460968481093777e-01
3.98750 4.425186235565137e-01
4.00000 4.390132241053623e-01
4.01250 4.356412881705454e-01
4.02500 4.324833042552166e-01
4.03750 4.296095029898920e-01
4.05000 4.270479361453274e-01
4.06250 4.247846460712286e-01
4.07500 4.227944881987905e-01
4.08750 4.210618787020721e-01
4.10000 4.195690862047050e-01
4.11250 4.182678813486284e-01
4.12500 4.170679673961826e-01
4.13750 4.158725971104307e-01
4.15000 4.146105306730271e-01
4.16250 4.132243852771553e-01
4.17500 4.116567736822643e-01
4.18750 4.098599049011946e-01
4.20000 4.078095543301972e-01
4.21250 4.054957579162223e-01
4.22500 4.029043291295973e-01
4.23750 4.000360187091655e-01
4.25000 3.969339911681459e-01
4.26250 3.936577934845138e-01
4.27500 3.902365590481569e-01
4.28750 3.866670217446265e-01
4.30000 3.829549462749898e-01
4.31250 3.791410481299338e-01
4.32500 3.752972043785611e-01
4.33750 3.715088240842345e-01
4.35000 3.678396389018677e-01
4.36250 3.642973359831581e-01
4.37500 3.608588110853110e-01
4.38750 3.575333895862992e-01
4.40000 3.543721818010624e-01
4.41250 3.514360155127279e-01
4.42500 3.487660206820070e-01
4.43750 3.463516791318760e-01
4.45000 3.441146322505501e-01
4.46250 3.419436769442542e-01
4.47500 3.397433208363136e-01
4.48750 3.374423074555701e-01
4.50000 3.349833762253832e-01
4.51250 3.323273540624687e-01
4.52500 3.294658946132398e-01
4.53750 3.264240137349586e-01
4.55000 3.232500018206738e-01
4.56250 3.200027279248149e-01
4.57500 3.167413505291866e-01
4.58750 3.135167732376138e-01
4.60000 3.103659208234096e-01
4.61250 3.073116685097320e-01
4.62500 3.043735795060634e-01
4.63750 3.015914445442859e-01
4.65000 2.990260126057793e-01
4.66250 2.966855159237516e-01
4.67500 2.944444380658506e-01
4.68750 2.921173194646258e-01
4.70000 2.896151357630952e-01
4.71250 2.869683983952626e-01
4.72500 2.842493675087812e-01
4.73750 2.815065290733038e-01
4.75000 2.787462292087306e-01
4.76250 2.759581681907924e-01
4.77500 2.731528541723862e-01
4.78750 2.703815945751776e-01
4.80000 2.677452733332937e-01
4.81250 2.654085278283542e-01
4.82500 2.635974557326648e-01
4.83750 2.624417808642286e-01
4.85000 2.615859881056053e-01
4.86250 2.602328145208191e-01
4.87500 2.577211289821181e-01
4.88750 2.685830642482174e-01
4.90000 2.710911469168996e-01
4.91250 2.674826356105208e-01
4.92500 2.664310385480678e-01
4.93750 2.658889677881960e-01
4.95000 2.642222111589876e-01
4.96250 2.621311899928058e-01
4.97500 2.601062718024570e-01
4.98750 2.581167512391601e-01
5.00000 2.559750225056164e-01
5.01250 2.535994097808277e-01
5.02500 2.510253488866582e-01
5.03750 2.483044073321690e-01
5.05000 2.454628429819887e-01
5.06250 2.425120110643134e-01
5.07500 2.394651845412080e-01
5.08750 2.363451884327565e-01
5.10000 2.331834136897834e-01
5.11250 2.300142467293487e-01
5.12500 2.268685475409000e-01
5.13750 2.237682974253467e-01
5.15000 2.207234248121464e-01
5.16250 2.177318749957814e-01
5.17500 2.147840679674630e-01
5.18750 2.118707190455720e-01
5.20000 2.089896189191239e-01
5.21250 2.061473332900022e-01
5.22500 2.033563953498256e-01
5.23750 2.006316117221814e-01
5.25000 1.979877204437263e-01
5.26250 1.954377719313082e-01
5.27500 1.929906104134260e-01
5.28750 1.906472088397783e-01
5.30000 1.883975869294186e-01
5.31250 1.862205677865013e-01
5.32500 1.840870435106371e-01
5.33750 1.819650915453005e-01
5.35000 1.798245523725008e-01
5.36250 1.776401282153398e-01
5.37500 1.753936273200154e-01
5.38750 1.730759349942587e-01
5.40000 1.706883548720658e-01
5.41250 1.682425595369225e-01
5.42500 1.657587375467727e-01
5.43750 1.632620368746888e-01
5.45000 1.607778192619261e-01
5.46250 1.583270514509393e-01
5.47500 1.559271278388860e-01
5.48750 1.536332291088706e-01
5.50000 1.519540769428261e-01
5.51250 1.525030109328519e-01
5.52500 1.504847677230518e-01
5.53750 1.480542747467875e-01
5.55000 1.461170012795289e-01
5.56250 1.453295452412426e-01
5.57500 1.432751034232504e-01
5.58750 1.416129484376248e-01
5.60000 1.401731569924630e-01
5.61250 1.393053051007922e-01
5.62500 1.378652586851315e-01
5.63750 1.361789258425045e-01
5.65000 1.347965482013470e-01
5.66250 1.338348628112464e-01
5.67500 1.335126835777332e-01
5.68750 1.336600013217217e-01
5.70000 1.331889369821274e-01
5.71250 1.319410377761774e-01
5.72500 1.303442420810898e-01
5.73750 1.285977762056732e-01
5.75000 1.268278841867666e-01
5.76250 1.251151668562047e-01
5.77500 1.234938048440480e-01
5.78750 1.219618366030708e-01
5.80000 1.204847279472558e-01
5.81250 1.190089857615805e-01
5.82500 1.174992760827269e-01
5.83750 1.159649868287224e-01
5.85000 1.144451849995076e-01
5.86250 1.129780639798593e-01
5.87500 1.115862457167639e-01
5.88750 1.102782480988268e-01
5.90000 1.090545432442635e-01
5.91250 1.079112192468945e-01
5.92500 1.068402675799439e-01
5.93750 1.058285998648582e-01
5.95000 1.048601136122791e-01
5.96250 1.039207703595445e-01
5.97500 1.029999277681483e-01
5.98750 1.020890366062135e-01
6.00000 1.011820824584209e-01
6.01250 1.002772477307508e-01
6.02500 9.937807204610999e-02
6.03750 9.849400623505555e-02
6.05000 9.764599167879641e-02
6.06250 9.691320318310230e-02
6.07500 9.684943263476345e-02
6.08750 1.049047366945814e-01
6.10000 1.194815611674611e-01
6.11250 1.044109831445051e-01
6.12500 1.007753628930176e-01
6.13750 9.943068981645360e-02
6.15000 9.881312302522142e-02
6.16250 9.850101091064796e-02
6.17500 9.832045229413573e-02
6.18750 9.817632648227946e-02
6.20000 9.801315172310375e-02
6.21250 9.780829654613908e-02
6.22500 9.756553256544928e-02
6.23750 9.730238160351724e-02
6.25000 9.705723960938638e-02
6.26250 9.685783653211412e-02
6.27500 9.658332366438409e-02
6.28750 9.635727304748236e-02
6.30000 9.641208092206678e-02
6.31250 9.653220168257592e-02
6.32500 9.644690648268919e-02
6.33750 9.651525342243500e-02
6.35000 9.672413139939391e-02
6.36250 9.701611914956691e-02
6.37500 9.736008351799347e-02
6.38750 9.772383753237293e-02
6.40000 9.807279646978723e-02
6.41250 9.838701133296868e-02
6.42500 9.865875830401992e-02
6.43750 9.888644396668983e-02
6.45000 9.908080795760971e-02
6.46250 9.926405422050301e-02
6.47500 9.945479275898721e-02
6.48750 9.965465368418693e-02
6.50000 9.985113383176483e-02
6.51250 1.000299728789770e-01
6.52500 1.001886960384425e-01
6.53750 1.003485479709122e-01
6.55000 1.005538768924179e-01
6.56250 1.008509377741912e-01
6.57500 1.012635463930871e-01
6.58750 1.017846396602399e-01
6.60000 1.023799185413005e-01
6.61250 1.029897729485773e-01
6.62500 1.035370242618775e-01
6.63750 1.039668626850275e-01
6.65000 1.042858291932466e-01
6.66250 1.045378089956647e-01
6.67500 1.047568616511259e-01
6.68750 1.049561816314544e-01
6.70000 1.051398720476989e-01
6.71250 1.053046260615609e-01
6.72500 1.054218974496293e-01
6.73750 1.054230206990536e-01
6.75000 1.052343636649049e-01
6.76250 1.048617595919937e-01
6.77500 1.044262294786226e-01
6.78750 1.040920619599207e-01
6.80000 1.039715031693313e-01
6.81250 1.040895157063669e-01
6.82500 1.044010124099416e-01
6.83750 1.048229402111620e-01
6.85000 1.052371561261289e-01
6.86250 1.054923727373610e-01
6.87500 1.055569127507133e-01
6.88750 1.056503170573240e-01
6.90000 1.060231654057159e-01
6.91250 1.067528412259509e-01
6.92500 1.077733600416056e-01
6.93750 1.089602715974884e-01
6.95000 1.100631128452172e-01
6.96250 1.107474997551625e-01
6.97500 1.111692034844830e-01
6.98750 1.119215877309194e-01
7.00000 1.133961272556539e-01
7.01250 1.156126566576802e-01
7.02500 1.174364420964672e-01
7.03750 1.188484780404903e-01
7.05000 1.185416026944001e-01
7.06250 1.165227608222382e-01
7.07500 1.156489481187807e-01
7.08750 1.149781344378096e-01
7.10000 1.141491712640840e-01
7.11250 1.134963169031671e-01
7.12500 1.132919611923801e-01
7.13750 1.134214331293777e-01
7.15000 1.136728420199956e-01
7.16250 1.138478816561973e-01
7.17500 1.138406065573907e-01
7.18750 1.136882301293749e-01
7.20000 1.134707648567146e-01
7.21250 1.132529103092304e-01
7.22500 1.130925127786002e-01
7.23750 1.130161154587008e-01
7.25000 1.129906989132917e-01
7.26250 1.129379805951686e-01
7.27500 1.127883578504507e-01
7.28750 1.125288233738310e-01
7.30000 1.122006889897593e-01
7.31250 1.118588229275509e-01
7.32500 1.115380233044187e-01
7.33750 1.112481069841273e-01
7.35000 1.109850251162669e-01
7.36250 1.107402539312660e-01
7.37500 1.105048290593316e-01
7.38750 1.102718224863628e-01
7.40000 1.100383815614551e-01
7.41250 1.098063917650941e-01
7.42500 1.095817127158951e-01
7.43750 1.093719732147098e-01
7.45000 1.091823761493665e-01
7.46250 1.090111012169597e-01
7.47500 1.088494132371668e-01
7.48750 1.086898275985559e-01
7.50000 1.085368624052678e-01
7.51250 1.084102005961888e-01
7.52500 1.083382790861608e-01
7.53750 1.083496546530173e-01
7.55000 1.084665627885247e-01
7.56250 1.086938013113874e-01
7.57500 1.089890749996476e-01
7.58750 1.092353237228186e-01
7.60000 1.093158706154648e-01
7.61250 1.092463647977860e-01
7.62500 1.091194888863610e-01
7.63750 1.089886434072827e-01
7.65000 1.088698975843648e-01
7.66250 1.087771357421557e-01
7.67500 1.087276214703345e-01
7.68750 1.087332214895043e-01
7.70000 1.087965306457770e-01
7.71250 1.089129012009137e-01
7.72500 1.090736651339346e-01
7.73750 1.092683633854388e-01
7.75000 1.094861592128123e-01
7.76250 1.097172232729085e-01
7.77500 1.099543537880350e-01
7.78750 1.101942102841846e-01
7.80000 1.104373117082345e-01
7.81250 1.106868372292926e-01
7.82500 1.109472807623210e-01
7.83750 1.112238704540747e-01
7.85000 1.115225970941453e-01
7.86250 1.118500218508723e-01
7.87500 1.122123962183745e-01
7.88750 1.126143730989506e-01
7.90000 1.130577713558712e-01
7.91250 1.135404076624844e-01
7.92500 1.140547003017597e-01
7.93750 1.145861432281988e-01
7.95000 1.151125601999194e-01
7.96250 1.156055723265664e-01
7.97500 1.160354012875167e-01
7.98750 1.163786730557106e-01
8.00000 1.166264731280258e-01
8.01250 1.167881276845461e-01
8.02500 1.168876803764646e-01
8.03750 1.169548035434123e-01
8.05000 1.170154830460842e-01
8.06250 1.170869294341516e-01
8.07500 1.171777507548814e-01
8.08750 1.172917382425521e-01
8.10000 1.174325689830255e-01
8.11250 1.176069520904238e-01
8.12500 1.178249538478792e-01
8.13750 1.180978496338858e-01
8.15000 1.184348825128724e-01
8.16250 1.188403630719382e-01
8.17500 1.193120961839479e-01
8.18750 1.198414726180950e-01
8.20000 1.204146300655120e-01
8.21250 1.210135631722951e-01
8.22500 1.216162703232829e-01
8.23750 1.221996403470762e-01
8.25000 1.227436710158255e-01
8.26250 1.232375218300531e-01
8.27500 1.236809127767409e-01
8.28750 1.240794304926040e-01
8.30000 1.244392414552199e-01
8.31250 1.247665218762617e-01
8.32500 1.250711992726921e-01
8.33750 1.253711588052356e-01
8.35000 1.256957048962627e-01
8.36250 1.260980231152828e-01
8.37500 1.267271670591756e-01
8.38750 1.282103657142061e-01
8.40000 1.293453284176567e-01
8.41250 1.290528218470108e-01
8.42500 1.289997432499225e-01
8.43750 1.293189735084634e-01
8.45000 1.299342541862356e-01
8.46250 1.308052062019422e-01
8.47500 1.319546857265184e-01
8.48750 1.335737618695325e-01
8.50000 1.358071199759742e-01
8.51250 1.374551624082889e-01
8.52500 1.370092426292208e-01
8.53750 1.357865858455718e-01
8.55000 1.348326115726874e-01
8.56250 1.342087748554004e-01
8.57500 1.338290954401299e-01
8.58750 1.336304477267960e-01
8.60000 1.335777525147634e-01
8.61250 1.337303605524643e-01
8.62500 1.341527969361021e-01
8.63750 1.348560469975615e-01
8.65000 1.358272109150062e-01
8.66250 1.374036463182336e-01
8.67500 1.388789021466189e-01
8.68750 1.393832878865584e-01
8.70000 1.405286146244054e-01
8.71250 1.418973974861659e-01
8.72500 1.433465529439152e-01
8.73750 1.446093355054699e-01
8.75000 1.453801422054465e-01
8.76250 1.455544804420171e-01
8.77500 1.452944070052681e-01
8.78750 1.448639533276185e-01
8.80000 1.445003012064338e-01
8.81250 1.444424081546629e-01
8.82500 1.452043559322317e-01
8.83750 1.484814825275310e-01
8.85000 1.526277645646788e-01
8.86250 1.502422713851507e-01
8.87500 1.477990706350553e-01
8.88750 1.468305683753512e-01
8.90000 1.465291895648728e-01
8.91250 1.464846427393521e-01
8.92500 1.464607405020325e-01
8.93750 1.463209699839185e-01
8.95000 1.460375106438938e-01
8.96250 1.456664502581030e-01
8.97500 1.452893820308882e-01
8.98750 1.449695327238687e-01
9.00000 1.447384332651780e-01
9.01250 1.446003723916293e-01
9.02500 1.445414212217593e-01
9.03750 1.445374829911591e-01
9.05000 1.445603937043827e-01
9.06250 1.445824134885061e-01
9.07500 1.445794791580208e-01
9.08750 1.445333241819130e-01
9.10000 1.444322193677891e-01
9.11250 1.442700306104579e-01
9.12500 1.440441486947373e-01
9.13750 1.437543053152597e-01
9.15000 1.434040573721893e-01
9.16250 1.430036704307480e-01
9.17500 1.425707162568307e-01
9.18750 1.421262868698037e-01
9.20000 1.416883496775431e-01
9.21250 1.412655104426937e-01
9.22500 1.408538706335734e-01
9.23750 1.404385339309571e-01
9.25000 1.399998420579389e-01
9.26250 1.395220860483520e-01
9.27500 1.390005011503443e-01
9.28750 1.384428112361561e-01
9.30000 1.378650301018632e-01
9.31250 1.372869937820949e-01
9.32500 1.367320872536577e-01
9.33750 1.362243468213999e-01
9.35000 1.357828815256217e-01
9.36250 1.354198829874570e-01
9.37500 1.351407745464921e-01
9.38750 1.349442873998986e-01
9.40000 1.348225256630561e-01
9.41250 1.347619276961774e-01
9.42500 1.347458685404174e-01
9.43750 1.347604669771283e-01
9.45000 1.347926841851078e-01
9.46250 1.347638882207514e-01
9.47500 1.346597691003140e-01
9.48750 1.345060674131162e-01
9.50000 1.342977908540595e-01
9.51250 1.340396245042469e-01
9.52500 1.337402360577540e-01
9.53750 1.333640158624859e-01
9.55000 1.328788162635087e-01
9.56250 1.323414849900250e-01
9.57500 1.317794885896814e-01
9.58750 1.311693273346114e-01
9.60000 1.305122462940153e-01
9.61250 1.298347956896057e-01
9.62500 1.291483180123365e-01
9.63750 1.284556969154362e-01
9.65000 1.277647547856767e-01
9.66250 1.270886462779967e-01
9.67500 1.264274401106938e-01
9.68750 1.257499714625265e-01
9.70000 1.250308040185480e-01
9.71250 1.243001520855502e-01
9.72500 1.236137757011165e-01
9.73750 1.230114151417747e-01
9.75000 1.225120764815419e-01
9.76250 1.221160659471512e-01
9.77500 1.218022233667923e-01
9.78750 1.215366202551721e-01
9.80000 1.212902977392566e-01
9.81250 1.210417669447875e-01
9.82500 1.207784846262107e-01
9.83750 1.205015968230001e-01
9.85000 1.202196864141918e-01
9.86250 1.199394740859352e-01
9.87500 1.196633208841890e-01
9.88750 1.193915920626781e-01
9.90000 1.191260404938669e-01
9.91250 1.188732402800375e-01
9.92500 1.186465153103411e-01
9.93750 1.184600282407470e-01
9.95000 1.183073098790666e-01
9.96250 1.181398518277601e-01
9.97500 1.179023520154400e-01
9.98750 1.176075702748109e-01
10.00000 1.173191707924654e-01
