  300.00 -12.00000 -6.24288e-03 -6.24288e-03 -6.24288e-03 -4.82296e-06 -4.82177e-06  4.82201e-06
  300.00 -11.98288 -6.18582e-03 -6.18582e-03 -6.18582e-03 -4.82296e-06 -4.82177e-06  4.82201e-06
  300.00 -11.96577 -6.12877e-03 -6.12877e-03 -6.12877e-03 -4.82296e-06 -4.82177e-06  4.82201e-06
  300.00 -11.94865 -6.07171e-03 -6.07171e-03 -6.07171e-03 -4.82296e-06 -4.82177e-06  4.82201e-06
  300.00 -11.93153 -6.01465e-03 -6.01465e-03 -6.01465e-03 -4.82296e-06 -4.82177e-06  4.82201e-06
  300.00 -11.91441 -5.95759e-03 -5.95759e-03 -5.95759e-03 -4.82296e-06 -4.82177e-06  4.82201e-06
  300.00 -11.89730 -5.90054e-03 -5.90054e-03 -5.90054e-03 -4.82296e-06 -4.82177e-06  4.82201e-06
  300.00 -11.88018 -5.84348e-03 -5.84348e-03 -5.84348e-03 -4.82296e-06 -4.82177e-06  4.82201e-06
  300.00 -11.86306 -5.78642e-03 -5.78642e-03 -5.78642e-03 -4.82296e-06 -4.82177e-06  4.82201e-06
  300.00 -11.84595 -5.72937e-03 -5.72937e-03 -5.72937e-03 -4.82296e-06 -4.82177e-06  4.82201e-06
  300.00 -11.82883 -5.67231e-03 -5.67231e-03 -5.67231e-03 -4.82296e-06 -4.82177e-06  4.82201e-06
  300.00 -11.81171 -5.61525e-03 -5.61525e-03 -5.61525e-03 -4.82296e-06 -4.82177e-06  4.82201e-06
  300.00 -11.79459 -5.55819e-03 -5.55820e-03 -5.55820e-03 -4.82296e-06 -4.82177e-06  4.82201e-06
  300.00 -11.77748 -5.50114e-03 -5.50114e-03 -5.50114e-03 -4.82296e-06 -4.82177e-06  4.82201e-06
  300.00 -11.76036 -5.44408e-03 -5.44408e-03 -5.44408e-03 -4.82296e-06 -4.82177e-06  4.82201e-06
  300.00 -11.74324 -5.38702e-03 -5.38702e-03 -5.38702e-03 -4.82296e-06 -4.82177e-06  4.82201e-06
  300.00 -11.72613 -5.32997e-03 -5.32997e-03 -5.32997e-03 -4.82296e-06 -4.82177e-06  4.82201e-06
  300.00 -11.70901 -5.27291e-03 -5.27291e-03 -5.27291e-03 -4.82296e-06 -4.82177e-06  4.82201e-06
  300.00 -11.69189 -5.21585e-03 -5.21585e-03 -5.21585e-03 -4.82296e-06 -4.82177e-06  4.82201e-06
  300.00 -11.67477 -5.15880e-03 -5.15880e-03 -5.15880e-03 -4.82296e-06 -4.82177e-06  4.82201e-06
  300.00 -11.65766 -5.10174e-03 -5.10174e-03 -5.10174e-03 -4.82296e-06 -4.82177e-06  4.82201e-06
  300.00 -11.64054 -5.04468e-03 -5.04468e-03 -5.04468e-03 -4.82296e-06 -4.82177e-06  4.82201e-06
  300.00 -11.62342 -4.98762e-03 -4.98762e-03 -4.98762e-03 -4.82296e-06 -4.82177e-06  4.82201e-06
  300.00 -11.60631 -4.93057e-03 -4.93057e-03 -4.93057e-03 -4.82296e-06 -4.82177e-06  4.82201e-06
  300.00 -11.58919 -4.87351e-03 -4.87351e-03 -4.87351e-03 -4.82296e-06 -4.82177e-06  4.82201e-06
  300.00 -11.57207 -4.81645e-03 -4.81645e-03 -4.81645e-03 -4.82296e-06 -4.82177e-06  4.82201e-06
  300.00 -11.55495 -4.75940e-03 -4.75940e-03 -4.75940e-03 -4.82296e-06 -4.82177e-06  4.82201e-06
  300.00 -11.53784 -4.70234e-03 -4.70234e-03 -4.70234e-03 -4.82296e-06 -4.82177e-06  4.82201e-06
  300.00 -11.52072 -4.64528e-03 -4.64528e-03 -4.64528e-03 -4.82296e-06 -4.82177e-06  4.82201e-06
  300.00 -11.50360 -4.58822e-03 -4.58823e-03 -4.58823e-03 -4.82296e-06 -4.82177e-06  4.82201e-06
  300.00 -11.48649 -4.53117e-03 -4.53117e-03 -4.53117e-03 -4.82296e-06 -4.82177e-06  4.82201e-06
  300.00 -11.46937 -4.47411e-03 -4.47411e-03 -4.47411e-03 -4.82296e-06 -4.82177e-06  4.82201e-06
  300.00 -11.45225 -4.41705e-03 -4.41705e-03 -4.41705e-03 -4.82296e-06 -4.82177e-06  4.82201e-06
  300.00 -11.43514 -4.36000e-03 -4.36000e-03 -4.36000e-03 -4.82296e-06 -4.82177e-06  4.82201e-06
  300.00 -11.41802 -4.30294e-03 -4.30294e-03 -4.30294e-03 -4.82296e-06 -4.82177e-06  4.82201e-06
  300.00 -11.40090 -4.24588e-03 -4.24588e-03 -4.24588e-03 -4.82296e-06 -4.82177e-06  4.82201e-06
  300.00 -11.38378 -4.18883e-03 -4.18883e-03 -4.18883e-03 -4.82296e-06 -4.82177e-06  4.82201e-06
  300.00 -11.36667 -4.13177e-03 -4.13177e-03 -4.13177e-03 -4.82296e-06 -4.82177e-06  4.82201e-06
  300.00 -11.34955 -4.07471e-03 -4.07471e-03 -4.07471e-03 -4.82296e-06 -4.82177e-06  4.82201e-06
  300.00 -11.33243 -4.01765e-03 -4.01765e-03 -4.01765e-03 -4.82296e-06 -4.82177e-06  4.82201e-06
  300.00 -11.31532 -3.96060e-03 -3.96060e-03 -3.96060e-03 -4.82296e-06 -4.82177e-06  4.82201e-06
  300.00 -11.29820 -3.90354e-03 -3.90354e-03 -3.90354e-03 -4.82296e-06 -4.82177e-06  4.82201e-06
  300.00 -11.28108 -3.84648e-03 -3.84648e-03 -3.84648e-03 -4.82296e-06 -4.82177e-06  4.82201e-06
  300.00 -11.26396 -3.78943e-03 -3.78943e-03 -3.78943e-03 -4.82296e-06 -4.82177e-06  4.82201e-06
  300.00 -11.24685 -3.73237e-03 -3.73237e-03 -3.73237e-03 -4.82296e-06 -4.82177e-06  4.82201e-06
  300.00 -11.22973 -3.67531e-03 -3.67531e-03 -3.67531e-03 -4.82296e-06 -4.82177e-06  4.82201e-06
  300.00 -11.21261 -3.61825e-03 -3.61826e-03 -3.61826e-03 -4.82296e-06 -4.82177e-06  4.82201e-06
  300.00 -11.19550 -3.56120e-03 -3.56120e-03 -3.56120e-03 -4.82296e-06 -4.82177e-06  4.82201e-06
  300.00 -11.17838 -3.50414e-03 -3.50414e-03 -3.50414e-03 -4.82296e-06 -4.82177e-06  4.82201e-06
  300.00 -11.16126 -3.44708e-03 -3.44708e-03 -3.44708e-03 -4.82296e-06 -4.82177e-06  4.82201e-06
  300.00 -11.14414 -3.39003e-03 -3.39003e-03 -3.39003e-03 -4.82296e-06 -4.82177e-06  4.82201e-06
  300.00 -11.12703 -3.33297e-03 -3.33297e-03 -3.33297e-03 -4.82296e-06 -4.82177e-06  4.82201e-06
  300.00 -11.10991 -3.27591e-03 -3.27591e-03 -3.27591e-03 -4.82296e-06 -4.82177e-06  4.82201e-06
  300.00 -11.09279 -3.21886e-03 -3.21886e-03 -3.21886e-03 -4.82296e-06 -4.82177e-06  4.82201e-06
  300.00 -11.07568 -3.16180e-03 -3.16180e-03 -3.16180e-03 -4.82296e-06 -4.82177e-06  4.82201e-06
  300.00 -11.05856 -3.10474e-03 -3.10474e-03 -3.10474e-03 -4.82296e-06 -4.82177e-06  4.82201e-06
  300.00 -11.04144 -3.04768e-03 -3.04768e-03 -3.04768e-03 -4.82296e-06 -4.82177e-06  4.82201e-06
  300.00 -11.02432 -2.99063e-03 -2.99063e-03 -2.99063e-03 -4.82296e-06 -4.82177e-06  4.82201e-06
  300.00 -11.00721 -2.93357e-03 -2.93357e-03 -2.93357e-03 -4.82296e-06 -4.82177e-06  4.82201e-06
  300.00 -10.99009 -2.87651e-03 -2.87651e-03 -2.87651e-03 -4.82296e-06 -4.82177e-06  4.82201e-06
  300.00 -10.97297 -2.81946e-03 -2.81946e-03 -2.81946e-03 -4.82296e-06 -4.82177e-06  4.82201e-06
  300.00 -10.95586 -2.76240e-03 -2.76240e-03 -2.76240e-03 -4.82296e-06 -4.82177e-06  4.82201e-06
  300.00 -10.93874 -2.70534e-03 -2.70534e-03 -2.70534e-03 -4.82296e-06 -4.82177e-06  4.82201e-06
  300.00 -10.92162 -2.64828e-03 -2.64829e-03 -2.64829e-03 -4.82296e-06 -4.82177e-06  4.82201e-06
  300.00 -10.90450 -2.59123e-03 -2.59123e-03 -2.59123e-03 -4.82296e-06 -4.82177e-06  4.82201e-06
  300.00 -10.88739 -2.53417e-03 -2.53417e-03 -2.53417e-03 -4.82296e-06 -4.82176e-06  4.82201e-06
  300.00 -10.87027 -2.47711e-03 -2.47711e-03 -2.47711e-03 -4.82296e-06 -4.82176e-06  4.82201e-06
  300.00 -10.85315 -2.42006e-03 -2.42006e-03 -2.42006e-03 -4.82296e-06 -4.82176e-06  4.82201e-06
  300.00 -10.83604 -2.36300e-03 -2.36300e-03 -2.36300e-03 -4.82295e-06 -4.82176e-06  4.82201e-06
  300.00 -10.81892 -2.30594e-03 -2.30594e-03 -2.30594e-03 -4.82295e-06 -4.82175e-06  4.82200e-06
  300.00 -10.80180 -2.24889e-03 -2.24889e-03 -2.24889e-03 -4.82294e-06 -4.82174e-06  4.82199e-06
  300.00 -10.78468 -2.19183e-03 -2.19183e-03 -2.19183e-03 -4.82292e-06 -4.82173e-06  4.82197e-06
  300.00 -10.76757 -2.13477e-03 -2.13477e-03 -2.13477e-03 -4.82289e-06 -4.82169e-06  4.82194e-06
  300.00 -10.75045 -2.07771e-03 -2.07772e-03 -2.07772e-03 -4.82283e-06 -4.82164e-06  4.82188e-06
  300.00 -10.73333 -2.02066e-03 -2.02066e-03 -2.02066e-03 -4.82273e-06 -4.82154e-06  4.82179e-06
  300.00 -10.71622 -1.96360e-03 -1.96360e-03 -1.96360e-03 -4.82257e-06 -4.82137e-06  4.82162e-06
  300.00 -10.69910 -1.90655e-03 -1.90655e-03 -1.90655e-03 -4.82228e-06 -4.82109e-06  4.82133e-06
  300.00 -10.68198 -1.84949e-03 -1.84949e-03 -1.84949e-03 -4.82180e-06 -4.82061e-06  4.82085e-06
  300.00 -10.66486 -1.79244e-03 -1.79244e-03 -1.79244e-03 -4.82101e-06 -4.81982e-06  4.82006e-06
  300.00 -10.64775 -1.73538e-03 -1.73539e-03 -1.73539e-03 -4.81973e-06 -4.81853e-06  4.81878e-06
  300.00 -10.63063 -1.67834e-03 -1.67834e-03 -1.67834e-03 -4.81768e-06 -4.81648e-06  4.81673e-06
  300.00 -10.61351 -1.62129e-03 -1.62129e-03 -1.62129e-03 -4.81445e-06 -4.81326e-06  4.81350e-06
  300.00 -10.59640 -1.56425e-03 -1.56425e-03 -1.56425e-03 -4.80949e-06 -4.80829e-06  4.80854e-06
  300.00 -10.57928 -1.50723e-03 -1.50723e-03 -1.50723e-03 -4.80197e-06 -4.80078e-06  4.80102e-06
  300.00 -10.56216 -1.45022e-03 -1.45022e-03 -1.45022e-03 -4.79084e-06 -4.78965e-06  4.78989e-06
  300.00 -10.54505 -1.39323e-03 -1.39323e-03 -1.39323e-03 -4.77470e-06 -4.77350e-06  4.77375e-06
  300.00 -10.52793 -1.33627e-03 -1.33627e-03 -1.33627e-03 -4.75179e-06 -4.75059e-06  4.75084e-06
  300.00 -10.51081 -1.27937e-03 -1.27937e-03 -1.27937e-03 -4.72001e-06 -4.71881e-06  4.71906e-06
  300.00 -10.49369 -1.22253e-03 -1.22253e-03 -1.22253e-03 -4.67698e-06 -4.67578e-06  4.67604e-06
  300.00 -10.47658 -1.16578e-03 -1.16578e-03 -1.16578e-03 -4.62017e-06 -4.61897e-06  4.61922e-06
  300.00 -10.45946 -1.10916e-03 -1.10916e-03 -1.10916e-03 -4.54710e-06 -4.54590e-06  4.54616e-06
  300.00 -10.44234 -1.05272e-03 -1.05272e-03 -1.05272e-03 -4.45570e-06 -4.45451e-06  4.45476e-06
  300.00 -10.42523 -9.96500e-04 -9.96500e-04 -9.96500e-04 -4.34468e-06 -4.34350e-06  4.34376e-06
  300.00 -10.40811 -9.40585e-04 -9.40586e-04 -9.40586e-04 -4.21401e-06 -4.21284e-06  4.21311e-06
  300.00 -10.39099 -8.85060e-04 -8.85061e-04 -8.85061e-04 -4.06529e-06 -4.06413e-06  4.06441e-06
  300.00 -10.37387 -8.30032e-04 -8.30032e-04 -8.30033e-04 -3.90200e-06 -3.90088e-06  3.90115e-06
  300.00 -10.35676 -7.75628e-04 -7.75629e-04 -7.75629e-04 -3.72953e-06 -3.72844e-06  3.72872e-06
  300.00 -10.33964 -7.21999e-04 -7.22000e-04 -7.22000e-04 -3.55464e-06 -3.55359e-06  3.55388e-06
  300.00 -10.32252 -6.69315e-04 -6.69316e-04 -6.69316e-04 -3.38463e-06 -3.38363e-06  3.38392e-06
  300.00 -10.30541 -6.17767e-04 -6.17767e-04 -6.17767e-04 -3.22588e-06 -3.22495e-06  3.22525e-06
  300.00 -10.28829 -5.67557e-04 -5.67557e-04 -5.67557e-04 -3.08234e-06 -3.08148e-06  3.08178e-06
  300.00 -10.27117 -5.18894e-04 -5.18894e-04 -5.18895e-04 -2.95388e-06 -2.95311e-06  2.95340e-06
  300.00 -10.25405 -4.71986e-04 -4.71986e-04 -4.71986e-04 -2.83519e-06 -2.83452e-06  2.83479e-06
  300.00 -10.23694 -4.27028e-04 -4.27028e-04 -4.27029e-04 -2.71545e-06 -2.71487e-06  2.71513e-06
  300.00 -10.21982 -3.84207e-04 -3.84207e-04 -3.84208e-04 -2.57933e-06 -2.57886e-06  2.57909e-06
  300.00 -10.20270 -3.43699e-04 -3.43699e-04 -3.43699e-04 -2.40973e-06 -2.40936e-06  2.40957e-06
  300.00 -10.18559 -3.05670e-04 -3.05670e-04 -3.05670e-04 -2.19194e-06 -2.19166e-06  2.19184e-06
  300.00 -10.16847 -2.70283e-04 -2.70283e-04 -2.70284e-04 -1.91809e-06 -1.91791e-06  1.91805e-06
  300.00 -10.15135 -2.37689e-04 -2.37689e-04 -2.37689e-04 -1.59032e-06 -1.59022e-06  1.59033e-06
  300.00 -10.13423 -2.08018e-04 -2.08018e-04 -2.08018e-04 -1.22129e-06 -1.22124e-06  1.22133e-06
  300.00 -10.11712 -1.81374e-04 -1.81374e-04 -1.81374e-04 -8.32480e-07 -8.32479e-07  8.32539e-07
  300.00 -10.10000 -1.57820e-04 -1.57820e-04 -1.57820e-04 -4.51605e-07 -4.51635e-07  4.51669e-07
  300.00 -10.08288 -1.37363e-04 -1.37363e-04 -1.37363e-04 -1.09524e-07 -1.09568e-07  1.09582e-07
  300.00 -10.06577 -1.19924e-04 -1.19924e-04 -1.19924e-04  1.63853e-07  1.63806e-07 -1.63810e-07
  300.00 -10.04865 -1.05307e-04 -1.05307e-04 -1.05307e-04  3.45849e-07  3.45811e-07 -3.45827e-07
  300.00 -10.03153 -9.31853e-05 -9.31853e-05 -9.31854e-05  4.28371e-07  4.28349e-07 -4.28372e-07
  300.00 -10.01441 -8.31335e-05 -8.31335e-05 -8.31335e-05  4.21953e-07  4.21949e-07 -4.21973e-07
  300.00 -9.99730 -7.47081e-05 -7.47081e-05 -7.47081e-05  3.52190e-07  3.52200e-07 -3.52223e-07
  300.00 -9.98018 -6.75373e-05 -6.75373e-05 -6.75374e-05  2.49669e-07  2.49687e-07 -2.49707e-07
  300.00 -9.96306 -6.13705e-05 -6.13705e-05 -6.13705e-05  1.39960e-07  1.39979e-07 -1.39995e-07
  300.00 -9.94595 -5.60651e-05 -5.60651e-05 -5.60651e-05  3.91854e-08  3.91990e-08 -3.92126e-08
  300.00 -9.92883 -5.15345e-05 -5.15345e-05 -5.15345e-05 -4.48177e-08 -4.48129e-08  4.48016e-08
  300.00 -9.91171 -4.76959e-05 -4.76959e-05 -4.76959e-05 -1.09217e-07 -1.09222e-07  1.09213e-07
  300.00 -9.89459 -4.44449e-05 -4.44449e-05 -4.44449e-05 -1.53592e-07 -1.53604e-07  1.53597e-07
  300.00 -9.87748 -4.16595e-05 -4.16595e-05 -4.16595e-05 -1.78700e-07 -1.78717e-07  1.78713e-07
  300.00 -9.86036 -3.92215e-05 -3.92216e-05 -3.92215e-05 -1.86057e-07 -1.86077e-07  1.86075e-07
  300.00 -9.84324 -3.70383e-05 -3.70383e-05 -3.70383e-05 -1.77724e-07 -1.77744e-07  1.77745e-07
  300.00 -9.82613 -3.50527e-05 -3.50527e-05 -3.50527e-05 -1.56137e-07 -1.56155e-07  1.56158e-07
  300.00 -9.80901 -3.32402e-05 -3.32402e-05 -3.32402e-05 -1.24022e-07 -1.24037e-07  1.24043e-07
  300.00 -9.79189 -3.15967e-05 -3.15967e-05 -3.15967e-05 -8.44320e-08 -8.44458e-08  8.44523e-08
  300.00 -9.77477 -3.01236e-05 -3.01236e-05 -3.01236e-05 -4.07972e-08 -4.08092e-08  4.08166e-08
  300.00 -9.75766 -2.88166e-05 -2.88166e-05 -2.88166e-05  3.16628e-09  3.15568e-09 -3.14785e-09
  300.00 -9.74054 -2.76601e-05 -2.76601e-05 -2.76601e-05  4.37479e-08  4.37385e-08 -4.37308e-08
  300.00 -9.72342 -2.66279e-05 -2.66279e-05 -2.66278e-05  7.76869e-08  7.76788e-08 -7.76717e-08
  300.00 -9.70631 -2.56885e-05 -2.56885e-05 -2.56885e-05  1.02613e-07  1.02607e-07 -1.02601e-07
  300.00 -9.68919 -2.48118e-05 -2.48118e-05 -2.48118e-05  1.17328e-07  1.17324e-07 -1.17319e-07
  300.00 -9.67207 -2.39744e-05 -2.39744e-05 -2.39744e-05  1.21837e-07  1.21835e-07 -1.21831e-07
  300.00 -9.65495 -2.31626e-05 -2.31626e-05 -2.31626e-05  1.17155e-07  1.17155e-07 -1.17153e-07
  300.00 -9.63784 -2.23723e-05 -2.23723e-05 -2.23723e-05  1.04973e-07  1.04975e-07 -1.04975e-07
  300.00 -9.62072 -2.16073e-05 -2.16073e-05 -2.16073e-05  8.73078e-08  8.73124e-08 -8.73137e-08
  300.00 -9.60360 -2.08749e-05 -2.08749e-05 -2.08749e-05  6.62109e-08  6.62173e-08 -6.62200e-08
  300.00 -9.58649 -2.01831e-05 -2.01831e-05 -2.01831e-05  4.35733e-08  4.35811e-08 -4.35849e-08
  300.00 -9.56937 -1.95372e-05 -1.95372e-05 -1.95372e-05  2.10273e-08  2.10361e-08 -2.10406e-08
  300.00 -9.55225 -1.89382e-05 -1.89383e-05 -1.89383e-05 -9.02744e-11 -8.10279e-11  7.59807e-11
  300.00 -9.53514 -1.83830e-05 -1.83830e-05 -1.83831e-05 -1.87441e-08 -1.87348e-08  1.87296e-08
  300.00 -9.51802 -1.78646e-05 -1.78646e-05 -1.78646e-05 -3.41975e-08 -3.41883e-08  3.41832e-08
  300.00 -9.50090 -1.73737e-05 -1.73737e-05 -1.73737e-05 -4.60101e-08 -4.60014e-08  4.59966e-08
  300.00 -9.48378 -1.69009e-05 -1.69010e-05 -1.69010e-05 -5.40348e-08 -5.40267e-08  5.40224e-08
  300.00 -9.46667 -1.64383e-05 -1.64383e-05 -1.64383e-05 -5.84038e-08 -5.83965e-08  5.83928e-08
  300.00 -9.44955 -1.59804e-05 -1.59804e-05 -1.59804e-05 -5.94985e-08 -5.94921e-08  5.94892e-08
  300.00 -9.43243 -1.55250e-05 -1.55250e-05 -1.55250e-05 -5.78983e-08 -5.78931e-08  5.78910e-08
  300.00 -9.41532 -1.50732e-05 -1.50732e-05 -1.50732e-05 -5.43127e-08 -5.43087e-08  5.43077e-08
  300.00 -9.39820 -1.46288e-05 -1.46287e-05 -1.46288e-05 -4.95029e-08 -4.95004e-08  4.95003e-08
  300.00 -9.38108 -1.41971e-05 -1.41971e-05 -1.41971e-05 -4.42035e-08 -4.42027e-08  4.42036e-08
  300.00 -9.36396 -1.37843e-05 -1.37843e-05 -1.37843e-05 -3.90533e-08 -3.90543e-08  3.90563e-08
  300.00 -9.34685 -1.33961e-05 -1.33961e-05 -1.33961e-05 -3.45426e-08 -3.45453e-08  3.45482e-08
  300.00 -9.32973 -1.30366e-05 -1.30366e-05 -1.30366e-05 -3.09798e-08 -3.09843e-08  3.09880e-08
  300.00 -9.31261 -1.27082e-05 -1.27082e-05 -1.27082e-05 -2.84816e-08 -2.84876e-08  2.84919e-08
  300.00 -9.29550 -1.24112e-05 -1.24112e-05 -1.24112e-05 -2.69811e-08 -2.69882e-08  2.69929e-08
  300.00 -9.27838 -1.21436e-05 -1.21436e-05 -1.21436e-05 -2.62536e-08 -2.62614e-08  2.62663e-08
  300.00 -9.26126 -1.19018e-05 -1.19018e-05 -1.19018e-05 -2.59546e-08 -2.59627e-08  2.59674e-08
  300.00 -9.24414 -1.16813e-05 -1.16813e-05 -1.16813e-05 -2.56639e-08 -2.56717e-08  2.56760e-08
  300.00 -9.22703 -1.14768e-05 -1.14768e-05 -1.14768e-05 -2.49326e-08 -2.49398e-08  2.49433e-08
  300.00 -9.20991 -1.12835e-05 -1.12835e-05 -1.12835e-05 -2.33282e-08 -2.33343e-08  2.33368e-08
  300.00 -9.19279 -1.10973e-05 -1.10973e-05 -1.10973e-05 -2.04744e-08 -2.04790e-08  2.04804e-08
  300.00 -9.17568 -1.09151e-05 -1.09151e-05 -1.09151e-05 -1.60843e-08 -1.60873e-08  1.60875e-08
  300.00 -9.15856 -1.07351e-05 -1.07351e-05 -1.07351e-05 -9.98644e-09 -9.98776e-09  9.98676e-09
  300.00 -9.14144 -1.05568e-05 -1.05568e-05 -1.05568e-05 -2.14160e-09 -2.14128e-09  2.13916e-09
  300.00 -9.12432 -1.03808e-05 -1.03808e-05 -1.03808e-05  7.34833e-09  7.35013e-09 -7.35320e-09
  300.00 -9.10721 -1.02083e-05 -1.02083e-05 -1.02083e-05  1.82401e-08  1.82432e-08 -1.82470e-08
  300.00 -9.09009 -1.00409e-05 -1.00409e-05 -1.00409e-05  3.01580e-08  3.01620e-08 -3.01663e-08
  300.00 -9.07297 -9.88001e-06 -9.88002e-06 -9.88003e-06  4.26113e-08  4.26159e-08 -4.26204e-08
  300.00 -9.05586 -9.72691e-06 -9.72693e-06 -9.72693e-06  5.50206e-08  5.50255e-08 -5.50298e-08
  300.00 -9.03874 -9.58210e-06 -9.58212e-06 -9.58212e-06  6.67521e-08  6.67569e-08 -6.67609e-08
  300.00 -9.02162 -9.44536e-06 -9.44537e-06 -9.44537e-06  7.71574e-08  7.71618e-08 -7.71652e-08
  300.00 -9.00450 -9.31570e-06 -9.31571e-06 -9.31571e-06  8.56169e-08  8.56206e-08 -8.56233e-08
  300.00 -8.98739 -9.19149e-06 -9.19150e-06 -9.19150e-06  9.15825e-08  9.15854e-08 -9.15871e-08
  300.00 -8.97027 -9.07063e-06 -9.07063e-06 -9.07063e-06  9.46166e-08  9.46186e-08 -9.46193e-08
  300.00 -8.95315 -8.95082e-06 -8.95082e-06 -8.95081e-06  9.44234e-08  9.44245e-08 -9.44242e-08
  300.00 -8.93604 -8.82981e-06 -8.82981e-06 -8.82980e-06  9.08693e-08  9.08694e-08 -9.08681e-08
  300.00 -8.91892 -8.70570e-06 -8.70570e-06 -8.70569e-06  8.39912e-08  8.39903e-08 -8.39882e-08
  300.00 -8.90180 -8.57712e-06 -8.57711e-06 -8.57710e-06  7.39926e-08  7.39908e-08 -7.39880e-08
  300.00 -8.88468 -8.44339e-06 -8.44338e-06 -8.44337e-06  6.12281e-08  6.12257e-08 -6.12222e-08
  300.00 -8.86757 -8.30461e-06 -8.30460e-06 -8.30459e-06  4.61791e-08  4.61761e-08 -4.61723e-08
  300.00 -8.85045 -8.16160e-06 -8.16159e-06 -8.16158e-06  2.94229e-08  2.94195e-08 -2.94155e-08
  300.00 -8.83333 -8.01586e-06 -8.01585e-06 -8.01584e-06  1.15990e-08  1.15954e-08 -1.15914e-08
  300.00 -8.81622 -7.86934e-06 -7.86933e-06 -7.86932e-06 -6.62517e-09 -6.62878e-09  6.63258e-09
  300.00 -8.79910 -7.72428e-06 -7.72427e-06 -7.72426e-06 -2.45859e-08 -2.45894e-08  2.45929e-08
  300.00 -8.78198 -7.58298e-06 -7.58297e-06 -7.58297e-06 -4.16523e-08 -4.16555e-08  4.16584e-08
  300.00 -8.76486 -7.44756e-06 -7.44755e-06 -7.44755e-06 -5.72492e-08 -5.72521e-08  5.72543e-08
  300.00 -8.74775 -7.31975e-06 -7.31974e-06 -7.31974e-06 -7.08769e-08 -7.08794e-08  7.08809e-08
  300.00 -8.73063 -7.20077e-06 -7.20077e-06 -7.20077e-06 -8.21247e-08 -8.21266e-08  8.21273e-08
  300.00 -8.71351 -7.09120e-06 -7.09120e-06 -7.09120e-06 -9.06799e-08 -9.06813e-08  9.06812e-08
  300.00 -8.69640 -6.99096e-06 -6.99096e-06 -6.99097e-06 -9.63336e-08 -9.63345e-08  9.63336e-08
  300.00 -8.67928 -6.89934e-06 -6.89934e-06 -6.89935e-06 -9.89816e-08 -9.89819e-08  9.89803e-08
  300.00 -8.66216 -6.81508e-06 -6.81508e-06 -6.81509e-06 -9.86223e-08 -9.86222e-08  9.86199e-08
  300.00 -8.64505 -6.73653e-06 -6.73653e-06 -6.73654e-06 -9.53521e-08 -9.53517e-08  9.53488e-08
  300.00 -8.62793 -6.66179e-06 -6.66179e-06 -6.66181e-06 -8.93576e-08 -8.93568e-08  8.93535e-08
  300.00 -8.61081 -6.58894e-06 -6.58894e-06 -6.58895e-06 -8.09051e-08 -8.09042e-08  8.09006e-08
  300.00 -8.59369 -6.51617e-06 -6.51618e-06 -6.51619e-06 -7.03296e-08 -7.03285e-08  7.03248e-08
  300.00 -8.57658 -6.44199e-06 -6.44199e-06 -6.44201e-06 -5.80203e-08 -5.80191e-08  5.80155e-08
  300.00 -8.55946 -6.36530e-06 -6.36531e-06 -6.36532e-06 -4.44070e-08 -4.44059e-08  4.44024e-08
  300.00 -8.54234 -6.28551e-06 -6.28551e-06 -6.28552e-06 -2.99448e-08 -2.99437e-08  2.99406e-08
  300.00 -8.52523 -6.20252e-06 -6.20253e-06 -6.20253e-06 -1.50988e-08 -1.50978e-08  1.50951e-08
  300.00 -8.50811 -6.11675e-06 -6.11675e-06 -6.11676e-06 -3.30001e-10 -3.29201e-10  3.26959e-10
  300.00 -8.49099 -6.02900e-06 -6.02900e-06 -6.02901e-06  1.39191e-08  1.39197e-08 -1.39214e-08
  300.00 -8.47387 -5.94039e-06 -5.94039e-06 -5.94040e-06  2.72371e-08  2.72376e-08 -2.72387e-08
  300.00 -8.45676 -5.85221e-06 -5.85221e-06 -5.85221e-06  3.92554e-08  3.92558e-08 -3.92564e-08
  300.00 -8.43964 -5.76578e-06 -5.76578e-06 -5.76578e-06  4.96585e-08  4.96588e-08 -4.96588e-08
  300.00 -8.42252 -5.68230e-06 -5.68229e-06 -5.68229e-06  5.81918e-08  5.81920e-08 -5.81915e-08
  300.00 -8.40541 -5.60273e-06 -5.60273e-06 -5.60272e-06  6.46687e-08  6.46689e-08 -6.46680e-08
  300.00 -8.38829 -5.52772e-06 -5.52771e-06 -5.52771e-06  6.89748e-08  6.89751e-08 -6.89737e-08
  300.00 -8.37117 -5.45751e-06 -5.45750e-06 -5.45750e-06  7.10702e-08  7.10705e-08 -7.10689e-08
  300.00 -8.35405 -5.39193e-06 -5.39193e-06 -5.39192e-06  7.09892e-08  7.09895e-08 -7.09877e-08
  300.00 -8.33694 -5.33043e-06 -5.33042e-06 -5.33042e-06  6.88378e-08  6.88383e-08 -6.88364e-08
  300.00 -8.31982 -5.27210e-06 -5.27210e-06 -5.27209e-06  6.47888e-08  6.47894e-08 -6.47875e-08
  300.00 -8.30270 -5.21581e-06 -5.21580e-06 -5.21580e-06  5.90739e-08  5.90746e-08 -5.90727e-08
  300.00 -8.28559 -5.16026e-06 -5.16026e-06 -5.16025e-06  5.19743e-08  5.19750e-08 -5.19732e-08
  300.00 -8.26847 -5.10417e-06 -5.10416e-06 -5.10416e-06  4.38089e-08  4.38097e-08 -4.38081e-08
  300.00 -8.25135 -5.04632e-06 -5.04632e-06 -5.04631e-06  3.49217e-08  3.49226e-08 -3.49212e-08
  300.00 -8.23423 -4.98574e-06 -4.98574e-06 -4.98573e-06  2.56680e-08  2.56689e-08 -2.56677e-08
  300.00 -8.21712 -4.92174e-06 -4.92174e-06 -4.92174e-06  1.63997e-08  1.64006e-08 -1.63996e-08
  300.00 -8.20000 -4.85401e-06 -4.85401e-06 -4.85401e-06  7.45177e-09  7.45262e-09 -7.45192e-09
  300.00 -8.18288 -4.78262e-06 -4.78262e-06 -4.78262e-06 -8.71265e-10 -8.70478e-10  8.70925e-10
  300.00 -8.16577 -4.70803e-06 -4.70803e-06 -4.70802e-06 -8.30736e-09 -8.30667e-09  8.30688e-09
  300.00 -8.14865 -4.63102e-06 -4.63102e-06 -4.63102e-06 -1.46474e-08 -1.46468e-08  1.46468e-08
  300.00 -8.13153 -4.55268e-06 -4.55268e-06 -4.55268e-06 -1.97433e-08 -1.97429e-08  1.97427e-08
  300.00 -8.11441 -4.47425e-06 -4.47426e-06 -4.47426e-06 -2.35142e-08 -2.35139e-08  2.35135e-08
  300.00 -8.09730 -4.39707e-06 -4.39708e-06 -4.39708e-06 -2.59490e-08 -2.59487e-08  2.59482e-08
  300.00 -8.08018 -4.32243e-06 -4.32243e-06 -4.32243e-06 -2.71061e-08 -2.71060e-08  2.71054e-08
  300.00 -8.06306 -4.25146e-06 -4.25147e-06 -4.25147e-06 -2.71102e-08 -2.71102e-08  2.71095e-08
  300.00 -8.04595 -4.18508e-06 -4.18508e-06 -4.18508e-06 -2.61449e-08 -2.61449e-08  2.61441e-08
  300.00 -8.02883 -4.12386e-06 -4.12386e-06 -4.12386e-06 -2.44418e-08 -2.44418e-08  2.44411e-08
  300.00 -8.01171 -4.06801e-06 -4.06801e-06 -4.06801e-06 -2.22673e-08 -2.22673e-08  2.22665e-08
  300.00 -7.99459 -4.01735e-06 -4.01735e-06 -4.01735e-06 -1.99054e-08 -1.99054e-08  1.99046e-08
  300.00 -7.97748 -3.97130e-06 -3.97130e-06 -3.97130e-06 -1.76391e-08 -1.76391e-08  1.76383e-08
  300.00 -7.96036 -3.92895e-06 -3.92896e-06 -3.92896e-06 -1.57308e-08 -1.57307e-08  1.57300e-08
  300.00 -7.94324 -3.88912e-06 -3.88912e-06 -3.88912e-06 -1.44020e-08 -1.44018e-08  1.44011e-08
  300.00 -7.92613 -3.85041e-06 -3.85042e-06 -3.85042e-06 -1.38150e-08 -1.38147e-08  1.38141e-08
  300.00 -7.90901 -3.81139e-06 -3.81140e-06 -3.81140e-06 -1.40571e-08 -1.40567e-08  1.40562e-08
  300.00 -7.89189 -3.77064e-06 -3.77064e-06 -3.77065e-06 -1.51289e-08 -1.51283e-08  1.51280e-08
  300.00 -7.87477 -3.72691e-06 -3.72691e-06 -3.72692e-06 -1.69384e-08 -1.69378e-08  1.69376e-08
  300.00 -7.85766 -3.67923e-06 -3.67923e-06 -3.67923e-06 -1.93025e-08 -1.93019e-08  1.93018e-08
  300.00 -7.84054 -3.62698e-06 -3.62698e-06 -3.62698e-06 -2.19561e-08 -2.19555e-08  2.19556e-08
  300.00 -7.82342 -3.56998e-06 -3.56998e-06 -3.56999e-06 -2.45697e-08 -2.45692e-08  2.45694e-08
  300.00 -7.80631 -3.50854e-06 -3.50854e-06 -3.50854e-06 -2.67756e-08 -2.67751e-08  2.67755e-08
  300.00 -7.78919 -3.44340e-06 -3.44340e-06 -3.44340e-06 -2.82003e-08 -2.82000e-08  2.82005e-08
  300.00 -7.77207 -3.37577e-06 -3.37577e-06 -3.37577e-06 -2.85020e-08 -2.85019e-08  2.85026e-08
  300.00 -7.75495 -3.30718e-06 -3.30718e-06 -3.30718e-06 -2.74079e-08 -2.74080e-08  2.74088e-08
  300.00 -7.73784 -3.23944e-06 -3.23944e-06 -3.23944e-06 -2.47486e-08 -2.47490e-08  2.47498e-08
  300.00 -7.72072 -3.17444e-06 -3.17444e-06 -3.17444e-06 -2.04849e-08 -2.04855e-08  2.04864e-08
  300.00 -7.70360 -3.11402e-06 -3.11401e-06 -3.11402e-06 -1.47232e-08 -1.47241e-08  1.47251e-08
  300.00 -7.68649 -3.05980e-06 -3.05980e-06 -3.05980e-06 -7.71895e-09 -7.72006e-09  7.72106e-09
  300.00 -7.66937 -3.01304e-06 -3.01304e-06 -3.01304e-06  1.34476e-10  1.33151e-10 -1.32155e-10
  300.00 -7.65225 -2.97444e-06 -2.97444e-06 -2.97444e-06  8.32965e-09  8.32814e-09 -8.32717e-09
  300.00 -7.63514 -2.94406e-06 -2.94406e-06 -2.94406e-06  1.62840e-08  1.62823e-08 -1.62814e-08
  300.00 -7.61802 -2.92124e-06 -2.92123e-06 -2.92123e-06  2.33937e-08  2.33919e-08 -2.33911e-08
  300.00 -7.60090 -2.90456e-06 -2.90456e-06 -2.90456e-06  2.91027e-08  2.91009e-08 -2.91001e-08
  300.00 -7.58378 -2.89199e-06 -2.89199e-06 -2.89199e-06  3.29814e-08  3.29795e-08 -3.29789e-08
  300.00 -7.56667 -2.88097e-06 -2.88097e-06 -2.88097e-06  3.48027e-08  3.48009e-08 -3.48003e-08
  300.00 -7.54955 -2.86872e-06 -2.86872e-06 -2.86872e-06  3.45947e-08  3.45930e-08 -3.45926e-08
  300.00 -7.53243 -2.85255e-06 -2.85255e-06 -2.85255e-06  3.26470e-08  3.26454e-08 -3.26452e-08
  300.00 -7.51532 -2.83027e-06 -2.83026e-06 -2.83026e-06  2.94543e-08  2.94528e-08 -2.94528e-08
  300.00 -7.49820 -2.80056e-06 -2.80056e-06 -2.80056e-06  2.56028e-08  2.56014e-08 -2.56016e-08
  300.00 -7.48108 -2.76346e-06 -2.76345e-06 -2.76345e-06  2.16288e-08  2.16276e-08 -2.16280e-08
  300.00 -7.46396 -2.72069e-06 -2.72068e-06 -2.72068e-06  1.79014e-08  1.79003e-08 -1.79009e-08
  300.00 -7.44685 -2.67603e-06 -2.67603e-06 -2.67603e-06  1.45806e-08  1.45797e-08 -1.45804e-08
  300.00 -7.42973 -2.63552e-06 -2.63552e-06 -2.63552e-06  1.16744e-08  1.16736e-08 -1.16744e-08
  300.00 -7.41261 -2.60738e-06 -2.60738e-06 -2.60738e-06  9.16805e-09  9.16735e-09 -9.16820e-09
  300.00 -7.39550 -2.60169e-06 -2.60169e-06 -2.60169e-06  7.15027e-09  7.14967e-09 -7.15053e-09
  300.00 -7.37838 -2.62964e-06 -2.62964e-06 -2.62964e-06  5.84926e-09  5.84877e-09 -5.84959e-09
  300.00 -7.36126 -2.70264e-06 -2.70264e-06 -2.70264e-06  5.54122e-09  5.54085e-09 -5.54163e-09
  300.00 -7.34414 -2.83158e-06 -2.83158e-06 -2.83158e-06  6.38546e-09  6.38526e-09 -6.38599e-09
  300.00 -7.32703 -3.02642e-06 -3.02642e-06 -3.02642e-06  8.31257e-09  8.31260e-09 -8.31328e-09
  300.00 -7.30991 -3.29602e-06 -3.29602e-06 -3.29602e-06  1.10702e-08  1.10705e-08 -1.10712e-08
  300.00 -7.29279 -3.64689e-06 -3.64689e-06 -3.64689e-06  1.43969e-08  1.43976e-08 -1.43982e-08
  300.00 -7.27568 -4.07882e-06 -4.07882e-06 -4.07882e-06  1.81486e-08  1.81499e-08 -1.81504e-08
  300.00 -7.25856 -4.57643e-06 -4.57643e-06 -4.57643e-06  2.21944e-08  2.21962e-08 -2.21967e-08
  300.00 -7.24144 -5.10076e-06 -5.10076e-06 -5.10076e-06  2.61070e-08  2.61093e-08 -2.61099e-08
  300.00 -7.22432 -5.59078e-06 -5.59078e-06 -5.59078e-06  2.90128e-08  2.90156e-08 -2.90161e-08
  300.00 -7.20721 -5.98168e-06 -5.98168e-06 -5.98168e-06  2.99646e-08  2.99676e-08 -2.99682e-08
  300.00 -7.19009 -6.23219e-06 -6.23219e-06 -6.23219e-06  2.83891e-08  2.83922e-08 -2.83928e-08
  300.00 -7.17297 -6.34041e-06 -6.34041e-06 -6.34041e-06  2.39821e-08  2.39851e-08 -2.39856e-08
  300.00 -7.15586 -6.33515e-06 -6.33515e-06 -6.33515e-06  1.67199e-08  1.67225e-08 -1.67230e-08
  300.00 -7.13874 -6.25190e-06 -6.25190e-06 -6.25190e-06  7.33338e-09  7.33565e-09 -7.33593e-09
  300.00 -7.12162 -6.11588e-06 -6.11588e-06 -6.11588e-06 -2.69278e-09 -2.69092e-09  2.69085e-09
  300.00 -7.10450 -5.94389e-06 -5.94389e-06 -5.94389e-06 -1.17846e-08 -1.17832e-08  1.17833e-08
  300.00 -7.08739 -5.75480e-06 -5.75480e-06 -5.75480e-06 -1.88677e-08 -1.88666e-08  1.88669e-08
  300.00 -7.07027 -5.57293e-06 -5.57293e-06 -5.57294e-06 -2.34816e-08 -2.34807e-08  2.34811e-08
  300.00 -7.05315 -5.42137e-06 -5.42137e-06 -5.42137e-06 -2.56002e-08 -2.55996e-08  2.56000e-08
  300.00 -7.03604 -5.31400e-06 -5.31400e-06 -5.31400e-06 -2.54556e-08 -2.54552e-08  2.54555e-08
  300.00 -7.01892 -5.25445e-06 -5.25445e-06 -5.25445e-06 -2.34722e-08 -2.34719e-08  2.34720e-08
  300.00 -7.00180 -5.24089e-06 -5.24089e-06 -5.24089e-06 -2.02511e-08 -2.02510e-08  2.02509e-08
  300.00 -6.98468 -5.27057e-06 -5.27057e-06 -5.27057e-06 -1.65157e-08 -1.65158e-08  1.65155e-08
  300.00 -6.96757 -5.33968e-06 -5.33968e-06 -5.33968e-06 -1.29929e-08 -1.29932e-08  1.29928e-08
  300.00 -6.95045 -5.44050e-06 -5.44050e-06 -5.44050e-06 -1.02955e-08 -1.02961e-08  1.02956e-08
  300.00 -6.93333 -5.56060e-06 -5.56060e-06 -5.56060e-06 -8.87685e-09 -8.87769e-09  8.87729e-09
  300.00 -6.91622 -5.68536e-06 -5.68537e-06 -5.68536e-06 -9.00480e-09 -9.00592e-09  9.00568e-09
  300.00 -6.89910 -5.80078e-06 -5.80078e-06 -5.80077e-06 -1.06439e-08 -1.06453e-08  1.06453e-08
  300.00 -6.88198 -5.89477e-06 -5.89477e-06 -5.89477e-06 -1.33218e-08 -1.33234e-08  1.33236e-08
  300.00 -6.86486 -5.95841e-06 -5.95841e-06 -5.95841e-06 -1.62283e-08 -1.62300e-08  1.62305e-08
  300.00 -6.84775 -5.98740e-06 -5.98740e-06 -5.98740e-06 -1.86075e-08 -1.86093e-08  1.86099e-08
  300.00 -6.83063 -5.98291e-06 -5.98291e-06 -5.98291e-06 -2.01950e-08 -2.01968e-08  2.01977e-08
  300.00 -6.81351 -5.95108e-06 -5.95108e-06 -5.95108e-06 -2.14004e-08 -2.14021e-08  2.14032e-08
  300.00 -6.79640 -5.90104e-06 -5.90104e-06 -5.90104e-06 -2.30893e-08 -2.30909e-08  2.30922e-08
  300.00 -6.77928 -5.84140e-06 -5.84140e-06 -5.84140e-06 -2.60319e-08 -2.60333e-08  2.60348e-08
  300.00 -6.76216 -5.77676e-06 -5.77675e-06 -5.77676e-06 -3.02722e-08 -3.02734e-08  3.02749e-08
  300.00 -6.74505 -5.70576e-06 -5.70576e-06 -5.70576e-06 -3.47897e-08 -3.47906e-08  3.47920e-08
  300.00 -6.72793 -5.62167e-06 -5.62167e-06 -5.62167e-06 -3.77407e-08 -3.77413e-08  3.77426e-08
  300.00 -6.71081 -5.51500e-06 -5.51500e-06 -5.51500e-06 -3.72528e-08 -3.72530e-08  3.72542e-08
  300.00 -6.69369 -5.37767e-06 -5.37767e-06 -5.37767e-06 -3.23398e-08 -3.23398e-08  3.23407e-08
  300.00 -6.67658 -5.20691e-06 -5.20691e-06 -5.20691e-06 -2.33166e-08 -2.33165e-08  2.33172e-08
  300.00 -6.65946 -5.00676e-06 -5.00676e-06 -5.00676e-06 -1.14929e-08 -1.14926e-08  1.14932e-08
  300.00 -6.64234 -4.78657e-06 -4.78657e-06 -4.78657e-06  1.34264e-09  1.34297e-09 -1.34261e-09
  300.00 -6.62523 -4.55831e-06 -4.55831e-06 -4.55831e-06  1.31820e-08  1.31824e-08 -1.31822e-08
  300.00 -6.60811 -4.33516e-06 -4.33516e-06 -4.33515e-06  2.19623e-08  2.19628e-08 -2.19627e-08
  300.00 -6.59099 -4.13184e-06 -4.13184e-06 -4.13184e-06  2.59191e-08  2.59196e-08 -2.59198e-08
  300.00 -6.57387 -3.96470e-06 -3.96469e-06 -3.96469e-06  2.41216e-08  2.41223e-08 -2.41227e-08
  300.00 -6.55676 -3.84939e-06 -3.84939e-06 -3.84939e-06  1.69529e-08  1.69537e-08 -1.69544e-08
  300.00 -6.53964 -3.79631e-06 -3.79631e-06 -3.79631e-06  6.23430e-09  6.23514e-09 -6.23610e-09
  300.00 -6.52252 -3.80528e-06 -3.80528e-06 -3.80528e-06 -5.19177e-09 -5.19089e-09  5.18975e-09
  300.00 -6.50541 -3.86270e-06 -3.86270e-06 -3.86270e-06 -1.43483e-08 -1.43475e-08  1.43462e-08
  300.00 -6.48829 -3.94443e-06 -3.94443e-06 -3.94443e-06 -1.91362e-08 -1.91354e-08  1.91341e-08
  300.00 -6.47117 -4.02398e-06 -4.02398e-06 -4.02398e-06 -1.89977e-08 -1.89971e-08  1.89958e-08
  300.00 -6.45405 -4.08125e-06 -4.08125e-06 -4.08126e-06 -1.48820e-08 -1.48815e-08  1.48803e-08
  300.00 -6.43694 -4.10688e-06 -4.10688e-06 -4.10688e-06 -8.57987e-09 -8.57950e-09  8.57838e-09
  300.00 -6.41982 -4.10192e-06 -4.10192e-06 -4.10192e-06 -1.92338e-09 -1.92315e-09  1.92213e-09
  300.00 -6.40270 -4.07488e-06 -4.07489e-06 -4.07489e-06  3.68587e-09  3.68597e-09 -3.68688e-09
  300.00 -6.38559 -4.03713e-06 -4.03713e-06 -4.03713e-06  7.37862e-09  7.37861e-09 -7.37941e-09
  300.00 -6.36847 -3.99804e-06 -3.99804e-06 -3.99804e-06  8.78620e-09  8.78613e-09 -8.78681e-09
  300.00 -6.35135 -3.96197e-06 -3.96197e-06 -3.96197e-06  8.02312e-09  8.02305e-09 -8.02358e-09
  300.00 -6.33423 -3.92784e-06 -3.92784e-06 -3.92784e-06  5.62991e-09  5.62987e-09 -5.63024e-09
  300.00 -6.31712 -3.89096e-06 -3.89096e-06 -3.89095e-06  2.38756e-09  2.38753e-09 -2.38774e-09
  300.00 -6.30000 -3.84608e-06 -3.84608e-06 -3.84608e-06 -9.45767e-10 -9.45825e-10  9.45771e-10
  300.00 -6.28288 -3.79010e-06 -3.79010e-06 -3.79009e-06 -3.83349e-09 -3.83363e-09  3.83373e-09
  300.00 -6.26577 -3.72261e-06 -3.72261e-06 -3.72261e-06 -6.02659e-09 -6.02684e-09  6.02712e-09
  300.00 -6.24865 -3.64459e-06 -3.64459e-06 -3.64459e-06 -7.52054e-09 -7.52088e-09  7.52136e-09
  300.00 -6.23153 -3.55679e-06 -3.55679e-06 -3.55679e-06 -8.42221e-09 -8.42257e-09  8.42326e-09
  300.00 -6.21441 -3.45953e-06 -3.45953e-06 -3.45953e-06 -8.76756e-09 -8.76786e-09  8.76874e-09
  300.00 -6.19730 -3.35329e-06 -3.35329e-06 -3.35329e-06 -8.42512e-09 -8.42531e-09  8.42635e-09
  300.00 -6.18018 -3.23925e-06 -3.23925e-06 -3.23925e-06 -7.19473e-09 -7.19482e-09  7.19596e-09
  300.00 -6.16306 -3.11969e-06 -3.11969e-06 -3.11969e-06 -5.01789e-09 -5.01792e-09  5.01911e-09
  300.00 -6.14595 -2.99843e-06 -2.99843e-06 -2.99843e-06 -2.10068e-09 -2.10072e-09  2.10189e-09
  300.00 -6.12883 -2.88010e-06 -2.88010e-06 -2.88010e-06  1.14209e-09  1.14199e-09 -1.14092e-09
  300.00 -6.11171 -2.76815e-06 -2.76815e-06 -2.76815e-06  4.23394e-09  4.23377e-09 -4.23287e-09
  300.00 -6.09459 -2.66301e-06 -2.66301e-06 -2.66301e-06  6.74590e-09  6.74568e-09 -6.74503e-09
  300.00 -6.07748 -2.56187e-06 -2.56187e-06 -2.56187e-06  8.34388e-09  8.34365e-09 -8.34329e-09
  300.00 -6.06036 -2.45993e-06 -2.45993e-06 -2.45993e-06  8.83096e-09  8.83073e-09 -8.83069e-09
  300.00 -6.04324 -2.35203e-06 -2.35203e-06 -2.35203e-06  8.20315e-09  8.20292e-09 -8.20317e-09
  300.00 -6.02613 -2.23442e-06 -2.23442e-06 -2.23442e-06  6.67450e-09  6.67425e-09 -6.67474e-09
  300.00 -6.00901 -2.10597e-06 -2.10597e-06 -2.10597e-06  4.63767e-09  4.63739e-09 -4.63802e-09
  300.00 -5.99189 -1.96839e-06 -1.96839e-06 -1.96839e-06  2.57606e-09  2.57575e-09 -2.57644e-09
  300.00 -5.97477 -1.82509e-06 -1.82509e-06 -1.82509e-06  9.62939e-10  9.62590e-10 -9.63257e-10
  300.00 -5.95766 -1.67935e-06 -1.67935e-06 -1.67935e-06  1.68481e-10  1.68111e-10 -1.68690e-10
  300.00 -5.94054 -1.53303e-06 -1.53303e-06 -1.53303e-06  3.83095e-10  3.82716e-10 -3.83169e-10
  300.00 -5.92342 -1.38666e-06 -1.38666e-06 -1.38666e-06  1.56964e-09  1.56926e-09 -1.56958e-09
  300.00 -5.90631 -1.24030e-06 -1.24030e-06 -1.24030e-06  3.46371e-09  3.46336e-09 -3.46354e-09
  300.00 -5.88919 -1.09427e-06 -1.09427e-06 -1.09427e-06  5.63265e-09  5.63233e-09 -5.63241e-09
  300.00 -5.87207 -9.49072e-07 -9.49072e-07 -9.49072e-07  7.58066e-09  7.58038e-09 -7.58041e-09
  300.00 -5.85495 -8.04614e-07 -8.04614e-07 -8.04614e-07  8.86545e-09  8.86521e-09 -8.86522e-09
  300.00 -5.83784 -6.59652e-07 -6.59652e-07 -6.59651e-07  9.18615e-09  9.18597e-09 -9.18601e-09
  300.00 -5.82072 -5.11933e-07 -5.11933e-07 -5.11933e-07  8.41783e-09  8.41770e-09 -8.41779e-09
  300.00 -5.80360 -3.59042e-07 -3.59042e-07 -3.59041e-07  6.59312e-09  6.59305e-09 -6.59319e-09
  300.00 -5.78649 -1.99342e-07 -1.99341e-07 -1.99341e-07  3.85291e-09  3.85290e-09 -3.85309e-09
  300.00 -5.76937 -3.24169e-08 -3.24162e-08 -3.24160e-08  3.93672e-10  3.93730e-10 -3.93942e-10
  300.00 -5.75225  1.41185e-07  1.41186e-07  1.41186e-07 -3.56825e-09 -3.56812e-09  3.56792e-09
  300.00 -5.73514  3.20604e-07  3.20605e-07  3.20605e-07 -7.80897e-09 -7.80878e-09  7.80861e-09
  300.00 -5.71802  5.05184e-07  5.05185e-07  5.05185e-07 -1.20909e-08 -1.20907e-08  1.20906e-08
  300.00 -5.70090  6.94576e-07  6.94577e-07  6.94577e-07 -1.61497e-08 -1.61494e-08  1.61494e-08
  300.00 -5.68378  8.88601e-07  8.88602e-07  8.88601e-07 -1.96876e-08 -1.96872e-08  1.96873e-08
  300.00 -5.66667  1.08736e-06  1.08736e-06  1.08736e-06 -2.23881e-08 -2.23878e-08  2.23879e-08
  300.00 -5.64955  1.29193e-06  1.29193e-06  1.29193e-06 -2.39643e-08 -2.39639e-08  2.39640e-08
  300.00 -5.63243  1.50527e-06  1.50527e-06  1.50527e-06 -2.42373e-08 -2.42369e-08  2.42371e-08
  300.00 -5.61532  1.73251e-06  1.73251e-06  1.73251e-06 -2.32210e-08 -2.32205e-08  2.32207e-08
  300.00 -5.59820  1.97982e-06  1.97982e-06  1.97982e-06 -2.11547e-08 -2.11543e-08  2.11545e-08
  300.00 -5.58108  2.25187e-06  2.25187e-06  2.25187e-06 -1.84379e-08 -1.84374e-08  1.84375e-08
  300.00 -5.56396  2.54855e-06  2.54855e-06  2.54855e-06 -1.54740e-08 -1.54735e-08  1.54736e-08
  300.00 -5.54685  2.86222e-06  2.86222e-06  2.86222e-06 -1.25164e-08 -1.25160e-08  1.25161e-08
  300.00 -5.52973  3.17709e-06  3.17709e-06  3.17709e-06 -9.63034e-09 -9.62991e-09  9.62998e-09
  300.00 -5.51261  3.47231e-06  3.47231e-06  3.47231e-06 -6.80579e-09 -6.80540e-09  6.80548e-09
  300.00 -5.49550  3.72808e-06  3.72808e-06  3.72808e-06 -4.10965e-09 -4.10931e-09  4.10942e-09
  300.00 -5.47838  3.93183e-06  3.93183e-06  3.93183e-06 -1.70242e-09 -1.70213e-09  1.70228e-09
  300.00 -5.46126  4.08102e-06  4.08102e-06  4.08102e-06  3.05218e-10  3.05457e-10 -3.05269e-10
  300.00 -5.44414  4.18127e-06  4.18127e-06  4.18127e-06  1.98296e-09  1.98315e-09 -1.98294e-09
  300.00 -5.42703  4.24137e-06  4.24137e-06  4.24137e-06  3.55642e-09  3.55656e-09 -3.55634e-09
  300.00 -5.40991  4.26880e-06  4.26880e-06  4.26880e-06  5.28885e-09  5.28893e-09 -5.28872e-09
  300.00 -5.39279  4.26746e-06  4.26746e-06  4.26746e-06  7.39433e-09  7.39436e-09 -7.39416e-09
  300.00 -5.37568  4.23738e-06  4.23738e-06  4.23738e-06  1.00079e-08  1.00079e-08 -1.00077e-08
  300.00 -5.35856  4.17493e-06  4.17493e-06  4.17493e-06  1.31740e-08  1.31739e-08 -1.31737e-08
  300.00 -5.34144  4.07320e-06  4.07320e-06  4.07320e-06  1.68323e-08  1.68322e-08 -1.68320e-08
  300.00 -5.32432  3.92254e-06  3.92254e-06  3.92254e-06  2.08112e-08  2.08111e-08 -2.08110e-08
  300.00 -5.30721  3.71184e-06  3.71184e-06  3.71184e-06  2.48394e-08  2.48392e-08 -2.48391e-08
  300.00 -5.29009  3.43054e-06  3.43054e-06  3.43054e-06  2.85775e-08  2.85772e-08 -2.85771e-08
  300.00 -5.27297  3.07110e-06  3.07110e-06  3.07110e-06  3.16606e-08  3.16603e-08 -3.16602e-08
  300.00 -5.25586  2.63089e-06  2.63089e-06  2.63089e-06  3.37394e-08  3.37391e-08 -3.37390e-08
  300.00 -5.23874  2.11316e-06  2.11316e-06  2.11316e-06  3.45105e-08  3.45101e-08 -3.45101e-08
  300.00 -5.22162  1.52666e-06  1.52666e-06  1.52666e-06  3.37362e-08  3.37358e-08 -3.37359e-08
  300.00 -5.20450  8.84421e-07  8.84421e-07  8.84423e-07  3.12622e-08  3.12618e-08 -3.12620e-08
  300.00 -5.18739  2.02423e-07  2.02422e-07  2.02424e-07  2.70431e-08  2.70427e-08 -2.70431e-08
  300.00 -5.17027 -5.01022e-07 -5.01022e-07 -5.01021e-07  2.11812e-08  2.11808e-08 -2.11813e-08
  300.00 -5.15315 -1.20447e-06 -1.20447e-06 -1.20447e-06  1.39691e-08  1.39687e-08 -1.39693e-08
  300.00 -5.13604 -1.88130e-06 -1.88130e-06 -1.88130e-06  5.90993e-09  5.90960e-09 -5.91032e-09
  300.00 -5.11892 -2.49750e-06 -2.49750e-06 -2.49750e-06 -2.32543e-09 -2.32572e-09  2.32491e-09
  300.00 -5.10180 -3.01191e-06 -3.01192e-06 -3.01191e-06 -1.00394e-08 -1.00397e-08  1.00388e-08
  300.00 -5.08468 -3.38162e-06 -3.38162e-06 -3.38162e-06 -1.67405e-08 -1.67407e-08  1.67398e-08
  300.00 -5.06757 -3.57306e-06 -3.57306e-06 -3.57306e-06 -2.23630e-08 -2.23630e-08  2.23622e-08
  300.00 -5.05045 -3.57425e-06 -3.57425e-06 -3.57425e-06 -2.72744e-08 -2.72743e-08  2.72736e-08
  300.00 -5.03333 -3.40052e-06 -3.40052e-06 -3.40052e-06 -3.19696e-08 -3.19694e-08  3.19688e-08
  300.00 -5.01622 -3.08993e-06 -3.08993e-06 -3.08993e-06 -3.66635e-08 -3.66632e-08  3.66629e-08
  300.00 -4.99910 -2.69264e-06 -2.69264e-06 -2.69264e-06 -4.11397e-08 -4.11394e-08  4.11393e-08
  300.00 -4.98198 -2.26049e-06 -2.26049e-06 -2.26049e-06 -4.49293e-08 -4.49291e-08  4.49292e-08
  300.00 -4.96486 -1.83939e-06 -1.83939e-06 -1.83939e-06 -4.75913e-08 -4.75912e-08  4.75915e-08
  300.00 -4.94775 -1.46408e-06 -1.46407e-06 -1.46408e-06 -4.88883e-08 -4.88883e-08  4.88889e-08
  300.00 -4.93063 -1.15546e-06 -1.15546e-06 -1.15546e-06 -4.88255e-08 -4.88256e-08  4.88264e-08
  300.00 -4.91351 -9.22090e-07 -9.22089e-07 -9.22089e-07 -4.75781e-08 -4.75782e-08  4.75791e-08
  300.00 -4.89640 -7.65501e-07 -7.65500e-07 -7.65500e-07 -4.53324e-08 -4.53325e-08  4.53333e-08
  300.00 -4.87928 -6.85768e-07 -6.85767e-07 -6.85767e-07 -4.21034e-08 -4.21034e-08  4.21041e-08
  300.00 -4.86216 -6.83241e-07 -6.83240e-07 -6.83240e-07 -3.76405e-08 -3.76405e-08  3.76411e-08
  300.00 -4.84505 -7.56628e-07 -7.56627e-07 -7.56627e-07 -3.15211e-08 -3.15210e-08  3.15214e-08
  300.00 -4.82793 -9.01272e-07 -9.01272e-07 -9.01272e-07 -2.34056e-08 -2.34054e-08  2.34058e-08
  300.00 -4.81081 -1.11012e-06 -1.11012e-06 -1.11012e-06 -1.32957e-08 -1.32955e-08  1.32957e-08
  300.00 -4.79369 -1.37570e-06 -1.37570e-06 -1.37570e-06 -1.63466e-09 -1.63453e-09  1.63462e-09
  300.00 -4.77658 -1.69005e-06 -1.69005e-06 -1.69005e-06  1.07756e-08  1.07757e-08 -1.07757e-08
  300.00 -4.75946 -2.04216e-06 -2.04216e-06 -2.04216e-06  2.29535e-08  2.29534e-08 -2.29536e-08
  300.00 -4.74234 -2.41562e-06 -2.41562e-06 -2.41562e-06  3.39291e-08  3.39289e-08 -3.39292e-08
  300.00 -4.72523 -2.78938e-06 -2.78938e-06 -2.78938e-06  4.29210e-08  4.29208e-08 -4.29211e-08
  300.00 -4.70811 -3.14219e-06 -3.14220e-06 -3.14220e-06  4.94785e-08  4.94781e-08 -4.94786e-08
  300.00 -4.69099 -3.45817e-06 -3.45817e-06 -3.45817e-06  5.35213e-08  5.35209e-08 -5.35214e-08
  300.00 -4.67387 -3.73057e-06 -3.73057e-06 -3.73057e-06  5.52041e-08  5.52036e-08 -5.52041e-08
  300.00 -4.65676 -3.96205e-06 -3.96205e-06 -3.96205e-06  5.47035e-08  5.47030e-08 -5.47035e-08
  300.00 -4.63964 -4.16117e-06 -4.16117e-06 -4.16117e-06  5.21765e-08  5.21760e-08 -5.21764e-08
  300.00 -4.62252 -4.33713e-06 -4.33713e-06 -4.33713e-06  4.78629e-08  4.78625e-08 -4.78628e-08
  300.00 -4.60541 -4.49603e-06 -4.49603e-06 -4.49603e-06  4.20613e-08  4.20610e-08 -4.20612e-08
  300.00 -4.58829 -4.64078e-06 -4.64078e-06 -4.64078e-06  3.50005e-08  3.50004e-08 -3.50004e-08
  300.00 -4.57117 -4.77310e-06 -4.77310e-06 -4.77311e-06  2.68493e-08  2.68492e-08 -2.68492e-08
  300.00 -4.55405 -4.89484e-06 -4.89484e-06 -4.89484e-06  1.78757e-08  1.78757e-08 -1.78756e-08
  300.00 -4.53694 -5.00734e-06 -5.00734e-06 -5.00734e-06  8.56751e-09  8.56765e-09 -8.56741e-09
  300.00 -4.51982 -5.11002e-06 -5.11002e-06 -5.11002e-06 -4.09509e-10 -4.09340e-10  4.09639e-10
  300.00 -4.50270 -5.20015e-06 -5.20015e-06 -5.20015e-06 -8.39682e-09 -8.39665e-09  8.39699e-09
  300.00 -4.48559 -5.27446e-06 -5.27446e-06 -5.27446e-06 -1.49651e-08 -1.49650e-08  1.49653e-08
  300.00 -4.46847 -5.33185e-06 -5.33185e-06 -5.33185e-06 -2.00377e-08 -2.00375e-08  2.00379e-08
  300.00 -4.45135 -5.37489e-06 -5.37489e-06 -5.37489e-06 -2.38204e-08 -2.38203e-08  2.38206e-08
  300.00 -4.43423 -5.40878e-06 -5.40878e-06 -5.40878e-06 -2.65801e-08 -2.65800e-08  2.65802e-08
  300.00 -4.41712 -5.43809e-06 -5.43809e-06 -5.43809e-06 -2.84451e-08 -2.84449e-08  2.84452e-08
  300.00 -4.40000 -5.46359e-06 -5.46359e-06 -5.46359e-06 -2.93788e-08 -2.93786e-08  2.93788e-08
  300.00 -4.38288 -5.48106e-06 -5.48106e-06 -5.48106e-06 -2.93034e-08 -2.93031e-08  2.93033e-08
  300.00 -4.36577 -5.48274e-06 -5.48274e-06 -5.48274e-06 -2.82320e-08 -2.82316e-08  2.82318e-08
  300.00 -4.34865 -5.46011e-06 -5.46011e-06 -5.46011e-06 -2.63071e-08 -2.63067e-08  2.63069e-08
  300.00 -4.33153 -5.40664e-06 -5.40664e-06 -5.40664e-06 -2.37578e-08 -2.37574e-08  2.37575e-08
  300.00 -4.31441 -5.31948e-06 -5.31948e-06 -5.31948e-06 -2.08332e-08 -2.08328e-08  2.08330e-08
  300.00 -4.29730 -5.20023e-06 -5.20023e-06 -5.20023e-06 -1.77548e-08 -1.77544e-08  1.77546e-08
  300.00 -4.28018 -5.05469e-06 -5.05469e-06 -5.05469e-06 -1.46928e-08 -1.46924e-08  1.46926e-08
  300.00 -4.26306 -4.89155e-06 -4.89155e-06 -4.89155e-06 -1.17643e-08 -1.17639e-08  1.17642e-08
  300.00 -4.24595 -4.72011e-06 -4.72011e-06 -4.72011e-06 -9.04164e-09 -9.04138e-09  9.04165e-09
  300.00 -4.22883 -4.54832e-06 -4.54832e-06 -4.54832e-06 -6.55815e-09 -6.55801e-09  6.55827e-09
  300.00 -4.21171 -4.38216e-06 -4.38216e-06 -4.38217e-06 -4.30240e-09 -4.30239e-09  4.30263e-09
  300.00 -4.19459 -4.22673e-06 -4.22673e-06 -4.22673e-06 -2.20801e-09 -2.20812e-09  2.20832e-09
  300.00 -4.17748 -4.08730e-06 -4.08730e-06 -4.08730e-06 -1.55175e-10 -1.55384e-10  1.55535e-10
  300.00 -4.16036 -3.96911e-06 -3.96912e-06 -3.96912e-06  2.00374e-09  2.00347e-09 -2.00340e-09
  300.00 -4.14324 -3.87567e-06 -3.87567e-06 -3.87567e-06  4.39478e-09  4.39449e-09 -4.39453e-09
  300.00 -4.12613 -3.80703e-06 -3.80703e-06 -3.80703e-06  7.07191e-09  7.07165e-09 -7.07190e-09
  300.00 -4.10901 -3.75950e-06 -3.75950e-06 -3.75950e-06  1.00015e-08  1.00013e-08 -1.00019e-08
  300.00 -4.09189 -3.72711e-06 -3.72711e-06 -3.72711e-06  1.30844e-08  1.30843e-08 -1.30855e-08
  300.00 -4.07477 -3.70399e-06 -3.70399e-06 -3.70399e-06  1.61811e-08  1.61810e-08 -1.61832e-08
  300.00 -4.05766 -3.68618e-06 -3.68618e-06 -3.68618e-06  1.91174e-08  1.91173e-08 -1.91215e-08
  300.00 -4.04054 -3.67217e-06 -3.67217e-06 -3.67216e-06  2.16870e-08  2.16869e-08 -2.16943e-08
  300.00 -4.02342 -3.66213e-06 -3.66213e-06 -3.66213e-06  2.36666e-08  2.36666e-08 -2.36797e-08
  300.00 -4.00631 -3.65635e-06 -3.65635e-06 -3.65635e-06  2.48518e-08  2.48517e-08 -2.48749e-08
  300.00 -3.98919 -3.65304e-06 -3.65304e-06 -3.65303e-06  2.51030e-08  2.51028e-08 -2.51436e-08
  300.00 -3.97207 -3.64629e-06 -3.64629e-06 -3.64629e-06  2.43801e-08  2.43799e-08 -2.44509e-08
  300.00 -3.95495 -3.62549e-06 -3.62549e-06 -3.62549e-06  2.27384e-08  2.27381e-08 -2.28610e-08
  300.00 -3.93784 -3.57762e-06 -3.57762e-06 -3.57762e-06  2.02776e-08  2.02773e-08 -2.04874e-08
  300.00 -3.92072 -3.49305e-06 -3.49305e-06 -3.49305e-06  1.70828e-08  1.70825e-08 -1.74358e-08
  300.00 -3.90360 -3.37207e-06 -3.37207e-06 -3.37207e-06  1.32179e-08  1.32175e-08 -1.37982e-08
  300.00 -3.88649 -3.22820e-06 -3.22820e-06 -3.22820e-06  8.79544e-09  8.79503e-09 -9.71847e-09
  300.00 -3.86937 -3.08505e-06 -3.08505e-06 -3.08505e-06  4.06015e-09  4.05976e-09 -5.46250e-09
  300.00 -3.85225 -2.96842e-06 -2.96842e-06 -2.96842e-06 -6.00946e-10 -6.01276e-10 -1.40361e-09
  300.00 -3.83514 -2.89784e-06 -2.89783e-06 -2.89783e-06 -4.74656e-09 -4.74680e-09  2.08632e-09
  300.00 -3.81802 -2.88159e-06 -2.88159e-06 -2.88159e-06 -8.01559e-09 -8.01571e-09  4.75807e-09
  300.00 -3.80090 -2.91651e-06 -2.91652e-06 -2.91652e-06 -1.02303e-08 -1.02303e-08  6.53684e-09
  300.00 -3.78378 -2.99115e-06 -2.99115e-06 -2.99115e-06 -1.14068e-08 -1.14067e-08  7.49700e-09
  300.00 -3.76667 -3.08934e-06 -3.08933e-06 -3.08933e-06 -1.16829e-08 -1.16827e-08  7.80447e-09
  300.00 -3.74955 -3.19237e-06 -3.19236e-06 -3.19236e-06 -1.12449e-08 -1.12447e-08  7.65944e-09
  300.00 -3.73243 -3.28085e-06 -3.28084e-06 -3.28084e-06 -1.02995e-08 -1.02992e-08  7.24165e-09
  300.00 -3.71532 -3.33797e-06 -3.33797e-06 -3.33797e-06 -9.05199e-09 -9.05167e-09  6.66840e-09
  300.00 -3.69820 -3.35281e-06 -3.35282e-06 -3.35282e-06 -7.66754e-09 -7.66722e-09  5.99688e-09
  300.00 -3.68108 -3.32117e-06 -3.32118e-06 -3.32118e-06 -6.25104e-09 -6.25074e-09  5.25990e-09
  300.00 -3.66396 -3.24400e-06 -3.24401e-06 -3.24401e-06 -4.86901e-09 -4.86875e-09  4.49152e-09
  300.00 -3.64685 -3.12545e-06 -3.12546e-06 -3.12546e-06 -3.58227e-09 -3.58206e-09  3.73761e-09
  300.00 -3.62973 -2.97182e-06 -2.97183e-06 -2.97183e-06 -2.45755e-09 -2.45741e-09  3.06108e-09
  300.00 -3.61261 -2.79120e-06 -2.79119e-06 -2.79119e-06 -1.56500e-09 -1.56496e-09  2.53735e-09
  300.00 -3.59550 -2.59284e-06 -2.59283e-06 -2.59283e-06 -9.74980e-10 -9.75036e-10  2.24219e-09
  300.00 -3.57838 -2.38538e-06 -2.38536e-06 -2.38536e-06 -7.47881e-10 -7.48023e-10  2.24088e-09
  300.00 -3.56126 -2.17465e-06 -2.17463e-06 -2.17463e-06 -9.08427e-10 -9.08616e-10  2.57386e-09
  300.00 -3.54414 -1.96282e-06 -1.96280e-06 -1.96280e-06 -1.41842e-09 -1.41859e-09  3.22972e-09
  300.00 -3.52703 -1.74994e-06 -1.74993e-06 -1.74993e-06 -2.17391e-09 -2.17400e-09  4.12028e-09
  300.00 -3.50991 -1.53681e-06 -1.53681e-06 -1.53681e-06 -3.03011e-09 -3.03003e-09  5.08886e-09
  300.00 -3.49279 -1.32714e-06 -1.32715e-06 -1.32715e-06 -3.82616e-09 -3.82588e-09  5.95250e-09
  300.00 -3.47568 -1.12779e-06 -1.12781e-06 -1.12781e-06 -4.39485e-09 -4.39437e-09  6.54367e-09
  300.00 -3.45856 -9.46910e-07 -9.46936e-07 -9.46936e-07 -4.60185e-09 -4.60118e-09  6.75167e-09
  300.00 -3.44144 -7.90548e-07 -7.90573e-07 -7.90573e-07 -4.43717e-09 -4.43637e-09  6.58413e-09
  300.00 -3.42432 -6.58756e-07 -6.58777e-07 -6.58777e-07 -4.04626e-09 -4.04538e-09  6.18079e-09
  300.00 -3.40721 -5.42817e-07 -5.42833e-07 -5.42833e-07 -3.61119e-09 -3.61030e-09  5.70966e-09
  300.00 -3.39009 -4.26383e-07 -4.26390e-07 -4.26390e-07 -3.19661e-09 -3.19579e-09  5.22551e-09
  300.00 -3.37297 -2.93577e-07 -2.93573e-07 -2.93573e-07 -2.74900e-09 -2.74828e-09  4.65802e-09
  300.00 -3.35586 -1.41728e-07 -1.41717e-07 -1.41716e-07 -2.25740e-09 -2.25679e-09  3.97117e-09
  300.00 -3.33874  1.19583e-08  1.19725e-08  1.19729e-08 -1.86075e-09 -1.86024e-09  3.29942e-09
  300.00 -3.32162  1.38392e-07  1.38404e-07  1.38404e-07 -1.76007e-09 -1.75964e-09  2.87836e-09
  300.00 -3.30450  2.13268e-07  2.13276e-07  2.13276e-07 -2.04598e-09 -2.04561e-09  2.85243e-09
  300.00 -3.28739  2.27914e-07  2.27919e-07  2.27918e-07 -2.61160e-09 -2.61130e-09  3.15639e-09
  300.00 -3.27027  1.87813e-07  1.87817e-07  1.87816e-07 -3.21843e-09 -3.21824e-09  3.56763e-09
  300.00 -3.25315  1.04882e-07  1.04884e-07  1.04883e-07 -3.64283e-09 -3.64276e-09  3.85791e-09
  300.00 -3.23604 -8.06737e-09 -8.06655e-09 -8.06728e-09 -3.76135e-09 -3.76142e-09  3.88999e-09
  300.00 -3.21892 -1.39201e-07 -1.39200e-07 -1.39201e-07 -3.53700e-09 -3.53720e-09  3.61232e-09
  300.00 -3.20180 -2.78851e-07 -2.78851e-07 -2.78851e-07 -2.97314e-09 -2.97346e-09  3.01657e-09
  300.00 -3.18468 -4.21030e-07 -4.21030e-07 -4.21030e-07 -2.08727e-09 -2.08769e-09  2.11205e-09
  300.00 -3.16757 -5.64023e-07 -5.64023e-07 -5.64024e-07 -9.05844e-10 -9.06350e-10  9.19888e-10
  300.00 -3.15045 -7.09314e-07 -7.09314e-07 -7.09314e-07  5.38797e-10  5.38240e-10 -5.30863e-10
  300.00 -3.13333 -8.59372e-07 -8.59372e-07 -8.59372e-07  2.21796e-09  2.21737e-09 -2.21347e-09
  300.00 -3.11622 -1.01526e-06 -1.01526e-06 -1.01526e-06  4.11164e-09  4.11107e-09 -4.10909e-09
  300.00 -3.09910 -1.17482e-06 -1.17482e-06 -1.17482e-06  6.19059e-09  6.19004e-09 -6.18912e-09
  300.00 -3.08198 -1.33181e-06 -1.33181e-06 -1.33181e-06  8.37074e-09  8.37024e-09 -8.36987e-09
  300.00 -3.06486 -1.47665e-06 -1.47665e-06 -1.47665e-06  1.04641e-08  1.04636e-08 -1.04636e-08
  300.00 -3.04775 -1.59898e-06 -1.59898e-06 -1.59898e-06  1.21707e-08  1.21704e-08 -1.21704e-08
  300.00 -3.03063 -1.69204e-06 -1.69204e-06 -1.69204e-06  1.31523e-08  1.31520e-08 -1.31522e-08
  300.00 -3.01351 -1.75674e-06 -1.75674e-06 -1.75674e-06  1.31860e-08  1.31859e-08 -1.31861e-08
  300.00 -2.99640 -1.80193e-06 -1.80193e-06 -1.80193e-06  1.23248e-08  1.23247e-08 -1.23249e-08
  300.00 -2.97928 -1.83937e-06 -1.83937e-06 -1.83937e-06  1.09133e-08  1.09133e-08 -1.09135e-08
  300.00 -2.96216 -1.87590e-06 -1.87590e-06 -1.87590e-06  9.39169e-09  9.39172e-09 -9.39195e-09
  300.00 -2.94505 -1.90877e-06 -1.90877e-06 -1.90877e-06  8.05794e-09  8.05799e-09 -8.05819e-09
  300.00 -2.92793 -1.92742e-06 -1.92742e-06 -1.92742e-06  6.98674e-09  6.98676e-09 -6.98693e-09
  300.00 -2.91081 -1.91962e-06 -1.91962e-06 -1.91962e-06  6.09392e-09  6.09390e-09 -6.09403e-09
  300.00 -2.89369 -1.87728e-06 -1.87728e-06 -1.87728e-06  5.24115e-09  5.24108e-09 -5.24117e-09
  300.00 -2.87658 -1.79906e-06 -1.79906e-06 -1.79906e-06  4.31358e-09  4.31346e-09 -4.31351e-09
  300.00 -2.85946 -1.68961e-06 -1.68961e-06 -1.68961e-06  3.25188e-09  3.25172e-09 -3.25173e-09
  300.00 -2.84234 -1.55729e-06 -1.55729e-06 -1.55729e-06  2.05009e-09  2.04990e-09 -2.04988e-09
  300.00 -2.82523 -1.41158e-06 -1.41158e-06 -1.41158e-06  7.39364e-10  7.39159e-10 -7.39106e-10
  300.00 -2.80811 -1.26127e-06 -1.26127e-06 -1.26127e-06 -6.28854e-10 -6.29059e-10  6.29135e-10
  300.00 -2.79099 -1.11333e-06 -1.11333e-06 -1.11333e-06 -1.99545e-09 -1.99564e-09  1.99573e-09
  300.00 -2.77387 -9.72522e-07 -9.72521e-07 -9.72521e-07 -3.30232e-09 -3.30248e-09  3.30258e-09
  300.00 -2.75676 -8.41581e-07 -8.41580e-07 -8.41580e-07 -4.49832e-09 -4.49845e-09  4.49855e-09
  300.00 -2.73964 -7.21703e-07 -7.21703e-07 -7.21702e-07 -5.54323e-09 -5.54332e-09  5.54341e-09
  300.00 -2.72252 -6.13176e-07 -6.13176e-07 -6.13176e-07 -6.41016e-09 -6.41021e-09  6.41028e-09
  300.00 -2.70541 -5.15994e-07 -5.15993e-07 -5.15993e-07 -7.08643e-09 -7.08642e-09  7.08647e-09
  300.00 -2.68829 -4.30290e-07 -4.30290e-07 -4.30289e-07 -7.57253e-09 -7.57248e-09  7.57249e-09
  300.00 -2.67117 -3.56493e-07 -3.56493e-07 -3.56493e-07 -7.87836e-09 -7.87825e-09  7.87822e-09
  300.00 -2.65405 -2.95180e-07 -2.95180e-07 -2.95179e-07 -8.01596e-09 -8.01580e-09  8.01572e-09
  300.00 -2.63694 -2.46737e-07 -2.46737e-07 -2.46737e-07 -7.99023e-09 -7.99002e-09  7.98990e-09
  300.00 -2.61982 -2.11157e-07 -2.11157e-07 -2.11157e-07 -7.79349e-09 -7.79326e-09  7.79310e-09
  300.00 -2.60270 -1.88356e-07 -1.88356e-07 -1.88356e-07 -7.41275e-09 -7.41251e-09  7.41232e-09
  300.00 -2.58559 -1.79126e-07 -1.79126e-07 -1.79126e-07 -6.85147e-09 -6.85127e-09  6.85103e-09
  300.00 -2.56847 -1.86045e-07 -1.86045e-07 -1.86045e-07 -6.15035e-09 -6.15021e-09  6.14993e-09
  300.00 -2.55135 -2.13211e-07 -2.13211e-07 -2.13212e-07 -5.38325e-09 -5.38318e-09  5.38280e-09
  300.00 -2.53423 -2.64440e-07 -2.64440e-07 -2.64440e-07 -4.62520e-09 -4.62521e-09  4.62466e-09
  300.00 -2.51712 -3.41112e-07 -3.41112e-07 -3.41112e-07 -3.92083e-09 -3.92090e-09  3.92006e-09
  300.00 -2.50000 -4.41287e-07 -4.41288e-07 -4.41288e-07 -3.28107e-09 -3.28117e-09  3.27987e-09
  300.00 -2.48288 -5.60458e-07 -5.60459e-07 -5.60459e-07 -2.70517e-09 -2.70529e-09  2.70328e-09
  300.00 -2.46577 -6.92923e-07 -6.92923e-07 -6.92924e-07 -2.20361e-09 -2.20373e-09  2.20064e-09
  300.00 -2.44865 -8.32681e-07 -8.32681e-07 -8.32682e-07 -1.80453e-09 -1.80466e-09  1.79994e-09
  300.00 -2.43153 -9.73566e-07 -9.73566e-07 -9.73566e-07 -1.54399e-09 -1.54412e-09  1.53697e-09
  300.00 -2.41441 -1.10900e-06 -1.10900e-06 -1.10900e-06 -1.44865e-09 -1.44877e-09  1.43801e-09
  300.00 -2.39730 -1.23182e-06 -1.23182e-06 -1.23182e-06 -1.51936e-09 -1.51949e-09  1.50339e-09
  300.00 -2.38018 -1.33447e-06 -1.33447e-06 -1.33447e-06 -1.72190e-09 -1.72204e-09  1.69805e-09
  300.00 -2.36306 -1.40956e-06 -1.40956e-06 -1.40956e-06 -1.99062e-09 -1.99076e-09  1.95520e-09
  300.00 -2.34595 -1.45120e-06 -1.45120e-06 -1.45120e-06 -2.25112e-09 -2.25127e-09  2.19877e-09
  300.00 -2.32883 -1.45670e-06 -1.45670e-06 -1.45670e-06 -2.45722e-09 -2.45737e-09  2.38014e-09
  300.00 -2.31171 -1.42774e-06 -1.42774e-06 -1.42774e-06 -2.61597e-09 -2.61612e-09  2.50288e-09
  300.00 -2.29459 -1.36959e-06 -1.36959e-06 -1.36959e-06 -2.77220e-09 -2.77235e-09  2.60680e-09
  300.00 -2.27748 -1.28866e-06 -1.28866e-06 -1.28866e-06 -2.96249e-09 -2.96263e-09  2.72131e-09
  300.00 -2.26036 -1.19061e-06 -1.19061e-06 -1.19061e-06 -3.18412e-09 -3.18424e-09  2.83340e-09
  300.00 -2.24324 -1.08037e-06 -1.08038e-06 -1.08037e-06 -3.40450e-09 -3.40459e-09  2.89586e-09
  300.00 -2.22613 -9.63299e-07 -9.63300e-07 -9.63299e-07 -3.59254e-09 -3.59259e-09  2.85678e-09
  300.00 -2.20901 -8.45848e-07 -8.45849e-07 -8.45849e-07 -3.74299e-09 -3.74301e-09  2.68150e-09
  300.00 -2.19189 -7.35037e-07 -7.35039e-07 -7.35039e-07 -3.88416e-09 -3.88415e-09  2.35687e-09
  300.00 -2.17477 -6.37028e-07 -6.37031e-07 -6.37030e-07 -4.07433e-09 -4.07429e-09  1.88328e-09
  300.00 -2.15766 -5.55941e-07 -5.55944e-07 -5.55944e-07 -4.39462e-09 -4.39455e-09  1.26161e-09
  300.00 -2.14054 -4.93756e-07 -4.93761e-07 -4.93761e-07 -4.94294e-09 -4.94285e-09  4.79852e-10
  300.00 -2.12342 -4.51353e-07 -4.51359e-07 -4.51359e-07 -5.83118e-09 -5.83108e-09 -4.98533e-10
  300.00 -2.10631 -4.29762e-07 -4.29770e-07 -4.29770e-07 -7.18583e-09 -7.18574e-09 -1.74378e-09
  300.00 -2.08919 -4.30209e-07 -4.30217e-07 -4.30218e-07 -9.15064e-09 -9.15055e-09 -3.36677e-09
  300.00 -2.07207 -4.51819e-07 -4.51829e-07 -4.51829e-07 -1.18889e-08 -1.18888e-08 -5.52410e-09
  300.00 -2.05495 -4.87288e-07 -4.87300e-07 -4.87300e-07 -1.55837e-08 -1.55836e-08 -8.42062e-09
  300.00 -2.03784 -5.18956e-07 -5.18970e-07 -5.18971e-07 -2.04363e-08 -2.04363e-08 -1.23060e-08
  300.00 -2.02072 -5.19402e-07 -5.19418e-07 -5.19418e-07 -2.66660e-08 -2.66660e-08 -1.74591e-08
  300.00 -2.00360 -4.59549e-07 -4.59568e-07 -4.59568e-07 -3.45085e-08 -3.45085e-08 -2.41578e-08
  300.00 -1.98649 -3.22268e-07 -3.22290e-07 -3.22290e-07 -4.41969e-08 -4.41969e-08 -3.26415e-08
  300.00 -1.96937 -1.13565e-07 -1.13591e-07 -1.13591e-07 -5.59020e-08 -5.59020e-08 -4.30776e-08
  300.00 -1.95225  1.37205e-07  1.37174e-07  1.37174e-07 -6.96306e-08 -6.96306e-08 -5.55274e-08
  300.00 -1.93514  3.90069e-07  3.90032e-07  3.90032e-07 -8.51220e-08 -8.51219e-08 -6.98831e-08
  300.00 -1.91802  6.12125e-07  6.12081e-07  6.12081e-07 -1.01787e-07 -1.01787e-07 -8.57697e-08
  300.00 -1.90090  7.88013e-07  7.87962e-07  7.87962e-07 -1.18698e-07 -1.18698e-07 -1.02452e-07
  300.00 -1.88378  9.18044e-07  9.17987e-07  9.17987e-07 -1.34605e-07 -1.34605e-07 -1.18803e-07
  300.00 -1.86667  1.00955e-06  1.00949e-06  1.00949e-06 -1.47981e-07 -1.47981e-07 -1.33362e-07
  300.00 -1.84955  1.06964e-06  1.06959e-06  1.06959e-06 -1.57122e-07 -1.57122e-07 -1.44452e-07
  300.00 -1.83243  1.10273e-06  1.10268e-06  1.10268e-06 -1.60326e-07 -1.60326e-07 -1.50366e-07
  300.00 -1.81532  1.11123e-06  1.11120e-06  1.11120e-06 -1.56134e-07 -1.56134e-07 -1.49590e-07
  300.00 -1.79820  1.09715e-06  1.09715e-06  1.09715e-06 -1.43592e-07 -1.43592e-07 -1.41060e-07
  300.00 -1.78108  1.06285e-06  1.06289e-06  1.06289e-06 -1.22485e-07 -1.22485e-07 -1.24399e-07
  300.00 -1.76396  1.01132e-06  1.01140e-06  1.01140e-06 -9.35042e-08 -9.35043e-08 -1.00089e-07
  300.00 -1.74685  9.46370e-07  9.46507e-07  9.46507e-07 -5.82842e-08 -5.82842e-08 -6.95324e-08
  300.00 -1.72973  8.73030e-07  8.73215e-07  8.73215e-07 -1.93180e-08 -1.93181e-08 -3.49931e-08
  300.00 -1.71261  7.97800e-07  7.98017e-07  7.98017e-07  2.02255e-08  2.02254e-08  5.70630e-10
  300.00 -1.69550  7.28263e-07  7.28491e-07  7.28491e-07  5.67431e-08  5.67431e-08  3.37317e-08
  300.00 -1.67838  6.71477e-07  6.71689e-07  6.71689e-07  8.65777e-08  8.65776e-08  6.09610e-08
  300.00 -1.66126  6.31378e-07  6.31548e-07  6.31547e-07  1.06753e-07  1.06753e-07  7.93488e-08
  300.00 -1.64414  6.06863e-07  6.06971e-07  6.06971e-07  1.15982e-07  1.15982e-07  8.76128e-08
  300.00 -1.62703  5.92298e-07  5.92334e-07  5.92334e-07  1.15228e-07  1.15228e-07  8.66760e-08
  300.00 -1.60991  5.80055e-07  5.80017e-07  5.80017e-07  1.07186e-07  1.07186e-07  7.91711e-08
  300.00 -1.59279  5.63199e-07  5.63090e-07  5.63090e-07  9.50615e-08  9.50615e-08  6.82280e-08
  300.00 -1.57568  5.37154e-07  5.36985e-07  5.36985e-07  8.15551e-08  8.15550e-08  5.64575e-08
  300.00 -1.55856  5.00258e-07  5.00042e-07  5.00042e-07  6.84960e-08  6.84959e-08  4.55799e-08
  300.00 -1.54144  4.53369e-07  4.53127e-07  4.53127e-07  5.69305e-08  5.69304e-08  3.65226e-08
  300.00 -1.52432  3.98902e-07  3.98658e-07  3.98658e-07  4.73356e-08  4.73356e-08  2.96444e-08
  300.00 -1.50721  3.39875e-07  3.39656e-07  3.39656e-07  3.97734e-08  3.97734e-08  2.48963e-08
  300.00 -1.49009  2.79459e-07  2.79286e-07  2.79285e-07  3.39865e-08  3.39865e-08  2.19213e-08
  300.00 -1.47297  2.20969e-07  2.20849e-07  2.20849e-07  2.95146e-08  2.95147e-08  2.01737e-08
  300.00 -1.45586  1.67894e-07  1.67824e-07  1.67824e-07  2.58622e-08  2.58623e-08  1.90932e-08
  300.00 -1.43874  1.23629e-07  1.23596e-07  1.23596e-07  2.26575e-08  2.26576e-08  1.82691e-08
  300.00 -1.42162  9.08902e-08  9.08810e-08  9.08810e-08  1.97177e-08  1.97178e-08  1.75066e-08
  300.00 -1.40450  7.11152e-08  7.11204e-08  7.11205e-08  1.70058e-08  1.70058e-08  1.67782e-08
  300.00 -1.38739  6.42021e-08  6.42164e-08  6.42165e-08  1.45423e-08  1.45424e-08  1.61258e-08
  300.00 -1.37027  6.87017e-08  6.87225e-08  6.87226e-08  1.23416e-08  1.23416e-08  1.55882e-08
  300.00 -1.35315  8.23408e-08  8.23664e-08  8.23665e-08  1.03960e-08  1.03961e-08  1.51799e-08
  300.00 -1.33604  1.02604e-07  1.02635e-07  1.02635e-07  8.69394e-09  8.69399e-09  1.49058e-08
  300.00 -1.31892  1.27136e-07  1.27178e-07  1.27178e-07  7.23983e-09  7.23987e-09  1.47810e-08
  300.00 -1.30180  1.53859e-07  1.53924e-07  1.53924e-07  6.04754e-09  6.04757e-09  1.48223e-08
  300.00 -1.28468  1.80832e-07  1.80932e-07  1.80932e-07  5.09790e-09  5.09791e-09  1.50025e-08
  300.00 -1.26757  2.06034e-07  2.06165e-07  2.06165e-07  4.31389e-09  4.31389e-09  1.52240e-08
  300.00 -1.25045  2.27239e-07  2.27384e-07  2.27384e-07  3.61107e-09  3.61106e-09  1.53762e-08
  300.00 -1.23333  2.42040e-07  2.42178e-07  2.42179e-07  2.96498e-09  2.96497e-09  1.54107e-08
  300.00 -1.21622  2.47986e-07  2.48103e-07  2.48103e-07  2.40808e-09  2.40807e-09  1.53401e-08
  300.00 -1.19910  2.42816e-07  2.42907e-07  2.42907e-07  1.98299e-09  1.98298e-09  1.51869e-08
  300.00 -1.18198  2.24809e-07  2.24874e-07  2.24874e-07  1.71511e-09  1.71510e-09  1.49558e-08
  300.00 -1.16486  1.93148e-07  1.93189e-07  1.93190e-07  1.61289e-09  1.61288e-09  1.46346e-08
  300.00 -1.14775  1.48206e-07  1.48227e-07  1.48227e-07  1.67640e-09  1.67639e-09  1.42043e-08
  300.00 -1.13063  9.16771e-08  9.16810e-08  9.16811e-08  1.90388e-09  1.90388e-09  1.36471e-08
  300.00 -1.11351  2.65221e-08  2.65123e-08  2.65124e-08  2.29584e-09  2.29584e-09  1.29509e-08
  300.00 -1.09640 -4.32680e-08 -4.32878e-08 -4.32877e-08  2.85842e-09  2.85842e-09  1.21134e-08
  300.00 -1.07928 -1.13061e-07 -1.13087e-07 -1.13087e-07  3.60510e-09  3.60511e-09  1.11452e-08
  300.00 -1.06216 -1.78080e-07 -1.78107e-07 -1.78107e-07  4.54908e-09  4.54909e-09  1.00629e-08
  300.00 -1.04505 -2.33939e-07 -2.33962e-07 -2.33962e-07  5.68234e-09  5.68236e-09  8.86961e-09
  300.00 -1.02793 -2.77141e-07 -2.77159e-07 -2.77159e-07  6.96534e-09  6.96536e-09  7.54572e-09
  300.00 -1.01081 -3.05444e-07 -3.05457e-07 -3.05456e-07  8.35222e-09  8.35225e-09  6.07636e-09
  300.00 -0.99369 -3.18092e-07 -3.18100e-07 -3.18100e-07  9.81646e-09  9.81649e-09  4.47811e-09
  300.00 -0.97658 -3.15910e-07 -3.15912e-07 -3.15912e-07  1.13419e-08  1.13419e-08  2.78938e-09
  300.00 -0.95946 -3.01233e-07 -3.01230e-07 -3.01230e-07  1.29040e-08  1.29040e-08  1.04985e-09
  300.00 -0.94234 -2.77656e-07 -2.77647e-07 -2.77647e-07  1.44642e-08  1.44642e-08 -7.06327e-10
  300.00 -0.92523 -2.49627e-07 -2.49613e-07 -2.49613e-07  1.59740e-08  1.59740e-08 -2.44806e-09
  300.00 -0.90811 -2.21939e-07 -2.21921e-07 -2.21921e-07  1.73793e-08  1.73793e-08 -4.14310e-09
  300.00 -0.89099 -1.99164e-07 -1.99141e-07 -1.99141e-07  1.86266e-08  1.86266e-08 -5.75321e-09
  300.00 -0.87387 -1.85095e-07 -1.85071e-07 -1.85071e-07  1.96723e-08  1.96723e-08 -7.22592e-09
  300.00 -0.85676 -1.82269e-07 -1.82243e-07 -1.82243e-07  2.04982e-08  2.04982e-08 -8.48203e-09
  300.00 -0.83964 -1.91626e-07 -1.91597e-07 -1.91597e-07  2.11236e-08  2.11236e-08 -9.40790e-09
  300.00 -0.82252 -2.12409e-07 -2.12373e-07 -2.12373e-07  2.15879e-08  2.15879e-08 -9.87952e-09
  300.00 -0.80541 -2.42336e-07 -2.42288e-07 -2.42288e-07  2.18879e-08  2.18879e-08 -9.83386e-09
  300.00 -0.78829 -2.77997e-07 -2.77937e-07 -2.77937e-07  2.19248e-08  2.19248e-08 -9.32908e-09
  300.00 -0.77117 -3.15343e-07 -3.15276e-07 -3.15276e-07  2.15540e-08  2.15540e-08 -8.50008e-09
  300.00 -0.75405 -3.50224e-07 -3.50158e-07 -3.50158e-07  2.07012e-08  2.07012e-08 -7.44250e-09
  300.00 -0.73694 -3.79000e-07 -3.78944e-07 -3.78944e-07  1.94090e-08  1.94090e-08 -6.16658e-09
  300.00 -0.71982 -3.99148e-07 -3.99106e-07 -3.99106e-07  1.77797e-08  1.77797e-08 -4.65284e-09
  300.00 -0.70270 -4.09664e-07 -4.09637e-07 -4.09637e-07  1.59088e-08  1.59088e-08 -2.91610e-09
  300.00 -0.68559 -4.11131e-07 -4.11121e-07 -4.11121e-07  1.38644e-08  1.38644e-08 -1.02049e-09
  300.00 -0.66847 -4.05464e-07 -4.05470e-07 -4.05470e-07  1.16975e-08  1.16975e-08  9.39007e-10
  300.00 -0.65135 -3.95373e-07 -3.95396e-07 -3.95396e-07  9.45997e-09  9.45992e-09  2.86398e-09
  300.00 -0.63423 -3.83648e-07 -3.83686e-07 -3.83686e-07  7.22289e-09  7.22284e-09  4.68202e-09
  300.00 -0.61712 -3.72395e-07 -3.72445e-07 -3.72445e-07  5.09458e-09  5.09451e-09  6.37576e-09
  300.00 -0.60000 -3.62384e-07 -3.62443e-07 -3.62443e-07  3.22078e-09  3.22071e-09  7.99347e-09
  300.00 -0.58288 -3.52693e-07 -3.52755e-07 -3.52755e-07  1.73759e-09  1.73751e-09  9.60931e-09
  300.00 -0.56577 -3.40740e-07 -3.40798e-07 -3.40798e-07  6.80175e-10  6.80085e-10  1.12349e-08
  300.00 -0.54865 -3.22699e-07 -3.22751e-07 -3.22751e-07 -6.93324e-11 -6.94286e-11  1.27657e-08
  300.00 -0.53153 -2.94192e-07 -2.94237e-07 -2.94237e-07 -7.09600e-10 -7.09699e-10  1.40479e-08
  300.00 -0.51441 -2.51210e-07 -2.51253e-07 -2.51253e-07 -1.38099e-09 -1.38109e-09  1.50090e-08
  300.00 -0.49730 -1.91230e-07 -1.91273e-07 -1.91273e-07 -2.10662e-09 -2.10671e-09  1.57054e-08
  300.00 -0.48018 -1.14252e-07 -1.14298e-07 -1.14299e-07 -2.84832e-09 -2.84840e-09  1.62535e-08
  300.00 -0.46306 -2.33399e-08 -2.33908e-08 -2.33910e-08 -3.58252e-09 -3.58258e-09  1.67417e-08
  300.00 -0.44595  7.57990e-08  7.57432e-08  7.57430e-08 -4.32132e-09 -4.32136e-09  1.71994e-08
  300.00 -0.42883  1.76380e-07  1.76321e-07  1.76320e-07 -5.08229e-09 -5.08231e-09  1.76174e-08
  300.00 -0.41171  2.73076e-07  2.73018e-07  2.73017e-07 -5.83990e-09 -5.83989e-09  1.79879e-08
  300.00 -0.39459  3.64779e-07  3.64731e-07  3.64731e-07 -6.49041e-09 -6.49037e-09  1.83325e-08
  300.00 -0.37748  4.56368e-07  4.56346e-07  4.56346e-07 -6.86676e-09 -6.86669e-09  1.86858e-08
  300.00 -0.36036  5.58367e-07  5.58389e-07  5.58389e-07 -6.82068e-09 -6.82059e-09  1.90251e-08
  300.00 -0.34324  6.84344e-07  6.84417e-07  6.84417e-07 -6.31267e-09 -6.31257e-09  1.92059e-08
  300.00 -0.32613  8.47368e-07  8.47486e-07  8.47486e-07 -5.40410e-09 -5.40400e-09  1.90037e-08
  300.00 -0.30901  1.05733e-06  1.05747e-06  1.05747e-06 -4.15302e-09 -4.15293e-09  1.82483e-08
  300.00 -0.29189  1.31961e-06  1.31975e-06  1.31975e-06 -2.55371e-09 -2.55362e-09  1.69172e-08
  300.00 -0.27477  1.63405e-06  1.63416e-06  1.63416e-06 -5.99547e-10 -5.99488e-10  1.51204e-08
  300.00 -0.25766  1.99416e-06  1.99422e-06  1.99422e-06  1.62767e-09  1.62771e-09  1.30350e-08
  300.00 -0.24054  2.38872e-06  2.38872e-06  2.38872e-06  3.96944e-09  3.96944e-09  1.08521e-08
  300.00 -0.22342  2.80571e-06  2.80566e-06  2.80566e-06  6.28712e-09  6.28710e-09  8.74904e-09
  300.00 -0.20631  3.23569e-06  3.23560e-06  3.23560e-06  8.52325e-09  8.52320e-09  6.87793e-09
  300.00 -0.18919  3.67323e-06  3.67311e-06  3.67312e-06  1.06726e-08  1.06725e-08  5.33487e-09
  300.00 -0.17207  4.11682e-06  4.11671e-06  4.11671e-06  1.27421e-08  1.27420e-08  4.12778e-09
  300.00 -0.15495  4.56671e-06  4.56660e-06  4.56660e-06  1.47899e-08  1.47898e-08  3.21103e-09
  300.00 -0.13784  5.02084e-06  5.02075e-06  5.02075e-06  1.69847e-08  1.69845e-08  2.55338e-09
  300.00 -0.12072  5.47191e-06  5.47182e-06  5.47182e-06  1.95606e-08  1.95605e-08  2.13092e-09
  300.00 -0.10360  5.90754e-06  5.90747e-06  5.90747e-06  2.26871e-08  2.26869e-08  1.85272e-09
  300.00 -0.08649  6.31257e-06  6.31251e-06  6.31251e-06  2.63501e-08  2.63499e-08  1.52149e-09
  300.00 -0.06937  6.67057e-06  6.67054e-06  6.67054e-06  3.02948e-08  3.02946e-08  8.85426e-10
  300.00 -0.05225  6.96477e-06  6.96477e-06  6.96477e-06  3.40499e-08  3.40498e-08 -2.35607e-10
  300.00 -0.03514  7.18001e-06  7.18005e-06  7.18005e-06  3.70307e-08  3.70305e-08 -1.82828e-09
  300.00 -0.01802  7.30551e-06  7.30557e-06  7.30557e-06  3.86691e-08  3.86689e-08 -3.65864e-09
  300.00 -0.00090  7.33597e-06  7.33603e-06  7.33603e-06  3.85523e-08  3.85521e-08 -5.35568e-09
  300.00  0.01622  7.27027e-06  7.27032e-06  7.27032e-06  3.65604e-08  3.65603e-08 -6.55695e-09
  300.00  0.03333  7.10964e-06  7.10968e-06  7.10968e-06  3.29361e-08  3.29360e-08 -7.04697e-09
  300.00  0.05045  6.85750e-06  6.85752e-06  6.85752e-06  2.82184e-08  2.82183e-08 -6.82203e-09
  300.00  0.06757  6.52112e-06  6.52113e-06  6.52113e-06  2.30689e-08  2.30688e-08 -6.05635e-09
  300.00  0.08468  6.11311e-06  6.11311e-06  6.11311e-06  1.80780e-08  1.80780e-08 -4.99830e-09
  300.00  0.10180  5.65103e-06  5.65103e-06  5.65103e-06  1.36172e-08  1.36171e-08 -3.84384e-09
  300.00  0.11892  5.15530e-06  5.15530e-06  5.15530e-06  9.77468e-09  9.77467e-09 -2.64372e-09
  300.00  0.13604  4.64680e-06  4.64681e-06  4.64681e-06  6.41897e-09  6.41898e-09 -1.31764e-09
  300.00  0.15315  4.14495e-06  4.14495e-06  4.14495e-06  3.37318e-09  3.37321e-09  2.16725e-10
  300.00  0.17027  3.66657e-06  3.66657e-06  3.66657e-06  5.72508e-10  5.72556e-10  1.91891e-09
  300.00  0.18739  3.22550e-06  3.22551e-06  3.22551e-06 -1.91864e-09 -1.91858e-09  3.62700e-09
  300.00  0.20450  2.83222e-06  2.83222e-06  2.83222e-06 -4.01448e-09 -4.01439e-09  5.17340e-09
  300.00  0.22162  2.49306e-06  2.49306e-06  2.49306e-06 -5.73284e-09 -5.73274e-09  6.51138e-09
  300.00  0.23874  2.21006e-06  2.21006e-06  2.21006e-06 -7.23218e-09 -7.23207e-09  7.75045e-09
  300.00  0.25586  1.98245e-06  1.98245e-06  1.98245e-06 -8.71847e-09 -8.71835e-09  9.06054e-09
  300.00  0.27297  1.80851e-06  1.80852e-06  1.80852e-06 -1.03090e-08 -1.03089e-08  1.05330e-08
  300.00  0.29009  1.68588e-06  1.68588e-06  1.68588e-06 -1.19945e-08 -1.19944e-08  1.21400e-08
  300.00  0.30721  1.60903e-06  1.60903e-06  1.60903e-06 -1.37128e-08 -1.37126e-08  1.38066e-08
  300.00  0.32432  1.56383e-06  1.56383e-06  1.56383e-06 -1.54306e-08 -1.54304e-08  1.54907e-08
  300.00  0.34144  1.52096e-06  1.52096e-06  1.52096e-06 -1.71629e-08 -1.71627e-08  1.72011e-08
  300.00  0.35856  1.43445e-06  1.43445e-06  1.43445e-06 -1.89415e-08 -1.89414e-08  1.89657e-08
  300.00  0.37568  1.25185e-06  1.25185e-06  1.25185e-06 -2.07707e-08 -2.07705e-08  2.07858e-08
  300.00  0.39279  9.35854e-07  9.35854e-07  9.35854e-07 -2.25956e-08 -2.25954e-08  2.26050e-08
  300.00  0.40991  4.85211e-07  4.85211e-07  4.85211e-07 -2.43015e-08 -2.43013e-08  2.43073e-08
  300.00  0.42703 -6.03940e-08 -6.03939e-08 -6.03938e-08 -2.57488e-08 -2.57487e-08  2.57523e-08
  300.00  0.44414 -6.35926e-07 -6.35926e-07 -6.35926e-07 -2.68258e-08 -2.68256e-08  2.68278e-08
  300.00  0.46126 -1.17646e-06 -1.17646e-06 -1.17646e-06 -2.74846e-08 -2.74845e-08  2.74858e-08
  300.00  0.47838 -1.63713e-06 -1.63713e-06 -1.63713e-06 -2.77427e-08 -2.77426e-08  2.77433e-08
  300.00  0.49550 -1.99955e-06 -1.99955e-06 -1.99955e-06 -2.76554e-08 -2.76553e-08  2.76557e-08
  300.00  0.51261 -2.26692e-06 -2.26692e-06 -2.26692e-06 -2.72858e-08 -2.72857e-08  2.72859e-08
  300.00  0.52973 -2.45449e-06 -2.45449e-06 -2.45449e-06 -2.66853e-08 -2.66852e-08  2.66853e-08
  300.00  0.54685 -2.58103e-06 -2.58103e-06 -2.58103e-06 -2.58885e-08 -2.58884e-08  2.58884e-08
  300.00  0.56396 -2.66364e-06 -2.66364e-06 -2.66364e-06 -2.49164e-08 -2.49164e-08  2.49163e-08
  300.00  0.58108 -2.71557e-06 -2.71557e-06 -2.71557e-06 -2.37822e-08 -2.37821e-08  2.37820e-08
  300.00  0.59820 -2.74601e-06 -2.74601e-06 -2.74601e-06 -2.24955e-08 -2.24955e-08  2.24954e-08
  300.00  0.61532 -2.76088e-06 -2.76088e-06 -2.76088e-06 -2.10654e-08 -2.10654e-08  2.10653e-08
  300.00  0.63243 -2.76372e-06 -2.76372e-06 -2.76372e-06 -1.95015e-08 -1.95015e-08  1.95014e-08
  300.00  0.64955 -2.75657e-06 -2.75657e-06 -2.75657e-06 -1.78143e-08 -1.78143e-08  1.78142e-08
  300.00  0.66667 -2.74062e-06 -2.74062e-06 -2.74062e-06 -1.60148e-08 -1.60148e-08  1.60147e-08
  300.00  0.68378 -2.71667e-06 -2.71667e-06 -2.71667e-06 -1.41144e-08 -1.41144e-08  1.41143e-08
  300.00  0.70090 -2.68539e-06 -2.68539e-06 -2.68539e-06 -1.21243e-08 -1.21243e-08  1.21242e-08
  300.00  0.71802 -2.64748e-06 -2.64748e-06 -2.64748e-06 -1.00553e-08 -1.00553e-08  1.00553e-08
  300.00  0.73514 -2.60380e-06 -2.60380e-06 -2.60380e-06 -7.91801e-09 -7.91804e-09  7.91796e-09
  300.00  0.75225 -2.55533e-06 -2.55533e-06 -2.55533e-06 -5.72222e-09 -5.72224e-09  5.72218e-09
  300.00  0.76937 -2.50322e-06 -2.50322e-06 -2.50322e-06 -3.47736e-09 -3.47739e-09  3.47734e-09
  300.00  0.78649 -2.44870e-06 -2.44870e-06 -2.44870e-06 -1.19251e-09 -1.19254e-09  1.19250e-09
  300.00  0.80360 -2.39308e-06 -2.39308e-06 -2.39308e-06  1.12344e-09  1.12340e-09 -1.12342e-09
  300.00  0.82072 -2.33768e-06 -2.33768e-06 -2.33768e-06  3.46154e-09  3.46150e-09 -3.46150e-09
  300.00  0.83784 -2.28376e-06 -2.28376e-06 -2.28376e-06  5.81262e-09  5.81259e-09 -5.81257e-09
  300.00  0.85495 -2.23251e-06 -2.23251e-06 -2.23251e-06  8.16706e-09  8.16703e-09 -8.16699e-09
  300.00  0.87207 -2.18493e-06 -2.18493e-06 -2.18493e-06  1.05146e-08  1.05146e-08 -1.05145e-08
  300.00  0.88919 -2.14188e-06 -2.14188e-06 -2.14188e-06  1.28443e-08  1.28443e-08 -1.28443e-08
  300.00  0.90631 -2.10398e-06 -2.10398e-06 -2.10398e-06  1.51445e-08  1.51445e-08 -1.51444e-08
  300.00  0.92342 -2.07160e-06 -2.07160e-06 -2.07160e-06  1.74025e-08  1.74025e-08 -1.74024e-08
  300.00  0.94054 -2.04490e-06 -2.04490e-06 -2.04490e-06  1.96053e-08  1.96053e-08 -1.96052e-08
  300.00  0.95766 -2.02376e-06 -2.02376e-06 -2.02376e-06  2.17391e-08  2.17391e-08 -2.17390e-08
  300.00  0.97477 -2.00784e-06 -2.00784e-06 -2.00784e-06  2.37901e-08  2.37901e-08 -2.37899e-08
  300.00  0.99189 -1.99660e-06 -1.99660e-06 -1.99660e-06  2.57442e-08  2.57442e-08 -2.57441e-08
  300.00  1.00901 -1.98931e-06 -1.98931e-06 -1.98931e-06  2.75879e-08  2.75880e-08 -2.75878e-08
  300.00  1.02613 -1.98510e-06 -1.98510e-06 -1.98510e-06  2.93084e-08  2.93085e-08 -2.93083e-08
  300.00  1.04324 -1.98301e-06 -1.98301e-06 -1.98301e-06  3.08939e-08  3.08939e-08 -3.08937e-08
  300.00  1.06036 -1.98205e-06 -1.98205e-06 -1.98205e-06  3.23338e-08  3.23338e-08 -3.23336e-08
  300.00  1.07748 -1.98120e-06 -1.98120e-06 -1.98120e-06  3.36193e-08  3.36194e-08 -3.36192e-08
  300.00  1.09459 -1.97951e-06 -1.97951e-06 -1.97951e-06  3.47436e-08  3.47437e-08 -3.47435e-08
  300.00  1.11171 -1.97611e-06 -1.97611e-06 -1.97611e-06  3.57018e-08  3.57018e-08 -3.57016e-08
  300.00  1.12883 -1.97024e-06 -1.97024e-06 -1.97024e-06  3.64909e-08  3.64909e-08 -3.64908e-08
  300.00  1.14595 -1.96133e-06 -1.96133e-06 -1.96133e-06  3.71103e-08  3.71104e-08 -3.71102e-08
  300.00  1.16306 -1.94894e-06 -1.94894e-06 -1.94894e-06  3.75614e-08  3.75614e-08 -3.75613e-08
  300.00  1.18018 -1.93285e-06 -1.93285e-06 -1.93285e-06  3.78472e-08  3.78473e-08 -3.78471e-08
  300.00  1.19730 -1.91300e-06 -1.91300e-06 -1.91300e-06  3.79728e-08  3.79728e-08 -3.79727e-08
  300.00  1.21441 -1.88954e-06 -1.88954e-06 -1.88954e-06  3.79444e-08  3.79444e-08 -3.79443e-08
  300.00  1.23153 -1.86276e-06 -1.86276e-06 -1.86276e-06  3.77697e-08  3.77697e-08 -3.77696e-08
  300.00  1.24865 -1.83311e-06 -1.83311e-06 -1.83311e-06  3.74571e-08  3.74572e-08 -3.74571e-08
  300.00  1.26577 -1.80115e-06 -1.80115e-06 -1.80115e-06  3.70159e-08  3.70160e-08 -3.70159e-08
  300.00  1.28288 -1.76755e-06 -1.76755e-06 -1.76755e-06  3.64558e-08  3.64559e-08 -3.64558e-08
  300.00  1.30000 -1.73300e-06 -1.73300e-06 -1.73300e-06  3.57866e-08  3.57866e-08 -3.57866e-08
  300.00  1.31712 -1.69824e-06 -1.69824e-06 -1.69824e-06  3.50181e-08  3.50181e-08 -3.50181e-08
  300.00  1.33423 -1.66397e-06 -1.66397e-06 -1.66397e-06  3.41601e-08  3.41601e-08 -3.41601e-08
  300.00  1.35135 -1.63087e-06 -1.63087e-06 -1.63087e-06  3.32219e-08  3.32220e-08 -3.32219e-08
  300.00  1.36847 -1.59952e-06 -1.59952e-06 -1.59952e-06  3.22126e-08  3.22127e-08 -3.22127e-08
  300.00  1.38559 -1.57044e-06 -1.57044e-06 -1.57044e-06  3.11407e-08  3.11407e-08 -3.11407e-08
  300.00  1.40270 -1.54399e-06 -1.54399e-06 -1.54399e-06  3.00140e-08  3.00140e-08 -3.00140e-08
  300.00  1.41982 -1.52043e-06 -1.52043e-06 -1.52043e-06  2.88398e-08  2.88398e-08 -2.88398e-08
  300.00  1.43694 -1.49989e-06 -1.49989e-06 -1.49989e-06  2.76248e-08  2.76248e-08 -2.76248e-08
  300.00  1.45405 -1.48235e-06 -1.48235e-06 -1.48235e-06  2.63749e-08  2.63749e-08 -2.63749e-08
  300.00  1.47117 -1.46769e-06 -1.46769e-06 -1.46769e-06  2.50953e-08  2.50953e-08 -2.50954e-08
  300.00  1.48829 -1.45565e-06 -1.45565e-06 -1.45565e-06  2.37908e-08  2.37908e-08 -2.37908e-08
  300.00  1.50541 -1.44589e-06 -1.44589e-06 -1.44589e-06  2.24650e-08  2.24650e-08 -2.24650e-08
  300.00  1.52252 -1.43800e-06 -1.43800e-06 -1.43800e-06  2.11212e-08  2.11211e-08 -2.11212e-08
  300.00  1.53964 -1.43150e-06 -1.43150e-06 -1.43150e-06  1.97618e-08  1.97618e-08 -1.97618e-08
  300.00  1.55676 -1.42590e-06 -1.42590e-06 -1.42590e-06  1.83887e-08  1.83887e-08 -1.83888e-08
  300.00  1.57387 -1.42070e-06 -1.42070e-06 -1.42070e-06  1.70033e-08  1.70032e-08 -1.70033e-08
  300.00  1.59099 -1.41543e-06 -1.41543e-06 -1.41543e-06  1.56062e-08  1.56062e-08 -1.56062e-08
  300.00  1.60811 -1.40966e-06 -1.40966e-06 -1.40966e-06  1.41978e-08  1.41978e-08 -1.41979e-08
  300.00  1.62523 -1.40301e-06 -1.40301e-06 -1.40301e-06  1.27782e-08  1.27781e-08 -1.27782e-08
  300.00  1.64234 -1.39519e-06 -1.39519e-06 -1.39519e-06  1.13470e-08  1.13470e-08 -1.13471e-08
  300.00  1.65946 -1.38598e-06 -1.38598e-06 -1.38598e-06  9.90417e-09  9.90409e-09 -9.90420e-09
  300.00  1.67658 -1.37526e-06 -1.37526e-06 -1.37526e-06  8.44935e-09  8.44927e-09 -8.44938e-09
  300.00  1.69369 -1.36300e-06 -1.36300e-06 -1.36300e-06  6.98262e-09  6.98253e-09 -6.98265e-09
  300.00  1.71081 -1.34923e-06 -1.34923e-06 -1.34923e-06  5.50438e-09  5.50428e-09 -5.50440e-09
  300.00  1.72793 -1.33408e-06 -1.33408e-06 -1.33408e-06  4.01553e-09  4.01544e-09 -4.01555e-09
  300.00  1.74505 -1.31773e-06 -1.31773e-06 -1.31773e-06  2.51767e-09  2.51757e-09 -2.51769e-09
  300.00  1.76216 -1.30042e-06 -1.30042e-06 -1.30042e-06  1.01312e-09  1.01302e-09 -1.01314e-09
  300.00  1.77928 -1.28241e-06 -1.28241e-06 -1.28241e-06 -4.94908e-10 -4.95013e-10  4.94896e-10
  300.00  1.79640 -1.26398e-06 -1.26398e-06 -1.26398e-06 -2.00230e-09 -2.00240e-09  2.00229e-09
  300.00  1.81351 -1.24539e-06 -1.24539e-06 -1.24539e-06 -3.50396e-09 -3.50407e-09  3.50396e-09
  300.00  1.83063 -1.22692e-06 -1.22692e-06 -1.22692e-06 -4.99388e-09 -4.99399e-09  4.99388e-09
  300.00  1.84775 -1.20878e-06 -1.20878e-06 -1.20878e-06 -6.46512e-09 -6.46523e-09  6.46511e-09
  300.00  1.86486 -1.19117e-06 -1.19117e-06 -1.19117e-06 -7.90990e-09 -7.91001e-09  7.90990e-09
  300.00  1.88198 -1.17421e-06 -1.17421e-06 -1.17421e-06 -9.31975e-09 -9.31986e-09  9.31976e-09
  300.00  1.89910 -1.15799e-06 -1.15799e-06 -1.15799e-06 -1.06856e-08 -1.06857e-08  1.06856e-08
  300.00  1.91622 -1.14253e-06 -1.14253e-06 -1.14253e-06 -1.19980e-08 -1.19981e-08  1.19980e-08
  300.00  1.93333 -1.12779e-06 -1.12779e-06 -1.12779e-06 -1.32471e-08 -1.32472e-08  1.32471e-08
  300.00  1.95045 -1.11370e-06 -1.11370e-06 -1.11370e-06 -1.44234e-08 -1.44235e-08  1.44234e-08
  300.00  1.96757 -1.10014e-06 -1.10014e-06 -1.10014e-06 -1.55171e-08 -1.55172e-08  1.55171e-08
  300.00  1.98468 -1.08695e-06 -1.08695e-06 -1.08695e-06 -1.65191e-08 -1.65192e-08  1.65191e-08
  300.00  2.00180 -1.07396e-06 -1.07396e-06 -1.07396e-06 -1.74207e-08 -1.74208e-08  1.74207e-08
  300.00  2.01892 -1.06099e-06 -1.06099e-06 -1.06099e-06 -1.82140e-08 -1.82140e-08  1.82140e-08
  300.00  2.03604 -1.04788e-06 -1.04788e-06 -1.04788e-06 -1.88918e-08 -1.88919e-08  1.88919e-08
  300.00  2.05315 -1.03447e-06 -1.03447e-06 -1.03447e-06 -1.94482e-08 -1.94483e-08  1.94483e-08
  300.00  2.07027 -1.02063e-06 -1.02063e-06 -1.02063e-06 -1.98782e-08 -1.98783e-08  1.98783e-08
  300.00  2.08739 -1.00628e-06 -1.00628e-06 -1.00628e-06 -2.01781e-08 -2.01781e-08  2.01781e-08
  300.00  2.10450 -9.91366e-07 -9.91366e-07 -9.91366e-07 -2.03452e-08 -2.03452e-08  2.03452e-08
  300.00  2.12162 -9.75898e-07 -9.75898e-07 -9.75898e-07 -2.03783e-08 -2.03784e-08  2.03784e-08
  300.00  2.13874 -9.59919e-07 -9.59919e-07 -9.59919e-07 -2.02776e-08 -2.02776e-08  2.02777e-08
  300.00  2.15586 -9.43524e-07 -9.43524e-07 -9.43524e-07 -2.00444e-08 -2.00444e-08  2.00444e-08
  300.00  2.17297 -9.26844e-07 -9.26844e-07 -9.26844e-07 -1.96812e-08 -1.96812e-08  1.96813e-08
  300.00  2.19009 -9.10044e-07 -9.10044e-07 -9.10044e-07 -1.91921e-08 -1.91921e-08  1.91922e-08
  300.00  2.20721 -8.93312e-07 -8.93312e-07 -8.93312e-07 -1.85822e-08 -1.85822e-08  1.85823e-08
  300.00  2.22432 -8.76849e-07 -8.76849e-07 -8.76849e-07 -1.78580e-08 -1.78580e-08  1.78581e-08
  300.00  2.24144 -8.60855e-07 -8.60855e-07 -8.60855e-07 -1.70271e-08 -1.70271e-08  1.70272e-08
  300.00  2.25856 -8.45522e-07 -8.45522e-07 -8.45523e-07 -1.60983e-08 -1.60982e-08  1.60983e-08
  300.00  2.27568 -8.31020e-07 -8.31020e-07 -8.31020e-07 -1.50814e-08 -1.50813e-08  1.50815e-08
  300.00  2.29279 -8.17486e-07 -8.17486e-07 -8.17486e-07 -1.39874e-08 -1.39874e-08  1.39875e-08
  300.00  2.30991 -8.05017e-07 -8.05017e-07 -8.05017e-07 -1.28283e-08 -1.28282e-08  1.28283e-08
  300.00  2.32703 -7.93665e-07 -7.93665e-07 -7.93665e-07 -1.16167e-08 -1.16166e-08  1.16167e-08
  300.00  2.34414 -7.83429e-07 -7.83429e-07 -7.83430e-07 -1.03662e-08 -1.03661e-08  1.03663e-08
  300.00  2.36126 -7.74261e-07 -7.74261e-07 -7.74261e-07 -9.09091e-09 -9.09080e-09  9.09096e-09
  300.00  2.37838 -7.66057e-07 -7.66057e-07 -7.66057e-07 -7.80531e-09 -7.80520e-09  7.80535e-09
  300.00  2.39550 -7.58670e-07 -7.58670e-07 -7.58670e-07 -6.52410e-09 -6.52398e-09  6.52414e-09
  300.00  2.41261 -7.51913e-07 -7.51913e-07 -7.51914e-07 -5.26196e-09 -5.26184e-09  5.26200e-09
  300.00  2.42973 -7.45569e-07 -7.45569e-07 -7.45569e-07 -4.03328e-09 -4.03315e-09  4.03331e-09
  300.00  2.44685 -7.39396e-07 -7.39396e-07 -7.39396e-07 -2.85191e-09 -2.85178e-09  2.85193e-09
  300.00  2.46396 -7.33148e-07 -7.33148e-07 -7.33148e-07 -1.73088e-09 -1.73074e-09  1.73090e-09
  300.00  2.48108 -7.26579e-07 -7.26579e-07 -7.26579e-07 -6.82153e-10 -6.82016e-10  6.82166e-10
  300.00  2.49820 -7.19457e-07 -7.19457e-07 -7.19457e-07  2.83649e-10  2.83786e-10 -2.83641e-10
  300.00  2.51532 -7.11577e-07 -7.11577e-07 -7.11577e-07  1.15748e-09  1.15761e-09 -1.15747e-09
  300.00  2.53243 -7.02772e-07 -7.02772e-07 -7.02772e-07  1.93206e-09  1.93220e-09 -1.93206e-09
  300.00  2.54955 -6.92916e-07 -6.92916e-07 -6.92916e-07  2.60208e-09  2.60221e-09 -2.60209e-09
  300.00  2.56667 -6.81937e-07 -6.81937e-07 -6.81937e-07  3.16431e-09  3.16444e-09 -3.16432e-09
  300.00  2.58378 -6.69815e-07 -6.69815e-07 -6.69815e-07  3.61768e-09  3.61781e-09 -3.61770e-09
  300.00  2.60090 -6.56588e-07 -6.56588e-07 -6.56588e-07  3.96336e-09  3.96349e-09 -3.96339e-09
  300.00  2.61802 -6.42348e-07 -6.42348e-07 -6.42348e-07  4.20471e-09  4.20483e-09 -4.20474e-09
  300.00  2.63514 -6.27237e-07 -6.27237e-07 -6.27237e-07  4.34725e-09  4.34737e-09 -4.34729e-09
  300.00  2.65225 -6.11440e-07 -6.11440e-07 -6.11440e-07  4.39856e-09  4.39868e-09 -4.39861e-09
  300.00  2.66937 -5.95179e-07 -5.95179e-07 -5.95179e-07  4.36818e-09  4.36829e-09 -4.36823e-09
  300.00  2.68649 -5.78700e-07 -5.78700e-07 -5.78700e-07  4.26738e-09  4.26749e-09 -4.26744e-09
  300.00  2.70360 -5.62264e-07 -5.62264e-07 -5.62264e-07  4.10907e-09  4.10916e-09 -4.10913e-09
  300.00  2.72072 -5.46133e-07 -5.46133e-07 -5.46133e-07  3.90749e-09  3.90758e-09 -3.90755e-09
  300.00  2.73784 -5.30558e-07 -5.30558e-07 -5.30558e-07  3.67806e-09  3.67814e-09 -3.67813e-09
  300.00  2.75495 -5.15768e-07 -5.15768e-07 -5.15768e-07  3.43713e-09  3.43721e-09 -3.43721e-09
  300.00  2.77207 -5.01962e-07 -5.01962e-07 -5.01962e-07  3.20175e-09  3.20182e-09 -3.20183e-09
  300.00  2.78919 -4.89294e-07 -4.89294e-07 -4.89294e-07  2.98941e-09  2.98948e-09 -2.98950e-09
  300.00  2.80631 -4.77871e-07 -4.77871e-07 -4.77871e-07  2.81787e-09  2.81792e-09 -2.81796e-09
  300.00  2.82342 -4.67743e-07 -4.67743e-07 -4.67743e-07  2.70487e-09  2.70492e-09 -2.70497e-09
  300.00  2.84054 -4.58906e-07 -4.58906e-07 -4.58906e-07  2.66799e-09  2.66804e-09 -2.66809e-09
  300.00  2.85766 -4.51298e-07 -4.51298e-07 -4.51298e-07  2.72440e-09  2.72444e-09 -2.72450e-09
  300.00  2.87477 -4.44801e-07 -4.44801e-07 -4.44801e-07  2.89068e-09  2.89070e-09 -2.89078e-09
  300.00  2.89189 -4.39251e-07 -4.39251e-07 -4.39251e-07  3.18264e-09  3.18265e-09 -3.18274e-09
  300.00  2.90901 -4.34436e-07 -4.34436e-07 -4.34436e-07  3.61516e-09  3.61517e-09 -3.61527e-09
  300.00  2.92613 -4.30114e-07 -4.30114e-07 -4.30114e-07  4.20202e-09  4.20203e-09 -4.20213e-09
  300.00  2.94324 -4.26018e-07 -4.26018e-07 -4.26018e-07  4.95576e-09  4.95576e-09 -4.95587e-09
  300.00  2.96036 -4.21867e-07 -4.21867e-07 -4.21867e-07  5.88751e-09  5.88749e-09 -5.88762e-09
  300.00  2.97748 -4.17379e-07 -4.17379e-07 -4.17379e-07  7.00687e-09  7.00684e-09 -7.00698e-09
  300.00  2.99459 -4.12283e-07 -4.12283e-07 -4.12283e-07  8.32179e-09  8.32176e-09 -8.32189e-09
  300.00  3.01171 -4.06325e-07 -4.06325e-07 -4.06325e-07  9.83844e-09  9.83839e-09 -9.83854e-09
  300.00  3.02883 -3.99285e-07 -3.99285e-07 -3.99284e-07  1.15611e-08  1.15610e-08 -1.15612e-08
  300.00  3.04595 -3.90975e-07 -3.90975e-07 -3.90975e-07  1.34920e-08  1.34920e-08 -1.34921e-08
  300.00  3.06306 -3.81256e-07 -3.81256e-07 -3.81256e-07  1.56315e-08  1.56314e-08 -1.56316e-08
  300.00  3.08018 -3.70033e-07 -3.70033e-07 -3.70032e-07  1.79775e-08  1.79774e-08 -1.79775e-08
  300.00  3.09730 -3.57259e-07 -3.57259e-07 -3.57259e-07  2.05258e-08  2.05257e-08 -2.05259e-08
  300.00  3.11441 -3.42938e-07 -3.42938e-07 -3.42938e-07  2.32700e-08  2.32699e-08 -2.32701e-08
  300.00  3.13153 -3.27119e-07 -3.27119e-07 -3.27119e-07  2.62014e-08  2.62013e-08 -2.62015e-08
  300.00  3.14865 -3.09890e-07 -3.09891e-07 -3.09890e-07  2.93089e-08  2.93088e-08 -2.93090e-08
  300.00  3.16577 -2.91377e-07 -2.91377e-07 -2.91377e-07  3.25792e-08  3.25791e-08 -3.25793e-08
  300.00  3.18288 -2.71731e-07 -2.71731e-07 -2.71731e-07  3.59968e-08  3.59967e-08 -3.59969e-08
  300.00  3.20000 -2.51122e-07 -2.51122e-07 -2.51122e-07  3.95441e-08  3.95439e-08 -3.95441e-08
  300.00  3.21712 -2.29731e-07 -2.29731e-07 -2.29730e-07  4.32013e-08  4.32012e-08 -4.32013e-08
  300.00  3.23423 -2.07738e-07 -2.07738e-07 -2.07738e-07  4.69470e-08  4.69468e-08 -4.69470e-08
  300.00  3.25135 -1.85318e-07 -1.85319e-07 -1.85318e-07  5.07579e-08  5.07578e-08 -5.07579e-08
  300.00  3.26847 -1.62629e-07 -1.62629e-07 -1.62629e-07  5.46094e-08  5.46093e-08 -5.46095e-08
  300.00  3.28559 -1.39806e-07 -1.39806e-07 -1.39806e-07  5.84757e-08  5.84756e-08 -5.84758e-08
  300.00  3.30270 -1.16957e-07 -1.16957e-07 -1.16957e-07  6.23300e-08  6.23299e-08 -6.23301e-08
  300.00  3.31982 -9.41587e-08 -9.41588e-08 -9.41585e-08  6.61449e-08  6.61448e-08 -6.61449e-08
  300.00  3.33694 -7.14539e-08 -7.14540e-08 -7.14537e-08  6.98926e-08  6.98925e-08 -6.98926e-08
  300.00  3.35405 -4.88512e-08 -4.88513e-08 -4.88510e-08  7.35455e-08  7.35454e-08 -7.35455e-08
  300.00  3.37117 -2.63263e-08 -2.63263e-08 -2.63261e-08  7.70762e-08  7.70761e-08 -7.70762e-08
  300.00  3.38829 -3.82459e-09 -3.82468e-09 -3.82446e-09  8.04581e-08  8.04579e-08 -8.04581e-08
  300.00  3.40541  1.87343e-08  1.87342e-08  1.87344e-08  8.36655e-08  8.36654e-08 -8.36655e-08
  300.00  3.42252  4.14519e-08  4.14518e-08  4.14520e-08  8.66742e-08  8.66740e-08 -8.66742e-08
  300.00  3.43964  6.44445e-08  6.44445e-08  6.44446e-08  8.94614e-08  8.94613e-08 -8.94614e-08
  300.00  3.45676  8.78370e-08  8.78369e-08  8.78370e-08  9.20065e-08  9.20064e-08 -9.20065e-08
  300.00  3.47387  1.11756e-07  1.11756e-07  1.11756e-07  9.42907e-08  9.42906e-08 -9.42908e-08
  300.00  3.49099  1.36323e-07  1.36323e-07  1.36323e-07  9.62978e-08  9.62977e-08 -9.62978e-08
  300.00  3.50811  1.61651e-07  1.61651e-07  1.61651e-07  9.80138e-08  9.80137e-08 -9.80138e-08
  300.00  3.52523  1.87835e-07  1.87835e-07  1.87835e-07  9.94275e-08  9.94274e-08 -9.94275e-08
  300.00  3.54234  2.14952e-07  2.14952e-07  2.14952e-07  1.00530e-07  1.00530e-07 -1.00530e-07
  300.00  3.55946  2.43054e-07  2.43054e-07  2.43054e-07  1.01317e-07  1.01316e-07 -1.01317e-07
  300.00  3.57658  2.72172e-07  2.72172e-07  2.72171e-07  1.01783e-07  1.01783e-07 -1.01783e-07
  300.00  3.59369  3.02307e-07  3.02307e-07  3.02307e-07  1.01929e-07  1.01929e-07 -1.01929e-07
  300.00  3.61081  3.33439e-07  3.33439e-07  3.33439e-07  1.01758e-07  1.01758e-07 -1.01758e-07
  300.00  3.62793  3.65524e-07  3.65524e-07  3.65524e-07  1.01273e-07  1.01273e-07 -1.01273e-07
  300.00  3.64505  3.98498e-07  3.98498e-07  3.98497e-07  1.00483e-07  1.00483e-07 -1.00483e-07
  300.00  3.66216  4.32279e-07  4.32279e-07  4.32279e-07  9.93975e-08  9.93976e-08 -9.93976e-08
  300.00  3.67928  4.66775e-07  4.66775e-07  4.66775e-07  9.80281e-08  9.80282e-08 -9.80282e-08
  300.00  3.69640  5.01886e-07  5.01886e-07  5.01886e-07  9.63890e-08  9.63891e-08 -9.63890e-08
  300.00  3.71351  5.37509e-07  5.37509e-07  5.37509e-07  9.44961e-08  9.44963e-08 -9.44962e-08
  300.00  3.73063  5.73541e-07  5.73541e-07  5.73541e-07  9.23673e-08  9.23675e-08 -9.23674e-08
  300.00  3.74775  6.09889e-07  6.09889e-07  6.09889e-07  9.00218e-08  9.00220e-08 -9.00219e-08
  300.00  3.76486  6.46467e-07  6.46467e-07  6.46467e-07  8.74803e-08  8.74805e-08 -8.74804e-08
  300.00  3.78198  6.83205e-07  6.83205e-07  6.83205e-07  8.47648e-08  8.47650e-08 -8.47649e-08
  300.00  3.79910  7.20049e-07  7.20049e-07  7.20049e-07  8.18981e-08  8.18983e-08 -8.18982e-08
  300.00  3.81622  7.56962e-07  7.56963e-07  7.56962e-07  7.89042e-08  7.89044e-08 -7.89043e-08
  300.00  3.83333  7.93929e-07  7.93929e-07  7.93928e-07  7.58076e-08  7.58078e-08 -7.58077e-08
  300.00  3.85045  8.30950e-07  8.30951e-07  8.30950e-07  7.26336e-08  7.26338e-08 -7.26337e-08
  300.00  3.86757  8.68049e-07  8.68049e-07  8.68049e-07  6.94077e-08  6.94079e-08 -6.94078e-08
  300.00  3.88468  9.05263e-07  9.05263e-07  9.05263e-07  6.61558e-08  6.61560e-08 -6.61559e-08
  300.00  3.90180  9.42647e-07  9.42647e-07  9.42647e-07  6.29041e-08  6.29043e-08 -6.29041e-08
  300.00  3.91892  9.80267e-07  9.80267e-07  9.80266e-07  5.96785e-08  5.96788e-08 -5.96786e-08
  300.00  3.93604  1.01820e-06  1.01820e-06  1.01820e-06  5.65053e-08  5.65055e-08 -5.65053e-08
  300.00  3.95315  1.05653e-06  1.05653e-06  1.05653e-06  5.34100e-08  5.34102e-08 -5.34101e-08
  300.00  3.97027  1.09534e-06  1.09534e-06  1.09534e-06  5.04184e-08  5.04186e-08 -5.04184e-08
  300.00  3.98739  1.13472e-06  1.13472e-06  1.13472e-06  4.75553e-08  4.75555e-08 -4.75553e-08
  300.00  4.00450  1.17475e-06  1.17475e-06  1.17475e-06  4.48453e-08  4.48455e-08 -4.48453e-08
  300.00  4.02162  1.21551e-06  1.21551e-06  1.21551e-06  4.23121e-08  4.23123e-08 -4.23121e-08
  300.00  4.03874  1.25708e-06  1.25708e-06  1.25708e-06  3.99786e-08  3.99787e-08 -3.99785e-08
  300.00  4.05586  1.29951e-06  1.29951e-06  1.29951e-06  3.78666e-08  3.78667e-08 -3.78666e-08
  300.00  4.07297  1.34286e-06  1.34286e-06  1.34286e-06  3.59970e-08  3.59971e-08 -3.59969e-08
  300.00  4.09009  1.38715e-06  1.38716e-06  1.38715e-06  3.43893e-08  3.43894e-08 -3.43892e-08
  300.00  4.10721  1.43244e-06  1.43244e-06  1.43244e-06  3.30614e-08  3.30615e-08 -3.30613e-08
  300.00  4.12432  1.47872e-06  1.47872e-06  1.47872e-06  3.20300e-08  3.20300e-08 -3.20299e-08
  300.00  4.14144  1.52600e-06  1.52600e-06  1.52600e-06  3.13098e-08  3.13098e-08 -3.13097e-08
  300.00  4.15856  1.57428e-06  1.57428e-06  1.57428e-06  3.09139e-08  3.09140e-08 -3.09138e-08
  300.00  4.17568  1.62355e-06  1.62355e-06  1.62355e-06  3.08536e-08  3.08536e-08 -3.08534e-08
  300.00  4.19279  1.67380e-06  1.67380e-06  1.67380e-06  3.11381e-08  3.11381e-08 -3.11379e-08
  300.00  4.20991  1.72499e-06  1.72499e-06  1.72499e-06  3.17748e-08  3.17748e-08 -3.17747e-08
  300.00  4.22703  1.77712e-06  1.77712e-06  1.77712e-06  3.27693e-08  3.27692e-08 -3.27691e-08
  300.00  4.24414  1.83015e-06  1.83015e-06  1.83015e-06  3.41252e-08  3.41251e-08 -3.41250e-08
  300.00  4.26126  1.88407e-06  1.88407e-06  1.88407e-06  3.58445e-08  3.58444e-08 -3.58443e-08
  300.00  4.27838  1.93887e-06  1.93887e-06  1.93887e-06  3.79277e-08  3.79276e-08 -3.79275e-08
  300.00  4.29550  1.99454e-06  1.99454e-06  1.99454e-06  4.03741e-08  4.03739e-08 -4.03739e-08
  300.00  4.31261  2.05108e-06  2.05108e-06  2.05108e-06  4.31817e-08  4.31816e-08 -4.31815e-08
  300.00  4.32973  2.10850e-06  2.10850e-06  2.10850e-06  4.63482e-08  4.63480e-08 -4.63480e-08
  300.00  4.34685  2.16684e-06  2.16684e-06  2.16684e-06  4.98706e-08  4.98704e-08 -4.98704e-08
  300.00  4.36396  2.22613e-06  2.22613e-06  2.22613e-06  5.37465e-08  5.37462e-08 -5.37463e-08
  300.00  4.38108  2.28643e-06  2.28643e-06  2.28643e-06  5.79735e-08  5.79733e-08 -5.79734e-08
  300.00  4.39820  2.34781e-06  2.34781e-06  2.34781e-06  6.25509e-08  6.25507e-08 -6.25507e-08
  300.00  4.41532  2.41034e-06  2.41034e-06  2.41034e-06  6.74792e-08  6.74790e-08 -6.74791e-08
  300.00  4.43243  2.47414e-06  2.47414e-06  2.47414e-06  7.27614e-08  7.27611e-08 -7.27612e-08
  300.00  4.44955  2.53932e-06  2.53932e-06  2.53932e-06  7.84029e-08  7.84026e-08 -7.84028e-08
  300.00  4.46667  2.60601e-06  2.60601e-06  2.60601e-06  8.44130e-08  8.44127e-08 -8.44128e-08
  300.00  4.48378  2.67437e-06  2.67437e-06  2.67437e-06  9.08047e-08  9.08043e-08 -9.08045e-08
  300.00  4.50090  2.74456e-06  2.74456e-06  2.74456e-06  9.75956e-08  9.75953e-08 -9.75955e-08
  300.00  4.51802  2.81675e-06  2.81675e-06  2.81675e-06  1.04809e-07  1.04809e-07 -1.04809e-07
  300.00  4.53514  2.89115e-06  2.89115e-06  2.89115e-06  1.12474e-07  1.12473e-07 -1.12473e-07
  300.00  4.55225  2.96796e-06  2.96796e-06  2.96796e-06  1.20625e-07  1.20624e-07 -1.20625e-07
  300.00  4.56937  3.04741e-06  3.04741e-06  3.04741e-06  1.29305e-07  1.29305e-07 -1.29305e-07
  300.00  4.58649  3.12972e-06  3.12972e-06  3.12972e-06  1.38565e-07  1.38564e-07 -1.38564e-07
  300.00  4.60360  3.21516e-06  3.21516e-06  3.21516e-06  1.48461e-07  1.48460e-07 -1.48461e-07
  300.00  4.62072  3.30396e-06  3.30396e-06  3.30396e-06  1.59060e-07  1.59059e-07 -1.59059e-07
  300.00  4.63784  3.39639e-06  3.39639e-06  3.39639e-06  1.70435e-07  1.70434e-07 -1.70435e-07
  300.00  4.65495  3.49274e-06  3.49274e-06  3.49274e-06  1.82667e-07  1.82667e-07 -1.82667e-07
  300.00  4.67207  3.59327e-06  3.59327e-06  3.59327e-06  1.95845e-07  1.95844e-07 -1.95844e-07
  300.00  4.68919  3.69827e-06  3.69827e-06  3.69827e-06  2.10060e-07  2.10060e-07 -2.10060e-07
  300.00  4.70631  3.80805e-06  3.80805e-06  3.80805e-06  2.25408e-07  2.25408e-07 -2.25408e-07
  300.00  4.72342  3.92289e-06  3.92289e-06  3.92289e-06  2.41985e-07  2.41985e-07 -2.41985e-07
  300.00  4.74054  4.04311e-06  4.04311e-06  4.04311e-06  2.59880e-07  2.59880e-07 -2.59880e-07
  300.00  4.75766  4.16903e-06  4.16903e-06  4.16903e-06  2.79172e-07  2.79172e-07 -2.79172e-07
  300.00  4.77477  4.30099e-06  4.30099e-06  4.30099e-06  2.99924e-07  2.99924e-07 -2.99923e-07
  300.00  4.79189  4.43936e-06  4.43936e-06  4.43936e-06  3.22170e-07  3.22170e-07 -3.22170e-07
  300.00  4.80901  4.58454e-06  4.58454e-06  4.58454e-06  3.45912e-07  3.45912e-07 -3.45912e-07
  300.00  4.82613  4.73698e-06  4.73698e-06  4.73698e-06  3.71106e-07  3.71106e-07 -3.71105e-07
  300.00  4.84324  4.89720e-06  4.89720e-06  4.89720e-06  3.97655e-07  3.97655e-07 -3.97655e-07
  300.00  4.86036  5.06585e-06  5.06585e-06  5.06585e-06  4.25406e-07  4.25406e-07 -4.25405e-07
  300.00  4.87748  5.24370e-06  5.24371e-06  5.24371e-06  4.54146e-07  4.54145e-07 -4.54145e-07
  300.00  4.89459  5.43174e-06  5.43174e-06  5.43174e-06  4.83610e-07  4.83610e-07 -4.83610e-07
  300.00  4.91171  5.63119e-06  5.63119e-06  5.63119e-06  5.13500e-07  5.13499e-07 -5.13499e-07
  300.00  4.92883  5.84364e-06  5.84364e-06  5.84364e-06  5.43504e-07  5.43504e-07 -5.43503e-07
  300.00  4.94595  6.07106e-06  6.07106e-06  6.07106e-06  5.73347e-07  5.73346e-07 -5.73346e-07
  300.00  4.96306  6.31589e-06  6.31589e-06  6.31589e-06  6.02828e-07  6.02827e-07 -6.02827e-07
  300.00  4.98018  6.58111e-06  6.58112e-06  6.58112e-06  6.31888e-07  6.31887e-07 -6.31887e-07
  300.00  4.99730  6.87020e-06  6.87020e-06  6.87020e-06  6.60672e-07  6.60671e-07 -6.60671e-07
  300.00  5.01441  7.18705e-06  7.18705e-06  7.18705e-06  6.89593e-07  6.89592e-07 -6.89591e-07
  300.00  5.03153  7.53589e-06  7.53589e-06  7.53589e-06  7.19401e-07  7.19400e-07 -7.19400e-07
  300.00  5.04865  7.92091e-06  7.92091e-06  7.92091e-06  7.51249e-07  7.51248e-07 -7.51248e-07
  300.00  5.06577  8.34594e-06  8.34594e-06  8.34593e-06  7.86741e-07  7.86740e-07 -7.86740e-07
  300.00  5.08288  8.81395e-06  8.81395e-06  8.81395e-06  8.27967e-07  8.27966e-07 -8.27966e-07
  300.00  5.10000  9.32662e-06  9.32662e-06  9.32662e-06  8.77469e-07  8.77469e-07 -8.77469e-07
