  300.00 -12.00000 -6.25367e-03 -6.25368e-03 -6.25367e-03 -4.79328e-06 -4.79194e-06  4.79263e-06
  300.00 -11.98288 -6.19662e-03 -6.19662e-03 -6.19661e-03 -4.79328e-06 -4.79194e-06  4.79263e-06
  300.00 -11.96577 -6.13956e-03 -6.13956e-03 -6.13956e-03 -4.79328e-06 -4.79194e-06  4.79263e-06
  300.00 -11.94865 -6.08250e-03 -6.08251e-03 -6.08250e-03 -4.79328e-06 -4.79194e-06  4.79263e-06
  300.00 -11.93153 -6.02545e-03 -6.02545e-03 -6.02544e-03 -4.79328e-06 -4.79194e-06  4.79263e-06
  300.00 -11.91441 -5.96839e-03 -5.96839e-03 -5.96839e-03 -4.79328e-06 -4.79194e-06  4.79263e-06
  300.00 -11.89730 -5.91133e-03 -5.91134e-03 -5.91133e-03 -4.79328e-06 -4.79194e-06  4.79263e-06
  300.00 -11.88018 -5.85427e-03 -5.85428e-03 -5.85427e-03 -4.79328e-06 -4.79194e-06  4.79263e-06
  300.00 -11.86306 -5.79722e-03 -5.79722e-03 -5.79721e-03 -4.79328e-06 -4.79194e-06  4.79263e-06
  300.00 -11.84595 -5.74016e-03 -5.74016e-03 -5.74016e-03 -4.79328e-06 -4.79194e-06  4.79263e-06
  300.00 -11.82883 -5.68310e-03 -5.68311e-03 -5.68310e-03 -4.79328e-06 -4.79194e-06  4.79263e-06
  300.00 -11.81171 -5.62605e-03 -5.62605e-03 -5.62604e-03 -4.79328e-06 -4.79194e-06  4.79263e-06
  300.00 -11.79459 -5.56899e-03 -5.56899e-03 -5.56899e-03 -4.79328e-06 -4.79194e-06  4.79263e-06
  300.00 -11.77748 -5.51193e-03 -5.51194e-03 -5.51193e-03 -4.79328e-06 -4.79194e-06  4.79263e-06
  300.00 -11.76036 -5.45487e-03 -5.45488e-03 -5.45487e-03 -4.79328e-06 -4.79194e-06  4.79263e-06
  300.00 -11.74324 -5.39782e-03 -5.39782e-03 -5.39782e-03 -4.79328e-06 -4.79194e-06  4.79263e-06
  300.00 -11.72613 -5.34076e-03 -5.34076e-03 -5.34076e-03 -4.79328e-06 -4.79194e-06  4.79263e-06
  300.00 -11.70901 -5.28370e-03 -5.28371e-03 -5.28370e-03 -4.79328e-06 -4.79194e-06  4.79263e-06
  300.00 -11.69189 -5.22665e-03 -5.22665e-03 -5.22664e-03 -4.79328e-06 -4.79194e-06  4.79263e-06
  300.00 -11.67477 -5.16959e-03 -5.16959e-03 -5.16959e-03 -4.79328e-06 -4.79194e-06  4.79263e-06
  300.00 -11.65766 -5.11253e-03 -5.11254e-03 -5.11253e-03 -4.79328e-06 -4.79194e-06  4.79263e-06
  300.00 -11.64054 -5.05548e-03 -5.05548e-03 -5.05547e-03 -4.79328e-06 -4.79194e-06  4.79263e-06
  300.00 -11.62342 -4.99842e-03 -4.99842e-03 -4.99842e-03 -4.79328e-06 -4.79194e-06  4.79263e-06
  300.00 -11.60631 -4.94136e-03 -4.94137e-03 -4.94136e-03 -4.79328e-06 -4.79194e-06  4.79263e-06
  300.00 -11.58919 -4.88430e-03 -4.88431e-03 -4.88430e-03 -4.79328e-06 -4.79194e-06  4.79263e-06
  300.00 -11.57207 -4.82725e-03 -4.82725e-03 -4.82724e-03 -4.79328e-06 -4.79194e-06  4.79263e-06
  300.00 -11.55495 -4.77019e-03 -4.77019e-03 -4.77019e-03 -4.79328e-06 -4.79194e-06  4.79263e-06
  300.00 -11.53784 -4.71313e-03 -4.71314e-03 -4.71313e-03 -4.79328e-06 -4.79194e-06  4.79263e-06
  300.00 -11.52072 -4.65608e-03 -4.65608e-03 -4.65607e-03 -4.79328e-06 -4.79194e-06  4.79263e-06
  300.00 -11.50360 -4.59902e-03 -4.59902e-03 -4.59902e-03 -4.79328e-06 -4.79194e-06  4.79263e-06
  300.00 -11.48649 -4.54196e-03 -4.54197e-03 -4.54196e-03 -4.79328e-06 -4.79194e-06  4.79263e-06
  300.00 -11.46937 -4.48490e-03 -4.48491e-03 -4.48490e-03 -4.79328e-06 -4.79194e-06  4.79263e-06
  300.00 -11.45225 -4.42785e-03 -4.42785e-03 -4.42785e-03 -4.79328e-06 -4.79194e-06  4.79263e-06
  300.00 -11.43514 -4.37079e-03 -4.37079e-03 -4.37079e-03 -4.79328e-06 -4.79194e-06  4.79263e-06
  300.00 -11.41802 -4.31373e-03 -4.31374e-03 -4.31373e-03 -4.79328e-06 -4.79194e-06  4.79263e-06
  300.00 -11.40090 -4.25668e-03 -4.25668e-03 -4.25667e-03 -4.79328e-06 -4.79194e-06  4.79263e-06
  300.00 -11.38378 -4.19962e-03 -4.19962e-03 -4.19962e-03 -4.79328e-06 -4.79194e-06  4.79263e-06
  300.00 -11.36667 -4.14256e-03 -4.14257e-03 -4.14256e-03 -4.79328e-06 -4.79194e-06  4.79263e-06
  300.00 -11.34955 -4.08551e-03 -4.08551e-03 -4.08550e-03 -4.79328e-06 -4.79194e-06  4.79263e-06
  300.00 -11.33243 -4.02845e-03 -4.02845e-03 -4.02845e-03 -4.79328e-06 -4.79194e-06  4.79263e-06
  300.00 -11.31532 -3.97139e-03 -3.97140e-03 -3.97139e-03 -4.79328e-06 -4.79194e-06  4.79263e-06
  300.00 -11.29820 -3.91433e-03 -3.91434e-03 -3.91433e-03 -4.79328e-06 -4.79194e-06  4.79263e-06
  300.00 -11.28108 -3.85728e-03 -3.85728e-03 -3.85727e-03 -4.79328e-06 -4.79194e-06  4.79263e-06
  300.00 -11.26396 -3.80022e-03 -3.80022e-03 -3.80022e-03 -4.79328e-06 -4.79194e-06  4.79263e-06
  300.00 -11.24685 -3.74316e-03 -3.74317e-03 -3.74316e-03 -4.79328e-06 -4.79194e-06  4.79263e-06
  300.00 -11.22973 -3.68611e-03 -3.68611e-03 -3.68610e-03 -4.79328e-06 -4.79194e-06  4.79263e-06
  300.00 -11.21261 -3.62905e-03 -3.62905e-03 -3.62905e-03 -4.79328e-06 -4.79194e-06  4.79263e-06
  300.00 -11.19550 -3.57199e-03 -3.57200e-03 -3.57199e-03 -4.79328e-06 -4.79194e-06  4.79263e-06
  300.00 -11.17838 -3.51493e-03 -3.51494e-03 -3.51493e-03 -4.79328e-06 -4.79194e-06  4.79263e-06
  300.00 -11.16126 -3.45788e-03 -3.45788e-03 -3.45788e-03 -4.79328e-06 -4.79194e-06  4.79263e-06
  300.00 -11.14414 -3.40082e-03 -3.40082e-03 -3.40082e-03 -4.79328e-06 -4.79194e-06  4.79263e-06
  300.00 -11.12703 -3.34376e-03 -3.34377e-03 -3.34376e-03 -4.79328e-06 -4.79194e-06  4.79263e-06
  300.00 -11.10991 -3.28671e-03 -3.28671e-03 -3.28670e-03 -4.79328e-06 -4.79194e-06  4.79263e-06
  300.00 -11.09279 -3.22965e-03 -3.22965e-03 -3.22965e-03 -4.79328e-06 -4.79194e-06  4.79263e-06
  300.00 -11.07568 -3.17259e-03 -3.17260e-03 -3.17259e-03 -4.79328e-06 -4.79194e-06  4.79263e-06
  300.00 -11.05856 -3.11554e-03 -3.11554e-03 -3.11553e-03 -4.79328e-06 -4.79194e-06  4.79263e-06
  300.00 -11.04144 -3.05848e-03 -3.05848e-03 -3.05848e-03 -4.79328e-06 -4.79194e-06  4.79263e-06
  300.00 -11.02432 -3.00142e-03 -3.00143e-03 -3.00142e-03 -4.79328e-06 -4.79194e-06  4.79263e-06
  300.00 -11.00721 -2.94436e-03 -2.94437e-03 -2.94436e-03 -4.79328e-06 -4.79194e-06  4.79263e-06
  300.00 -10.99009 -2.88731e-03 -2.88731e-03 -2.88730e-03 -4.79328e-06 -4.79194e-06  4.79263e-06
  300.00 -10.97297 -2.83025e-03 -2.83025e-03 -2.83025e-03 -4.79328e-06 -4.79194e-06  4.79263e-06
  300.00 -10.95586 -2.77319e-03 -2.77320e-03 -2.77319e-03 -4.79328e-06 -4.79194e-06  4.79263e-06
  300.00 -10.93874 -2.71614e-03 -2.71614e-03 -2.71613e-03 -4.79328e-06 -4.79194e-06  4.79263e-06
  300.00 -10.92162 -2.65908e-03 -2.65908e-03 -2.65908e-03 -4.79328e-06 -4.79194e-06  4.79263e-06
  300.00 -10.90450 -2.60202e-03 -2.60203e-03 -2.60202e-03 -4.79328e-06 -4.79194e-06  4.79263e-06
  300.00 -10.88739 -2.54496e-03 -2.54497e-03 -2.54496e-03 -4.79328e-06 -4.79194e-06  4.79263e-06
  300.00 -10.87027 -2.48791e-03 -2.48791e-03 -2.48791e-03 -4.79328e-06 -4.79194e-06  4.79263e-06
  300.00 -10.85315 -2.43085e-03 -2.43085e-03 -2.43085e-03 -4.79328e-06 -4.79194e-06  4.79263e-06
  300.00 -10.83604 -2.37379e-03 -2.37380e-03 -2.37379e-03 -4.79328e-06 -4.79194e-06  4.79263e-06
  300.00 -10.81892 -2.31674e-03 -2.31674e-03 -2.31673e-03 -4.79327e-06 -4.79193e-06  4.79262e-06
  300.00 -10.80180 -2.25968e-03 -2.25968e-03 -2.25968e-03 -4.79326e-06 -4.79192e-06  4.79261e-06
  300.00 -10.78468 -2.20262e-03 -2.20263e-03 -2.20262e-03 -4.79325e-06 -4.79191e-06  4.79260e-06
  300.00 -10.76757 -2.14557e-03 -2.14557e-03 -2.14556e-03 -4.79322e-06 -4.79188e-06  4.79257e-06
  300.00 -10.75045 -2.08851e-03 -2.08851e-03 -2.08851e-03 -4.79317e-06 -4.79183e-06  4.79252e-06
  300.00 -10.73333 -2.03145e-03 -2.03146e-03 -2.03145e-03 -4.79308e-06 -4.79174e-06  4.79243e-06
  300.00 -10.71622 -1.97440e-03 -1.97440e-03 -1.97439e-03 -4.79292e-06 -4.79158e-06  4.79228e-06
  300.00 -10.69910 -1.91734e-03 -1.91734e-03 -1.91734e-03 -4.79267e-06 -4.79133e-06  4.79202e-06
  300.00 -10.68198 -1.86028e-03 -1.86029e-03 -1.86028e-03 -4.79223e-06 -4.79089e-06  4.79158e-06
  300.00 -10.66486 -1.80323e-03 -1.80323e-03 -1.80323e-03 -4.79151e-06 -4.79017e-06  4.79086e-06
  300.00 -10.64775 -1.74618e-03 -1.74618e-03 -1.74618e-03 -4.79033e-06 -4.78899e-06  4.78968e-06
  300.00 -10.63063 -1.68913e-03 -1.68913e-03 -1.68913e-03 -4.78844e-06 -4.78710e-06  4.78779e-06
  300.00 -10.61351 -1.63208e-03 -1.63209e-03 -1.63208e-03 -4.78547e-06 -4.78413e-06  4.78482e-06
  300.00 -10.59640 -1.57504e-03 -1.57505e-03 -1.57504e-03 -4.78087e-06 -4.77953e-06  4.78022e-06
  300.00 -10.57928 -1.51801e-03 -1.51802e-03 -1.51801e-03 -4.77390e-06 -4.77256e-06  4.77325e-06
  300.00 -10.56216 -1.46100e-03 -1.46100e-03 -1.46100e-03 -4.76352e-06 -4.76218e-06  4.76287e-06
  300.00 -10.54505 -1.40401e-03 -1.40401e-03 -1.40400e-03 -4.74840e-06 -4.74706e-06  4.74775e-06
  300.00 -10.52793 -1.34704e-03 -1.34705e-03 -1.34704e-03 -4.72686e-06 -4.72552e-06  4.72621e-06
  300.00 -10.51081 -1.29013e-03 -1.29013e-03 -1.29012e-03 -4.69686e-06 -4.69551e-06  4.69620e-06
  300.00 -10.49369 -1.23327e-03 -1.23328e-03 -1.23327e-03 -4.65604e-06 -4.65469e-06  4.65539e-06
  300.00 -10.47658 -1.17651e-03 -1.17651e-03 -1.17650e-03 -4.60188e-06 -4.60053e-06  4.60122e-06
  300.00 -10.45946 -1.11986e-03 -1.11987e-03 -1.11986e-03 -4.53186e-06 -4.53051e-06  4.53121e-06
  300.00 -10.44234 -1.06338e-03 -1.06338e-03 -1.06338e-03 -4.44381e-06 -4.44245e-06  4.44315e-06
  300.00 -10.42523 -1.00712e-03 -1.00712e-03 -1.00712e-03 -4.33623e-06 -4.33487e-06  4.33557e-06
  300.00 -10.40811 -9.51140e-04 -9.51145e-04 -9.51139e-04 -4.20881e-06 -4.20745e-06  4.20814e-06
  300.00 -10.39099 -8.95536e-04 -8.95540e-04 -8.95534e-04 -4.06280e-06 -4.06144e-06  4.06213e-06
  300.00 -10.37387 -8.40407e-04 -8.40411e-04 -8.40405e-04 -3.90133e-06 -3.89997e-06  3.90066e-06
  300.00 -10.35676 -7.85877e-04 -7.85881e-04 -7.85876e-04 -3.72944e-06 -3.72808e-06  3.72877e-06
  300.00 -10.33964 -7.32092e-04 -7.32097e-04 -7.32091e-04 -3.55372e-06 -3.55236e-06  3.55305e-06
  300.00 -10.32252 -6.79219e-04 -6.79224e-04 -6.79218e-04 -3.38148e-06 -3.38013e-06  3.38081e-06
  300.00 -10.30541 -6.27445e-04 -6.27450e-04 -6.27444e-04 -3.21948e-06 -3.21815e-06  3.21882e-06
  300.00 -10.28829 -5.76970e-04 -5.76975e-04 -5.76969e-04 -3.07234e-06 -3.07104e-06  3.07169e-06
  300.00 -10.27117 -5.28004e-04 -5.28008e-04 -5.28003e-04 -2.94092e-06 -2.93966e-06  2.94029e-06
  300.00 -10.25405 -4.80753e-04 -4.80757e-04 -4.80752e-04 -2.82109e-06 -2.81990e-06  2.82050e-06
  300.00 -10.23694 -4.35416e-04 -4.35420e-04 -4.35415e-04 -2.70320e-06 -2.70209e-06  2.70264e-06
  300.00 -10.21982 -3.92181e-04 -3.92185e-04 -3.92180e-04 -2.57278e-06 -2.57177e-06  2.57227e-06
  300.00 -10.20270 -3.51224e-04 -3.51227e-04 -3.51223e-04 -2.41287e-06 -2.41199e-06  2.41243e-06
  300.00 -10.18559 -3.12714e-04 -3.12717e-04 -3.12713e-04 -2.20800e-06 -2.20726e-06  2.20762e-06
  300.00 -10.16847 -2.76815e-04 -2.76817e-04 -2.76814e-04 -1.94864e-06 -1.94804e-06  1.94833e-06
  300.00 -10.15135 -2.43678e-04 -2.43680e-04 -2.43677e-04 -1.63472e-06 -1.63426e-06  1.63448e-06
  300.00 -10.13423 -2.13441e-04 -2.13442e-04 -2.13440e-04 -1.27672e-06 -1.27639e-06  1.27655e-06
  300.00 -10.11712 -1.86212e-04 -1.86213e-04 -1.86212e-04 -8.94354e-07 -8.94149e-07  8.94244e-07
  300.00 -10.10000 -1.62065e-04 -1.62066e-04 -1.62065e-04 -5.14056e-07 -5.13948e-07  5.13996e-07
  300.00 -10.08288 -1.41018e-04 -1.41019e-04 -1.41018e-04 -1.66047e-07 -1.66016e-07  1.66028e-07
  300.00 -10.06577 -1.23013e-04 -1.23014e-04 -1.23013e-04  1.19429e-07  1.19404e-07 -1.19414e-07
  300.00 -10.04865 -1.07878e-04 -1.07878e-04 -1.07878e-04  3.17911e-07  3.17850e-07 -3.17873e-07
  300.00 -10.03153 -9.53103e-05 -9.53103e-05 -9.53105e-05  4.18062e-07  4.17986e-07 -4.18010e-07
  300.00 -10.01441 -8.48983e-05 -8.48982e-05 -8.48985e-05  4.26733e-07  4.26657e-07 -4.26676e-07
  300.00 -9.99730 -7.61946e-05 -7.61945e-05 -7.61948e-05  3.67018e-07  3.66952e-07 -3.66963e-07
  300.00 -9.98018 -6.88083e-05 -6.88082e-05 -6.88084e-05  2.69123e-07  2.69072e-07 -2.69075e-07
  300.00 -9.96306 -6.24646e-05 -6.24645e-05 -6.24647e-05  1.59882e-07  1.59842e-07 -1.59841e-07
  300.00 -9.94595 -5.70037e-05 -5.70036e-05 -5.70038e-05  5.71245e-08  5.70936e-08 -5.70913e-08
  300.00 -9.92883 -5.23328e-05 -5.23327e-05 -5.23328e-05 -3.00180e-08 -3.00432e-08  3.00431e-08
  300.00 -9.91171 -4.83712e-05 -4.83711e-05 -4.83711e-05 -9.79984e-08 -9.80195e-08  9.80152e-08
  300.00 -9.89459 -4.50187e-05 -4.50186e-05 -4.50187e-05 -1.46048e-07 -1.46065e-07  1.46056e-07
  300.00 -9.87748 -4.21554e-05 -4.21553e-05 -4.21553e-05 -1.74725e-07 -1.74736e-07  1.74724e-07
  300.00 -9.86036 -3.96604e-05 -3.96603e-05 -3.96603e-05 -1.85392e-07 -1.85398e-07  1.85384e-07
  300.00 -9.84324 -3.74349e-05 -3.74349e-05 -3.74348e-05 -1.79996e-07 -1.79997e-07  1.79982e-07
  300.00 -9.82613 -3.54150e-05 -3.54149e-05 -3.54149e-05 -1.60884e-07 -1.60881e-07  1.60866e-07
  300.00 -9.80901 -3.35706e-05 -3.35706e-05 -3.35705e-05 -1.30703e-07 -1.30697e-07  1.30684e-07
  300.00 -9.79189 -3.18950e-05 -3.18950e-05 -3.18950e-05 -9.24220e-08 -9.24139e-08  9.24017e-08
  300.00 -9.77477 -3.03897e-05 -3.03897e-05 -3.03897e-05 -4.93858e-08 -4.93769e-08  4.93664e-08
  300.00 -9.75766 -2.90521e-05 -2.90521e-05 -2.90520e-05 -5.26703e-09 -5.25777e-09  5.24930e-09
  300.00 -9.74054 -2.78687e-05 -2.78687e-05 -2.78687e-05  3.61926e-08  3.62020e-08 -3.62081e-08
  300.00 -9.72342 -2.68152e-05 -2.68152e-05 -2.68152e-05  7.16078e-08  7.16172e-08 -7.16207e-08
  300.00 -9.70631 -2.58606e-05 -2.58606e-05 -2.58606e-05  9.84054e-08  9.84149e-08 -9.84155e-08
  300.00 -9.68919 -2.49741e-05 -2.49741e-05 -2.49741e-05  1.15146e-07  1.15156e-07 -1.15153e-07
  300.00 -9.67207 -2.41305e-05 -2.41306e-05 -2.41306e-05  1.21608e-07  1.21617e-07 -1.21612e-07
  300.00 -9.65495 -2.33144e-05 -2.33144e-05 -2.33144e-05  1.18628e-07  1.18636e-07 -1.18629e-07
  300.00 -9.63784 -2.25200e-05 -2.25201e-05 -2.25200e-05  1.07789e-07  1.07796e-07 -1.07787e-07
  300.00 -9.62072 -2.17497e-05 -2.17498e-05 -2.17498e-05  9.10666e-08  9.10722e-08 -9.10623e-08
  300.00 -9.60360 -2.10106e-05 -2.10107e-05 -2.10107e-05  7.05179e-08  7.05213e-08 -7.05115e-08
  300.00 -9.58649 -2.03107e-05 -2.03107e-05 -2.03107e-05  4.80726e-08  4.80735e-08 -4.80644e-08
  300.00 -9.56937 -1.96559e-05 -1.96559e-05 -1.96559e-05  2.54161e-08  2.54142e-08 -2.54067e-08
  300.00 -9.55225 -1.90482e-05 -1.90483e-05 -1.90483e-05  3.94329e-09  3.93842e-09 -3.93293e-09
  300.00 -9.53514 -1.84853e-05 -1.84853e-05 -1.84853e-05 -1.52514e-08 -1.52590e-08  1.52623e-08
  300.00 -9.51802 -1.79605e-05 -1.79605e-05 -1.79605e-05 -3.13721e-08 -3.13821e-08  3.13831e-08
  300.00 -9.50090 -1.74651e-05 -1.74651e-05 -1.74651e-05 -4.39193e-08 -4.39312e-08  4.39303e-08
  300.00 -9.48378 -1.69896e-05 -1.69896e-05 -1.69896e-05 -5.26882e-08 -5.27013e-08  5.26988e-08
  300.00 -9.46667 -1.65256e-05 -1.65256e-05 -1.65256e-05 -5.77575e-08 -5.77711e-08  5.77674e-08
  300.00 -9.44955 -1.60670e-05 -1.60670e-05 -1.60670e-05 -5.94626e-08 -5.94761e-08  5.94718e-08
  300.00 -9.43243 -1.56110e-05 -1.56110e-05 -1.56111e-05 -5.83493e-08 -5.83618e-08  5.83573e-08
  300.00 -9.41532 -1.51583e-05 -1.51583e-05 -1.51583e-05 -5.51074e-08 -5.51182e-08  5.51139e-08
  300.00 -9.39820 -1.47120e-05 -1.47120e-05 -1.47120e-05 -5.04941e-08 -5.05028e-08  5.04990e-08
  300.00 -9.38108 -1.42773e-05 -1.42773e-05 -1.42774e-05 -4.52549e-08 -4.52611e-08  4.52578e-08
  300.00 -9.36396 -1.38605e-05 -1.38605e-05 -1.38605e-05 -4.00514e-08 -4.00548e-08  4.00521e-08
  300.00 -9.34685 -1.34671e-05 -1.34671e-05 -1.34671e-05 -3.54050e-08 -3.54056e-08  3.54035e-08
  300.00 -9.32973 -1.31019e-05 -1.31019e-05 -1.31019e-05 -3.16604e-08 -3.16582e-08  3.16567e-08
  300.00 -9.31261 -1.27675e-05 -1.27675e-05 -1.27675e-05 -2.89702e-08 -2.89655e-08  2.89644e-08
  300.00 -9.29550 -1.24646e-05 -1.24646e-05 -1.24646e-05 -2.73004e-08 -2.72938e-08  2.72930e-08
  300.00 -9.27838 -1.21916e-05 -1.21916e-05 -1.21916e-05 -2.64538e-08 -2.64455e-08  2.64451e-08
  300.00 -9.26126 -1.19452e-05 -1.19452e-05 -1.19452e-05 -2.61048e-08 -2.60954e-08  2.60953e-08
  300.00 -9.24414 -1.17210e-05 -1.17210e-05 -1.17210e-05 -2.58439e-08 -2.58341e-08  2.58343e-08
  300.00 -9.22703 -1.15139e-05 -1.15138e-05 -1.15139e-05 -2.52242e-08 -2.52145e-08  2.52149e-08
  300.00 -9.20991 -1.13188e-05 -1.13188e-05 -1.13188e-05 -2.38070e-08 -2.37978e-08  2.37985e-08
  300.00 -9.19279 -1.11315e-05 -1.11315e-05 -1.11315e-05 -2.12027e-08 -2.11945e-08  2.11954e-08
  300.00 -9.17568 -1.09487e-05 -1.09487e-05 -1.09487e-05 -1.71060e-08 -1.70990e-08  1.71002e-08
  300.00 -9.15856 -1.07684e-05 -1.07684e-05 -1.07684e-05 -1.13226e-08 -1.13170e-08  1.13183e-08
  300.00 -9.14144 -1.05898e-05 -1.05898e-05 -1.05898e-05 -3.78778e-09 -3.78381e-09  3.78520e-09
  300.00 -9.12432 -1.04134e-05 -1.04133e-05 -1.04133e-05  5.42263e-09  5.42498e-09 -5.42361e-09
  300.00 -9.10721 -1.02401e-05 -1.02401e-05 -1.02401e-05  1.60911e-08  1.60919e-08 -1.60906e-08
  300.00 -9.09009 -1.00716e-05 -1.00716e-05 -1.00716e-05  2.78650e-08  2.78644e-08 -2.78633e-08
  300.00 -9.07297 -9.90951e-06 -9.90949e-06 -9.90946e-06  4.02732e-08  4.02712e-08 -4.02705e-08
  300.00 -9.05586 -9.75495e-06 -9.75493e-06 -9.75490e-06  5.27500e-08  5.27469e-08 -5.27466e-08
  300.00 -9.03874 -9.60862e-06 -9.60861e-06 -9.60858e-06  6.46686e-08  6.46647e-08 -6.46647e-08
  300.00 -9.02162 -9.47046e-06 -9.47045e-06 -9.47042e-06  7.53799e-08  7.53753e-08 -7.53758e-08
  300.00 -9.00450 -9.33962e-06 -9.33961e-06 -9.33958e-06  8.42554e-08  8.42504e-08 -8.42512e-08
  300.00 -8.98739 -9.21456e-06 -9.21456e-06 -9.21453e-06  9.07305e-08  9.07252e-08 -9.07263e-08
  300.00 -8.97027 -9.09327e-06 -9.09327e-06 -9.09325e-06  9.43442e-08  9.43388e-08 -9.43402e-08
  300.00 -8.95315 -8.97345e-06 -8.97346e-06 -8.97344e-06  9.47724e-08  9.47671e-08 -9.47685e-08
  300.00 -8.93604 -8.85284e-06 -8.85285e-06 -8.85284e-06  9.18501e-08  9.18450e-08 -9.18465e-08
  300.00 -8.91892 -8.72944e-06 -8.72945e-06 -8.72944e-06  8.55825e-08  8.55778e-08 -8.55791e-08
  300.00 -8.90180 -8.60176e-06 -8.60178e-06 -8.60177e-06  7.61430e-08  7.61387e-08 -7.61398e-08
  300.00 -8.88468 -8.46900e-06 -8.46902e-06 -8.46903e-06  6.38598e-08  6.38561e-08 -6.38567e-08
  300.00 -8.86757 -8.33111e-06 -8.33114e-06 -8.33114e-06  4.91930e-08  4.91898e-08 -4.91900e-08
  300.00 -8.85045 -8.18879e-06 -8.18881e-06 -8.18882e-06  3.27047e-08  3.27021e-08 -3.27018e-08
  300.00 -8.83333 -8.04340e-06 -8.04343e-06 -8.04344e-06  1.50255e-08  1.50235e-08 -1.50227e-08
  300.00 -8.81622 -7.89684e-06 -7.89686e-06 -7.89688e-06 -3.17948e-09 -3.18088e-09  3.18223e-09
  300.00 -8.79910 -7.75131e-06 -7.75134e-06 -7.75136e-06 -2.12435e-08 -2.12443e-08  2.12462e-08
  300.00 -8.78198 -7.60912e-06 -7.60914e-06 -7.60916e-06 -3.85273e-08 -3.85276e-08  3.85299e-08
  300.00 -8.76486 -7.47242e-06 -7.47244e-06 -7.47247e-06 -5.44437e-08 -5.44435e-08  5.44461e-08
  300.00 -8.74775 -7.34306e-06 -7.34307e-06 -7.34310e-06 -6.84775e-08 -6.84769e-08  6.84797e-08
  300.00 -8.73063 -7.22234e-06 -7.22235e-06 -7.22238e-06 -8.02004e-08 -8.01994e-08  8.02023e-08
  300.00 -8.71351 -7.11097e-06 -7.11098e-06 -7.11101e-06 -8.92809e-08 -8.92796e-08  8.92824e-08
  300.00 -8.69640 -7.00899e-06 -7.00900e-06 -7.00903e-06 -9.54904e-08 -9.54888e-08  9.54915e-08
  300.00 -8.67928 -6.91581e-06 -6.91582e-06 -6.91584e-06 -9.87052e-08 -9.87034e-08  9.87058e-08
  300.00 -8.66216 -6.83026e-06 -6.83026e-06 -6.83029e-06 -9.89050e-08 -9.89031e-08  9.89051e-08
  300.00 -8.64505 -6.75074e-06 -6.75075e-06 -6.75077e-06 -9.61686e-08 -9.61666e-08  9.61681e-08
  300.00 -8.62793 -6.67540e-06 -6.67540e-06 -6.67542e-06 -9.06665e-08 -9.06645e-08  9.06654e-08
  300.00 -8.61081 -6.60230e-06 -6.60230e-06 -6.60231e-06 -8.26513e-08 -8.26493e-08  8.26496e-08
  300.00 -8.59369 -6.52959e-06 -6.52959e-06 -6.52961e-06 -7.24464e-08 -7.24444e-08  7.24441e-08
  300.00 -8.57658 -6.45572e-06 -6.45572e-06 -6.45573e-06 -6.04322e-08 -6.04303e-08  6.04294e-08
  300.00 -8.55946 -6.37951e-06 -6.37950e-06 -6.37951e-06 -4.70323e-08 -4.70305e-08  4.70291e-08
  300.00 -8.54234 -6.30025e-06 -6.30025e-06 -6.30025e-06 -3.26984e-08 -3.26967e-08  3.26948e-08
  300.00 -8.52523 -6.21779e-06 -6.21778e-06 -6.21778e-06 -1.78950e-08 -1.78935e-08  1.78912e-08
  300.00 -8.50811 -6.13242e-06 -6.13241e-06 -6.13241e-06 -3.08505e-09 -3.08367e-09  3.08108e-09
  300.00 -8.49099 -6.04490e-06 -6.04489e-06 -6.04488e-06  1.12847e-08  1.12859e-08 -1.12886e-08
  300.00 -8.47387 -5.95629e-06 -5.95628e-06 -5.95628e-06  2.47963e-08  2.47973e-08 -2.48001e-08
  300.00 -8.45676 -5.86787e-06 -5.86787e-06 -5.86786e-06  3.70728e-08  3.70736e-08 -3.70763e-08
  300.00 -8.43964 -5.78097e-06 -5.78096e-06 -5.78095e-06  4.77884e-08  4.77889e-08 -4.77915e-08
  300.00 -8.42252 -5.69681e-06 -5.69680e-06 -5.69678e-06  5.66772e-08  5.66774e-08 -5.66797e-08
  300.00 -8.40541 -5.61641e-06 -5.61640e-06 -5.61639e-06  6.35401e-08  6.35401e-08 -6.35420e-08
  300.00 -8.38829 -5.54050e-06 -5.54049e-06 -5.54047e-06  6.82495e-08  6.82493e-08 -6.82508e-08
  300.00 -8.37117 -5.46938e-06 -5.46937e-06 -5.46935e-06  7.07522e-08  7.07518e-08 -7.07528e-08
  300.00 -8.35405 -5.40297e-06 -5.40296e-06 -5.40294e-06  7.10694e-08  7.10688e-08 -7.10691e-08
  300.00 -8.33694 -5.34077e-06 -5.34076e-06 -5.34075e-06  6.92943e-08  6.92936e-08 -6.92933e-08
  300.00 -8.31982 -5.28196e-06 -5.28195e-06 -5.28193e-06  6.55880e-08  6.55873e-08 -6.55863e-08
  300.00 -8.30270 -5.22541e-06 -5.22540e-06 -5.22538e-06  6.01721e-08  6.01714e-08 -6.01697e-08
  300.00 -8.28559 -5.16986e-06 -5.16985e-06 -5.16983e-06  5.33192e-08  5.33186e-08 -5.33162e-08
  300.00 -8.26847 -5.11400e-06 -5.11399e-06 -5.11398e-06  4.53421e-08  4.53415e-08 -4.53385e-08
  300.00 -8.25135 -5.05661e-06 -5.05659e-06 -5.05658e-06  3.65806e-08  3.65802e-08 -3.65766e-08
  300.00 -8.23423 -4.99664e-06 -4.99663e-06 -4.99662e-06  2.73885e-08  2.73882e-08 -2.73841e-08
  300.00 -8.21712 -4.93336e-06 -4.93335e-06 -4.93334e-06  1.81187e-08  1.81186e-08 -1.81141e-08
  300.00 -8.20000 -4.86637e-06 -4.86636e-06 -4.86636e-06  9.10955e-09  9.10960e-09 -9.10485e-09
  300.00 -8.18288 -4.79568e-06 -4.79567e-06 -4.79566e-06  6.71469e-10  6.71638e-10 -6.66773e-10
  300.00 -8.16577 -4.72166e-06 -4.72165e-06 -4.72165e-06 -6.92564e-09 -6.92539e-09  6.93021e-09
  300.00 -8.14865 -4.64505e-06 -4.64505e-06 -4.64505e-06 -1.34629e-08 -1.34626e-08  1.34672e-08
  300.00 -8.13153 -4.56689e-06 -4.56689e-06 -4.56689e-06 -1.87813e-08 -1.87810e-08  1.87852e-08
  300.00 -8.11441 -4.48840e-06 -4.48839e-06 -4.48840e-06 -2.27877e-08 -2.27875e-08  2.27912e-08
  300.00 -8.09730 -4.41090e-06 -4.41090e-06 -4.41090e-06 -2.54586e-08 -2.54585e-08  2.54615e-08
  300.00 -8.08018 -4.33570e-06 -4.33570e-06 -4.33570e-06 -2.68402e-08 -2.68403e-08  2.68424e-08
  300.00 -8.06306 -4.26397e-06 -4.26398e-06 -4.26398e-06 -2.70456e-08 -2.70459e-08  2.70471e-08
  300.00 -8.04595 -4.19668e-06 -4.19669e-06 -4.19670e-06 -2.62484e-08 -2.62488e-08  2.62490e-08
  300.00 -8.02883 -4.13447e-06 -4.13448e-06 -4.13449e-06 -2.46722e-08 -2.46728e-08  2.46719e-08
  300.00 -8.01171 -4.07762e-06 -4.07763e-06 -4.07764e-06 -2.25779e-08 -2.25787e-08  2.25768e-08
  300.00 -7.99459 -4.02601e-06 -4.02603e-06 -4.02603e-06 -2.02473e-08 -2.02483e-08  2.02455e-08
  300.00 -7.97748 -3.97915e-06 -3.97917e-06 -3.97917e-06 -1.79645e-08 -1.79656e-08  1.79620e-08
  300.00 -7.96036 -3.93618e-06 -3.93620e-06 -3.93620e-06 -1.59966e-08 -1.59977e-08  1.59934e-08
  300.00 -7.94324 -3.89595e-06 -3.89597e-06 -3.89598e-06 -1.45731e-08 -1.45742e-08  1.45695e-08
  300.00 -7.92613 -3.85711e-06 -3.85713e-06 -3.85714e-06 -1.38675e-08 -1.38686e-08  1.38636e-08
  300.00 -7.90901 -3.81822e-06 -3.81824e-06 -3.81824e-06 -1.39809e-08 -1.39818e-08  1.39768e-08
  300.00 -7.89189 -3.77784e-06 -3.77786e-06 -3.77786e-06 -1.49290e-08 -1.49297e-08  1.49249e-08
  300.00 -7.87477 -3.73469e-06 -3.73471e-06 -3.73471e-06 -1.66359e-08 -1.66364e-08  1.66320e-08
  300.00 -7.85766 -3.68774e-06 -3.68775e-06 -3.68775e-06 -1.89334e-08 -1.89337e-08  1.89298e-08
  300.00 -7.84054 -3.63629e-06 -3.63630e-06 -3.63631e-06 -2.15691e-08 -2.15692e-08  2.15660e-08
  300.00 -7.82342 -3.58009e-06 -3.58010e-06 -3.58011e-06 -2.42226e-08 -2.42226e-08  2.42202e-08
  300.00 -7.80631 -3.51936e-06 -3.51936e-06 -3.51937e-06 -2.65302e-08 -2.65301e-08  2.65285e-08
  300.00 -7.78919 -3.45476e-06 -3.45476e-06 -3.45477e-06 -2.81165e-08 -2.81165e-08  2.81156e-08
  300.00 -7.77207 -3.38742e-06 -3.38742e-06 -3.38743e-06 -2.86314e-08 -2.86315e-08  2.86314e-08
  300.00 -7.75495 -3.31883e-06 -3.31884e-06 -3.31884e-06 -2.77876e-08 -2.77880e-08  2.77885e-08
  300.00 -7.73784 -3.25077e-06 -3.25077e-06 -3.25077e-06 -2.53962e-08 -2.53968e-08  2.53979e-08
  300.00 -7.72072 -3.18511e-06 -3.18511e-06 -3.18512e-06 -2.13947e-08 -2.13956e-08  2.13972e-08
  300.00 -7.70360 -3.12373e-06 -3.12373e-06 -3.12374e-06 -1.58650e-08 -1.58662e-08  1.58681e-08
  300.00 -7.68649 -3.06832e-06 -3.06831e-06 -3.06832e-06 -9.03822e-09 -9.03963e-09  9.04183e-09
  300.00 -7.66937 -3.02018e-06 -3.02018e-06 -3.02018e-06 -1.28693e-09 -1.28843e-09  1.29081e-09
  300.00 -7.65225 -2.98015e-06 -2.98015e-06 -2.98015e-06  6.89740e-09  6.89598e-09 -6.89350e-09
  300.00 -7.63514 -2.94841e-06 -2.94840e-06 -2.94840e-06  1.49406e-08  1.49394e-08 -1.49369e-08
  300.00 -7.61802 -2.92441e-06 -2.92440e-06 -2.92440e-06  2.22372e-08  2.22365e-08 -2.22341e-08
  300.00 -7.60090 -2.90688e-06 -2.90687e-06 -2.90687e-06  2.82177e-08  2.82177e-08 -2.82155e-08
  300.00 -7.58378 -2.89387e-06 -2.89386e-06 -2.89385e-06  3.24262e-08  3.24269e-08 -3.24251e-08
  300.00 -7.56667 -2.88289e-06 -2.88288e-06 -2.88287e-06  3.45984e-08  3.45999e-08 -3.45986e-08
  300.00 -7.54955 -2.87116e-06 -2.87115e-06 -2.87115e-06  3.47199e-08  3.47220e-08 -3.47213e-08
  300.00 -7.53243 -2.85597e-06 -2.85596e-06 -2.85595e-06  3.30406e-08  3.30432e-08 -3.30432e-08
  300.00 -7.51532 -2.83498e-06 -2.83497e-06 -2.83496e-06  3.00288e-08  3.00315e-08 -3.00321e-08
  300.00 -7.49820 -2.80672e-06 -2.80671e-06 -2.80671e-06  2.62643e-08  2.62668e-08 -2.62681e-08
  300.00 -7.48108 -2.77097e-06 -2.77097e-06 -2.77096e-06  2.22984e-08  2.23003e-08 -2.23021e-08
  300.00 -7.46396 -2.72917e-06 -2.72916e-06 -2.72916e-06  1.85288e-08  1.85300e-08 -1.85321e-08
  300.00 -7.44685 -2.68477e-06 -2.68476e-06 -2.68476e-06  1.51443e-08  1.51446e-08 -1.51469e-08
  300.00 -7.42973 -2.64348e-06 -2.64347e-06 -2.64347e-06  1.21683e-08  1.21678e-08 -1.21700e-08
  300.00 -7.41261 -2.61325e-06 -2.61324e-06 -2.61324e-06  9.58172e-09  9.58065e-09 -9.58261e-09
  300.00 -7.39550 -2.60399e-06 -2.60398e-06 -2.60398e-06  7.45598e-09  7.45467e-09 -7.45628e-09
  300.00 -7.37838 -2.62687e-06 -2.62686e-06 -2.62686e-06  6.00578e-09  6.00464e-09 -6.00577e-09
  300.00 -7.36126 -2.69343e-06 -2.69343e-06 -2.69343e-06  5.51374e-09  5.51315e-09 -5.51370e-09
  300.00 -7.34414 -2.81479e-06 -2.81479e-06 -2.81479e-06  6.16718e-09  6.16749e-09 -6.16742e-09
  300.00 -7.32703 -3.00116e-06 -3.00116e-06 -3.00116e-06  7.92918e-09  7.93061e-09 -7.92997e-09
  300.00 -7.30991 -3.26164e-06 -3.26164e-06 -3.26164e-06  1.05597e-08  1.05623e-08 -1.05612e-08
  300.00 -7.29279 -3.60316e-06 -3.60316e-06 -3.60317e-06  1.37808e-08  1.37846e-08 -1.37834e-08
  300.00 -7.27568 -4.02660e-06 -4.02660e-06 -4.02661e-06  1.74259e-08  1.74307e-08 -1.74296e-08
  300.00 -7.25856 -4.51877e-06 -4.51878e-06 -4.51878e-06  2.13790e-08  2.13844e-08 -2.13838e-08
  300.00 -7.24144 -5.04366e-06 -5.04367e-06 -5.04367e-06  2.52932e-08  2.52989e-08 -2.52989e-08
  300.00 -7.22432 -5.54215e-06 -5.54216e-06 -5.54216e-06  2.84030e-08  2.84085e-08 -2.84093e-08
  300.00 -7.20721 -5.94842e-06 -5.94843e-06 -5.94843e-06  2.97942e-08  2.97991e-08 -2.98005e-08
  300.00 -7.19009 -6.21707e-06 -6.21708e-06 -6.21708e-06  2.87987e-08  2.88024e-08 -2.88044e-08
  300.00 -7.17297 -6.34140e-06 -6.34140e-06 -6.34140e-06  2.49574e-08  2.49597e-08 -2.49618e-08
  300.00 -7.15586 -6.34773e-06 -6.34773e-06 -6.34773e-06  1.81139e-08  1.81145e-08 -1.81162e-08
  300.00 -7.13874 -6.27207e-06 -6.27207e-06 -6.27207e-06  8.91832e-09  8.91706e-09 -8.91793e-09
  300.00 -7.12162 -6.14116e-06 -6.14116e-06 -6.14116e-06 -1.15382e-09 -1.15677e-09  1.15715e-09
  300.00 -7.10450 -5.97227e-06 -5.97226e-06 -5.97226e-06 -1.04700e-08 -1.04743e-08  1.04761e-08
  300.00 -7.08739 -5.78359e-06 -5.78359e-06 -5.78358e-06 -1.78726e-08 -1.78779e-08  1.78809e-08
  300.00 -7.07027 -5.59900e-06 -5.59900e-06 -5.59899e-06 -2.28351e-08 -2.28409e-08  2.28448e-08
  300.00 -7.05315 -5.44212e-06 -5.44212e-06 -5.44212e-06 -2.52909e-08 -2.52969e-08  2.53010e-08
  300.00 -7.03604 -5.32806e-06 -5.32806e-06 -5.32806e-06 -2.54445e-08 -2.54500e-08  2.54539e-08
  300.00 -7.01892 -5.26139e-06 -5.26139e-06 -5.26139e-06 -2.36931e-08 -2.36980e-08  2.37011e-08
  300.00 -7.00180 -5.24067e-06 -5.24067e-06 -5.24068e-06 -2.06138e-08 -2.06178e-08  2.06197e-08
  300.00 -6.98468 -5.26341e-06 -5.26341e-06 -5.26342e-06 -1.69177e-08 -1.69206e-08  1.69212e-08
  300.00 -6.96757 -5.32645e-06 -5.32645e-06 -5.32646e-06 -1.33398e-08 -1.33416e-08  1.33408e-08
  300.00 -6.95045 -5.42302e-06 -5.42302e-06 -5.42303e-06 -1.05151e-08 -1.05159e-08  1.05137e-08
  300.00 -6.93333 -5.54129e-06 -5.54129e-06 -5.54130e-06 -8.92036e-09 -8.92021e-09  8.91687e-09
  300.00 -6.91622 -5.66658e-06 -5.66658e-06 -5.66659e-06 -8.85212e-09 -8.85117e-09  8.84694e-09
  300.00 -6.89910 -5.78442e-06 -5.78443e-06 -5.78444e-06 -1.03247e-08 -1.03232e-08  1.03184e-08
  300.00 -6.88198 -5.88222e-06 -5.88223e-06 -5.88223e-06 -1.29285e-08 -1.29265e-08  1.29215e-08
  300.00 -6.86486 -5.95041e-06 -5.95042e-06 -5.95042e-06 -1.58862e-08 -1.58839e-08  1.58789e-08
  300.00 -6.84775 -5.98402e-06 -5.98403e-06 -5.98403e-06 -1.84087e-08 -1.84063e-08  1.84017e-08
  300.00 -6.83063 -5.98358e-06 -5.98358e-06 -5.98358e-06 -2.01403e-08 -2.01380e-08  2.01341e-08
  300.00 -6.81351 -5.95478e-06 -5.95479e-06 -5.95478e-06 -2.13876e-08 -2.13856e-08  2.13827e-08
  300.00 -6.79640 -5.90665e-06 -5.90665e-06 -5.90664e-06 -2.29647e-08 -2.29633e-08  2.29615e-08
  300.00 -6.77928 -5.84815e-06 -5.84815e-06 -5.84814e-06 -2.56865e-08 -2.56859e-08  2.56854e-08
  300.00 -6.76216 -5.78458e-06 -5.78458e-06 -5.78457e-06 -2.97360e-08 -2.97362e-08  2.97370e-08
  300.00 -6.74505 -5.71538e-06 -5.71537e-06 -5.71536e-06 -3.42616e-08 -3.42627e-08  3.42647e-08
  300.00 -6.72793 -5.63432e-06 -5.63431e-06 -5.63430e-06 -3.75210e-08 -3.75229e-08  3.75260e-08
  300.00 -6.71081 -5.53198e-06 -5.53197e-06 -5.53196e-06 -3.76042e-08 -3.76068e-08  3.76106e-08
  300.00 -6.69369 -5.39975e-06 -5.39975e-06 -5.39973e-06 -3.33605e-08 -3.33636e-08  3.33679e-08
  300.00 -6.67658 -5.23392e-06 -5.23392e-06 -5.23391e-06 -2.49050e-08 -2.49082e-08  2.49128e-08
  300.00 -6.65946 -5.03765e-06 -5.03765e-06 -5.03764e-06 -1.34068e-08 -1.34098e-08  1.34143e-08
  300.00 -6.64234 -4.81983e-06 -4.81983e-06 -4.81983e-06 -5.89256e-10 -5.91726e-10  5.95849e-10
  300.00 -6.62523 -4.59240e-06 -4.59240e-06 -4.59240e-06  1.15627e-08  1.15611e-08 -1.15577e-08
  300.00 -6.60811 -4.36856e-06 -4.36856e-06 -4.36856e-06  2.09701e-08  2.09696e-08 -2.09671e-08
  300.00 -6.59099 -4.16291e-06 -4.16290e-06 -4.16291e-06  2.57837e-08  2.57843e-08 -2.57830e-08
  300.00 -6.57387 -3.99164e-06 -3.99164e-06 -3.99164e-06  2.49035e-08  2.49053e-08 -2.49051e-08
  300.00 -6.55676 -3.87071e-06 -3.87071e-06 -3.87071e-06  1.84883e-08  1.84911e-08 -1.84921e-08
  300.00 -6.53964 -3.81135e-06 -3.81134e-06 -3.81134e-06  8.15332e-09  8.15681e-09 -8.15869e-09
  300.00 -6.52252 -3.81465e-06 -3.81464e-06 -3.81465e-06 -3.36041e-09 -3.35642e-09  3.35398e-09
  300.00 -6.50541 -3.86833e-06 -3.86833e-06 -3.86833e-06 -1.30205e-08 -1.30163e-08  1.30136e-08
  300.00 -6.48829 -3.94895e-06 -3.94895e-06 -3.94895e-06 -1.85367e-08 -1.85325e-08  1.85299e-08
  300.00 -6.47117 -4.02980e-06 -4.02980e-06 -4.02981e-06 -1.91141e-08 -1.91101e-08  1.91077e-08
  300.00 -6.45405 -4.08985e-06 -4.08986e-06 -4.08986e-06 -1.55244e-08 -1.55210e-08  1.55188e-08
  300.00 -6.43694 -4.11857e-06 -4.11858e-06 -4.11858e-06 -9.49320e-09 -9.49052e-09  9.48860e-09
  300.00 -6.41982 -4.11600e-06 -4.11601e-06 -4.11602e-06 -2.87452e-09 -2.87279e-09  2.87104e-09
  300.00 -6.40270 -4.09008e-06 -4.09009e-06 -4.09009e-06  2.87445e-09  2.87509e-09 -2.87667e-09
  300.00 -6.38559 -4.05215e-06 -4.05216e-06 -4.05216e-06  6.82495e-09  6.82444e-09 -6.82578e-09
  300.00 -6.36847 -4.01209e-06 -4.01210e-06 -4.01211e-06  8.54374e-09  8.54205e-09 -8.54306e-09
  300.00 -6.35135 -3.97499e-06 -3.97499e-06 -3.97499e-06  8.07334e-09  8.07052e-09 -8.07111e-09
  300.00 -6.33423 -3.94035e-06 -3.94035e-06 -3.94035e-06  5.89121e-09  5.88737e-09 -5.88750e-09
  300.00 -6.31712 -3.90376e-06 -3.90376e-06 -3.90375e-06  2.74734e-09  2.74266e-09 -2.74230e-09
  300.00 -6.30000 -3.85983e-06 -3.85982e-06 -3.85982e-06 -5.92966e-10 -5.98230e-10  5.99080e-10
  300.00 -6.28288 -3.80504e-06 -3.80504e-06 -3.80503e-06 -3.56107e-09 -3.56663e-09  3.56799e-09
  300.00 -6.26577 -3.73871e-06 -3.73870e-06 -3.73869e-06 -5.86747e-09 -5.87298e-09  5.87488e-09
  300.00 -6.24865 -3.66171e-06 -3.66171e-06 -3.66169e-06 -7.47217e-09 -7.47729e-09  7.47974e-09
  300.00 -6.23153 -3.57486e-06 -3.57485e-06 -3.57484e-06 -8.46497e-09 -8.46936e-09  8.47237e-09
  300.00 -6.21441 -3.47848e-06 -3.47847e-06 -3.47846e-06 -8.88665e-09 -8.89004e-09  8.89356e-09
  300.00 -6.19730 -3.37297e-06 -3.37296e-06 -3.37296e-06 -8.61599e-09 -8.61824e-09  8.62216e-09
  300.00 -6.18018 -3.25942e-06 -3.25941e-06 -3.25941e-06 -7.44692e-09 -7.44805e-09  7.45215e-09
  300.00 -6.16306 -3.14001e-06 -3.14000e-06 -3.14000e-06 -5.29639e-09 -5.29661e-09  5.30054e-09
  300.00 -6.14595 -3.01844e-06 -3.01843e-06 -3.01843e-06 -2.34527e-09 -2.34491e-09  2.34820e-09
  300.00 -6.12883 -2.89934e-06 -2.89934e-06 -2.89934e-06  9.99235e-10  9.99881e-10 -9.97685e-10
  300.00 -6.11171 -2.78641e-06 -2.78641e-06 -2.78641e-06  4.24789e-09  4.24864e-09 -4.24791e-09
  300.00 -6.09459 -2.68041e-06 -2.68041e-06 -2.68041e-06  6.94782e-09  6.94866e-09 -6.94955e-09
  300.00 -6.07748 -2.57882e-06 -2.57883e-06 -2.57883e-06  8.73773e-09  8.73882e-09 -8.74122e-09
  300.00 -6.06036 -2.47697e-06 -2.47697e-06 -2.47698e-06  9.39254e-09  9.39413e-09 -9.39770e-09
  300.00 -6.04324 -2.36965e-06 -2.36966e-06 -2.36966e-06  8.88168e-09  8.88401e-09 -8.88831e-09
  300.00 -6.02613 -2.25288e-06 -2.25289e-06 -2.25290e-06  7.39983e-09  7.40306e-09 -7.40766e-09
  300.00 -6.00901 -2.12525e-06 -2.12526e-06 -2.12527e-06  5.33208e-09  5.33628e-09 -5.34084e-09
  300.00 -5.99189 -1.98819e-06 -1.98820e-06 -1.98821e-06  3.16641e-09  3.17153e-09 -3.17577e-09
  300.00 -5.97477 -1.84503e-06 -1.84504e-06 -1.84505e-06  1.39011e-09  1.39599e-09 -1.39976e-09
  300.00 -5.95766 -1.69913e-06 -1.69914e-06 -1.69915e-06  3.94095e-10  4.00482e-10 -4.03676e-10
  300.00 -5.94054 -1.55254e-06 -1.55254e-06 -1.55255e-06  3.93643e-10  4.00221e-10 -4.02759e-10
  300.00 -5.92342 -1.40589e-06 -1.40590e-06 -1.40591e-06  1.37710e-09  1.38351e-09 -1.38534e-09
  300.00 -5.90631 -1.25930e-06 -1.25930e-06 -1.25931e-06  3.10111e-09  3.10700e-09 -3.10811e-09
  300.00 -5.88919 -1.11307e-06 -1.11307e-06 -1.11308e-06  5.14471e-09  5.14973e-09 -5.15012e-09
  300.00 -5.87207 -9.67734e-07 -9.67737e-07 -9.67743e-07  7.01225e-09  7.01611e-09 -7.01582e-09
  300.00 -5.85495 -8.23306e-07 -8.23306e-07 -8.23310e-07  8.25221e-09  8.25464e-09 -8.25374e-09
  300.00 -5.83784 -6.78652e-07 -6.78651e-07 -6.78652e-07  8.55068e-09  8.55153e-09 -8.55010e-09
  300.00 -5.82072 -5.31566e-07 -5.31564e-07 -5.31562e-07  7.77221e-09  7.77139e-09 -7.76953e-09
  300.00 -5.80360 -3.79568e-07 -3.79564e-07 -3.79560e-07  5.94565e-09  5.94318e-09 -5.94099e-09
  300.00 -5.78649 -2.20884e-07 -2.20878e-07 -2.20872e-07  3.21525e-09  3.21126e-09 -3.20884e-09
  300.00 -5.76937 -5.49638e-08 -5.49565e-08 -5.49482e-08 -2.14788e-10 -2.20074e-10  2.22645e-10
  300.00 -5.75225  1.17715e-07  1.17723e-07  1.17733e-07 -4.12066e-09 -4.12692e-09  4.12959e-09
  300.00 -5.73514  2.96284e-07  2.96292e-07  2.96304e-07 -8.27563e-09 -8.28248e-09  8.28521e-09
  300.00 -5.71802  4.80052e-07  4.80061e-07  4.80073e-07 -1.24467e-08 -1.24537e-08  1.24565e-08
  300.00 -5.70090  6.68658e-07  6.68665e-07  6.68677e-07 -1.63818e-08 -1.63887e-08  1.63915e-08
  300.00 -5.68378  8.61924e-07  8.61931e-07  8.61943e-07 -1.98010e-08 -1.98072e-08  1.98101e-08
  300.00 -5.66667  1.05991e-06  1.05992e-06  1.05993e-06 -2.24059e-08 -2.24112e-08  2.24139e-08
  300.00 -5.64955  1.26352e-06  1.26352e-06  1.26353e-06 -2.39200e-08 -2.39241e-08  2.39267e-08
  300.00 -5.63243  1.47544e-06  1.47544e-06  1.47545e-06 -2.41624e-08 -2.41651e-08  2.41674e-08
  300.00 -5.61532  1.70055e-06  1.70055e-06  1.70056e-06 -2.31307e-08 -2.31318e-08  2.31337e-08
  300.00 -5.59820  1.94502e-06  1.94502e-06  1.94502e-06 -2.10431e-08 -2.10426e-08  2.10439e-08
  300.00 -5.58108  2.21384e-06  2.21384e-06  2.21384e-06 -1.82876e-08 -1.82854e-08  1.82860e-08
  300.00 -5.56396  2.50766e-06  2.50766e-06  2.50765e-06 -1.52758e-08 -1.52724e-08  1.52721e-08
  300.00 -5.54685  2.81982e-06  2.81982e-06  2.81982e-06 -1.22845e-08 -1.22799e-08  1.22789e-08
  300.00 -5.52973  3.13545e-06  3.13545e-06  3.13544e-06 -9.39938e-09 -9.39416e-09  9.39239e-09
  300.00 -5.51261  3.43403e-06  3.43403e-06  3.43402e-06 -6.61668e-09 -6.61119e-09  6.60883e-09
  300.00 -5.49550  3.69525e-06  3.69525e-06  3.69524e-06 -3.99931e-09 -3.99398e-09  3.99122e-09
  300.00 -5.47838  3.90541e-06  3.90541e-06  3.90540e-06 -1.70899e-09 -1.70423e-09  1.70129e-09
  300.00 -5.46126  4.06083e-06  4.06082e-06  4.06082e-06  1.35530e-10  1.39391e-10 -1.42233e-10
  300.00 -5.44414  4.16645e-06  4.16644e-06  4.16644e-06  1.60464e-09  1.60743e-09 -1.60997e-09
  300.00 -5.42703  4.23103e-06  4.23103e-06  4.23102e-06  2.94394e-09  2.94565e-09 -2.94779e-09
  300.00 -5.40991  4.26241e-06  4.26241e-06  4.26240e-06  4.44654e-09  4.44728e-09 -4.44904e-09
  300.00 -5.39279  4.26495e-06  4.26495e-06  4.26495e-06  6.35065e-09  6.35059e-09 -6.35206e-09
  300.00 -5.37568  4.23906e-06  4.23905e-06  4.23905e-06  8.80424e-09  8.80354e-09 -8.80487e-09
  300.00 -5.35856  4.18145e-06  4.18145e-06  4.18145e-06  1.18576e-08  1.18564e-08 -1.18577e-08
  300.00 -5.34144  4.08554e-06  4.08554e-06  4.08554e-06  1.54553e-08  1.54536e-08 -1.54550e-08
  300.00 -5.32432  3.94193e-06  3.94193e-06  3.94193e-06  1.94304e-08  1.94283e-08 -1.94299e-08
  300.00 -5.30721  3.73959e-06  3.73958e-06  3.73959e-06  2.35148e-08  2.35124e-08 -2.35139e-08
  300.00 -5.29009  3.46775e-06  3.46775e-06  3.46776e-06  2.73675e-08  2.73647e-08 -2.73663e-08
  300.00 -5.27297  3.11840e-06  3.11840e-06  3.11840e-06  3.06159e-08  3.06129e-08 -3.06143e-08
  300.00 -5.25586  2.68822e-06  2.68822e-06  2.68822e-06  3.28969e-08  3.28936e-08 -3.28947e-08
  300.00 -5.23874  2.17977e-06  2.17977e-06  2.17977e-06  3.38888e-08  3.38855e-08 -3.38861e-08
  300.00 -5.22162  1.60123e-06  1.60123e-06  1.60123e-06  3.33336e-08  3.33304e-08 -3.33305e-08
  300.00 -5.20450  9.65262e-07  9.65263e-07  9.65264e-07  3.10564e-08  3.10533e-08 -3.10528e-08
  300.00 -5.18739  2.87636e-07  2.87638e-07  2.87639e-07  2.69911e-08  2.69884e-08 -2.69873e-08
  300.00 -5.17027 -4.13534e-07 -4.13532e-07 -4.13530e-07  2.12213e-08  2.12190e-08 -2.12173e-08
  300.00 -5.15315 -1.11720e-06 -1.11720e-06 -1.11720e-06  1.40253e-08  1.40234e-08 -1.40214e-08
  300.00 -5.13604 -1.79745e-06 -1.79745e-06 -1.79744e-06  5.90136e-09  5.90004e-09 -5.89771e-09
  300.00 -5.11892 -2.42127e-06 -2.42126e-06 -2.42126e-06 -2.46829e-09 -2.46895e-09  2.47142e-09
  300.00 -5.10180 -2.94833e-06 -2.94832e-06 -2.94832e-06 -1.03508e-08 -1.03507e-08  1.03532e-08
  300.00 -5.08468 -3.33566e-06 -3.33566e-06 -3.33565e-06 -1.71930e-08 -1.71921e-08  1.71945e-08
  300.00 -5.06757 -3.54823e-06 -3.54823e-06 -3.54822e-06 -2.28533e-08 -2.28516e-08  2.28539e-08
  300.00 -5.05045 -3.57131e-06 -3.57130e-06 -3.57130e-06 -2.76450e-08 -2.76427e-08  2.76447e-08
  300.00 -5.03333 -3.41713e-06 -3.41713e-06 -3.41713e-06 -3.20716e-08 -3.20688e-08  3.20707e-08
  300.00 -5.01622 -3.12147e-06 -3.12146e-06 -3.12146e-06 -3.64251e-08 -3.64222e-08  3.64237e-08
  300.00 -4.99910 -2.73337e-06 -2.73337e-06 -2.73337e-06 -4.05881e-08 -4.05851e-08  4.05862e-08
  300.00 -4.98198 -2.30467e-06 -2.30467e-06 -2.30467e-06 -4.41575e-08 -4.41545e-08  4.41551e-08
  300.00 -4.96486 -1.88210e-06 -1.88210e-06 -1.88210e-06 -4.67040e-08 -4.67011e-08  4.67013e-08
  300.00 -4.94775 -1.50178e-06 -1.50178e-06 -1.50178e-06 -4.79665e-08 -4.79639e-08  4.79636e-08
  300.00 -4.93063 -1.18620e-06 -1.18620e-06 -1.18620e-06 -4.79222e-08 -4.79200e-08  4.79193e-08
  300.00 -4.91351 -9.45102e-07 -9.45102e-07 -9.45101e-07 -4.67386e-08 -4.67369e-08  4.67360e-08
  300.00 -4.89640 -7.80532e-07 -7.80532e-07 -7.80531e-07 -4.46207e-08 -4.46196e-08  4.46187e-08
  300.00 -4.87928 -6.92584e-07 -6.92584e-07 -6.92582e-07 -4.16146e-08 -4.16141e-08  4.16133e-08
  300.00 -4.86216 -6.81634e-07 -6.81634e-07 -6.81632e-07 -3.74884e-08 -3.74884e-08  3.74878e-08
  300.00 -4.84505 -7.46697e-07 -7.46698e-07 -7.46697e-07 -3.18012e-08 -3.18016e-08  3.18013e-08
  300.00 -4.82793 -8.83522e-07 -8.83522e-07 -8.83522e-07 -2.41515e-08 -2.41520e-08  2.41521e-08
  300.00 -4.81081 -1.08528e-06 -1.08528e-06 -1.08528e-06 -1.44518e-08 -1.44524e-08  1.44526e-08
  300.00 -4.79369 -1.34456e-06 -1.34456e-06 -1.34456e-06 -3.05951e-09 -3.06002e-09  3.06043e-09
  300.00 -4.77658 -1.65359e-06 -1.65359e-06 -1.65359e-06  9.28103e-09  9.28060e-09 -9.28013e-09
  300.00 -4.75946 -2.00180e-06 -2.00180e-06 -2.00180e-06  2.16070e-08  2.16066e-08 -2.16062e-08
  300.00 -4.74234 -2.37327e-06 -2.37327e-06 -2.37327e-06  3.29281e-08  3.29278e-08 -3.29275e-08
  300.00 -4.72523 -2.74718e-06 -2.74718e-06 -2.74718e-06  4.24068e-08  4.24065e-08 -4.24064e-08
  300.00 -4.70811 -3.10200e-06 -3.10200e-06 -3.10200e-06  4.95095e-08  4.95092e-08 -4.95093e-08
  300.00 -4.69099 -3.42114e-06 -3.42114e-06 -3.42114e-06  5.40688e-08  5.40684e-08 -5.40688e-08
  300.00 -4.67387 -3.69703e-06 -3.69704e-06 -3.69704e-06  5.61764e-08  5.61761e-08 -5.61767e-08
  300.00 -4.65676 -3.93172e-06 -3.93173e-06 -3.93173e-06  5.59841e-08  5.59839e-08 -5.59848e-08
  300.00 -4.63964 -4.13359e-06 -4.13360e-06 -4.13360e-06  5.36485e-08  5.36484e-08 -5.36495e-08
  300.00 -4.62252 -4.31201e-06 -4.31201e-06 -4.31201e-06  4.94283e-08  4.94283e-08 -4.94295e-08
  300.00 -4.60541 -4.47332e-06 -4.47332e-06 -4.47332e-06  4.36642e-08  4.36643e-08 -4.36655e-08
  300.00 -4.58829 -4.62050e-06 -4.62050e-06 -4.62050e-06  3.66321e-08  3.66323e-08 -3.66334e-08
  300.00 -4.57117 -4.75514e-06 -4.75514e-06 -4.75515e-06  2.85234e-08  2.85237e-08 -2.85246e-08
  300.00 -4.55405 -4.87890e-06 -4.87890e-06 -4.87890e-06  1.95931e-08  1.95933e-08 -1.95940e-08
  300.00 -4.53694 -4.99302e-06 -4.99302e-06 -4.99302e-06  1.02949e-08  1.02949e-08 -1.02954e-08
  300.00 -4.51982 -5.09700e-06 -5.09700e-06 -5.09700e-06  1.26415e-09  1.26402e-09 -1.26431e-09
  300.00 -4.50270 -5.18819e-06 -5.18819e-06 -5.18819e-06 -6.84807e-09 -6.84834e-09  6.84826e-09
  300.00 -4.48559 -5.26334e-06 -5.26334e-06 -5.26334e-06 -1.35957e-08 -1.35960e-08  1.35961e-08
  300.00 -4.46847 -5.32122e-06 -5.32122e-06 -5.32122e-06 -1.88752e-08 -1.88756e-08  1.88759e-08
  300.00 -4.45135 -5.36427e-06 -5.36427e-06 -5.36427e-06 -2.28774e-08 -2.28776e-08  2.28781e-08
  300.00 -4.43423 -5.39775e-06 -5.39775e-06 -5.39775e-06 -2.58750e-08 -2.58751e-08  2.58757e-08
  300.00 -4.41712 -5.42660e-06 -5.42660e-06 -5.42660e-06 -2.80123e-08 -2.80123e-08  2.80130e-08
  300.00 -4.40000 -5.45216e-06 -5.45216e-06 -5.45216e-06 -2.92551e-08 -2.92549e-08  2.92557e-08
  300.00 -4.38288 -5.47071e-06 -5.47071e-06 -5.47071e-06 -2.95036e-08 -2.95033e-08  2.95042e-08
  300.00 -4.36577 -5.47466e-06 -5.47466e-06 -5.47466e-06 -2.87346e-08 -2.87342e-08  2.87352e-08
  300.00 -4.34865 -5.45536e-06 -5.45536e-06 -5.45536e-06 -2.70588e-08 -2.70584e-08  2.70594e-08
  300.00 -4.33153 -5.40585e-06 -5.40585e-06 -5.40585e-06 -2.46877e-08 -2.46873e-08  2.46883e-08
  300.00 -4.31441 -5.32280e-06 -5.32279e-06 -5.32280e-06 -2.18680e-08 -2.18677e-08  2.18685e-08
  300.00 -4.29730 -5.20728e-06 -5.20727e-06 -5.20727e-06 -1.88283e-08 -1.88281e-08  1.88288e-08
  300.00 -4.28018 -5.06470e-06 -5.06470e-06 -5.06470e-06 -1.57523e-08 -1.57523e-08  1.57528e-08
  300.00 -4.26306 -4.90355e-06 -4.90355e-06 -4.90355e-06 -1.27741e-08 -1.27743e-08  1.27746e-08
  300.00 -4.24595 -4.73319e-06 -4.73319e-06 -4.73319e-06 -9.98337e-09 -9.98369e-09  9.98382e-09
  300.00 -4.22883 -4.56174e-06 -4.56174e-06 -4.56174e-06 -7.42797e-09 -7.42846e-09  7.42840e-09
  300.00 -4.21171 -4.39541e-06 -4.39541e-06 -4.39541e-06 -5.10469e-09 -5.10532e-09  5.10507e-09
  300.00 -4.19459 -4.23941e-06 -4.23941e-06 -4.23941e-06 -2.94583e-09 -2.94655e-09  2.94614e-09
  300.00 -4.17748 -4.09906e-06 -4.09906e-06 -4.09906e-06 -8.20341e-10 -8.21130e-10  8.20566e-10
  300.00 -4.16036 -3.97966e-06 -3.97966e-06 -3.97966e-06  1.43670e-09  1.43588e-09 -1.43658e-09
  300.00 -4.14324 -3.88485e-06 -3.88485e-06 -3.88484e-06  3.96532e-09  3.96448e-09 -3.96532e-09
  300.00 -4.12613 -3.81490e-06 -3.81490e-06 -3.81489e-06  6.81862e-09  6.81778e-09 -6.81881e-09
  300.00 -4.10901 -3.76630e-06 -3.76630e-06 -3.76630e-06  9.94382e-09  9.94302e-09 -9.94433e-09
  300.00 -4.09189 -3.73315e-06 -3.73315e-06 -3.73315e-06  1.32129e-08  1.32122e-08 -1.32139e-08
  300.00 -4.07477 -3.70953e-06 -3.70953e-06 -3.70952e-06  1.64587e-08  1.64581e-08 -1.64607e-08
  300.00 -4.05766 -3.69134e-06 -3.69134e-06 -3.69134e-06  1.94892e-08  1.94887e-08 -1.94930e-08
  300.00 -4.04054 -3.67696e-06 -3.67696e-06 -3.67695e-06  2.20931e-08  2.20928e-08 -2.20999e-08
  300.00 -4.02342 -3.66651e-06 -3.66651e-06 -3.66651e-06  2.40554e-08  2.40553e-08 -2.40677e-08
  300.00 -4.00631 -3.66035e-06 -3.66035e-06 -3.66035e-06  2.51899e-08  2.51900e-08 -2.52117e-08
  300.00 -3.98919 -3.65700e-06 -3.65700e-06 -3.65700e-06  2.53797e-08  2.53800e-08 -2.54183e-08
  300.00 -3.97207 -3.65101e-06 -3.65101e-06 -3.65100e-06  2.46071e-08  2.46074e-08 -2.46747e-08
  300.00 -3.95495 -3.63214e-06 -3.63214e-06 -3.63214e-06  2.29458e-08  2.29462e-08 -2.30631e-08
  300.00 -3.93784 -3.58745e-06 -3.58745e-06 -3.58745e-06  2.05092e-08  2.05095e-08 -2.07103e-08
  300.00 -3.92072 -3.50669e-06 -3.50669e-06 -3.50669e-06  1.73860e-08  1.73861e-08 -1.77251e-08
  300.00 -3.90360 -3.38906e-06 -3.38906e-06 -3.38905e-06  1.36283e-08  1.36283e-08 -1.41873e-08
  300.00 -3.88649 -3.24687e-06 -3.24687e-06 -3.24686e-06  9.31929e-09  9.31904e-09 -1.02112e-08
  300.00 -3.86937 -3.10312e-06 -3.10312e-06 -3.10311e-06  4.66509e-09  4.66459e-09 -6.02590e-09
  300.00 -3.85225 -2.98378e-06 -2.98378e-06 -2.98377e-06  2.10535e-11  2.03003e-11 -1.97678e-09
  300.00 -3.83514 -2.90923e-06 -2.90923e-06 -2.90922e-06 -4.18452e-09 -4.18551e-09  1.57257e-09
  300.00 -3.81802 -2.88886e-06 -2.88886e-06 -2.88885e-06 -7.58276e-09 -7.58395e-09  4.36292e-09
  300.00 -3.80090 -2.92041e-06 -2.92041e-06 -2.92041e-06 -9.97308e-09 -9.97442e-09  6.29889e-09
  300.00 -3.78378 -2.99292e-06 -2.99291e-06 -2.99290e-06 -1.13420e-08 -1.13434e-08  7.42988e-09
  300.00 -3.76667 -3.09035e-06 -3.09034e-06 -3.09033e-06 -1.17970e-08 -1.17984e-08  7.89526e-09
  300.00 -3.74955 -3.19398e-06 -3.19397e-06 -3.19396e-06 -1.14967e-08 -1.14980e-08  7.86992e-09
  300.00 -3.73243 -3.28429e-06 -3.28428e-06 -3.28427e-06 -1.06268e-08 -1.06280e-08  7.51556e-09
  300.00 -3.71532 -3.34415e-06 -3.34415e-06 -3.34414e-06 -9.38647e-09 -9.38762e-09  6.94515e-09
  300.00 -3.69820 -3.36221e-06 -3.36221e-06 -3.36220e-06 -7.95280e-09 -7.95388e-09  6.22650e-09
  300.00 -3.68108 -3.33383e-06 -3.33384e-06 -3.33383e-06 -6.45383e-09 -6.45487e-09  5.41304e-09
  300.00 -3.66396 -3.25968e-06 -3.25969e-06 -3.25968e-06 -4.97926e-09 -4.98030e-09  4.56126e-09
  300.00 -3.64685 -3.14370e-06 -3.14371e-06 -3.14370e-06 -3.60649e-09 -3.60760e-09  3.73327e-09
  300.00 -3.62973 -2.99203e-06 -2.99203e-06 -2.99202e-06 -2.41217e-09 -2.41340e-09  2.99946e-09
  300.00 -3.61261 -2.81268e-06 -2.81267e-06 -2.81266e-06 -1.47082e-09 -1.47222e-09  2.43689e-09
  300.00 -3.59550 -2.61493e-06 -2.61491e-06 -2.61489e-06 -8.52151e-10 -8.53821e-10  2.12050e-09
  300.00 -3.57838 -2.40759e-06 -2.40757e-06 -2.40755e-06 -6.12827e-10 -6.14895e-10  2.11329e-09
  300.00 -3.56126 -2.19682e-06 -2.19679e-06 -2.19677e-06 -7.74078e-10 -7.76735e-10  2.45241e-09
  300.00 -3.54414 -1.98500e-06 -1.98498e-06 -1.98496e-06 -1.29581e-09 -1.29930e-09  3.12338e-09
  300.00 -3.52703 -1.77220e-06 -1.77218e-06 -1.77216e-06 -2.07069e-09 -2.07528e-09  4.03446e-09
  300.00 -3.50991 -1.55896e-06 -1.55894e-06 -1.55892e-06 -2.94418e-09 -2.95016e-09  5.02089e-09
  300.00 -3.49279 -1.34862e-06 -1.34862e-06 -1.34859e-06 -3.73878e-09 -3.74637e-09  5.88454e-09
  300.00 -3.47568 -1.14779e-06 -1.14780e-06 -1.14778e-06 -4.26924e-09 -4.27858e-09  6.43983e-09
  300.00 -3.45856 -9.64617e-07 -9.64633e-07 -9.64604e-07 -4.38993e-09 -4.40107e-09  6.56430e-09
  300.00 -3.44144 -8.05430e-07 -8.05446e-07 -8.05415e-07 -4.09500e-09 -4.10788e-09  6.27010e-09
  300.00 -3.42432 -6.70855e-07 -6.70869e-07 -6.70836e-07 -3.55756e-09 -3.57196e-09  5.72453e-09
  300.00 -3.40721 -5.52886e-07 -5.52894e-07 -5.52860e-07 -3.00938e-09 -3.02496e-09  5.14289e-09
  300.00 -3.39009 -4.35627e-07 -4.35625e-07 -4.35591e-07 -2.56690e-09 -2.58313e-09  4.62832e-09
  300.00 -3.37297 -3.02918e-07 -3.02904e-07 -3.02871e-07 -2.20000e-09 -2.21625e-09  4.13392e-09
  300.00 -3.35586 -1.51030e-07 -1.51006e-07 -1.50975e-07 -1.87962e-09 -1.89517e-09  3.61031e-09
  300.00 -3.33874  3.96556e-09  3.99159e-09  4.01899e-09 -1.70398e-09 -1.71805e-09  3.15534e-09
  300.00 -3.32162  1.33303e-07  1.33325e-07  1.33348e-07 -1.83792e-09 -1.84974e-09  2.96768e-09
  300.00 -3.30450  2.12090e-07  2.12106e-07  2.12123e-07 -2.34804e-09 -2.35691e-09  3.16469e-09
  300.00 -3.28739  2.30795e-07  2.30805e-07  2.30815e-07 -3.10622e-09 -3.11159e-09  3.65820e-09
  300.00 -3.27027  1.94364e-07  1.94368e-07  1.94370e-07 -3.84949e-09 -3.85102e-09  4.20130e-09
  300.00 -3.25315  1.14535e-07  1.14535e-07  1.14530e-07 -4.33440e-09 -4.33199e-09  4.54673e-09
  300.00 -3.23604  4.05637e-09  4.05298e-09  4.03977e-09 -4.43372e-09 -4.42752e-09  4.55429e-09
  300.00 -3.21892 -1.25286e-07 -1.25293e-07 -1.25313e-07 -4.12426e-09 -4.11467e-09  4.18674e-09
  300.00 -3.20180 -2.63770e-07 -2.63778e-07 -2.63804e-07 -3.43232e-09 -3.41993e-09  3.45904e-09
  300.00 -3.18468 -4.05209e-07 -4.05219e-07 -4.05250e-07 -2.39708e-09 -2.38262e-09  2.40235e-09
  300.00 -3.16757 -5.47642e-07 -5.47654e-07 -5.47687e-07 -1.05919e-09 -1.04347e-09  1.05209e-09
  300.00 -3.15045 -6.92396e-07 -6.92408e-07 -6.92443e-07  5.42372e-10  5.58580e-10 -5.56115e-10
  300.00 -3.13333 -8.41962e-07 -8.41974e-07 -8.42010e-07  2.37613e-09  2.39210e-09 -2.39287e-09
  300.00 -3.11622 -9.97621e-07 -9.97633e-07 -9.97668e-07  4.41898e-09  4.43413e-09 -4.43642e-09
  300.00 -3.09910 -1.15754e-06 -1.15755e-06 -1.15758e-06  6.63598e-09  6.64986e-09 -6.65271e-09
  300.00 -3.08198 -1.31584e-06 -1.31585e-06 -1.31588e-06  8.93426e-09  8.94661e-09 -8.94948e-09
  300.00 -3.06486 -1.46310e-06 -1.46311e-06 -1.46314e-06  1.11139e-08  1.11246e-08 -1.11272e-08
  300.00 -3.04775 -1.58878e-06 -1.58879e-06 -1.58881e-06  1.28609e-08  1.28700e-08 -1.28723e-08
  300.00 -3.03063 -1.68548e-06 -1.68548e-06 -1.68551e-06  1.38227e-08  1.38303e-08 -1.38323e-08
  300.00 -3.01351 -1.75317e-06 -1.75318e-06 -1.75320e-06  1.37650e-08  1.37713e-08 -1.37729e-08
  300.00 -2.99640 -1.80006e-06 -1.80007e-06 -1.80009e-06  1.27332e-08  1.27384e-08 -1.27396e-08
  300.00 -2.97928 -1.83791e-06 -1.83792e-06 -1.83794e-06  1.10794e-08  1.10837e-08 -1.10847e-08
  300.00 -2.96216 -1.87435e-06 -1.87436e-06 -1.87437e-06  9.28324e-09  9.28671e-09 -9.28751e-09
  300.00 -2.94505 -1.90766e-06 -1.90766e-06 -1.90768e-06  7.70582e-09  7.70865e-09 -7.70929e-09
  300.00 -2.92793 -1.92790e-06 -1.92790e-06 -1.92792e-06  6.47193e-09  6.47423e-09 -6.47477e-09
  300.00 -2.91081 -1.92278e-06 -1.92279e-06 -1.92280e-06  5.51088e-09  5.51274e-09 -5.51320e-09
  300.00 -2.89369 -1.88371e-06 -1.88371e-06 -1.88373e-06  4.66864e-09  4.67016e-09 -4.67057e-09
  300.00 -2.87658 -1.80870e-06 -1.80870e-06 -1.80871e-06  3.80515e-09  3.80640e-09 -3.80678e-09
  300.00 -2.85946 -1.70193e-06 -1.70193e-06 -1.70194e-06  2.83963e-09  2.84066e-09 -2.84102e-09
  300.00 -2.84234 -1.57150e-06 -1.57151e-06 -1.57152e-06  1.75171e-09  1.75259e-09 -1.75292e-09
  300.00 -2.82523 -1.42688e-06 -1.42688e-06 -1.42689e-06  5.63047e-10  5.63788e-10 -5.64105e-10
  300.00 -2.80811 -1.27693e-06 -1.27693e-06 -1.27694e-06 -6.82285e-10 -6.81650e-10  6.81348e-10
  300.00 -2.79099 -1.12876e-06 -1.12877e-06 -1.12878e-06 -1.93176e-09 -1.93121e-09  1.93092e-09
  300.00 -2.77387 -9.87330e-07 -9.87333e-07 -9.87340e-07 -3.13319e-09 -3.13270e-09  3.13243e-09
  300.00 -2.75676 -8.55510e-07 -8.55513e-07 -8.55519e-07 -4.24012e-09 -4.23968e-09  4.23943e-09
  300.00 -2.73964 -7.34612e-07 -7.34614e-07 -7.34620e-07 -5.21531e-09 -5.21491e-09  5.21467e-09
  300.00 -2.72252 -6.24993e-07 -6.24995e-07 -6.25000e-07 -6.03286e-09 -6.03250e-09  6.03226e-09
  300.00 -2.70541 -5.26679e-07 -5.26682e-07 -5.26686e-07 -6.67930e-09 -6.67895e-09  6.67873e-09
  300.00 -2.68829 -4.39815e-07 -4.39817e-07 -4.39821e-07 -7.15326e-09 -7.15292e-09  7.15271e-09
  300.00 -2.67117 -3.64834e-07 -3.64836e-07 -3.64840e-07 -7.46326e-09 -7.46292e-09  7.46272e-09
  300.00 -2.65405 -3.02337e-07 -3.02338e-07 -3.02342e-07 -7.62280e-09 -7.62247e-09  7.62226e-09
  300.00 -2.63694 -2.52754e-07 -2.52755e-07 -2.52758e-07 -7.64350e-09 -7.64316e-09  7.64296e-09
  300.00 -2.61982 -2.16108e-07 -2.16109e-07 -2.16112e-07 -7.52947e-09 -7.52914e-09  7.52893e-09
  300.00 -2.60270 -1.92267e-07 -1.92269e-07 -1.92271e-07 -7.27838e-09 -7.27805e-09  7.27781e-09
  300.00 -2.58559 -1.81855e-07 -1.81856e-07 -1.81858e-07 -6.89117e-09 -6.89083e-09  6.89056e-09
  300.00 -2.56847 -1.87212e-07 -1.87213e-07 -1.87215e-07 -6.38370e-09 -6.38337e-09  6.38302e-09
  300.00 -2.55135 -2.12302e-07 -2.12302e-07 -2.12304e-07 -5.78795e-09 -5.78763e-09  5.78717e-09
  300.00 -2.53423 -2.61042e-07 -2.61043e-07 -2.61044e-07 -5.13981e-09 -5.13951e-09  5.13888e-09
  300.00 -2.51712 -3.35119e-07 -3.35120e-07 -3.35121e-07 -4.46644e-09 -4.46617e-09  4.46526e-09
  300.00 -2.50000 -4.32929e-07 -4.32929e-07 -4.32930e-07 -3.78704e-09 -3.78681e-09  3.78549e-09
  300.00 -2.48288 -5.50187e-07 -5.50188e-07 -5.50188e-07 -3.12520e-09 -3.12502e-09  3.12306e-09
  300.00 -2.46577 -6.81298e-07 -6.81298e-07 -6.81299e-07 -2.51915e-09 -2.51902e-09  2.51607e-09
  300.00 -2.44865 -8.20312e-07 -8.20312e-07 -8.20313e-07 -2.01992e-09 -2.01984e-09  2.01540e-09
  300.00 -2.43153 -9.61119e-07 -9.61119e-07 -9.61120e-07 -1.67783e-09 -1.67779e-09  1.67109e-09
  300.00 -2.41441 -1.09721e-06 -1.09721e-06 -1.09721e-06 -1.52434e-09 -1.52435e-09  1.51425e-09
  300.00 -2.39730 -1.22148e-06 -1.22148e-06 -1.22148e-06 -1.55715e-09 -1.55719e-09  1.54204e-09
  300.00 -2.38018 -1.32639e-06 -1.32638e-06 -1.32638e-06 -1.73448e-09 -1.73456e-09  1.71190e-09
  300.00 -2.36306 -1.40446e-06 -1.40446e-06 -1.40446e-06 -1.98306e-09 -1.98317e-09  1.94942e-09
  300.00 -2.34595 -1.44956e-06 -1.44956e-06 -1.44956e-06 -2.22277e-09 -2.22290e-09  2.17289e-09
  300.00 -2.32883 -1.45860e-06 -1.45860e-06 -1.45860e-06 -2.40278e-09 -2.40294e-09  2.32912e-09
  300.00 -2.31171 -1.43284e-06 -1.43284e-06 -1.43284e-06 -2.52618e-09 -2.52635e-09  2.41782e-09
  300.00 -2.29459 -1.37729e-06 -1.37728e-06 -1.37728e-06 -2.63706e-09 -2.63722e-09  2.47825e-09
  300.00 -2.27748 -1.29832e-06 -1.29832e-06 -1.29832e-06 -2.77704e-09 -2.77718e-09  2.54508e-09
  300.00 -2.26036 -1.20168e-06 -1.20168e-06 -1.20168e-06 -2.95223e-09 -2.95232e-09  2.61447e-09
  300.00 -2.24324 -1.09232e-06 -1.09232e-06 -1.09232e-06 -3.13752e-09 -3.13756e-09  2.64719e-09
  300.00 -2.22613 -9.75493e-07 -9.75494e-07 -9.75494e-07 -3.30459e-09 -3.30457e-09  2.59475e-09
  300.00 -2.20901 -8.57589e-07 -8.57591e-07 -8.57591e-07 -3.44635e-09 -3.44627e-09  2.42158e-09
  300.00 -2.19189 -7.45645e-07 -7.45647e-07 -7.45647e-07 -3.58669e-09 -3.58654e-09  2.11140e-09
  300.00 -2.17477 -6.45983e-07 -6.45986e-07 -6.45986e-07 -3.77898e-09 -3.77878e-09  1.66142e-09
  300.00 -2.15766 -5.62949e-07 -5.62953e-07 -5.62953e-07 -4.10015e-09 -4.09991e-09  1.07069e-09
  300.00 -2.14054 -4.98685e-07 -4.98690e-07 -4.98690e-07 -4.64515e-09 -4.64489e-09  3.27292e-10
  300.00 -2.12342 -4.54089e-07 -4.54094e-07 -4.54095e-07 -5.52395e-09 -5.52368e-09 -6.03314e-10
  300.00 -2.10631 -4.30121e-07 -4.30128e-07 -4.30128e-07 -6.86161e-09 -6.86135e-09 -1.78794e-09
  300.00 -2.08919 -4.28044e-07 -4.28052e-07 -4.28053e-07 -8.80023e-09 -8.80000e-09 -3.33342e-09
  300.00 -2.07207 -4.47397e-07 -4.47407e-07 -4.47407e-07 -1.15007e-08 -1.15005e-08 -5.39261e-09
  300.00 -2.05495 -4.81799e-07 -4.81810e-07 -4.81810e-07 -1.51425e-08 -1.51423e-08 -8.16762e-09
  300.00 -2.03784 -5.14798e-07 -5.14811e-07 -5.14811e-07 -1.99227e-08 -1.99226e-08 -1.19068e-08
  300.00 -2.02072 -5.19796e-07 -5.19811e-07 -5.19811e-07 -2.60565e-08 -2.60565e-08 -1.68897e-08
  300.00 -2.00360 -4.67346e-07 -4.67364e-07 -4.67364e-07 -3.37763e-08 -3.37763e-08 -2.33973e-08
  300.00 -1.98649 -3.38452e-07 -3.38473e-07 -3.38473e-07 -4.33148e-08 -4.33148e-08 -3.16760e-08
  300.00 -1.96937 -1.36456e-07 -1.36481e-07 -1.36481e-07 -5.48490e-08 -5.48491e-08 -4.19037e-08
  300.00 -1.95225  1.11355e-07  1.11326e-07  1.11326e-07 -6.84041e-08 -6.84042e-08 -5.41548e-08
  300.00 -1.93514  3.65325e-07  3.65289e-07  3.65289e-07 -8.37488e-08 -8.37489e-08 -6.83395e-08
  300.00 -1.91802  5.91171e-07  5.91128e-07  5.91128e-07 -1.00329e-07 -1.00329e-07 -8.41085e-08
  300.00 -1.90090  7.71635e-07  7.71585e-07  7.71585e-07 -1.17252e-07 -1.17252e-07 -1.00760e-07
  300.00 -1.88378  9.05784e-07  9.05726e-07  9.05726e-07 -1.33297e-07 -1.33297e-07 -1.17201e-07
  300.00 -1.86667  1.00064e-06  1.00058e-06  1.00058e-06 -1.46959e-07 -1.46959e-07 -1.31999e-07
  300.00 -1.84955  1.06356e-06  1.06349e-06  1.06349e-06 -1.56545e-07 -1.56545e-07 -1.43490e-07
  300.00 -1.83243  1.09921e-06  1.09915e-06  1.09915e-06 -1.60345e-07 -1.60345e-07 -1.49962e-07
  300.00 -1.81532  1.11016e-06  1.11012e-06  1.11012e-06 -1.56868e-07 -1.56868e-07 -1.49872e-07
  300.00 -1.79820  1.09839e-06  1.09838e-06  1.09838e-06 -1.45103e-07 -1.45103e-07 -1.42104e-07
  300.00 -1.78108  1.06618e-06  1.06621e-06  1.06621e-06 -1.24762e-07 -1.24762e-07 -1.26207e-07
  300.00 -1.76396  1.01645e-06  1.01653e-06  1.01653e-06 -9.64473e-08 -9.64472e-08 -1.02577e-07
  300.00 -1.74685  9.52883e-07  9.53015e-07  9.53015e-07 -6.17075e-08 -6.17073e-08 -7.25335e-08
  300.00 -1.72973  8.80350e-07  8.80533e-07  8.80533e-07 -2.29603e-08 -2.29601e-08 -3.82675e-08
  300.00 -1.71261  8.05187e-07  8.05406e-07  8.05406e-07  1.66817e-08  1.66819e-08 -2.68345e-09
  300.00 -1.69550  7.34891e-07  7.35124e-07  7.35124e-07  5.36456e-08  5.36458e-08  3.08217e-08
  300.00 -1.67838  6.76643e-07  6.76863e-07  6.76863e-07  8.42568e-08  8.42570e-08  5.87050e-08
  300.00 -1.66126  6.34771e-07  6.34950e-07  6.34950e-07  1.05435e-07  1.05435e-07  7.79604e-08
  300.00 -1.64414  6.08688e-07  6.08807e-07  6.08807e-07  1.15698e-07  1.15698e-07  8.71202e-08
  300.00 -1.62703  5.93145e-07  5.93191e-07  5.93190e-07  1.15802e-07  1.15802e-07  8.69084e-08
  300.00 -1.60991  5.80623e-07  5.80592e-07  5.80592e-07  1.08325e-07  1.08325e-07  7.98487e-08
  300.00 -1.59279  5.64072e-07  5.63969e-07  5.63969e-07  9.64719e-08  9.64719e-08  6.90800e-08
  300.00 -1.57568  5.38697e-07  5.38531e-07  5.38531e-07  8.30130e-08  8.30130e-08  5.72905e-08
  300.00 -1.55856  5.02601e-07  5.02387e-07  5.02386e-07  6.98599e-08  6.98599e-08  4.62844e-08
  300.00 -1.54144  4.56469e-07  4.56226e-07  4.56226e-07  5.81256e-08  5.81256e-08  3.70513e-08
  300.00 -1.52432  4.02625e-07  4.02378e-07  4.02378e-07  4.83351e-08  4.83350e-08  2.99895e-08
  300.00 -1.50721  3.44053e-07  3.43829e-07  3.43829e-07  4.05851e-08  4.05850e-08  2.50774e-08
  300.00 -1.49009  2.83901e-07  2.83720e-07  2.83720e-07  3.46426e-08  3.46425e-08  2.19766e-08
  300.00 -1.47297  2.25442e-07  2.25315e-07  2.25315e-07  3.00582e-08  3.00580e-08  2.01498e-08
  300.00 -1.45586  1.72131e-07  1.72055e-07  1.72055e-07  2.63324e-08  2.63323e-08  1.90310e-08
  300.00 -1.43874  1.27366e-07  1.27327e-07  1.27328e-07  2.30795e-08  2.30794e-08  1.81947e-08
  300.00 -1.42162  9.39192e-08  9.39065e-08  9.39067e-08  2.01019e-08  2.01018e-08  1.74303e-08
  300.00 -1.40450  7.33354e-08  7.33383e-08  7.33385e-08  1.73539e-08  1.73538e-08  1.67004e-08
  300.00 -1.38739  6.56243e-08  6.56371e-08  6.56373e-08  1.48544e-08  1.48543e-08  1.60442e-08
  300.00 -1.37027  6.94212e-08  6.94409e-08  6.94411e-08  1.26196e-08  1.26195e-08  1.55009e-08
  300.00 -1.35315  8.24913e-08  8.25161e-08  8.25163e-08  1.06442e-08  1.06441e-08  1.50856e-08
  300.00 -1.33604  1.02318e-07  1.02348e-07  1.02348e-07  8.91721e-09  8.91704e-09  1.48024e-08
  300.00 -1.31892  1.26527e-07  1.26567e-07  1.26568e-07  7.44286e-09  7.44268e-09  1.46647e-08
  300.00 -1.30180  1.53025e-07  1.53089e-07  1.53089e-07  6.23607e-09  6.23587e-09  1.46902e-08
  300.00 -1.28468  1.79880e-07  1.79978e-07  1.79979e-07  5.28101e-09  5.28080e-09  1.48553e-08
  300.00 -1.26757  2.05097e-07  2.05228e-07  2.05228e-07  4.50287e-09  4.50264e-09  1.50660e-08
  300.00 -1.25045  2.26482e-07  2.26630e-07  2.26630e-07  3.81406e-09  3.81381e-09  1.52091e-08
  300.00 -1.23333  2.41662e-07  2.41804e-07  2.41804e-07  3.18434e-09  3.18407e-09  1.52314e-08
  300.00 -1.21622  2.48198e-07  2.48318e-07  2.48319e-07  2.64329e-09  2.64300e-09  1.51430e-08
  300.00 -1.19910  2.43817e-07  2.43911e-07  2.43911e-07  2.23404e-09  2.23374e-09  1.49682e-08
  300.00 -1.18198  2.26754e-07  2.26821e-07  2.26821e-07  1.98330e-09  1.98300e-09  1.47135e-08
  300.00 -1.16486  1.96117e-07  1.96160e-07  1.96160e-07  1.90003e-09  1.89973e-09  1.43683e-08
  300.00 -1.14775  1.52182e-07  1.52205e-07  1.52205e-07  1.98373e-09  1.98343e-09  1.39148e-08
  300.00 -1.13063  9.65421e-08  9.65483e-08  9.65485e-08  2.23114e-09  2.23086e-09  1.33366e-08
  300.00 -1.11351  3.20658e-08  3.20585e-08  3.20587e-08  2.64048e-09  2.64022e-09  1.26233e-08
  300.00 -1.09640 -3.73244e-08 -3.73416e-08 -3.73414e-08  3.21496e-09  3.21474e-09  1.17747e-08
  300.00 -1.07928 -1.07032e-07 -1.07055e-07 -1.07055e-07  3.96476e-09  3.96458e-09  1.08031e-08
  300.00 -1.06216 -1.72276e-07 -1.72300e-07 -1.72300e-07  4.90011e-09  4.89997e-09  9.72678e-09
  300.00 -1.04505 -2.28632e-07 -2.28653e-07 -2.28653e-07  6.01150e-09  6.01141e-09  8.55046e-09
  300.00 -1.02793 -2.72534e-07 -2.72549e-07 -2.72549e-07  7.25995e-09  7.25991e-09  7.25655e-09
  300.00 -1.01081 -3.01651e-07 -3.01660e-07 -3.01660e-07  8.60121e-09  8.60123e-09  5.83083e-09
  300.00 -0.99369 -3.15128e-07 -3.15132e-07 -3.15132e-07  1.00104e-08  1.00105e-08  4.28834e-09
  300.00 -0.97658 -3.13696e-07 -3.13695e-07 -3.13695e-07  1.14733e-08  1.14734e-08  2.66447e-09
  300.00 -0.95946 -2.99610e-07 -2.99603e-07 -2.99603e-07  1.29678e-08  1.29679e-08  9.95571e-10
  300.00 -0.94234 -2.76405e-07 -2.76392e-07 -2.76392e-07  1.44584e-08  1.44586e-08 -6.87319e-10
  300.00 -0.92523 -2.48500e-07 -2.48483e-07 -2.48483e-07  1.58995e-08  1.58998e-08 -2.35597e-09
  300.00 -0.90811 -2.20691e-07 -2.20670e-07 -2.20670e-07  1.72401e-08  1.72403e-08 -3.98096e-09
  300.00 -0.89099 -1.97586e-07 -1.97561e-07 -1.97561e-07  1.84289e-08  1.84292e-08 -5.52710e-09
  300.00 -0.87387 -1.83042e-07 -1.83017e-07 -1.83017e-07  1.94245e-08  1.94248e-08 -6.94570e-09
  300.00 -0.85676 -1.79683e-07 -1.79657e-07 -1.79657e-07  2.02093e-08  2.02096e-08 -8.16217e-09
  300.00 -0.83964 -1.88544e-07 -1.88516e-07 -1.88516e-07  2.08030e-08  2.08033e-08 -9.06733e-09
  300.00 -0.82252 -2.08954e-07 -2.08921e-07 -2.08921e-07  2.12468e-08  2.12470e-08 -9.53845e-09
  300.00 -0.80541 -2.38694e-07 -2.38651e-07 -2.38651e-07  2.15426e-08  2.15429e-08 -9.50802e-09
  300.00 -0.78829 -2.74385e-07 -2.74330e-07 -2.74330e-07  2.15973e-08  2.15976e-08 -9.02709e-09
  300.00 -0.77117 -3.11969e-07 -3.11908e-07 -3.11908e-07  2.12644e-08  2.12646e-08 -8.22742e-09
  300.00 -0.75405 -3.47256e-07 -3.47196e-07 -3.47196e-07  2.04609e-08  2.04611e-08 -7.20600e-09
  300.00 -0.73694 -3.76529e-07 -3.76479e-07 -3.76479e-07  1.92196e-08  1.92197e-08 -5.97287e-09
  300.00 -0.71982 -3.97167e-07 -3.97131e-07 -3.97131e-07  1.76366e-08  1.76368e-08 -4.50368e-09
  300.00 -0.70270 -4.08062e-07 -4.08042e-07 -4.08042e-07  1.58038e-08  1.58040e-08 -2.80585e-09
  300.00 -0.68559 -4.09722e-07 -4.09717e-07 -4.09717e-07  1.37861e-08  1.37863e-08 -9.36813e-10
  300.00 -0.66847 -4.04024e-07 -4.04035e-07 -4.04035e-07  1.16317e-08  1.16319e-08  1.01287e-09
  300.00 -0.65135 -3.93693e-07 -3.93718e-07 -3.93718e-07  9.39040e-09  9.39057e-09  2.94618e-09
  300.00 -0.63423 -3.81584e-07 -3.81623e-07 -3.81623e-07  7.13183e-09  7.13201e-09  4.78866e-09
  300.00 -0.61712 -3.69911e-07 -3.69961e-07 -3.69960e-07  4.96387e-09  4.96406e-09  6.51753e-09
  300.00 -0.60000 -3.59567e-07 -3.59624e-07 -3.59624e-07  3.03430e-09  3.03451e-09  8.17435e-09
  300.00 -0.58288 -3.49740e-07 -3.49799e-07 -3.49799e-07  1.48636e-09  1.48659e-09  9.82899e-09
  300.00 -0.56577 -3.37920e-07 -3.37975e-07 -3.37975e-07  3.67954e-10  3.68208e-10  1.14931e-08
  300.00 -0.54865 -3.20297e-07 -3.20346e-07 -3.20345e-07 -4.25793e-10 -4.25522e-10  1.30627e-08
  300.00 -0.53153 -2.92453e-07 -2.92495e-07 -2.92495e-07 -1.08749e-09 -1.08721e-09  1.43788e-08
  300.00 -0.51441 -2.50291e-07 -2.50329e-07 -2.50328e-07 -1.75870e-09 -1.75841e-09  1.53588e-08
  300.00 -0.49730 -1.91159e-07 -1.91195e-07 -1.91195e-07 -2.46520e-09 -2.46493e-09  1.60513e-08
  300.00 -0.48018 -1.14922e-07 -1.14959e-07 -1.14959e-07 -3.16947e-09 -3.16922e-09  1.65710e-08
  300.00 -0.46306 -2.45335e-08 -2.45736e-08 -2.45734e-08 -3.84818e-09 -3.84796e-09  1.70106e-08
  300.00 -0.44595  7.43406e-08  7.42978e-08  7.42979e-08 -4.51631e-09 -4.51613e-09  1.74055e-08
  300.00 -0.42883  1.74866e-07  1.74821e-07  1.74821e-07 -5.19832e-09 -5.19821e-09  1.77532e-08
  300.00 -0.41171  2.71569e-07  2.71525e-07  2.71525e-07 -5.87888e-09 -5.87884e-09  1.80509e-08
  300.00 -0.39459  3.63134e-07  3.63096e-07  3.63096e-07 -6.46491e-09 -6.46495e-09  1.83239e-08
  300.00 -0.37748  4.54237e-07  4.54216e-07  4.54215e-07 -6.79571e-09 -6.79583e-09  1.86105e-08
  300.00 -0.36036  5.55283e-07  5.55289e-07  5.55289e-07 -6.72160e-09 -6.72179e-09  1.88944e-08
  300.00 -0.34324  6.79849e-07  6.79888e-07  6.79888e-07 -6.19628e-09 -6.19654e-09  1.90377e-08
  300.00 -0.32613  8.41125e-07  8.41194e-07  8.41194e-07 -5.27608e-09 -5.27639e-09  1.88168e-08
  300.00 -0.30901  1.04917e-06  1.04926e-06  1.04926e-06 -4.01897e-09 -4.01931e-09  1.80561e-08
  300.00 -0.29189  1.30956e-06  1.30965e-06  1.30965e-06 -2.42032e-09 -2.42068e-09  1.67263e-08
  300.00 -0.27477  1.62233e-06  1.62239e-06  1.62239e-06 -4.72522e-10 -4.72868e-10  1.49344e-08
  300.00 -0.25766  1.98117e-06  1.98120e-06  1.98120e-06  1.74415e-09  1.74382e-09  1.28590e-08
  300.00 -0.24054  2.37496e-06  2.37495e-06  2.37495e-06  4.07104e-09  4.07075e-09  1.06921e-08
  300.00 -0.22342  2.79164e-06  2.79160e-06  2.79159e-06  6.37003e-09  6.36978e-09  8.60791e-09
  300.00 -0.20631  3.22162e-06  3.22155e-06  3.22155e-06  8.58875e-09  8.58854e-09  6.75103e-09
  300.00 -0.18919  3.65930e-06  3.65921e-06  3.65921e-06  1.07321e-08  1.07319e-08  5.21065e-09
  300.00 -0.17207  4.10303e-06  4.10295e-06  4.10294e-06  1.28175e-08  1.28173e-08  3.98922e-09
  300.00 -0.15495  4.55307e-06  4.55299e-06  4.55299e-06  1.49077e-08  1.49076e-08  3.03375e-09
  300.00 -0.13784  5.00757e-06  5.00751e-06  5.00751e-06  1.71679e-08  1.71679e-08  2.30717e-09
  300.00 -0.12072  5.45953e-06  5.45949e-06  5.45949e-06  1.98187e-08  1.98187e-08  1.79389e-09
  300.00 -0.10360  5.89683e-06  5.89681e-06  5.89680e-06  2.29994e-08  2.29994e-08  1.43732e-09
  300.00 -0.08649  6.30439e-06  6.30439e-06  6.30439e-06  2.66526e-08  2.66526e-08  1.09773e-09
  300.00 -0.06937  6.66580e-06  6.66582e-06  6.66582e-06  3.04908e-08  3.04908e-08  5.74233e-10
  300.00 -0.05225  6.96414e-06  6.96417e-06  6.96417e-06  3.40544e-08  3.40544e-08 -3.13930e-10
  300.00 -0.03514  7.18397e-06  7.18401e-06  7.18401e-06  3.68204e-08  3.68204e-08 -1.61816e-09
  300.00 -0.01802  7.31415e-06  7.31419e-06  7.31419e-06  3.82945e-08  3.82945e-08 -3.19216e-09
  300.00 -0.00090  7.34906e-06  7.34909e-06  7.34909e-06  3.81068e-08  3.81067e-08 -4.72767e-09
  300.00  0.01622  7.28746e-06  7.28748e-06  7.28748e-06  3.61409e-08  3.61407e-08 -5.88503e-09
  300.00  0.03333  7.13057e-06  7.13057e-06  7.13057e-06  3.26170e-08  3.26168e-08 -6.43861e-09
  300.00  0.05045  6.88175e-06  6.88175e-06  6.88175e-06  2.80415e-08  2.80413e-08 -6.35357e-09
  300.00  0.06757  6.54816e-06  6.54815e-06  6.54815e-06  2.30434e-08  2.30431e-08 -5.76386e-09
  300.00  0.08468  6.14224e-06  6.14223e-06  6.14223e-06  1.81858e-08  1.81855e-08 -4.87908e-09
  300.00  0.10180  5.68142e-06  5.68142e-06  5.68142e-06  1.38214e-08  1.38211e-08 -3.86604e-09
  300.00  0.11892  5.18608e-06  5.18608e-06  5.18608e-06  1.00302e-08  1.00299e-08 -2.75956e-09
  300.00  0.13604  4.67712e-06  4.67712e-06  4.67712e-06  6.68034e-09  6.68009e-09 -1.47544e-09
  300.00  0.15315  4.17396e-06  4.17396e-06  4.17396e-06  3.60285e-09  3.60262e-09  6.19666e-11
  300.00  0.17027  3.69347e-06  3.69347e-06  3.69347e-06  7.49580e-10  7.49372e-10  1.79503e-09
  300.00  0.18739  3.24956e-06  3.24956e-06  3.24956e-06 -1.79230e-09 -1.79249e-09  3.53793e-09
  300.00  0.20450  2.85288e-06  2.85288e-06  2.85288e-06 -3.91727e-09 -3.91744e-09  5.10204e-09
  300.00  0.22162  2.51006e-06  2.51006e-06  2.51006e-06 -5.63602e-09 -5.63617e-09  6.43235e-09
  300.00  0.23874  2.22345e-06  2.22345e-06  2.22345e-06 -7.11536e-09 -7.11550e-09  7.64581e-09
  300.00  0.25586  1.99253e-06  1.99253e-06  1.99253e-06 -8.57950e-09 -8.57961e-09  8.92986e-09
  300.00  0.27297  1.81571e-06  1.81571e-06  1.81571e-06 -1.01633e-08 -1.01634e-08  1.03929e-08
  300.00  0.29009  1.69067e-06  1.69067e-06  1.69067e-06 -1.18664e-08 -1.18665e-08  1.20157e-08
  300.00  0.30721  1.61190e-06  1.61190e-06  1.61190e-06 -1.36262e-08 -1.36262e-08  1.37226e-08
  300.00  0.32432  1.56526e-06  1.56526e-06  1.56526e-06 -1.54027e-08 -1.54027e-08  1.54645e-08
  300.00  0.34144  1.52148e-06  1.52148e-06  1.52148e-06 -1.72011e-08 -1.72011e-08  1.72405e-08
  300.00  0.35856  1.43461e-06  1.43461e-06  1.43461e-06 -1.90427e-08 -1.90427e-08  1.90676e-08
  300.00  0.37568  1.25214e-06  1.25214e-06  1.25214e-06 -2.09214e-08 -2.09213e-08  2.09371e-08
  300.00  0.39279  9.36579e-07  9.36579e-07  9.36579e-07 -2.27757e-08 -2.27756e-08  2.27855e-08
  300.00  0.40991  4.86397e-07  4.86396e-07  4.86396e-07 -2.44899e-08 -2.44898e-08  2.44959e-08
  300.00  0.42703 -5.89431e-08 -5.89434e-08 -5.89434e-08 -2.59290e-08 -2.59289e-08  2.59326e-08
  300.00  0.44414 -6.34483e-07 -6.34484e-07 -6.34484e-07 -2.69889e-08 -2.69887e-08  2.69909e-08
  300.00  0.46126 -1.17524e-06 -1.17524e-06 -1.17524e-06 -2.76290e-08 -2.76288e-08  2.76301e-08
  300.00  0.47838 -1.63623e-06 -1.63623e-06 -1.63623e-06 -2.78716e-08 -2.78714e-08  2.78721e-08
  300.00  0.49550 -1.99897e-06 -1.99897e-06 -1.99897e-06 -2.77743e-08 -2.77741e-08  2.77744e-08
  300.00  0.51261 -2.26660e-06 -2.26660e-06 -2.26660e-06 -2.74000e-08 -2.73998e-08  2.73999e-08
  300.00  0.52973 -2.45437e-06 -2.45437e-06 -2.45437e-06 -2.67992e-08 -2.67990e-08  2.67990e-08
  300.00  0.54685 -2.58109e-06 -2.58109e-06 -2.58109e-06 -2.60053e-08 -2.60051e-08  2.60050e-08
  300.00  0.56396 -2.66388e-06 -2.66388e-06 -2.66388e-06 -2.50384e-08 -2.50382e-08  2.50381e-08
  300.00  0.58108 -2.71600e-06 -2.71600e-06 -2.71600e-06 -2.39108e-08 -2.39106e-08  2.39104e-08
  300.00  0.59820 -2.74669e-06 -2.74669e-06 -2.74669e-06 -2.26315e-08 -2.26313e-08  2.26312e-08
  300.00  0.61532 -2.76185e-06 -2.76185e-06 -2.76185e-06 -2.12093e-08 -2.12091e-08  2.12090e-08
  300.00  0.63243 -2.76503e-06 -2.76503e-06 -2.76503e-06 -1.96533e-08 -1.96532e-08  1.96531e-08
  300.00  0.64955 -2.75825e-06 -2.75825e-06 -2.75825e-06 -1.79740e-08 -1.79738e-08  1.79738e-08
  300.00  0.66667 -2.74269e-06 -2.74269e-06 -2.74269e-06 -1.61821e-08 -1.61820e-08  1.61819e-08
  300.00  0.68378 -2.71913e-06 -2.71913e-06 -2.71913e-06 -1.42890e-08 -1.42889e-08  1.42888e-08
  300.00  0.70090 -2.68822e-06 -2.68822e-06 -2.68822e-06 -1.23057e-08 -1.23056e-08  1.23056e-08
  300.00  0.71802 -2.65066e-06 -2.65066e-06 -2.65066e-06 -1.02432e-08 -1.02431e-08  1.02432e-08
  300.00  0.73514 -2.60727e-06 -2.60727e-06 -2.60727e-06 -8.11178e-09 -8.11175e-09  8.11182e-09
  300.00  0.75225 -2.55903e-06 -2.55902e-06 -2.55902e-06 -5.92136e-09 -5.92135e-09  5.92145e-09
  300.00  0.76937 -2.50706e-06 -2.50706e-06 -2.50706e-06 -3.68129e-09 -3.68131e-09  3.68144e-09
  300.00  0.78649 -2.45260e-06 -2.45260e-06 -2.45260e-06 -1.40062e-09 -1.40065e-09  1.40082e-09
  300.00  0.80360 -2.39696e-06 -2.39696e-06 -2.39696e-06  9.11825e-10  9.11772e-10 -9.11581e-10
  300.00  0.82072 -2.34145e-06 -2.34145e-06 -2.34145e-06  3.24717e-09  3.24711e-09 -3.24689e-09
  300.00  0.83784 -2.28734e-06 -2.28734e-06 -2.28734e-06  5.59633e-09  5.59625e-09 -5.59600e-09
  300.00  0.85495 -2.23582e-06 -2.23582e-06 -2.23582e-06  7.94975e-09  7.94966e-09 -7.94939e-09
  300.00  0.87207 -2.18792e-06 -2.18792e-06 -2.18792e-06  1.02973e-08  1.02972e-08 -1.02969e-08
  300.00  0.88919 -2.14449e-06 -2.14449e-06 -2.14449e-06  1.26281e-08  1.26280e-08 -1.26277e-08
  300.00  0.90631 -2.10617e-06 -2.10617e-06 -2.10617e-06  1.49305e-08  1.49304e-08 -1.49301e-08
  300.00  0.92342 -2.07337e-06 -2.07337e-06 -2.07337e-06  1.71921e-08  1.71920e-08 -1.71917e-08
  300.00  0.94054 -2.04624e-06 -2.04624e-06 -2.04624e-06  1.93998e-08  1.93997e-08 -1.93994e-08
  300.00  0.95766 -2.02469e-06 -2.02469e-06 -2.02469e-06  2.15400e-08  2.15399e-08 -2.15395e-08
  300.00  0.97477 -2.00840e-06 -2.00840e-06 -2.00840e-06  2.35987e-08  2.35986e-08 -2.35983e-08
  300.00  0.99189 -1.99682e-06 -1.99682e-06 -1.99682e-06  2.55621e-08  2.55620e-08 -2.55617e-08
  300.00  1.00901 -1.98926e-06 -1.98926e-06 -1.98926e-06  2.74165e-08  2.74165e-08 -2.74162e-08
  300.00  1.02613 -1.98484e-06 -1.98484e-06 -1.98484e-06  2.91492e-08  2.91491e-08 -2.91489e-08
  300.00  1.04324 -1.98263e-06 -1.98263e-06 -1.98263e-06  3.07481e-08  3.07481e-08 -3.07478e-08
  300.00  1.06036 -1.98161e-06 -1.98161e-06 -1.98161e-06  3.22027e-08  3.22027e-08 -3.22025e-08
  300.00  1.07748 -1.98078e-06 -1.98078e-06 -1.98078e-06  3.35042e-08  3.35042e-08 -3.35040e-08
  300.00  1.09459 -1.97918e-06 -1.97918e-06 -1.97918e-06  3.46454e-08  3.46454e-08 -3.46453e-08
  300.00  1.11171 -1.97593e-06 -1.97593e-06 -1.97593e-06  3.56212e-08  3.56213e-08 -3.56212e-08
  300.00  1.12883 -1.97028e-06 -1.97028e-06 -1.97028e-06  3.64287e-08  3.64288e-08 -3.64288e-08
  300.00  1.14595 -1.96161e-06 -1.96161e-06 -1.96161e-06  3.70671e-08  3.70672e-08 -3.70672e-08
  300.00  1.16306 -1.94951e-06 -1.94951e-06 -1.94951e-06  3.75374e-08  3.75375e-08 -3.75376e-08
  300.00  1.18018 -1.93372e-06 -1.93372e-06 -1.93372e-06  3.78427e-08  3.78428e-08 -3.78429e-08
  300.00  1.19730 -1.91418e-06 -1.91418e-06 -1.91418e-06  3.79877e-08  3.79879e-08 -3.79880e-08
  300.00  1.21441 -1.89101e-06 -1.89101e-06 -1.89101e-06  3.79786e-08  3.79788e-08 -3.79790e-08
  300.00  1.23153 -1.86450e-06 -1.86450e-06 -1.86450e-06  3.78229e-08  3.78231e-08 -3.78233e-08
  300.00  1.24865 -1.83510e-06 -1.83510e-06 -1.83510e-06  3.75289e-08  3.75291e-08 -3.75294e-08
  300.00  1.26577 -1.80334e-06 -1.80334e-06 -1.80334e-06  3.71058e-08  3.71060e-08 -3.71063e-08
  300.00  1.28288 -1.76989e-06 -1.76989e-06 -1.76989e-06  3.65630e-08  3.65632e-08 -3.65636e-08
  300.00  1.30000 -1.73544e-06 -1.73544e-06 -1.73544e-06  3.59103e-08  3.59106e-08 -3.59109e-08
  300.00  1.31712 -1.70073e-06 -1.70073e-06 -1.70073e-06  3.51575e-08  3.51577e-08 -3.51582e-08
  300.00  1.33423 -1.66645e-06 -1.66645e-06 -1.66645e-06  3.43142e-08  3.43144e-08 -3.43148e-08
  300.00  1.35135 -1.63329e-06 -1.63329e-06 -1.63329e-06  3.33896e-08  3.33898e-08 -3.33903e-08
  300.00  1.36847 -1.60185e-06 -1.60185e-06 -1.60185e-06  3.23927e-08  3.23929e-08 -3.23934e-08
  300.00  1.38559 -1.57262e-06 -1.57262e-06 -1.57262e-06  3.13319e-08  3.13321e-08 -3.13326e-08
  300.00  1.40270 -1.54599e-06 -1.54599e-06 -1.54599e-06  3.02150e-08  3.02151e-08 -3.02156e-08
  300.00  1.41982 -1.52224e-06 -1.52224e-06 -1.52224e-06  2.90491e-08  2.90493e-08 -2.90498e-08
  300.00  1.43694 -1.50149e-06 -1.50149e-06 -1.50149e-06  2.78410e-08  2.78411e-08 -2.78417e-08
  300.00  1.45405 -1.48374e-06 -1.48374e-06 -1.48375e-06  2.65965e-08  2.65966e-08 -2.65971e-08
  300.00  1.47117 -1.46888e-06 -1.46888e-06 -1.46888e-06  2.53208e-08  2.53209e-08 -2.53214e-08
  300.00  1.48829 -1.45665e-06 -1.45665e-06 -1.45665e-06  2.40185e-08  2.40186e-08 -2.40190e-08
  300.00  1.50541 -1.44672e-06 -1.44672e-06 -1.44672e-06  2.26934e-08  2.26934e-08 -2.26939e-08
  300.00  1.52252 -1.43869e-06 -1.43869e-06 -1.43869e-06  2.13487e-08  2.13487e-08 -2.13492e-08
  300.00  1.53964 -1.43208e-06 -1.43208e-06 -1.43208e-06  1.99870e-08  1.99869e-08 -1.99873e-08
  300.00  1.55676 -1.42642e-06 -1.42642e-06 -1.42642e-06  1.86101e-08  1.86100e-08 -1.86104e-08
  300.00  1.57387 -1.42119e-06 -1.42119e-06 -1.42119e-06  1.72194e-08  1.72193e-08 -1.72196e-08
  300.00  1.59099 -1.41593e-06 -1.41593e-06 -1.41594e-06  1.58157e-08  1.58156e-08 -1.58159e-08
  300.00  1.60811 -1.41021e-06 -1.41021e-06 -1.41021e-06  1.43995e-08  1.43994e-08 -1.43996e-08
  300.00  1.62523 -1.40364e-06 -1.40364e-06 -1.40364e-06  1.29709e-08  1.29708e-08 -1.29710e-08
  300.00  1.64234 -1.39592e-06 -1.39592e-06 -1.39592e-06  1.15298e-08  1.15297e-08 -1.15298e-08
  300.00  1.65946 -1.38683e-06 -1.38683e-06 -1.38683e-06  1.00761e-08  1.00759e-08 -1.00760e-08
  300.00  1.67658 -1.37625e-06 -1.37625e-06 -1.37625e-06  8.60957e-09  8.60941e-09 -8.60942e-09
  300.00  1.69369 -1.36413e-06 -1.36413e-06 -1.36413e-06  7.13043e-09  7.13026e-09 -7.13021e-09
  300.00  1.71081 -1.35052e-06 -1.35052e-06 -1.35052e-06  5.63918e-09  5.63900e-09 -5.63889e-09
  300.00  1.72793 -1.33551e-06 -1.33551e-06 -1.33551e-06  4.13681e-09  4.13662e-09 -4.13644e-09
  300.00  1.74505 -1.31930e-06 -1.31930e-06 -1.31930e-06  2.62497e-09  2.62477e-09 -2.62453e-09
  300.00  1.76216 -1.30212e-06 -1.30212e-06 -1.30212e-06  1.10608e-09  1.10587e-09 -1.10557e-09
  300.00  1.77928 -1.28421e-06 -1.28421e-06 -1.28421e-06 -4.16598e-10 -4.16813e-10  4.17172e-10
  300.00  1.79640 -1.26586e-06 -1.26586e-06 -1.26586e-06 -1.93888e-09 -1.93911e-09  1.93952e-09
  300.00  1.81351 -1.24734e-06 -1.24734e-06 -1.24734e-06 -3.45565e-09 -3.45588e-09  3.45635e-09
  300.00  1.83063 -1.22892e-06 -1.22892e-06 -1.22892e-06 -4.96082e-09 -4.96107e-09  4.96159e-09
  300.00  1.84775 -1.21081e-06 -1.21081e-06 -1.21081e-06 -6.44744e-09 -6.44769e-09  6.44826e-09
  300.00  1.86486 -1.19320e-06 -1.19320e-06 -1.19320e-06 -7.90768e-09 -7.90794e-09  7.90856e-09
  300.00  1.88198 -1.17624e-06 -1.17624e-06 -1.17624e-06 -9.33304e-09 -9.33331e-09  9.33397e-09
  300.00  1.89910 -1.16000e-06 -1.16000e-06 -1.16000e-06 -1.07144e-08 -1.07147e-08  1.07154e-08
  300.00  1.91622 -1.14451e-06 -1.14451e-06 -1.14451e-06 -1.20422e-08 -1.20425e-08  1.20433e-08
  300.00  1.93333 -1.12974e-06 -1.12974e-06 -1.12974e-06 -1.33068e-08 -1.33071e-08  1.33079e-08
  300.00  1.95045 -1.11562e-06 -1.11562e-06 -1.11561e-06 -1.44983e-08 -1.44987e-08  1.44994e-08
  300.00  1.96757 -1.10201e-06 -1.10202e-06 -1.10201e-06 -1.56072e-08 -1.56075e-08  1.56083e-08
  300.00  1.98468 -1.08879e-06 -1.08879e-06 -1.08879e-06 -1.66240e-08 -1.66244e-08  1.66252e-08
  300.00  2.00180 -1.07577e-06 -1.07577e-06 -1.07577e-06 -1.75402e-08 -1.75405e-08  1.75414e-08
  300.00  2.01892 -1.06278e-06 -1.06278e-06 -1.06278e-06 -1.83477e-08 -1.83480e-08  1.83489e-08
  300.00  2.03604 -1.04965e-06 -1.04965e-06 -1.04965e-06 -1.90393e-08 -1.90397e-08  1.90405e-08
  300.00  2.05315 -1.03623e-06 -1.03623e-06 -1.03622e-06 -1.96090e-08 -1.96094e-08  1.96102e-08
  300.00  2.07027 -1.02238e-06 -1.02238e-06 -1.02238e-06 -2.00517e-08 -2.00521e-08  2.00529e-08
  300.00  2.08739 -1.00802e-06 -1.00802e-06 -1.00802e-06 -2.03635e-08 -2.03639e-08  2.03647e-08
  300.00  2.10450 -9.93097e-07 -9.93097e-07 -9.93097e-07 -2.05419e-08 -2.05424e-08  2.05431e-08
  300.00  2.12162 -9.77618e-07 -9.77618e-07 -9.77617e-07 -2.05856e-08 -2.05860e-08  2.05868e-08
  300.00  2.13874 -9.61623e-07 -9.61624e-07 -9.61623e-07 -2.04945e-08 -2.04949e-08  2.04956e-08
  300.00  2.15586 -9.45205e-07 -9.45205e-07 -9.45205e-07 -2.02698e-08 -2.02703e-08  2.02710e-08
  300.00  2.17297 -9.28494e-07 -9.28494e-07 -9.28494e-07 -1.99143e-08 -1.99148e-08  1.99154e-08
  300.00  2.19009 -9.11652e-07 -9.11652e-07 -9.11652e-07 -1.94316e-08 -1.94321e-08  1.94327e-08
  300.00  2.20721 -8.94868e-07 -8.94868e-07 -8.94868e-07 -1.88270e-08 -1.88275e-08  1.88281e-08
  300.00  2.22432 -8.78342e-07 -8.78342e-07 -8.78342e-07 -1.81067e-08 -1.81073e-08  1.81078e-08
  300.00  2.24144 -8.62276e-07 -8.62276e-07 -8.62275e-07 -1.72784e-08 -1.72789e-08  1.72794e-08
  300.00  2.25856 -8.46862e-07 -8.46862e-07 -8.46862e-07 -1.63506e-08 -1.63511e-08  1.63516e-08
  300.00  2.27568 -8.32272e-07 -8.32272e-07 -8.32272e-07 -1.53332e-08 -1.53337e-08  1.53341e-08
  300.00  2.29279 -8.18646e-07 -8.18646e-07 -8.18646e-07 -1.42371e-08 -1.42376e-08  1.42380e-08
  300.00  2.30991 -8.06085e-07 -8.06085e-07 -8.06085e-07 -1.30740e-08 -1.30745e-08  1.30749e-08
  300.00  2.32703 -7.94644e-07 -7.94644e-07 -7.94644e-07 -1.18567e-08 -1.18573e-08  1.18575e-08
  300.00  2.34414 -7.84327e-07 -7.84327e-07 -7.84327e-07 -1.05987e-08 -1.05992e-08  1.05994e-08
  300.00  2.36126 -7.75087e-07 -7.75087e-07 -7.75087e-07 -9.31392e-09 -9.31444e-09  9.31461e-09
  300.00  2.37838 -7.66825e-07 -7.66825e-07 -7.66825e-07 -8.01693e-09 -8.01743e-09  8.01756e-09
  300.00  2.39550 -7.59397e-07 -7.59397e-07 -7.59397e-07 -6.72240e-09 -6.72289e-09  6.72297e-09
  300.00  2.41261 -7.52618e-07 -7.52618e-07 -7.52618e-07 -5.44503e-09 -5.44551e-09  5.44554e-09
  300.00  2.42973 -7.46272e-07 -7.46271e-07 -7.46271e-07 -4.19928e-09 -4.19973e-09  4.19972e-09
  300.00  2.44685 -7.40119e-07 -7.40119e-07 -7.40119e-07 -2.99908e-09 -2.99950e-09  2.99944e-09
  300.00  2.46396 -7.33912e-07 -7.33912e-07 -7.33912e-07 -1.85758e-09 -1.85798e-09  1.85787e-09
  300.00  2.48108 -7.27403e-07 -7.27403e-07 -7.27403e-07 -7.86898e-10 -7.87265e-10  7.87118e-10
  300.00  2.49820 -7.20361e-07 -7.20360e-07 -7.20360e-07  2.02158e-10  2.01826e-10 -2.02016e-10
  300.00  2.51532 -7.12576e-07 -7.12575e-07 -7.12575e-07  1.10032e-09  1.10003e-09 -1.10026e-09
  300.00  2.53243 -7.03876e-07 -7.03876e-07 -7.03876e-07  1.90008e-09  1.89983e-09 -1.90010e-09
  300.00  2.54955 -6.94135e-07 -6.94134e-07 -6.94134e-07  2.59585e-09  2.59564e-09 -2.59595e-09
  300.00  2.56667 -6.83272e-07 -6.83272e-07 -6.83272e-07  3.18411e-09  3.18395e-09 -3.18429e-09
  300.00  2.58378 -6.71266e-07 -6.71266e-07 -6.71265e-07  3.66350e-09  3.66338e-09 -3.66376e-09
  300.00  2.60090 -6.58148e-07 -6.58148e-07 -6.58148e-07  4.03486e-09  4.03478e-09 -4.03520e-09
  300.00  2.61802 -6.44007e-07 -6.44007e-07 -6.44006e-07  4.30124e-09  4.30121e-09 -4.30165e-09
  300.00  2.63514 -6.28979e-07 -6.28979e-07 -6.28979e-07  4.46785e-09  4.46787e-09 -4.46833e-09
  300.00  2.65225 -6.13248e-07 -6.13248e-07 -6.13248e-07  4.54197e-09  4.54203e-09 -4.54252e-09
  300.00  2.66937 -5.97032e-07 -5.97032e-07 -5.97032e-07  4.53284e-09  4.53294e-09 -4.53345e-09
  300.00  2.68649 -5.80576e-07 -5.80576e-07 -5.80575e-07  4.45148e-09  4.45162e-09 -4.45215e-09
  300.00  2.70360 -5.64139e-07 -5.64139e-07 -5.64139e-07  4.31052e-09  4.31071e-09 -4.31125e-09
  300.00  2.72072 -5.47984e-07 -5.47984e-07 -5.47984e-07  4.12402e-09  4.12424e-09 -4.12479e-09
  300.00  2.73784 -5.32364e-07 -5.32364e-07 -5.32364e-07  3.90720e-09  3.90746e-09 -3.90801e-09
  300.00  2.75495 -5.17511e-07 -5.17511e-07 -5.17511e-07  3.67627e-09  3.67655e-09 -3.67711e-09
  300.00  2.77207 -5.03625e-07 -5.03625e-07 -5.03624e-07  3.44814e-09  3.44846e-09 -3.44902e-09
  300.00  2.78919 -4.90864e-07 -4.90864e-07 -4.90864e-07  3.24027e-09  3.24061e-09 -3.24116e-09
  300.00  2.80631 -4.79340e-07 -4.79340e-07 -4.79339e-07  3.07036e-09  3.07072e-09 -3.07127e-09
  300.00  2.82342 -4.69108e-07 -4.69108e-07 -4.69107e-07  2.95617e-09  2.95655e-09 -2.95709e-09
  300.00  2.84054 -4.60168e-07 -4.60168e-07 -4.60168e-07  2.91533e-09  2.91572e-09 -2.91624e-09
  300.00  2.85766 -4.52463e-07 -4.52464e-07 -4.52463e-07  2.96508e-09  2.96548e-09 -2.96598e-09
  300.00  2.87477 -4.45881e-07 -4.45881e-07 -4.45881e-07  3.12212e-09  3.12254e-09 -3.12302e-09
  300.00  2.89189 -4.40259e-07 -4.40259e-07 -4.40259e-07  3.40243e-09  3.40286e-09 -3.40332e-09
  300.00  2.90901 -4.35390e-07 -4.35391e-07 -4.35390e-07  3.82108e-09  3.82151e-09 -3.82195e-09
  300.00  2.92613 -4.31035e-07 -4.31035e-07 -4.31035e-07  4.39204e-09  4.39249e-09 -4.39290e-09
  300.00  2.94324 -4.26926e-07 -4.26926e-07 -4.26926e-07  5.12810e-09  5.12855e-09 -5.12893e-09
  300.00  2.96036 -4.22784e-07 -4.22784e-07 -4.22784e-07  6.04063e-09  6.04109e-09 -6.04144e-09
  300.00  2.97748 -4.18326e-07 -4.18326e-07 -4.18326e-07  7.13951e-09  7.13998e-09 -7.14030e-09
  300.00  2.99459 -4.13279e-07 -4.13280e-07 -4.13280e-07  8.43297e-09  8.43345e-09 -8.43374e-09
  300.00  3.01171 -4.07389e-07 -4.07389e-07 -4.07389e-07  9.92747e-09  9.92796e-09 -9.92822e-09
  300.00  3.02883 -4.00429e-07 -4.00429e-07 -4.00429e-07  1.16276e-08  1.16281e-08 -1.16283e-08
  300.00  3.04595 -3.92211e-07 -3.92211e-07 -3.92211e-07  1.35359e-08  1.35364e-08 -1.35366e-08
  300.00  3.06306 -3.82588e-07 -3.82589e-07 -3.82589e-07  1.56528e-08  1.56534e-08 -1.56535e-08
  300.00  3.08018 -3.71463e-07 -3.71463e-07 -3.71463e-07  1.79768e-08  1.79774e-08 -1.79775e-08
  300.00  3.09730 -3.58784e-07 -3.58785e-07 -3.58785e-07  2.05039e-08  2.05045e-08 -2.05046e-08
  300.00  3.11441 -3.44551e-07 -3.44551e-07 -3.44551e-07  2.32279e-08  2.32285e-08 -2.32286e-08
  300.00  3.13153 -3.28807e-07 -3.28808e-07 -3.28808e-07  2.61403e-08  2.61409e-08 -2.61410e-08
  300.00  3.14865 -3.11640e-07 -3.11640e-07 -3.11640e-07  2.92303e-08  2.92310e-08 -2.92310e-08
  300.00  3.16577 -2.93169e-07 -2.93170e-07 -2.93170e-07  3.24849e-08  3.24856e-08 -3.24856e-08
  300.00  3.18288 -2.73547e-07 -2.73547e-07 -2.73547e-07  3.58887e-08  3.58894e-08 -3.58894e-08
  300.00  3.20000 -2.52940e-07 -2.52941e-07 -2.52941e-07  3.94243e-08  3.94250e-08 -3.94249e-08
  300.00  3.21712 -2.31531e-07 -2.31531e-07 -2.31532e-07  4.30720e-08  4.30728e-08 -4.30727e-08
  300.00  3.23423 -2.09501e-07 -2.09501e-07 -2.09502e-07  4.68107e-08  4.68115e-08 -4.68114e-08
  300.00  3.25135 -1.87025e-07 -1.87025e-07 -1.87025e-07  5.06172e-08  5.06179e-08 -5.06178e-08
  300.00  3.26847 -1.64263e-07 -1.64263e-07 -1.64264e-07  5.44669e-08  5.44676e-08 -5.44675e-08
  300.00  3.28559 -1.41355e-07 -1.41355e-07 -1.41356e-07  5.83340e-08  5.83348e-08 -5.83347e-08
  300.00  3.30270 -1.18412e-07 -1.18412e-07 -1.18413e-07  6.21919e-08  6.21927e-08 -6.21925e-08
  300.00  3.31982 -9.55144e-08 -9.55147e-08 -9.55152e-08  6.60131e-08  6.60139e-08 -6.60137e-08
  300.00  3.33694 -7.27092e-08 -7.27095e-08 -7.27101e-08  6.97699e-08  6.97706e-08 -6.97705e-08
  300.00  3.35405 -5.00093e-08 -5.00096e-08 -5.00101e-08  7.34345e-08  7.34353e-08 -7.34351e-08
  300.00  3.37117 -2.73941e-08 -2.73944e-08 -2.73950e-08  7.69796e-08  7.69803e-08 -7.69802e-08
  300.00  3.38829 -4.81295e-09 -4.81323e-09 -4.81379e-09  8.03783e-08  8.03791e-08 -8.03789e-08
  300.00  3.40541  1.78117e-08  1.78115e-08  1.78109e-08  8.36050e-08  8.36058e-08 -8.36056e-08
  300.00  3.42252  4.05788e-08  4.05785e-08  4.05780e-08  8.66353e-08  8.66360e-08 -8.66359e-08
  300.00  3.43964  6.36028e-08  6.36025e-08  6.36020e-08  8.94462e-08  8.94469e-08 -8.94468e-08
  300.00  3.45676  8.70074e-08  8.70072e-08  8.70066e-08  9.20169e-08  9.20175e-08 -9.20174e-08
  300.00  3.47387  1.10919e-07  1.10919e-07  1.10918e-07  9.43284e-08  9.43290e-08 -9.43289e-08
  300.00  3.49099  1.35460e-07  1.35460e-07  1.35460e-07  9.63642e-08  9.63648e-08 -9.63647e-08
  300.00  3.50811  1.60744e-07  1.60744e-07  1.60743e-07  9.81103e-08  9.81108e-08 -9.81108e-08
  300.00  3.52523  1.86868e-07  1.86868e-07  1.86867e-07  9.95551e-08  9.95556e-08 -9.95555e-08
  300.00  3.54234  2.13911e-07  2.13911e-07  2.13910e-07  1.00690e-07  1.00690e-07 -1.00690e-07
  300.00  3.55946  2.41929e-07  2.41929e-07  2.41928e-07  1.01508e-07  1.01509e-07 -1.01509e-07
  300.00  3.57658  2.70954e-07  2.70954e-07  2.70954e-07  1.02008e-07  1.02008e-07 -1.02008e-07
  300.00  3.59369  3.00992e-07  3.00992e-07  3.00992e-07  1.02187e-07  1.02187e-07 -1.02187e-07
  300.00  3.61081  3.32026e-07  3.32027e-07  3.32026e-07  1.02048e-07  1.02048e-07 -1.02048e-07
  300.00  3.62793  3.64015e-07  3.64015e-07  3.64015e-07  1.01595e-07  1.01595e-07 -1.01595e-07
  300.00  3.64505  3.96897e-07  3.96897e-07  3.96897e-07  1.00837e-07  1.00837e-07 -1.00837e-07
  300.00  3.66216  4.30594e-07  4.30594e-07  4.30594e-07  9.97817e-08  9.97818e-08 -9.97818e-08
  300.00  3.67928  4.65015e-07  4.65015e-07  4.65015e-07  9.84417e-08  9.84418e-08 -9.84418e-08
  300.00  3.69640  5.00062e-07  5.00062e-07  5.00062e-07  9.68308e-08  9.68308e-08 -9.68309e-08
  300.00  3.71351  5.35632e-07  5.35633e-07  5.35632e-07  9.49648e-08  9.49647e-08 -9.49648e-08
  300.00  3.73063  5.71625e-07  5.71626e-07  5.71626e-07  9.28612e-08  9.28610e-08 -9.28612e-08
  300.00  3.74775  6.07946e-07  6.07947e-07  6.07947e-07  9.05391e-08  9.05389e-08 -9.05391e-08
  300.00  3.76486  6.44510e-07  6.44511e-07  6.44511e-07  8.80191e-08  8.80189e-08 -8.80191e-08
  300.00  3.78198  6.81246e-07  6.81246e-07  6.81246e-07  8.53231e-08  8.53228e-08 -8.53230e-08
  300.00  3.79910  7.18097e-07  7.18098e-07  7.18098e-07  8.24739e-08  8.24736e-08 -8.24738e-08
  300.00  3.81622  7.55027e-07  7.55028e-07  7.55028e-07  7.94953e-08  7.94949e-08 -7.94952e-08
  300.00  3.83333  7.92017e-07  7.92018e-07  7.92018e-07  7.64119e-08  7.64115e-08 -7.64117e-08
  300.00  3.85045  8.29068e-07  8.29069e-07  8.29069e-07  7.32488e-08  7.32483e-08 -7.32486e-08
  300.00  3.86757  8.66200e-07  8.66200e-07  8.66201e-07  7.00316e-08  7.00310e-08 -7.00313e-08
  300.00  3.88468  9.03448e-07  9.03449e-07  9.03449e-07  6.67861e-08  6.67855e-08 -6.67859e-08
  300.00  3.90180  9.40867e-07  9.40868e-07  9.40868e-07  6.35386e-08  6.35380e-08 -6.35384e-08
  300.00  3.91892  9.78520e-07  9.78521e-07  9.78521e-07  6.03152e-08  6.03145e-08 -6.03149e-08
  300.00  3.93604  1.01648e-06  1.01648e-06  1.01648e-06  5.71419e-08  5.71412e-08 -5.71416e-08
  300.00  3.95315  1.05484e-06  1.05484e-06  1.05484e-06  5.40447e-08  5.40439e-08 -5.40443e-08
  300.00  3.97027  1.09367e-06  1.09367e-06  1.09367e-06  5.10490e-08  5.10482e-08 -5.10486e-08
  300.00  3.98739  1.13307e-06  1.13307e-06  1.13307e-06  4.81801e-08  4.81793e-08 -4.81797e-08
  300.00  4.00450  1.17312e-06  1.17312e-06  1.17312e-06  4.54625e-08  4.54617e-08 -4.54621e-08
  300.00  4.02162  1.21389e-06  1.21389e-06  1.21389e-06  4.29200e-08  4.29192e-08 -4.29196e-08
  300.00  4.03874  1.25546e-06  1.25546e-06  1.25546e-06  4.05757e-08  4.05749e-08 -4.05753e-08
  300.00  4.05586  1.29789e-06  1.29789e-06  1.29789e-06  3.84515e-08  3.84507e-08 -3.84511e-08
  300.00  4.07297  1.34123e-06  1.34124e-06  1.34124e-06  3.65685e-08  3.65677e-08 -3.65681e-08
  300.00  4.09009  1.38553e-06  1.38553e-06  1.38553e-06  3.49462e-08  3.49454e-08 -3.49458e-08
  300.00  4.10721  1.43080e-06  1.43080e-06  1.43080e-06  3.36027e-08  3.36020e-08 -3.36023e-08
  300.00  4.12432  1.47707e-06  1.47707e-06  1.47707e-06  3.25549e-08  3.25542e-08 -3.25545e-08
  300.00  4.14144  1.52435e-06  1.52435e-06  1.52435e-06  3.18175e-08  3.18169e-08 -3.18172e-08
  300.00  4.15856  1.57262e-06  1.57262e-06  1.57262e-06  3.14039e-08  3.14033e-08 -3.14036e-08
  300.00  4.17568  1.62188e-06  1.62188e-06  1.62189e-06  3.13254e-08  3.13249e-08 -3.13251e-08
  300.00  4.19279  1.67212e-06  1.67212e-06  1.67212e-06  3.15915e-08  3.15910e-08 -3.15911e-08
  300.00  4.20991  1.72331e-06  1.72331e-06  1.72331e-06  3.22095e-08  3.22091e-08 -3.22092e-08
  300.00  4.22703  1.77543e-06  1.77543e-06  1.77543e-06  3.31853e-08  3.31849e-08 -3.31850e-08
  300.00  4.24414  1.82846e-06  1.82846e-06  1.82846e-06  3.45225e-08  3.45221e-08 -3.45222e-08
  300.00  4.26126  1.88237e-06  1.88238e-06  1.88238e-06  3.62232e-08  3.62230e-08 -3.62230e-08
  300.00  4.27838  1.93717e-06  1.93717e-06  1.93717e-06  3.82881e-08  3.82879e-08 -3.82879e-08
  300.00  4.29550  1.99283e-06  1.99283e-06  1.99283e-06  4.07164e-08  4.07163e-08 -4.07163e-08
  300.00  4.31261  2.04937e-06  2.04937e-06  2.04937e-06  4.35063e-08  4.35063e-08 -4.35063e-08
  300.00  4.32973  2.10679e-06  2.10679e-06  2.10679e-06  4.66554e-08  4.66554e-08 -4.66554e-08
  300.00  4.34685  2.16512e-06  2.16512e-06  2.16512e-06  5.01609e-08  5.01610e-08 -5.01610e-08
  300.00  4.36396  2.22440e-06  2.22440e-06  2.22440e-06  5.40201e-08  5.40203e-08 -5.40203e-08
  300.00  4.38108  2.28468e-06  2.28468e-06  2.28468e-06  5.82309e-08  5.82313e-08 -5.82312e-08
  300.00  4.39820  2.34603e-06  2.34603e-06  2.34603e-06  6.27923e-08  6.27927e-08 -6.27927e-08
  300.00  4.41532  2.40854e-06  2.40854e-06  2.40854e-06  6.77048e-08  6.77054e-08 -6.77054e-08
  300.00  4.43243  2.47231e-06  2.47231e-06  2.47231e-06  7.29712e-08  7.29719e-08 -7.29719e-08
  300.00  4.44955  2.53744e-06  2.53744e-06  2.53744e-06  7.85970e-08  7.85978e-08 -7.85979e-08
  300.00  4.46667  2.60408e-06  2.60408e-06  2.60408e-06  8.45911e-08  8.45920e-08 -8.45921e-08
  300.00  4.48378  2.67238e-06  2.67238e-06  2.67238e-06  9.09664e-08  9.09674e-08 -9.09675e-08
  300.00  4.50090  2.74249e-06  2.74249e-06  2.74249e-06  9.77403e-08  9.77414e-08 -9.77416e-08
  300.00  4.51802  2.81459e-06  2.81459e-06  2.81459e-06  1.04936e-07  1.04937e-07 -1.04937e-07
  300.00  4.53514  2.88889e-06  2.88889e-06  2.88889e-06  1.12581e-07  1.12582e-07 -1.12583e-07
  300.00  4.55225  2.96558e-06  2.96558e-06  2.96558e-06  1.20712e-07  1.20713e-07 -1.20714e-07
  300.00  4.56937  3.04489e-06  3.04489e-06  3.04489e-06  1.29370e-07  1.29371e-07 -1.29372e-07
  300.00  4.58649  3.12705e-06  3.12705e-06  3.12705e-06  1.38605e-07  1.38607e-07 -1.38607e-07
  300.00  4.60360  3.21229e-06  3.21229e-06  3.21229e-06  1.48475e-07  1.48477e-07 -1.48477e-07
  300.00  4.62072  3.30089e-06  3.30089e-06  3.30089e-06  1.59045e-07  1.59047e-07 -1.59048e-07
  300.00  4.63784  3.39308e-06  3.39308e-06  3.39308e-06  1.70389e-07  1.70391e-07 -1.70392e-07
  300.00  4.65495  3.48916e-06  3.48916e-06  3.48916e-06  1.82589e-07  1.82591e-07 -1.82592e-07
  300.00  4.67207  3.58938e-06  3.58938e-06  3.58938e-06  1.95731e-07  1.95733e-07 -1.95734e-07
  300.00  4.68919  3.69404e-06  3.69404e-06  3.69404e-06  2.09909e-07  2.09911e-07 -2.09913e-07
  300.00  4.70631  3.80342e-06  3.80342e-06  3.80342e-06  2.25219e-07  2.25221e-07 -2.25223e-07
  300.00  4.72342  3.91783e-06  3.91782e-06  3.91782e-06  2.41756e-07  2.41758e-07 -2.41760e-07
  300.00  4.74054  4.03756e-06  4.03756e-06  4.03756e-06  2.59610e-07  2.59613e-07 -2.59614e-07
  300.00  4.75766  4.16294e-06  4.16293e-06  4.16293e-06  2.78861e-07  2.78864e-07 -2.78866e-07
  300.00  4.77477  4.29430e-06  4.29430e-06  4.29430e-06  2.99571e-07  2.99573e-07 -2.99575e-07
  300.00  4.79189  4.43202e-06  4.43202e-06  4.43202e-06  3.21773e-07  3.21776e-07 -3.21778e-07
  300.00  4.80901  4.57649e-06  4.57649e-06  4.57649e-06  3.45469e-07  3.45472e-07 -3.45474e-07
  300.00  4.82613  4.72818e-06  4.72818e-06  4.72817e-06  3.70612e-07  3.70615e-07 -3.70618e-07
  300.00  4.84324  4.88762e-06  4.88762e-06  4.88761e-06  3.97105e-07  3.97108e-07 -3.97111e-07
  300.00  4.86036  5.05546e-06  5.05546e-06  5.05546e-06  4.24791e-07  4.24795e-07 -4.24798e-07
  300.00  4.87748  5.23250e-06  5.23250e-06  5.23249e-06  4.53456e-07  4.53460e-07 -4.53463e-07
  300.00  4.89459  5.41974e-06  5.41973e-06  5.41973e-06  4.82834e-07  4.82839e-07 -4.82842e-07
  300.00  4.91171  5.61844e-06  5.61844e-06  5.61844e-06  5.12625e-07  5.12630e-07 -5.12634e-07
  300.00  4.92883  5.83020e-06  5.83019e-06  5.83019e-06  5.42522e-07  5.42526e-07 -5.42530e-07
  300.00  4.94595  6.05701e-06  6.05701e-06  6.05701e-06  5.72248e-07  5.72253e-07 -5.72258e-07
  300.00  4.96306  6.30135e-06  6.30134e-06  6.30135e-06  6.01612e-07  6.01618e-07 -6.01622e-07
  300.00  4.98018  6.56616e-06  6.56616e-06  6.56617e-06  6.30561e-07  6.30567e-07 -6.30572e-07
  300.00  4.99730  6.85493e-06  6.85493e-06  6.85493e-06  6.59247e-07  6.59253e-07 -6.59258e-07
  300.00  5.01441  7.17153e-06  7.17153e-06  7.17153e-06  6.88092e-07  6.88098e-07 -6.88104e-07
  300.00  5.03153  7.52011e-06  7.52011e-06  7.52012e-06  7.17856e-07  7.17862e-07 -7.17868e-07
  300.00  5.04865  7.90482e-06  7.90482e-06  7.90483e-06  7.49696e-07  7.49702e-07 -7.49709e-07
  300.00  5.06577  8.32942e-06  8.32943e-06  8.32944e-06  7.85226e-07  7.85232e-07 -7.85238e-07
  300.00  5.08288  8.79684e-06  8.79685e-06  8.79686e-06  8.26543e-07  8.26549e-07 -8.26556e-07
  300.00  5.10000  9.30870e-06  9.30871e-06  9.30872e-06  8.76203e-07  8.76209e-07 -8.76217e-07
