0.00001 1.062038947848935e+03
0.01250 1.741771296151728e+06
0.02500 2.958232290228752e+06
0.03750 3.542912302897326e+06
0.05000 3.679733535063901e+06
0.06250 3.576370820324285e+06
0.07500 3.368274314309847e+06
0.08750 3.126909994469234e+06
0.10000 2.885842612436330e+06
0.11250 2.659373044710173e+06
0.12500 2.453243758774220e+06
0.13750 2.270541532826751e+06
0.15000 2.111163583314105e+06
0.16250 1.967754889302940e+06
0.17500 1.835742919362051e+06
0.18750 1.715309906585840e+06
0.20000 1.606309908972331e+06
0.21250 1.507957115584624e+06
0.22500 1.419449817923388e+06
0.23750 1.340250796953711e+06
0.25000 1.270018422832089e+06
0.26250 1.208102979486751e+06
0.27500 1.152926177573199e+06
0.28750 1.102239307883579e+06
0.30000 1.054296819968146e+06
0.31250 1.008445009622212e+06
0.32500 9.647097457832540e+05
0.33750 9.232694801939039e+05
0.35000 8.842421263108948e+05
0.36250 8.476722490251398e+05
0.37500 8.135698498757876e+05
0.38750 7.819221576538661e+05
0.40000 7.525957913999062e+05
0.41250 7.250246887649307e+05
0.42500 6.975168855098693e+05
0.43750 6.656430947460970e+05
0.45000 6.665391472211381e+05
0.46250 6.740068713226507e+05
0.47500 6.452762719120752e+05
0.48750 6.236992812030736e+05
0.50000 6.043327532808093e+05
0.51250 5.861653142836282e+05
0.52500 5.693891626126388e+05
0.53750 5.542559106811100e+05
0.55000 5.404250498830811e+05
0.56250 5.272259566551630e+05
0.57500 5.147434677807087e+05
0.58750 5.030256113763197e+05
0.60000 4.919459049853573e+05
0.61250 4.816023485792850e+05
0.62500 4.722396787331610e+05
0.63750 4.638126376670977e+05
0.65000 4.560647462486897e+05
0.66250 4.488789162649424e+05
0.67500 4.419884298562924e+05
0.68750 4.349291903387116e+05
0.70000 4.274571436519422e+05
0.71250 4.196592011036652e+05
0.72500 4.116039983706119e+05
0.73750 4.032791430466314e+05
0.75000 3.949452500102557e+05
0.76250 3.870479596507940e+05
0.77500 3.798753291784702e+05
0.78750 3.733856354951574e+05
0.80000 3.673238591657568e+05
0.81250 3.615198493264500e+05
0.82500 3.560083174932617e+05
0.83750 3.508615087783641e+05
0.85000 3.459644041955775e+05
0.86250 3.410339685700469e+05
0.87500 3.358971442794696e+05
0.88750 3.306168344998723e+05
0.90000 3.254089645886690e+05
0.91250 3.206025261204978e+05
0.92500 3.164980691345593e+05
0.93750 3.129662159148165e+05
0.95000 3.094947106087149e+05
0.96250 3.058792857407142e+05
0.97500 3.023868105210263e+05
0.98750 2.994665340203199e+05
1.00000 2.974987759928429e+05
1.01250 2.966060115514068e+05
1.02500 2.966043090963197e+05
1.03750 2.971627159703132e+05
1.05000 2.979769038922188e+05
1.06250 2.987375139373236e+05
1.07500 2.990490059021456e+05
1.08750 2.985650167663558e+05
1.10000 2.971554188104106e+05
1.11250 2.949474881741374e+05
1.12500 2.923013505370892e+05
1.13750 2.896983339707009e+05
1.15000 2.876001582335080e+05
1.16250 2.863461969273869e+05
1.17500 2.860772057879615e+05
1.18750 2.866544041437855e+05
1.20000 2.876275063642543e+05
1.21250 2.884248047152458e+05
1.22500 2.886972599097097e+05
1.23750 2.884130512599244e+05
1.25000 2.876601557784917e+05
1.26250 2.864886553507400e+05
1.27500 2.849180678093653e+05
1.28750 2.830011586274596e+05
1.30000 2.808488427148772e+05
1.31250 2.786093505495642e+05
1.32500 2.764225142881025e+05
1.33750 2.743663673542720e+05
1.35000 2.724394356199510e+05
1.36250 2.706157982475206e+05
1.37500 2.689109118678794e+05
1.38750 2.673756767480689e+05
1.40000 2.660644527129341e+05
1.41250 2.650367502972310e+05
1.42500 2.643344175522700e+05
1.43750 2.638982086131142e+05
1.45000 2.635242771360226e+05
1.46250 2.629524194169223e+05
1.47500 2.620115801101027e+05
1.48750 2.606941784331234e+05
1.50000 2.591432588656260e+05
1.51250 2.576055750511550e+05
1.52500 2.563773029390456e+05
1.53750 2.557291132747621e+05
1.55000 2.557995730266491e+05
1.56250 2.565130656943007e+05
1.57500 2.576348910243898e+05
1.58750 2.589477209859889e+05
1.60000 2.603485811516628e+05
1.61250 2.617890514157020e+05
1.62500 2.631949587563592e+05
1.63750 2.644627044596887e+05
1.65000 2.655145935698328e+05
1.66250 2.663432933839073e+05
1.67500 2.669932956160051e+05
1.68750 2.674927105568892e+05
1.70000 2.677630865219697e+05
1.71250 2.676481101739298e+05
1.72500 2.672006775809184e+05
1.73750 2.669007959732129e+05
1.75000 2.674563498976575e+05
1.76250 2.692930490944007e+05
1.77500 2.720045426678631e+05
1.78750 2.744092196722084e+05
1.80000 2.757812582680185e+05
1.81250 2.767894698385556e+05
1.82500 2.781688325191545e+05
1.83750 2.794709359808347e+05
1.85000 2.808629232545301e+05
1.86250 2.827578366553198e+05
1.87500 2.873921056747615e+05
1.88750 2.991226418990580e+05
1.90000 3.047604401730941e+05
1.91250 3.028940348557936e+05
1.92500 2.993908187448563e+05
1.93750 2.960515315663076e+05
1.95000 2.931796714590252e+05
1.96250 2.903979247755082e+05
1.97500 2.874724221006467e+05
1.98750 2.845488565927903e+05
2.00000 2.818226127593705e+05
2.01250 2.794073713227048e+05
2.02500 2.773449063468036e+05
2.03750 2.756110070327646e+05
2.05000 2.741140379743049e+05
2.06250 2.727145912648289e+05
2.07500 2.712746758972727e+05
2.08750 2.697106761189225e+05
2.10000 2.680114395289221e+05
2.11250 2.662167805020167e+05
2.12500 2.643843383629770e+05
2.13750 2.625657040727709e+05
2.15000 2.607955592819440e+05
2.16250 2.590906595794619e+05
2.17500 2.574528622802060e+05
2.18750 2.558723783372412e+05
2.20000 2.543351270132401e+05
2.21250 2.528349648001751e+05
2.22500 2.513776070366751e+05
2.23750 2.499686005229638e+05
2.25000 2.486001411805010e+05
2.26250 2.472574209324287e+05
2.27500 2.459395707567084e+05
2.28750 2.446686574427315e+05
2.30000 2.434810540051848e+05
2.31250 2.424138401836623e+05
2.32500 2.414888807224052e+05
2.33750 2.406969684587692e+05
2.35000 2.399957298665124e+05
2.36250 2.393321153944581e+05
2.37500 2.386728125954889e+05
2.38750 2.379987765032334e+05
2.40000 2.372816717644446e+05
2.41250 2.364787663811545e+05
2.42500 2.355441025414861e+05
2.43750 2.344429753199821e+05
2.45000 2.331612270836737e+05
2.46250 2.317066470456793e+05
2.47500 2.301046108667934e+05
2.48750 2.283915305827353e+05
2.50000 2.266083028292102e+05
2.51250 2.247945266264676e+05
2.52500 2.229840421262389e+05
2.53750 2.212025640705607e+05
2.55000 2.194680312051901e+05
2.56250 2.177936694729734e+05
2.57500 2.161928025549293e+05
2.58750 2.146834868953974e+05
2.60000 2.132908688511671e+05
2.61250 2.120462052116874e+05
2.62500 2.109830527699247e+05
2.63750 2.101319182235395e+05
2.65000 2.095142096690627e+05
2.66250 2.091354750532181e+05
2.67500 2.089777431432812e+05
2.68750 2.089920996992683e+05
2.70000 2.090958958342710e+05
2.71250 2.091816916485138e+05
2.72500 2.091408074497122e+05
2.73750 2.088925860137841e+05
2.75000 2.084035007302717e+05
2.76250 2.076878112969330e+05
2.77500 2.067948825617103e+05
2.78750 2.057937797480832e+05
2.80000 2.047623839470210e+05
2.81250 2.037830687039116e+05
2.82500 2.029431198181436e+05
2.83750 2.023332761626699e+05
2.85000 2.020308326022562e+05
2.86250 2.020562256589705e+05
2.87500 2.023287511873065e+05
2.88750 2.026900890025500e+05
2.90000 2.030006613240216e+05
2.91250 2.032026728428817e+05
2.92500 2.032973285012605e+05
2.93750 2.032934991964993e+05
2.95000 2.031786746633794e+05
2.96250 2.029171644916525e+05
2.97500 2.024646716364981e+05
2.98750 2.017877767520646e+05
3.00000 2.008787598508985e+05
3.01250 1.997611490607072e+05
3.02500 1.984857894166022e+05
3.03750 1.971185374651370e+05
3.05000 1.957228593959723e+05
3.06250 1.943462372191731e+05
3.07500 1.930222632984243e+05
3.08750 1.917894022636141e+05
3.10000 1.907085366847210e+05
3.11250 1.898601640494293e+05
3.12500 1.893198046891725e+05
3.13750 1.891227847754431e+05
3.15000 1.892340088036887e+05
3.16250 1.895424763184403e+05
3.17500 1.898913423850297e+05
3.18750 1.901267470487526e+05
3.20000 1.901336127200650e+05
3.21250 1.898438541985561e+05
3.22500 1.892255552733226e+05
3.23750 1.882693639758786e+05
3.25000 1.869870212193641e+05
3.26250 1.854247226898202e+05
3.27500 1.836745335533162e+05
3.28750 1.818630211682119e+05
3.30000 1.801075327656837e+05
3.31250 1.784607925802429e+05
3.32500 1.769189939178952e+05
3.33750 1.755249946649355e+05
3.35000 1.744454632984187e+05
3.36250 1.739276336816557e+05
3.37500 1.741809333719098e+05
3.38750 1.752521333610205e+05
3.40000 1.769557627986068e+05
3.41250 1.789187028408201e+05
3.42500 1.807381449117221e+05
3.43750 1.821593299319402e+05
3.45000 1.831378218873713e+05
3.46250 1.837544905713608e+05
3.47500 1.840886270435888e+05
3.48750 1.841539391522966e+05
3.50000 1.839263786705922e+05
3.51250 1.834188992247554e+05
3.52500 1.827459275259160e+05
3.53750 1.821334226164970e+05
3.55000 1.818183676834540e+05
3.56250 1.818910290673205e+05
3.57500 1.822968592989763e+05
3.58750 1.829540845034420e+05
3.60000 1.837739820532689e+05
3.61250 1.847426946633754e+05
3.62500 1.859822250002977e+05
3.63750 1.875830739034236e+05
3.65000 1.894004406069482e+05
3.66250 1.910476813645979e+05
3.67500 1.921722462285909e+05
3.68750 1.926965454206296e+05
3.70000 1.926088893713602e+05
3.71250 1.918606539311707e+05
3.72500 1.922402215509929e+05
3.73750 1.973934946735795e+05
3.75000 1.973231896240463e+05
3.76250 1.955165058116828e+05
3.77500 1.945978102164448e+05
3.78750 1.952066928881330e+05
3.80000 1.949445160934506e+05
3.81250 1.932041793772376e+05
3.82500 1.929317724993389e+05
3.83750 1.915576424336600e+05
3.85000 1.889564766613514e+05
3.86250 1.864116140165470e+05
3.87500 1.840682992856799e+05
3.88750 1.819022801858459e+05
3.90000 1.798794287906165e+05
3.91250 1.779617355234177e+05
3.92500 1.760966541892941e+05
3.93750 1.742374634142406e+05
3.95000 1.723694082850875e+05
3.96250 1.705039846913046e+05
3.97500 1.686684589191522e+05
3.98750 1.668943532316768e+05
4.00000 1.652066531486179e+05
4.01250 1.636339688785124e+05
4.02500 1.622120836004250e+05
4.03750 1.609656034560211e+05
4.05000 1.598952649299147e+05
4.06250 1.589836972140745e+05
4.07500 1.582129304653690e+05
4.08750 1.575709657408523e+05
4.10000 1.570417308824663e+05
4.11250 1.565904108954931e+05
4.12500 1.561634306439876e+05
4.13750 1.557114980615499e+05
4.15000 1.552014439419674e+05
4.16250 1.546059292614284e+05
4.17500 1.538979693960958e+05
4.18750 1.530585871875162e+05
4.20000 1.520830871556971e+05
4.21250 1.509734957901723e+05
4.22500 1.497309110694362e+05
4.23750 1.483676871694837e+05
4.25000 1.469150000887187e+05
4.26250 1.454037377098610e+05
4.27500 1.438450187499642e+05
4.28750 1.422371295160106e+05
4.30000 1.405869702478442e+05
4.31250 1.389180117355836e+05
4.32500 1.372653030024756e+05
4.33750 1.356654554986227e+05
4.35000 1.341396662078388e+05
4.36250 1.326823640209275e+05
4.37500 1.312803193599283e+05
4.38750 1.299405676930666e+05
4.40000 1.286883952272015e+05
4.41250 1.275509249725333e+05
4.42500 1.265436185314698e+05
4.43750 1.256552958243943e+05
4.45000 1.248436212315020e+05
4.46250 1.240552191029307e+05
4.47500 1.232469766506953e+05
4.48750 1.223869311479554e+05
4.50000 1.214494686739365e+05
4.51250 1.204184935453284e+05
4.52500 1.192931685625627e+05
4.53750 1.180876699350178e+05
4.55000 1.168255606295344e+05
4.56250 1.155339131901981e+05
4.57500 1.142389056440492e+05
4.58750 1.129622858055259e+05
4.60000 1.117192061510575e+05
4.61250 1.105187527182586e+05
4.62500 1.093700088642687e+05
4.63750 1.082938995545313e+05
4.65000 1.073209887645782e+05
4.66250 1.064516190374787e+05
4.67500 1.056188136075285e+05
4.68750 1.047322099070835e+05
4.70000 1.037525478338671e+05
4.71250 1.026964139899092e+05
4.72500 1.015976948528123e+05
4.73750 1.004774337677813e+05
4.75000 9.933620675702013e+04
4.76250 9.816686095622541e+04
4.77500 9.697198834332207e+04
4.78750 9.577329845117869e+04
4.80000 9.461757189467270e+04
4.81250 9.358851257673441e+04
4.82500 9.281321190617904e+04
4.83750 9.237830097844380e+04
4.85000 9.209667140024796e+04
4.86250 9.148933646446976e+04
4.87500 8.994551164411337e+04
4.88750 9.684593698972906e+04
4.90000 9.819090821229205e+04
4.91250 9.688385997099114e+04
4.92500 9.680630932902668e+04
4.93750 9.694205952746054e+04
4.95000 9.648705763194519e+04
4.96250 9.581569042603146e+04
4.97500 9.517329259260162e+04
4.98750 9.454514521455353e+04
5.00000 9.383775690343276e+04
5.01250 9.301118859048809e+04
5.02500 9.208241666494189e+04
5.03750 9.107566813492330e+04
5.05000 9.000277813164765e+04
5.06250 8.886811377671079e+04
5.07500 8.767660878847273e+04
5.08750 8.643765666416480e+04
5.10000 8.516500588884359e+04
5.11250 8.387442946106113e+04
5.12500 8.258077656168988e+04
5.13750 8.129531637859398e+04
5.15000 8.002381252586217e+04
5.16250 7.876593837536337e+04
5.17500 7.751687738008505e+04
5.18750 7.627095971930549e+04
5.20000 7.502531369783911e+04
5.21250 7.378133774172181e+04
5.22500 7.254392230620093e+04
5.23750 7.132002486182121e+04
5.25000 7.011776541636488e+04
5.26250 6.894582628832302e+04
5.27500 6.781226696326083e+04
5.28750 6.672239705259868e+04
5.30000 6.567643343839215e+04
5.31250 6.466825015007883e+04
5.32500 6.368599134503880e+04
5.33750 6.271406447423811e+04
5.35000 6.173532092014192e+04
5.36250 6.073274211518661e+04
5.37500 5.969082183993097e+04
5.38750 5.859698176470875e+04
5.40000 5.744289596240781e+04
5.41250 5.622527596907027e+04
5.42500 5.494572465180235e+04
5.43750 5.360942209719049e+04
5.45000 5.222239886223439e+04
5.46250 5.078692895275011e+04
5.47500 4.929443765963184e+04
5.48750 4.772169666226664e+04
5.50000 4.617910086262262e+04
5.51250 4.618055737561585e+04
5.52500 4.564236107772215e+04
5.53750 4.417048426331999e+04
5.55000 4.275926673816783e+04
5.56250 4.200956860714998e+04
5.57500 4.094050261353136e+04
5.58750 3.958340250019635e+04
5.60000 3.858167490653594e+04
5.61250 3.760665765423088e+04
5.62500 3.689093584159511e+04
5.63750 3.569057828397462e+04
5.65000 3.444027219257443e+04
5.66250 3.332909853084166e+04
5.67500 3.258075010125937e+04
5.68750 3.250548457938685e+04
5.70000 3.260835285095964e+04
5.71250 3.226438124493859e+04
5.72500 3.156602187374175e+04
5.73750 3.063363085665019e+04
5.75000 2.954842878433938e+04
5.76250 2.838441270706697e+04
5.77500 2.719665383791323e+04
5.78750 2.601979488068455e+04
5.80000 2.486447303301960e+04
5.81250 2.371026139887927e+04
5.82500 2.251682878621028e+04
5.83750 2.125545053262235e+04
5.85000 1.992651751923611e+04
5.86250 1.854944036056200e+04
5.87500 1.714602882702415e+04
5.88750 1.573263205308389e+04
5.90000 1.431990361516052e+04
5.91250 1.291456907877640e+04
5.92500 1.151981107408654e+04
5.93750 1.013332976999469e+04
5.95000 8.746077855321550e+03
5.96250 7.344910426665873e+03
5.97500 5.914421692731836e+03
5.98750 4.435153783158024e+03
6.00000 2.881230425156887e+03
6.01250 1.217443939054499e+03
6.02500 -6.073092324200204e+02
6.03750 -2.678710908638491e+03
6.05000 -5.170999922694104e+03
6.06250 -8.520792569509447e+03
6.07500 -1.406393964883113e+04
6.08750 -1.854175197960513e+04
6.10000 8.690692410417956e+03
6.11250 9.591104040851693e+02
6.12500 -3.199030616920081e+03
6.13750 -5.846640982909760e+03
6.15000 -7.801392043293632e+03
6.16250 -9.358547086103679e+03
6.17500 -1.065818609764589e+04
6.18750 -1.179124231269343e+04
6.20000 -1.283322144295551e+04
6.21250 -1.384751094405457e+04
6.22500 -1.487807869285361e+04
6.23750 -1.595261719493631e+04
6.25000 -1.707139412697380e+04
6.26250 -1.816699569440633e+04
6.27500 -1.934982935393048e+04
6.28750 -2.072903528693132e+04
6.30000 -2.201635777914698e+04
6.31250 -2.297747213902191e+04
6.32500 -2.417874107480679e+04
6.33750 -2.543817903582618e+04
6.35000 -2.660290988927172e+04
6.36250 -2.765931745278414e+04
6.37500 -2.860392512063341e+04
6.38750 -2.943867806224420e+04
6.40000 -3.018732744931106e+04
6.41250 -3.088267408130159e+04
6.42500 -3.155256415984020e+04
6.43750 -3.222475558068303e+04
6.45000 -3.292099682255437e+04
6.46250 -3.364278824723444e+04
6.47500 -3.437199971903941e+04
6.48750 -3.509071965263660e+04
6.50000 -3.579897360161394e+04
6.51250 -3.651773524214810e+04
6.52500 -3.728113656657944e+04
6.53750 -3.811641919266993e+04
6.55000 -3.901675030713336e+04
6.56250 -3.993251528248110e+04
6.57500 -4.079045521092301e+04
6.58750 -4.151937596031924e+04
6.60000 -4.206572262489792e+04
6.61250 -4.240915049364075e+04
6.62500 -4.259143397602484e+04
6.63750 -4.271356411465771e+04
6.65000 -4.286213243658817e+04
6.66250 -4.305624828155844e+04
6.67500 -4.327432627921061e+04
6.68750 -4.349358314330551e+04
6.70000 -4.369525001271860e+04
6.71250 -4.385349149379570e+04
6.72500 -4.394640812521080e+04
6.73750 -4.400994645179180e+04
6.75000 -4.418488998005326e+04
6.76250 -4.465660388272475e+04
6.77500 -4.551169470888139e+04
6.78750 -4.667478221206676e+04
6.80000 -4.797222656427188e+04
6.81250 -4.922522656921455e+04
6.82500 -5.030635879853208e+04
6.83750 -5.114836414566851e+04
6.85000 -5.175469135023752e+04
6.86250 -5.230555333233925e+04
6.87500 -5.314531993081402e+04
6.88750 -5.439918939536693e+04
6.90000 -5.583262772828993e+04
6.91250 -5.711447619784012e+04
6.92500 -5.800731813424068e+04
6.93750 -5.834230178842367e+04
6.95000 -5.809486394131667e+04
6.96250 -5.782445583834874e+04
6.97500 -5.821937648082051e+04
6.98750 -5.907180663630569e+04
7.00000 -5.955990727732997e+04
7.01250 -5.845242963702100e+04
7.02500 -5.562217540029555e+04
7.03750 -5.280126473297960e+04
7.05000 -4.770773892928148e+04
7.06250 -4.785912953688274e+04
7.07500 -4.793936231204961e+04
7.08750 -4.789100250602565e+04
7.10000 -4.828556838609673e+04
7.11250 -4.922980822424405e+04
7.12500 -5.014792286934118e+04
7.13750 -5.069870397381595e+04
7.15000 -5.082897953919095e+04
7.16250 -5.067780024019114e+04
7.17500 -5.049505258940947e+04
7.18750 -5.043086409930100e+04
7.20000 -5.049873793070590e+04
7.21250 -5.068116042621827e+04
7.22500 -5.092945779941475e+04
7.23750 -5.114764955742124e+04
7.25000 -5.124730382851105e+04
7.26250 -5.122052740463385e+04
7.27500 -5.115482880095085e+04
7.28750 -5.116771065111870e+04
7.30000 -5.132482517600324e+04
7.31250 -5.161843876510637e+04
7.32500 -5.200353323365755e+04
7.33750 -5.243764061258418e+04
7.35000 -5.289506235003154e+04
7.36250 -5.336453541442395e+04
7.37500 -5.384527292693023e+04
7.38750 -5.434392752541643e+04
7.40000 -5.487049790890035e+04
7.41250 -5.543382623896033e+04
7.42500 -5.603774616425952e+04
7.43750 -5.667811819638468e+04
7.45000 -5.734298874548718e+04
7.46250 -5.801965642958288e+04
7.47500 -5.870707491098048e+04
7.48750 -5.942254674212921e+04
7.50000 -6.019242518602816e+04
7.51250 -6.103261101969783e+04
7.52500 -6.193495950745622e+04
7.53750 -6.286482783814029e+04
7.55000 -6.376046592089564e+04
7.56250 -6.452750304535648e+04
7.57500 -6.505178057090746e+04
7.58750 -6.529722055323049e+04
7.60000 -6.543177392728639e+04
7.61250 -6.568683344363485e+04
7.62500 -6.612433673520856e+04
7.63750 -6.669930532384198e+04
7.65000 -6.737996630523713e+04
7.66250 -6.815361380588365e+04
7.67500 -6.900012349995761e+04
7.68750 -6.988846657475927e+04
7.70000 -7.078673551100508e+04
7.71250 -7.166937908578254e+04
7.72500 -7.251900549294242e+04
7.73750 -7.332587602054344e+04
7.75000 -7.408736957018377e+04
7.76250 -7.480762312377541e+04
7.77500 -7.549627776326238e+04
7.78750 -7.616558476348963e+04
7.80000 -7.682677479858763e+04
7.81250 -7.748763871599687e+04
7.82500 -7.815218083040687e+04
7.83750 -7.882121546893989e+04
7.85000 -7.949227808357257e+04
7.86250 -8.015855111836686e+04
7.87500 -8.080784572515762e+04
7.88750 -8.142257863864343e+04
7.90000 -8.198066593855449e+04
7.91250 -8.245687883650536e+04
7.92500 -8.282498614993636e+04
7.93750 -8.306183951604627e+04
7.95000 -8.315415076517062e+04
7.96250 -8.310690040667291e+04
7.97500 -8.294992758405683e+04
7.98750 -8.273773034328036e+04
8.00000 -8.253893592076105e+04
8.01250 -8.241761500832760e+04
8.02500 -8.241547263560543e+04
8.03750 -8.254463917249641e+04
8.05000 -8.279333805676446e+04
8.06250 -8.313873777098631e+04
8.07500 -8.355930239154538e+04
8.08750 -8.404158783617086e+04
8.10000 -8.458007935552007e+04
8.11250 -8.517183563650613e+04
8.12500 -8.580967574574007e+04
8.13750 -8.647753034677467e+04
8.15000 -8.714968294711951e+04
8.16250 -8.779359939786585e+04
8.17500 -8.837484927570244e+04
8.18750 -8.886202924597761e+04
8.20000 -8.923000144593194e+04
8.21250 -8.946186002435473e+04
8.22500 -8.955179648683347e+04
8.23750 -8.951217842807398e+04
8.25000 -8.937355176247927e+04
8.26250 -8.917935358138381e+04
8.27500 -8.897133554291150e+04
8.28750 -8.878094644662262e+04
8.30000 -8.863281239363602e+04
8.31250 -8.855320380864918e+04
8.32500 -8.857353700840283e+04
8.33750 -8.872756757607756e+04
8.35000 -8.905067064453801e+04
8.36250 -8.959184516851630e+04
8.37500 -9.042136459667985e+04
8.38750 -9.096884864836052e+04
8.40000 -8.774788600279995e+04
8.41250 -8.696264771127947e+04
8.42500 -8.729912753920205e+04
8.43750 -8.796030637697605e+04
8.45000 -8.855317996189898e+04
8.46250 -8.897414364938118e+04
8.47500 -8.916014942394753e+04
8.48750 -8.885731501499252e+04
8.50000 -8.673335327945824e+04
8.51250 -8.146305317845111e+04
8.52500 -7.666623711781520e+04
8.53750 -7.493447593745837e+04
8.55000 -7.476216647463193e+04
8.56250 -7.511793734024609e+04
8.57500 -7.569036408119359e+04
8.58750 -7.638216722324812e+04
8.60000 -7.722863201273055e+04
8.61250 -7.823352118893036e+04
8.62500 -7.924453396596039e+04
8.63750 -8.009335197144000e+04
8.65000 -8.071089502381496e+04
8.66250 -8.121098823486787e+04
8.67500 -7.774872165259134e+04
8.68750 -7.748287614599089e+04
8.70000 -7.671515830945096e+04
8.71250 -7.523386139495972e+04
8.72500 -7.287878814127257e+04
8.73750 -6.965893577150730e+04
8.75000 -6.607199670816197e+04
8.76250 -6.289816774776440e+04
8.77500 -6.065426794534248e+04
8.78750 -5.942469068530286e+04
8.80000 -5.908624976027008e+04
8.81250 -5.952805398009258e+04
8.82500 -6.061818205081338e+04
8.83750 -6.010530686579681e+04
8.85000 -4.907966526361784e+04
8.86250 -4.181073659615899e+04
8.87500 -4.211892416144698e+04
8.88750 -4.262473702737749e+04
8.90000 -4.240670039949560e+04
8.91250 -4.157543417874138e+04
8.92500 -4.035142943651300e+04
8.93750 -3.901731595652251e+04
8.95000 -3.782063079255393e+04
8.96250 -3.687479160594953e+04
8.97500 -3.615792583636418e+04
8.98750 -3.557771478389767e+04
9.00000 -3.503124591265849e+04
9.01250 -3.443552804165682e+04
9.02500 -3.373672374329105e+04
9.03750 -3.290957967516054e+04
9.05000 -3.195320926635279e+04
9.06250 -3.088547446129053e+04
9.07500 -2.973670466737904e+04
9.08750 -2.854312381094144e+04
9.10000 -2.734069076868502e+04
9.11250 -2.616095413802421e+04
9.12500 -2.503068644419100e+04
9.13750 -2.397443116911422e+04
9.15000 -2.301520586381220e+04
9.16250 -2.216953032939000e+04
9.17500 -2.143942740246117e+04
9.18750 -2.080827116863354e+04
9.20000 -2.024460753226423e+04
9.21250 -1.971269833022909e+04
9.22500 -1.918568655729190e+04
9.23750 -1.865650047046103e+04
9.25000 -1.814151768579142e+04
9.26250 -1.767419253168759e+04
9.27500 -1.729109370545128e+04
9.28750 -1.701796806239261e+04
9.30000 -1.686435882709027e+04
9.31250 -1.682697213419859e+04
9.32500 -1.688932235630937e+04
9.33750 -1.701955589834839e+04
9.35000 -1.717712702847158e+04
9.36250 -1.732013774467212e+04
9.37500 -1.740880104153550e+04
9.38750 -1.740779204115226e+04
9.40000 -1.728914737541520e+04
9.41250 -1.703506930724070e+04
9.42500 -1.663868787431536e+04
9.43750 -1.609688877581942e+04
9.45000 -1.537963646392047e+04
9.46250 -1.454390984525792e+04
9.47500 -1.372021968482326e+04
9.48750 -1.289402206482136e+04
9.50000 -1.207954508349030e+04
9.51250 -1.128983358297846e+04
9.52500 -1.050388365727204e+04
9.53750 -9.734783606785981e+03
9.55000 -9.104496025143400e+03
9.56250 -8.614634317909786e+03
9.57500 -8.195323520360149e+03
9.58750 -7.858647929594094e+03
9.60000 -7.645070529375025e+03
9.61250 -7.538102731107078e+03
9.62500 -7.514123209358927e+03
9.63750 -7.566702877307594e+03
9.65000 -7.690574261096006e+03
9.66250 -7.862925791304511e+03
9.67500 -8.052046558846006e+03
9.68750 -8.274610272877009e+03
9.70000 -8.611446251821251e+03
9.71250 -9.104697064844033e+03
9.72500 -9.712295276375156e+03
9.73750 -1.036046924772322e+04
9.75000 -1.097722271221165e+04
9.76250 -1.150029887649776e+04
9.77500 -1.189368512009209e+04
9.78750 -1.216173289953534e+04
9.80000 -1.233079539065268e+04
9.81250 -1.243381368252050e+04
9.82500 -1.250788041481440e+04
9.83750 -1.257816984587249e+04
9.85000 -1.264976193251531e+04
9.86250 -1.271763908807120e+04
9.87500 -1.277764857126836e+04
9.88750 -1.282975893962069e+04
9.90000 -1.287606211110767e+04
9.91250 -1.291506238211899e+04
9.92500 -1.293082479006290e+04
9.93750 -1.288230658092162e+04
9.95000 -1.271817184944726e+04
9.96250 -1.244310213509496e+04
9.97500 -1.215989257877502e+04
9.98750 -1.195683229714273e+04
10.00000 -1.178897676440180e+04
