0.00001 1.341939254810461e+03
0.01250 1.738796478010506e+06
0.02500 2.953174769936088e+06
0.03750 3.536815185442079e+06
0.05000 3.673346444447560e+06
0.06250 3.570098434669742e+06
0.07500 3.362294023309676e+06
0.08750 3.121284073125320e+06
0.10000 2.880587597642301e+06
0.11250 2.654488193575647e+06
0.12500 2.448686538835279e+06
0.13750 2.266099940561846e+06
0.15000 2.106537654135392e+06
0.16250 1.963111377065876e+06
0.17500 1.831309946037755e+06
0.18750 1.711110551660987e+06
0.20000 1.602308253305886e+06
0.21250 1.504112752037673e+06
0.22500 1.415721045504732e+06
0.23750 1.336593736536975e+06
0.25000 1.266401280906858e+06
0.26250 1.204540764126182e+06
0.27500 1.149497068704353e+06
0.28750 1.099032387050423e+06
0.30000 1.051346503363962e+06
0.31250 1.005733301055250e+06
0.32500 9.622034900769596e+05
0.33750 9.209416914819505e+05
0.35000 8.820751906266260e+05
0.36250 8.456554735525936e+05
0.37500 8.116990047649717e+05
0.38750 7.802071673844507e+05
0.40000 7.510873846914240e+05
0.41250 7.238835594642888e+05
0.42500 6.972327907070004e+05
0.43750 6.675893415700889e+05
0.45000 6.423141644592769e+05
0.46250 6.757264552829548e+05
0.47500 6.453632387859090e+05
0.48750 6.231040318302603e+05
0.50000 6.036351204359434e+05
0.51250 5.854164993880561e+05
0.52500 5.685752303901619e+05
0.53750 5.533567109815014e+05
0.55000 5.394927534186542e+05
0.56250 5.262760761132978e+05
0.57500 5.137506214461468e+05
0.58750 5.020089266649081e+05
0.60000 4.909249849634376e+05
0.61250 4.805644411509984e+05
0.62500 4.711773826300750e+05
0.63750 4.627651964814091e+05
0.65000 4.550641013682201e+05
0.66250 4.479349408032247e+05
0.67500 4.411335696811427e+05
0.68750 4.341946550537446e+05
0.70000 4.268354662790109e+05
0.71250 4.191256260166690e+05
0.72500 4.111558154479114e+05
0.73750 4.029044160243612e+05
0.75000 3.945971040736473e+05
0.76250 3.866803393713879e+05
0.77500 3.794747149577986e+05
0.78750 3.729748456851535e+05
0.80000 3.669329328673223e+05
0.81250 3.611545465454151e+05
0.82500 3.556531657925097e+05
0.83750 3.505073642030161e+05
0.85000 3.456274971945088e+05
0.86250 3.407387693264079e+05
0.87500 3.356472093308854e+05
0.88750 3.303953766714975e+05
0.90000 3.251863109649526e+05
0.91250 3.203374148908181e+05
0.92500 3.161704216234639e+05
0.93750 3.126239327955805e+05
0.95000 3.091969522295326e+05
0.96250 3.056207641245942e+05
0.97500 3.021192667338959e+05
0.98750 2.991373632639100e+05
1.00000 2.970772399385576e+05
1.01250 2.960987570599749e+05
1.02500 2.960473640807873e+05
1.03750 2.965963235471534e+05
1.05000 2.974360406563490e+05
1.06250 2.982652296912719e+05
1.07500 2.986931861144463e+05
1.08750 2.983518917629430e+05
1.10000 2.970798270023671e+05
1.11250 2.949753705724883e+05
1.12500 2.923781784306233e+05
1.13750 2.897651166978819e+05
1.15000 2.876072321478256e+05
1.16250 2.862621561960498e+05
1.17500 2.858976888744531e+05
1.18750 2.864128803096320e+05
1.20000 2.873920434619790e+05
1.21250 2.882602967958726e+05
1.22500 2.886273857718444e+05
1.23750 2.884280656611510e+05
1.25000 2.877455683754225e+05
1.26250 2.866370149353127e+05
1.27500 2.851245619337918e+05
1.28750 2.832580847444809e+05
1.30000 2.811452026532700e+05
1.31250 2.789338747971272e+05
1.32500 2.767681260117634e+05
1.33750 2.747338301364333e+05
1.35000 2.728352784062234e+05
1.36250 2.710448959829740e+05
1.37500 2.693736563645786e+05
1.38750 2.678717075585846e+05
1.40000 2.665930681422230e+05
1.41250 2.655947485264535e+05
1.42500 2.649217477898949e+05
1.43750 2.645279119515916e+05
1.45000 2.642207820303240e+05
1.46250 2.637349555977252e+05
1.47500 2.628775609481146e+05
1.48750 2.616125735497076e+05
1.50000 2.600550454526778e+05
1.51250 2.584278628129389e+05
1.52500 2.570143144788377e+05
1.53750 2.560960441365732e+05
1.55000 2.558557582028585e+05
1.56250 2.562811142944997e+05
1.57500 2.571831763562488e+05
1.58750 2.583530627121234e+05
1.60000 2.596754361247293e+05
1.61250 2.610884628065190e+05
1.62500 2.625061728201868e+05
1.63750 2.638114875096466e+05
1.65000 2.649116133436522e+05
1.66250 2.657877971608209e+05
1.67500 2.664813542871218e+05
1.68750 2.670264054394139e+05
1.70000 2.673570594224309e+05
1.71250 2.673125382681454e+05
1.72500 2.669052879254855e+05
1.73750 2.665723016955437e+05
1.75000 2.670220774571578e+05
1.76250 2.687453940605693e+05
1.77500 2.714445914772949e+05
1.78750 2.739759780658917e+05
1.80000 2.754841954431958e+05
1.81250 2.765078108210182e+05
1.82500 2.778864054633797e+05
1.83750 2.792335571140823e+05
1.85000 2.805971225593271e+05
1.86250 2.824405758236308e+05
1.87500 2.865012051985704e+05
1.88750 2.978529216107200e+05
1.90000 3.046901871633090e+05
1.91250 3.032729026604717e+05
1.92500 2.998333353342509e+05
1.93750 2.964568210392768e+05
1.95000 2.935601962213780e+05
1.96250 2.908078445327260e+05
1.97500 2.879150388870234e+05
1.98750 2.849976615736206e+05
2.00000 2.822570019465181e+05
2.01250 2.798166919354245e+05
2.02500 2.777266383878510e+05
2.03750 2.759711798696174e+05
2.05000 2.744668150996338e+05
2.06250 2.730780256102708e+05
2.07500 2.716634103952677e+05
2.08750 2.701305016500241e+05
2.10000 2.684596123037979e+05
2.11250 2.666861659392758e+05
2.12500 2.648674788074913e+05
2.13750 2.630572309028993e+05
2.15000 2.612930029230931e+05
2.16250 2.595941607680784e+05
2.17500 2.579645365194471e+05
2.18750 2.563954617408987e+05
2.20000 2.548722803274246e+05
2.21250 2.533866114937642e+05
2.22500 2.519424325350547e+05
2.23750 2.505459170511473e+05
2.25000 2.491910235783182e+05
2.26250 2.478626448926910e+05
2.27500 2.465570293890779e+05
2.28750 2.452934175746621e+05
2.30000 2.441070152739610e+05
2.31250 2.430355820975654e+05
2.32500 2.421039555443008e+05
2.33750 2.413075388998550e+05
2.35000 2.406075368181488e+05
2.36250 2.399500521385031e+05
2.37500 2.392983056768395e+05
2.38750 2.386328206566086e+05
2.40000 2.379274884206366e+05
2.41250 2.371415699810167e+05
2.42500 2.362295749255760e+05
2.43750 2.351558222211211e+05
2.45000 2.339044271477872e+05
2.46250 2.324813901336012e+05
2.47500 2.309105862913201e+05
2.48750 2.292272681381496e+05
2.50000 2.274714573048132e+05
2.51250 2.256820792456654e+05
2.52500 2.238923572628105e+05
2.53750 2.221271974778132e+05
2.55000 2.204032023774890e+05
2.56250 2.187313959822315e+05
2.57500 2.171218381647799e+05
2.58750 2.155883597057204e+05
2.60000 2.141514077458458e+05
2.61250 2.128379515663875e+05
2.62500 2.116789161638758e+05
2.63750 2.107053096013454e+05
2.65000 2.099434878658507e+05
2.66250 2.094088049346232e+05
2.67500 2.090967909450402e+05
2.68750 2.089730064226360e+05
2.70000 2.089667840821467e+05
2.71250 2.089771818966277e+05
2.72500 2.088952896587223e+05
2.73750 2.086346882515750e+05
2.75000 2.081534673271527e+05
2.76250 2.074577273707083e+05
2.77500 2.065904401410857e+05
2.78750 2.056162877314748e+05
2.80000 2.046103141676891e+05
2.81250 2.036529226721332e+05
2.82500 2.028298030452685e+05
2.83750 2.022307389760079e+05
2.85000 2.019342480635844e+05
2.86250 2.019658890800742e+05
2.87500 2.022519116519689e+05
2.88750 2.026360730930014e+05
2.90000 2.029736526639545e+05
2.91250 2.032006188725664e+05
2.92500 2.033162271790876e+05
2.93750 2.033315071555712e+05
2.95000 2.032376175473230e+05
2.96250 2.030016971169363e+05
2.97500 2.025801380995125e+05
2.98750 2.019380222264058e+05
3.00000 2.010647998217940e+05
3.01250 1.999809111913086e+05
3.02500 1.987347310809835e+05
3.03750 1.973908608422674e+05
3.05000 1.960128755327368e+05
3.06250 1.946490268824720e+05
3.07500 1.933328169801381e+05
3.08750 1.921006643749835e+05
3.10000 1.910100379764272e+05
3.11250 1.901383797790800e+05
3.12500 1.895599975262263e+05
3.13750 1.893114294460381e+05
3.15000 1.893605245650137e+05
3.16250 1.895990339655371e+05
3.17500 1.898711915680592e+05
3.18750 1.900235055786524e+05
3.20000 1.899431496394865e+05
3.21250 1.895675342617483e+05
3.22500 1.888722165020882e+05
3.23750 1.878542221898914e+05
3.25000 1.865275564360325e+05
3.26250 1.849357650388445e+05
3.27500 1.831654754639991e+05
3.28750 1.813387271863900e+05
3.30000 1.795726334865649e+05
3.31250 1.779231416556360e+05
3.32500 1.763852450555464e+05
3.33750 1.749917337973827e+05
3.35000 1.738980735408721e+05
3.36250 1.733480568382659e+05
3.37500 1.735582569912328e+05
3.38750 1.745914285660610e+05
3.40000 1.762800636879510e+05
3.41250 1.782608651801942e+05
3.42500 1.801260832841727e+05
3.43750 1.816048158500035e+05
3.45000 1.826377293268848e+05
3.46250 1.833007750126843e+05
3.47500 1.836768168696634e+05
3.48750 1.837845441477429e+05
3.50000 1.836003497230199e+05
3.51250 1.831321486383869e+05
3.52500 1.824858768943062e+05
3.53750 1.818811643220304e+05
3.55000 1.815598941689135e+05
3.56250 1.816258528663238e+05
3.57500 1.820297499058499e+05
3.58750 1.826889586297881e+05
3.60000 1.835140774752529e+05
3.61250 1.844821028141303e+05
3.62500 1.857078261122369e+05
3.63750 1.872911324077612e+05
3.65000 1.891079901203317e+05
3.66250 1.907837691510556e+05
3.67500 1.919508645312962e+05
3.68750 1.925128920468243e+05
3.70000 1.924643427774357e+05
3.71250 1.917417585680314e+05
3.72500 1.918667652111758e+05
3.73750 1.969685805449142e+05
3.75000 1.972224170227753e+05
3.76250 1.953997460593608e+05
3.77500 1.943852511891580e+05
3.78750 1.949318838962804e+05
3.80000 1.948098371591998e+05
3.81250 1.930842696212361e+05
3.82500 1.927171592599588e+05
3.83750 1.914858607620617e+05
3.85000 1.889016238620145e+05
3.86250 1.863449475078452e+05
3.87500 1.839903421624350e+05
3.88750 1.818166331867813e+05
3.90000 1.797902452249094e+05
3.91250 1.778742460117928e+05
3.92500 1.760170294779145e+05
3.93750 1.741701758103152e+05
3.95000 1.723163148132402e+05
3.96250 1.704651636721886e+05
3.97500 1.686429412569183e+05
3.98750 1.668812184188481e+05
4.00000 1.652052963582715e+05
4.01250 1.636429729323846e+05
4.02500 1.622296941430989e+05
4.03750 1.609909147605964e+05
4.05000 1.599283590966669e+05
4.06250 1.590243518089417e+05
4.07500 1.582592089989426e+05
4.08750 1.576193271902444e+05
4.10000 1.570882531908194e+05
4.11250 1.566320055546129e+05
4.12500 1.561971448566527e+05
4.13750 1.557327932388858e+05
4.15000 1.552049167034375e+05
4.16250 1.545876224334486e+05
4.17500 1.538568555299484e+05
4.18750 1.529964255932257e+05
4.20000 1.520035319746710e+05
4.21250 1.508815785568160e+05
4.22500 1.496317609090017e+05
4.23750 1.482643644343039e+05
4.25000 1.468087673697597e+05
4.26250 1.452964698381006e+05
4.27500 1.437402510697648e+05
4.28750 1.421384064499357e+05
4.30000 1.404960719601770e+05
4.31250 1.388348552914892e+05
4.32500 1.371886055808523e+05
4.33750 1.355940733490913e+05
4.35000 1.340746812992007e+05
4.36250 1.326273008060084e+05
4.37500 1.312378338957393e+05
4.38750 1.299103650484977e+05
4.40000 1.286683553748669e+05
4.41250 1.275384244905229e+05
4.42500 1.265367207380139e+05
4.43750 1.256541347743013e+05
4.45000 1.248498167518663e+05
4.46250 1.240693328083735e+05
4.47500 1.232677201652772e+05
4.48750 1.224124684670649e+05
4.50000 1.214782188504559e+05
4.51250 1.204487525494062e+05
4.52500 1.193226475865532e+05
4.53750 1.181136581943236e+05
4.55000 1.168453629641501e+05
4.56250 1.155451547580114e+05
4.57500 1.142397496729110e+05
4.58750 1.129516300123536e+05
4.60000 1.116967422059121e+05
4.61250 1.104846813091886e+05
4.62500 1.093239147037643e+05
4.63750 1.082334864134560e+05
4.65000 1.072444389924766e+05
4.66250 1.063644842188114e+05
4.67500 1.055352806340072e+05
4.68750 1.046646582244931e+05
4.70000 1.037045365697582e+05
4.71250 1.026658838162171e+05
4.72500 1.015820035791026e+05
4.73750 1.004757896203224e+05
4.75000 9.934891551241043e+04
4.76250 9.819271199803437e+04
4.77500 9.700647155627802e+04
4.78750 9.580841928025076e+04
4.80000 9.464187696433700e+04
4.81250 9.358639168495829e+04
4.82500 9.276670855960929e+04
4.83750 9.228486217579915e+04
4.85000 9.199325168572868e+04
4.86250 9.143220489739714e+04
4.87500 8.998230458295860e+04
4.88750 9.540225281933296e+04
4.90000 9.821923637311840e+04
4.91250 9.676564195589062e+04
4.92500 9.657585564005486e+04
4.93750 9.675095187932602e+04
4.95000 9.634492944602745e+04
4.96250 9.567747819284488e+04
4.97500 9.502772965236049e+04
4.98750 9.440169495698373e+04
5.00000 9.370655661120551e+04
5.01250 9.289364759033578e+04
5.02500 9.197601980782284e+04
5.03750 9.097888497860018e+04
5.05000 8.991552415286725e+04
5.06250 8.879065198579288e+04
5.07500 8.760872501121253e+04
5.08750 8.637839263408142e+04
5.10000 8.511277592536750e+04
5.11250 8.382730472496845e+04
5.12500 8.253679278493117e+04
5.13750 8.125275224111939e+04
5.15000 7.998141073120065e+04
5.16250 7.872297871644696e+04
5.17500 7.747299607044445e+04
5.18750 7.622579456570314e+04
5.20000 7.497825311296624e+04
5.21250 7.373153679897895e+04
5.22500 7.249046144959434e+04
5.23750 7.126200447299398e+04
5.25000 7.005428524911270e+04
5.26250 6.887596468817521e+04
5.27500 6.773518910215507e+04
5.28750 6.663759451279999e+04
5.30000 6.558395573001289e+04
5.31250 6.456876365609600e+04
5.32500 6.358062787654831e+04
5.33750 6.260418420035727e+04
5.35000 6.162234185272010e+04
5.36250 6.061807302016898e+04
5.37500 5.957583820474306e+04
5.38750 5.848299430395979e+04
5.40000 5.733111361233332e+04
5.41250 5.611678310082881e+04
5.42500 5.484147235396533e+04
5.43750 5.351020468793351e+04
5.45000 5.212875865152223e+04
5.46250 5.069889836695571e+04
5.47500 4.921105166369912e+04
5.48750 4.764166956250682e+04
5.50000 4.613407562463827e+04
5.51250 4.626632872857821e+04
5.52500 4.560607794611353e+04
5.53750 4.413081758899626e+04
5.55000 4.272407231267173e+04
5.56250 4.202510186572483e+04
5.57500 4.089852105179930e+04
5.58750 3.955106584438243e+04
5.60000 3.852529731882115e+04
5.61250 3.768004802136181e+04
5.62500 3.682396136397046e+04
5.63750 3.560105963137448e+04
5.65000 3.435068178931181e+04
5.66250 3.325573485698772e+04
5.67500 3.256611450153627e+04
5.68750 3.255484127665626e+04
5.70000 3.262599421993382e+04
5.71250 3.223537231723098e+04
5.72500 3.150559456235084e+04
5.73750 3.055268404814079e+04
5.75000 2.945950653745901e+04
5.76250 2.829851352286907e+04
5.77500 2.712160496522703e+04
5.78750 2.595952404520490e+04
5.80000 2.481733965397469e+04
5.81250 2.366905365577328e+04
5.82500 2.247328465942753e+04
5.83750 2.120518890563952e+04
5.85000 1.986929784776754e+04
5.86250 1.848676724876085e+04
5.87500 1.707944978652456e+04
5.88750 1.566316514992305e+04
5.90000 1.424809275075583e+04
5.91250 1.284085548721284e+04
5.92500 1.144509237733492e+04
5.93750 1.005955584712171e+04
5.95000 8.676152621718084e+03
5.96250 7.281941730687430e+03
5.97500 5.861651549584696e+03
5.98750 4.396366890844503e+03
6.00000 2.861437312424371e+03
6.01250 1.224002717586588e+03
6.02500 -5.621182427243792e+02
6.03750 -2.571321577625414e+03
6.05000 -4.948928909195370e+03
6.06250 -8.044151251353162e+03
6.07500 -1.289212142235708e+04
6.08750 -2.073147271594185e+04
6.10000 9.627299689065605e+03
6.11250 1.975938170781605e+03
6.12500 -2.728943533018420e+03
6.13750 -5.570881638955527e+03
6.15000 -7.606186143421812e+03
6.16250 -9.200663532645538e+03
6.17500 -1.052020247562423e+04
6.18750 -1.166701453459811e+04
6.20000 -1.272173345569276e+04
6.21250 -1.374993730109163e+04
6.22500 -1.479578737763364e+04
6.23750 -1.588542290622188e+04
6.25000 -1.702215524846110e+04
6.26250 -1.813993925752711e+04
6.27500 -1.931030714378000e+04
6.28750 -2.068375715556814e+04
6.30000 -2.200719827005257e+04
6.31250 -2.297801963056211e+04
6.32500 -2.414927503778033e+04
6.33750 -2.541004096858350e+04
6.35000 -2.658005478652176e+04
6.36250 -2.764106476586621e+04
6.37500 -2.859111316598866e+04
6.38750 -2.943098479562435e+04
6.40000 -3.018237621650092e+04
6.41250 -3.087837146663001e+04
6.42500 -3.154694803324034e+04
6.43750 -3.221559281931478e+04
6.45000 -3.290784968278676e+04
6.46250 -3.362865664346192e+04
6.47500 -3.436176316099077e+04
6.48750 -3.508761023958310e+04
6.50000 -3.580240818615135e+04
6.51250 -3.652333982752069e+04
6.52500 -3.728263183318295e+04
6.53750 -3.810961560140950e+04
6.55000 -3.900326028949791e+04
6.56250 -3.991905380183541e+04
6.57500 -4.078503342945978e+04
6.58750 -4.152838855019133e+04
6.60000 -4.209265179277913e+04
6.61250 -4.245161863820141e+04
6.62500 -4.263714822758900e+04
6.63750 -4.274597309589102e+04
6.65000 -4.287407920845212e+04
6.66250 -4.305293496474170e+04
6.67500 -4.326600209561797e+04
6.68750 -4.349025988414812e+04
6.70000 -4.370616660492263e+04
6.71250 -4.388713081275207e+04
6.72500 -4.400581973452793e+04
6.73750 -4.408316693105492e+04
6.75000 -4.424339123879821e+04
6.76250 -4.467357322553513e+04
6.77500 -4.548318199343896e+04
6.78750 -4.661939389677661e+04
6.80000 -4.791643297769011e+04
6.81250 -4.919127679393492e+04
6.82500 -5.030748309521128e+04
6.83750 -5.119025590317974e+04
6.85000 -5.182915135781775e+04
6.86250 -5.236999174328074e+04
6.87500 -5.315018658803072e+04
6.88750 -5.435099671997446e+04
6.90000 -5.577897386446712e+04
6.91250 -5.709953760626661e+04
6.92500 -5.805877296589524e+04
6.93750 -5.848359666199217e+04
6.95000 -5.830426047843914e+04
6.96250 -5.797881758692679e+04
6.97500 -5.826053972266705e+04
6.98750 -5.908439672235599e+04
7.00000 -5.968392296472061e+04
7.01250 -5.889315739271225e+04
7.02500 -5.610792863676827e+04
7.03750 -5.353392616829818e+04
7.05000 -4.781908796830612e+04
7.06250 -4.780460793388015e+04
7.07500 -4.798856949218873e+04
7.08750 -4.799405645014337e+04
7.10000 -4.831780613512907e+04
7.11250 -4.922702024228242e+04
7.12500 -5.017449570186510e+04
7.13750 -5.077058117654063e+04
7.15000 -5.092983168143416e+04
7.16250 -5.076700295013661e+04
7.17500 -5.053490760000367e+04
7.18750 -5.042202521848291e+04
7.20000 -5.046857597543694e+04
7.21250 -5.065533085689312e+04
7.22500 -5.091955826556427e+04
7.23750 -5.115405822545902e+04
7.25000 -5.126595116639081e+04
7.26250 -5.124702408828498e+04
7.27500 -5.118565103592123e+04
7.28750 -5.119997948106530e+04
7.30000 -5.135662992316652e+04
7.31250 -5.164911657995023e+04
7.32500 -5.203282741982204e+04
7.33750 -5.246498770523719e+04
7.35000 -5.291968493442186e+04
7.36250 -5.338550043407054e+04
7.37500 -5.386125106050971e+04
7.38750 -5.435313978301708e+04
7.40000 -5.487096911182835e+04
7.41250 -5.542370992265479e+04
7.42500 -5.601567184786407e+04
7.43750 -5.664363497342578e+04
7.45000 -5.729695523314946e+04
7.46250 -5.796427126022016e+04
7.47500 -5.864541153901703e+04
7.48750 -5.935773950374472e+04
7.50000 -6.012686599403898e+04
7.51250 -6.096753694626495e+04
7.52500 -6.187047912766981e+04
7.53750 -6.280001563290942e+04
7.55000 -6.369317373340834e+04
7.56250 -6.445432169586204e+04
7.57500 -6.497045072834355e+04
7.58750 -6.521297307979569e+04
7.60000 -6.535674254752426e+04
7.61250 -6.562726860205391e+04
7.62500 -6.607808791218097e+04
7.63750 -6.666235562684361e+04
7.65000 -6.734930851993710e+04
7.66250 -6.812733568458470e+04
7.67500 -6.897698546475693e+04
7.68750 -6.986749434221644e+04
7.70000 -7.076698371386214e+04
7.71250 -7.164988188964222e+04
7.72500 -7.249884803153189e+04
7.73750 -7.330432239879960e+04
7.75000 -7.406399180976374e+04
7.76250 -7.478236672122624e+04
7.77500 -7.546940960203408e+04
7.78750 -7.613753483844205e+04
7.80000 -7.679797151688272e+04
7.81250 -7.745845485196957e+04
7.82500 -7.812302128982602e+04
7.83750 -7.879267472782465e+04
7.85000 -7.946526861260235e+04
7.86250 -8.013434962415337e+04
7.87500 -8.078805105945091e+04
7.88750 -8.140898381753136e+04
7.90000 -8.197503767737465e+04
7.91250 -8.246064290107142e+04
7.92500 -8.283884014908061e+04
7.93750 -8.308535252697057e+04
7.95000 -8.318546459931576e+04
7.96250 -8.314269915991739e+04
7.97500 -8.298581609184219e+04
7.98750 -8.276899062786764e+04
8.00000 -8.256139699363371e+04
8.01250 -8.242830892016790e+04
8.02500 -8.241293240708894e+04
8.03750 -8.252889841906594e+04
8.05000 -8.276575065659807e+04
8.06250 -8.310170860054718e+04
8.07500 -8.351597881240665e+04
8.08750 -8.399552413059959e+04
8.10000 -8.453487772937103e+04
8.11250 -8.513079077031699e+04
8.12500 -8.577546157800531e+04
8.13750 -8.645193949667127e+04
8.15000 -8.713340198044566e+04
8.16250 -8.778603772792596e+04
8.17500 -8.837412564183054e+04
8.18750 -8.886526518651578e+04
8.20000 -8.923398378771542e+04
8.21250 -8.946386418088987e+04
8.22500 -8.955058694521151e+04
8.23750 -8.950807813277954e+04
8.25000 -8.936838534037086e+04
8.26250 -8.917560229102214e+04
8.27500 -8.897117821755797e+04
8.28750 -8.878556842609528e+04
8.30000 -8.864209984390464e+04
8.31250 -8.856576109184251e+04
8.32500 -8.858702061903905e+04
8.33750 -8.873935368695843e+04
8.35000 -8.905872923265905e+04
8.36250 -8.959553782788706e+04
8.37500 -9.042160875119128e+04
8.38750 -9.094994666373995e+04
8.40000 -8.771101685666502e+04
8.41250 -8.694319927367535e+04
8.42500 -8.728224248520227e+04
8.43750 -8.794622280167168e+04
8.45000 -8.854285873834632e+04
8.46250 -8.896526277400070e+04
8.47500 -8.914144305817009e+04
8.48750 -8.878655841824300e+04
8.50000 -8.652067976201224e+04
8.51250 -8.117388556869367e+04
8.52500 -7.653264086166033e+04
8.53750 -7.490389585070995e+04
8.55000 -7.475474837886894e+04
8.56250 -7.511154257269588e+04
8.57500 -7.568246590521313e+04
8.58750 -7.637446104140455e+04
8.60000 -7.722406333461401e+04
8.61250 -7.823226217887711e+04
8.62500 -7.924469609300213e+04
8.63750 -8.009430220102461e+04
8.65000 -8.072150447891632e+04
8.66250 -8.118390803933950e+04
8.67500 -7.765551182537620e+04
8.68750 -7.744367699889951e+04
8.70000 -7.662527317008007e+04
8.71250 -7.509752369940624e+04
8.72500 -7.269382450634657e+04
8.73750 -6.944277711297097e+04
8.75000 -6.586519898800238e+04
8.76250 -6.273510742383037e+04
8.77500 -6.054193857002109e+04
8.78750 -5.935281822391856e+04
8.80000 -5.904388511893539e+04
8.81250 -5.950997453501770e+04
8.82500 -6.060457375991969e+04
8.83750 -5.982382924271717e+04
8.85000 -4.852300625535483e+04
8.86250 -4.176692558386130e+04
8.87500 -4.212885756223769e+04
8.88750 -4.260052396264485e+04
8.90000 -4.235232136296770e+04
8.91250 -4.149880267618595e+04
8.92500 -4.026307944807487e+04
8.93750 -3.892908076497351e+04
8.95000 -3.774064383195812e+04
8.96250 -3.680488810778215e+04
8.97500 -3.609523744203166e+04
8.98750 -3.551753604456467e+04
9.00000 -3.496902184865952e+04
9.01250 -3.436777930066264e+04
9.02500 -3.366132781089245e+04
9.03750 -3.282572277014168e+04
9.05000 -3.186118556757486e+04
9.06250 -3.078642845788020e+04
9.07500 -2.963234675037107e+04
9.08750 -2.843541931152753e+04
9.10000 -2.723156662122573e+04
9.11250 -2.605211982386165e+04
9.12500 -2.492359808475654e+04
9.13750 -2.387028133953868e+04
9.15000 -2.291479214617734e+04
9.16250 -2.207301027189119e+04
9.17500 -2.134614871316215e+04
9.18750 -2.071687492017433e+04
9.20000 -2.015344171636364e+04
9.21250 -1.962040861616798e+04
9.22500 -1.909176723452728e+04
9.23750 -1.856158554289963e+04
9.25000 -1.804726466759364e+04
9.26250 -1.758278364149532e+04
9.27500 -1.720458304440699e+04
9.28750 -1.693773789398261e+04
9.30000 -1.679078226194609e+04
9.31250 -1.675945181478700e+04
9.32500 -1.682679957136537e+04
9.33750 -1.696082302117263e+04
9.35000 -1.712083111188745e+04
9.36250 -1.726482708075348e+04
9.37500 -1.735302688364584e+04
9.38750 -1.735021024665222e+04
9.40000 -1.722862167153170e+04
9.41250 -1.697080528388444e+04
9.42500 -1.657042344372367e+04
9.43750 -1.602547988672452e+04
9.45000 -1.530778621645554e+04
9.46250 -1.446839280623548e+04
9.47500 -1.364233154225513e+04
9.48750 -1.281620105416094e+04
9.50000 -1.200312970898131e+04
9.51250 -1.121662474198473e+04
9.52500 -1.043642748609317e+04
9.53750 -9.671281199157256e+03
9.55000 -9.041951836566546e+03
9.56250 -8.555765479144151e+03
9.57500 -8.141494081945868e+03
9.58750 -7.807639710055558e+03
9.60000 -7.596352711427679e+03
9.61250 -7.492942786516960e+03
9.62500 -7.473408548470043e+03
9.63750 -7.530999129742243e+03
9.65000 -7.660740646739099e+03
9.66250 -7.840382124289335e+03
9.67500 -8.037218938792732e+03
9.68750 -8.264056247757630e+03
9.70000 -8.600021298065507e+03
9.71250 -9.090635792701403e+03
9.72500 -9.696570472276897e+03
9.73750 -1.034455343094694e+04
9.75000 -1.096257926452058e+04
9.76250 -1.148804061520660e+04
9.77500 -1.188352114738464e+04
9.78750 -1.215205838856992e+04
9.80000 -1.232009236168657e+04
9.81250 -1.242076053970047e+04
9.82500 -1.249146231953167e+04
9.83750 -1.255828604560404e+04
9.85000 -1.262708372743655e+04
9.86250 -1.269303352352348e+04
9.87500 -1.275193193452238e+04
9.88750 -1.280387475792640e+04
9.90000 -1.285136317704176e+04
9.91250 -1.289333970219287e+04
9.92500 -1.291402955652417e+04
9.93750 -1.287200459248917e+04
9.95000 -1.271421781576699e+04
9.96250 -1.244225357534819e+04
9.97500 -1.215846629552066e+04
9.98750 -1.195566789113629e+04
10.00000 -1.179243971274899e+04
