0.00001 7.464503051052796e+06
0.01250 7.029446180561998e+06
0.02500 5.979951990953894e+06
0.03750 4.790371414257023e+06
0.05000 3.750449927516127e+06
0.06250 2.936804593272567e+06
0.07500 2.326814781193054e+06
0.08750 1.874320949996768e+06
0.10000 1.537495086081528e+06
0.11250 1.284842245643110e+06
0.12500 1.094158974574529e+06
0.13750 9.489437019376318e+05
0.15000 8.337388457361496e+05
0.16250 7.382741611647622e+05
0.17500 6.608337872984922e+05
0.18750 5.994827389709227e+05
0.20000 5.511265510512746e+05
0.21250 5.131226422394430e+05
0.22500 4.834798763685237e+05
0.23750 4.605569046573607e+05
0.25000 4.426376286724817e+05
0.26250 4.276651125037163e+05
0.27500 4.136680272781129e+05
0.28750 3.997689442035006e+05
0.30000 3.864256052873590e+05
0.31250 3.745226879199832e+05
0.32500 3.645990068201702e+05
0.33750 3.567693741227453e+05
0.35000 3.509215501788320e+05
0.36250 3.468671697460752e+05
0.37500 3.443949465451983e+05
0.38750 3.432476633288116e+05
0.40000 3.430610786455732e+05
0.41250 3.434063915752811e+05
0.42500 3.442514281787520e+05
0.43750 3.485267108278080e+05
0.45000 3.869116018556799e+05
0.46250 3.582066548129936e+05
0.47500 3.436207592752729e+05
0.48750 3.404750971945933e+05
0.50000 3.385795003062182e+05
0.51250 3.378502148088311e+05
0.52500 3.381615848363728e+05
0.53750 3.390616067443388e+05
0.55000 3.398161642546259e+05
0.56250 3.404737668089107e+05
0.57500 3.413778928607815e+05
0.58750 3.424113404215805e+05
0.60000 3.435594979066275e+05
0.61250 3.449495915250126e+05
0.62500 3.464643431115760e+05
0.63750 3.477219309294917e+05
0.65000 3.485373221206456e+05
0.66250 3.488414593806040e+05
0.67500 3.484469251759112e+05
0.68750 3.473995625477551e+05
0.70000 3.460885602802409e+05
0.71250 3.448652599981435e+05
0.72500 3.438459864522835e+05
0.73750 3.432346122837605e+05
0.75000 3.433417376550663e+05
0.76250 3.442014498401694e+05
0.77500 3.455142688595080e+05
0.78750 3.468855012685074e+05
0.80000 3.481201804452997e+05
0.81250 3.492845182528056e+05
0.82500 3.504772311444491e+05
0.83750 3.516284434022899e+05
0.85000 3.525622526900899e+05
0.86250 3.532606333278921e+05
0.87500 3.539612260797848e+05
0.88750 3.549550723087855e+05
0.90000 3.564378811635758e+05
0.91250 3.584566183429152e+05
0.92500 3.607624649860382e+05
0.93750 3.628710056884215e+05
0.95000 3.646601143010745e+05
0.96250 3.665417207270408e+05
0.97500 3.689177348904157e+05
0.98750 3.718727142716137e+05
1.00000 3.751596080471834e+05
1.01250 3.783135854417845e+05
1.02500 3.808832539480198e+05
1.03750 3.826194571994530e+05
1.05000 3.834388630043111e+05
1.06250 3.832970909388006e+05
1.07500 3.822521423096589e+05
1.08750 3.806019407750000e+05
1.10000 3.788162606339792e+05
1.11250 3.773885446071249e+05
1.12500 3.766953399094233e+05
1.13750 3.768809320825665e+05
1.15000 3.778359359367961e+05
1.16250 3.792423308065843e+05
1.17500 3.806354244117187e+05
1.18750 3.814926188394305e+05
1.20000 3.814180359294675e+05
1.21250 3.803783542898436e+05
1.22500 3.786918416633996e+05
1.23750 3.767214037159509e+05
1.25000 3.746698176095032e+05
1.26250 3.726323191364860e+05
1.27500 3.707056840549789e+05
1.28750 3.690111971333322e+05
1.30000 3.676539886681571e+05
1.31250 3.666799837163427e+05
1.32500 3.660563896952385e+05
1.33750 3.656904247622404e+05
1.35000 3.654944955284367e+05
1.36250 3.654443612252423e+05
1.37500 3.655565305131257e+05
1.38750 3.658277613901037e+05
1.40000 3.662241924524694e+05
1.41250 3.666856506398025e+05
1.42500 3.670923893644932e+05
1.43750 3.672652006576598e+05
1.45000 3.670686901321673e+05
1.46250 3.665324361568324e+05
1.47500 3.658571319844648e+05
1.48750 3.653167859133703e+05
1.50000 3.651576496797656e+05
1.51250 3.655379825487391e+05
1.52500 3.664917177957121e+05
1.53750 3.678994041095823e+05
1.55000 3.694919481913467e+05
1.56250 3.709441409419448e+05
1.57500 3.720375851720377e+05
1.58750 3.727302941061386e+05
1.60000 3.730577899152027e+05
1.61250 3.730279742180443e+05
1.62500 3.726291469272986e+05
1.63750 3.718911226024888e+05
1.65000 3.709106559282831e+05
1.66250 3.698085587851021e+05
1.67500 3.686630117524056e+05
1.68750 3.674793858739097e+05
1.70000 3.662404732033915e+05
1.71250 3.650861246710030e+05
1.72500 3.644057818509968e+05
1.73750 3.645511702226196e+05
1.75000 3.654149303569131e+05
1.76250 3.662718353423642e+05
1.77500 3.661173711047097e+05
1.78750 3.646060998893414e+05
1.80000 3.626465374641905e+05
1.81250 3.612672394492877e+05
1.82500 3.601521271117448e+05
1.83750 3.589300936065018e+05
1.85000 3.582165453133577e+05
1.86250 3.582156685726812e+05
1.87500 3.601255592013450e+05
1.88750 3.582402302371139e+05
1.90000 3.457095913022634e+05
1.91250 3.347203044205800e+05
1.92500 3.274543363260232e+05
1.93750 3.223915495828797e+05
1.95000 3.183241764570387e+05
1.96250 3.146298418981861e+05
1.97500 3.113779468861365e+05
1.98750 3.087167691021572e+05
2.00000 3.065948153002915e+05
2.01250 3.048667375431149e+05
2.02500 3.033669249233787e+05
2.03750 3.019305556768198e+05
2.05000 3.004191231364242e+05
2.06250 2.987578043887443e+05
2.07500 2.969588687541200e+05
2.08750 2.951041058968676e+05
2.10000 2.932940058239004e+05
2.11250 2.916032420487787e+05
2.12500 2.900653553551674e+05
2.13750 2.886790741750340e+05
2.15000 2.874223521699070e+05
2.16250 2.862654741652850e+05
2.17500 2.851794461143941e+05
2.18750 2.841420612302540e+05
2.20000 2.831442692369935e+05
2.21250 2.821895011660314e+05
2.22500 2.812809649077418e+05
2.23750 2.804107858577241e+05
2.25000 2.795670767515419e+05
2.26250 2.787520156621544e+05
2.27500 2.779851278256590e+05
2.28750 2.772858150603888e+05
2.30000 2.766562890499686e+05
2.31250 2.760745797226865e+05
2.32500 2.754942142388242e+05
2.33750 2.748553339643821e+05
2.35000 2.741088082232679e+05
2.36250 2.732388741831257e+05
2.37500 2.722550118384205e+05
2.38750 2.711612048234500e+05
2.40000 2.699516380147013e+05
2.41250 2.686280038063708e+05
2.42500 2.672122927386487e+05
2.43750 2.657472881909843e+05
2.45000 2.642878268069100e+05
2.46250 2.628892718569385e+05
2.47500 2.615984784139025e+05
2.48750 2.604489383134684e+05
2.50000 2.594593582157845e+05
2.51250 2.586347247579060e+05
2.52500 2.579694039197721e+05
2.53750 2.574517576154719e+05
2.55000 2.570692659981341e+05
2.56250 2.568127153790272e+05
2.57500 2.566779670136376e+05
2.58750 2.566645030201338e+05
2.60000 2.567713273299835e+05
2.61250 2.569919947137078e+05
2.62500 2.573105029049691e+05
2.63750 2.576985961902537e+05
2.65000 2.581140457503320e+05
2.66250 2.584999098481883e+05
2.67500 2.587864858839155e+05
2.68750 2.588993172368857e+05
2.70000 2.587759092148691e+05
2.71250 2.583881436035907e+05
2.72500 2.577589323880162e+05
2.73750 2.569604759425387e+05
2.75000 2.560933482386720e+05
2.76250 2.552592671349443e+05
2.77500 2.545414114719349e+05
2.78750 2.539967547965764e+05
2.80000 2.536567423517598e+05
2.81250 2.535302233697980e+05
2.82500 2.536027496668421e+05
2.83750 2.538272538038221e+05
2.85000 2.541074233870777e+05
2.86250 2.542943820450808e+05
2.87500 2.542333263952637e+05
2.88750 2.538500569247826e+05
2.90000 2.531833488556764e+05
2.91250 2.523212534787615e+05
2.92500 2.513272553240372e+05
2.93750 2.502221014009750e+05
2.95000 2.490045189861964e+05
2.96250 2.476784549905765e+05
2.97500 2.462710225175861e+05
2.98750 2.448360319173797e+05
3.00000 2.434448454616191e+05
3.01250 2.421707634263086e+05
3.02500 2.410729096807757e+05
3.03750 2.401843961431717e+05
3.05000 2.395101355681162e+05
3.06250 2.390379703757901e+05
3.07500 2.387573398953549e+05
3.08750 2.386681940985913e+05
3.10000 2.387678789453733e+05
3.11250 2.390250912182402e+05
3.12500 2.393607083172249e+05
3.13750 2.396487549531240e+05
3.15000 2.397428651833089e+05
3.16250 2.395228927689393e+05
3.17500 2.389376655270529e+05
3.18750 2.380156349416127e+05
3.20000 2.368409564958813e+05
3.21250 2.355185525044010e+05
3.22500 2.341505783850625e+05
3.23750 2.328322418899105e+05
3.25000 2.316606395140517e+05
3.26250 2.307374875598692e+05
3.27500 2.301511467536236e+05
3.28750 2.299446232257869e+05
3.30000 2.300943148664575e+05
3.31250 2.305385583186586e+05
3.32500 2.312622273540251e+05
3.33750 2.323356161439191e+05
3.35000 2.338275393063365e+05
3.36250 2.356834656538962e+05
3.37500 2.376732628165383e+05
3.38750 2.394322497952301e+05
3.40000 2.405883682219720e+05
3.41250 2.409246538388448e+05
3.42500 2.404772762942284e+05
3.43750 2.394877420792049e+05
3.45000 2.382376189281528e+05
3.46250 2.369087511285099e+05
3.47500 2.355654482357713e+05
3.48750 2.342303421377719e+05
3.50000 2.329681749940686e+05
3.51250 2.319094912117232e+05
3.52500 2.312070549596392e+05
3.53750 2.309388168168947e+05
3.55000 2.310124868921311e+05
3.56250 2.312094740220802e+05
3.57500 2.313570447699962e+05
3.58750 2.313717034305315e+05
3.60000 2.312338629304197e+05
3.61250 2.310055781598821e+05
3.62500 2.306903446661295e+05
3.63750 2.300966625862666e+05
3.65000 2.289354578009781e+05
3.66250 2.270806844473356e+05
3.67500 2.247464225522346e+05
3.68750 2.222853082554472e+05
3.70000 2.199665132384892e+05
3.71250 2.183981838780761e+05
3.72500 2.191471425567621e+05
3.73750 2.172816140683198e+05
3.75000 2.111956975723570e+05
3.76250 2.079680280869288e+05
3.77500 2.063228979880721e+05
3.78750 2.043384542782348e+05
3.80000 2.005757636343887e+05
3.81250 1.977119992571057e+05
3.82500 1.955660195293273e+05
3.83750 1.916518985156379e+05
3.85000 1.887593454656993e+05
3.86250 1.867493367806266e+05
3.87500 1.851779024329744e+05
3.88750 1.838545870110613e+05
3.90000 1.826829703871590e+05
3.91250 1.816002570645906e+05
3.92500 1.805717943996875e+05
3.93750 1.796056464086641e+05
3.95000 1.787332235897996e+05
3.96250 1.779833954369061e+05
3.97500 1.773731771245197e+05
3.98750 1.769027367226315e+05
4.00000 1.765632076274874e+05
4.01250 1.763458982530498e+05
4.02500 1.762279175008527e+05
4.03750 1.761652625757673e+05
4.05000 1.761064759443904e+05
4.06250 1.760111924880838e+05
4.07500 1.758542641583903e+05
4.08750 1.756128421109049e+05
4.10000 1.752561627282747e+05
4.11250 1.747504234344991e+05
4.12500 1.740792599328133e+05
4.13750 1.732538569720607e+05
4.15000 1.722963712026471e+05
4.16250 1.712281569493914e+05
4.17500 1.700747083151193e+05
4.18750 1.688693989229424e+05
4.20000 1.676459261842902e+05
4.21250 1.664302341724210e+05
4.22500 1.652480591047007e+05
4.23750 1.641328812893614e+05
4.25000 1.631098206041581e+05
4.26250 1.621803924860570e+05
4.27500 1.613346621480889e+05
4.28750 1.605746319708606e+05
4.30000 1.599178189445628e+05
4.31250 1.593826103812595e+05
4.32500 1.589759197164883e+05
4.33750 1.586857590509543e+05
4.35000 1.584810486912803e+05
4.36250 1.583305708494065e+05
4.37500 1.582272796692598e+05
4.38750 1.581800992820828e+05
4.40000 1.581876024910421e+05
4.41250 1.582279825008787e+05
4.42500 1.582598089398832e+05
4.43750 1.582296709764956e+05
4.45000 1.580947152630271e+05
4.46250 1.578425228568172e+05
4.47500 1.574849093774533e+05
4.48750 1.570426634804030e+05
4.50000 1.565424052544983e+05
4.51250 1.560186883152188e+05
4.52500 1.555100603727165e+05
4.53750 1.550505470355454e+05
4.55000 1.546638430480275e+05
4.56250 1.543621498454467e+05
4.57500 1.541472139476725e+05
4.58750 1.540125117206450e+05
4.60000 1.539469258656323e+05
4.61250 1.539396490472924e+05
4.62500 1.539848684442468e+05
4.63750 1.540776874810893e+05
4.65000 1.541913159174326e+05
4.66250 1.542601777518632e+05
4.67500 1.542208382018453e+05
4.68750 1.540802985148222e+05
4.70000 1.539057735730379e+05
4.71250 1.537599637890649e+05
4.72500 1.536700230926981e+05
4.73750 1.536359326857037e+05
4.75000 1.536543987743387e+05
4.76250 1.537381372635134e+05
4.77500 1.539180687053994e+05
4.78750 1.542348419977346e+05
4.80000 1.547306232085584e+05
4.81250 1.554363813566014e+05
4.82500 1.563300114338233e+05
4.83750 1.572546972551558e+05
4.85000 1.579806787789724e+05
4.86250 1.586198743481546e+05
4.87500 1.603822699017498e+05
4.88750 1.665223194286313e+05
4.90000 1.595780478103485e+05
4.91250 1.580089945651040e+05
4.92500 1.574311213442299e+05
4.93750 1.562096643051807e+05
4.95000 1.547816949988218e+05
4.96250 1.536344801095770e+05
4.97500 1.526483454627935e+05
4.98750 1.516546839026723e+05
5.00000 1.506089041469565e+05
5.01250 1.495581996822363e+05
5.02500 1.485464690721896e+05
5.03750 1.475855620160792e+05
5.05000 1.466742285426526e+05
5.06250 1.458136440103436e+05
5.07500 1.450101552364028e+05
5.08750 1.442719759334897e+05
5.10000 1.436050880966536e+05
5.11250 1.430106157385252e+05
5.12500 1.424841239504367e+05
5.13750 1.420164908462916e+05
5.15000 1.415959981850057e+05
5.16250 1.412114329764276e+05
5.17500 1.408554357422533e+05
5.18750 1.405263270250820e+05
5.20000 1.402270505399099e+05
5.21250 1.399621373261912e+05
5.22500 1.397349965416602e+05
5.23750 1.395467267724639e+05
5.25000 1.393958424394335e+05
5.26250 1.392778489781893e+05
5.27500 1.391844733595850e+05
5.28750 1.391033701847135e+05
5.30000 1.390192553027810e+05
5.31250 1.389165343844358e+05
5.32500 1.387823566403423e+05
5.33750 1.386087320623718e+05
5.35000 1.383932416723682e+05
5.36250 1.381389076637992e+05
5.37500 1.378538485817580e+05
5.38750 1.375507207700467e+05
5.40000 1.372456409714139e+05
5.41250 1.369565444173348e+05
5.42500 1.367013130958784e+05
5.43750 1.364962461973329e+05
5.45000 1.363557705583333e+05
5.46250 1.362954403244645e+05
5.47500 1.363449470433014e+05
5.48750 1.366010701151822e+05
5.50000 1.374454111633072e+05
5.51250 1.383935558475873e+05
5.52500 1.374212065456224e+05
5.53750 1.371929523744922e+05
5.55000 1.374069098663093e+05
5.56250 1.379270829656961e+05
5.57500 1.375224491546994e+05
5.58750 1.378557623043997e+05
5.60000 1.379724758483941e+05
5.61250 1.384927185189621e+05
5.62500 1.383369152050999e+05
5.63750 1.383374538365379e+05
5.65000 1.386852033976511e+05
5.66250 1.392911290212638e+05
5.67500 1.401261345753273e+05
5.68750 1.407011798844777e+05
5.70000 1.404677662065014e+05
5.71250 1.398748265878790e+05
5.72500 1.392655100689385e+05
5.73750 1.387242764676582e+05
5.75000 1.382913019270342e+05
5.76250 1.379704622685633e+05
5.77500 1.377405314931610e+05
5.78750 1.375662085003144e+05
5.80000 1.374044184606055e+05
5.81250 1.372218148924570e+05
5.82500 1.370178116255378e+05
5.83750 1.368227028902527e+05
5.85000 1.366709250804141e+05
5.86250 1.365817058657518e+05
5.87500 1.365585010031308e+05
5.88750 1.365963916790269e+05
5.90000 1.366877557806972e+05
5.91250 1.368239727276211e+05
5.92500 1.369948037657904e+05
5.93750 1.371882303382638e+05
5.95000 1.373934869117835e+05
5.96250 1.376045865028588e+05
5.97500 1.378196707068544e+05
5.98750 1.380401762714432e+05
6.00000 1.382722270048042e+05
6.01250 1.385293056156813e+05
6.02500 1.388354395104017e+05
6.03750 1.392320588712812e+05
6.05000 1.398019432296264e+05
6.06250 1.407740845254651e+05
6.07500 1.431727759815771e+05
6.08750 1.562194288480459e+05
6.10000 1.573417049572440e+05
6.11250 1.451522968110116e+05
6.12500 1.439535365514558e+05
6.13750 1.441810072193762e+05
6.15000 1.447630377615293e+05
6.16250 1.454470690613232e+05
6.17500 1.461321763482492e+05
6.18750 1.467647495911307e+05
6.20000 1.473204715523635e+05
6.21250 1.478028688324013e+05
6.22500 1.482351201858647e+05
6.23750 1.486479794765783e+05
6.25000 1.490878184098763e+05
6.26250 1.495622094899409e+05
6.27500 1.499509717624045e+05
6.28750 1.504574793506427e+05
6.30000 1.512761210979689e+05
6.31250 1.520436366935686e+05
6.32500 1.526141097786863e+05
6.33750 1.533947072530639e+05
6.35000 1.543137214298752e+05
6.36250 1.552979703703744e+05
6.37500 1.563112403221734e+05
6.38750 1.573155160469796e+05
6.40000 1.582744872151248e+05
6.41250 1.591726284694239e+05
6.42500 1.600078524977760e+05
6.43750 1.607853512295357e+05
6.45000 1.615249725643075e+05
6.46250 1.622565130419726e+05
6.47500 1.629998061268828e+05
6.48750 1.637519552972393e+05
6.50000 1.644956001555819e+05
6.51250 1.652160761048703e+05
6.52500 1.659176732908766e+05
6.53750 1.666353541682720e+05
6.55000 1.674281077492331e+05
6.56250 1.683485702532239e+05
6.57500 1.694145413935432e+05
6.58750 1.706028674657778e+05
6.60000 1.718565835476718e+05
6.61250 1.730890379856791e+05
6.62500 1.742000962789863e+05
6.63750 1.751339049496455e+05
6.65000 1.759199236549934e+05
6.66250 1.766257040205804e+05
6.67500 1.772946393915525e+05
6.68750 1.779397025347545e+05
6.70000 1.785620199101125e+05
6.71250 1.791507078888281e+05
6.72500 1.796589013104524e+05
6.73750 1.799934211548101e+05
6.75000 1.800768498015311e+05
6.76250 1.799575005517630e+05
6.77500 1.798271857392333e+05
6.78750 1.799025438070942e+05
6.80000 1.803065204482913e+05
6.81250 1.810410531518298e+05
6.82500 1.820210750499631e+05
6.83750 1.831181218790337e+05
6.85000 1.841610784444319e+05
6.86250 1.849541235982098e+05
6.87500 1.855080781650871e+05
6.88750 1.861742821817372e+05
6.90000 1.872895414099230e+05
6.91250 1.889212774965581e+05
6.92500 1.909411415317025e+05
6.93750 1.931402480083070e+05
6.95000 1.951232302584520e+05
6.96250 1.964469306723288e+05
6.97500 1.974756283736778e+05
6.98750 1.991088768265129e+05
7.00000 2.018266936750601e+05
7.01250 2.054595469847353e+05
7.02500 2.080739549611653e+05
7.03750 2.100325802488683e+05
7.05000 2.084866762648893e+05
7.06250 2.057548506829761e+05
7.07500 2.048146027242048e+05
7.08750 2.041348078638915e+05
7.10000 2.032918390463137e+05
7.11250 2.028555184763881e+05
7.12500 2.031047271748033e+05
7.13750 2.037791244783004e+05
7.15000 2.045397477549535e+05
7.16250 2.051083504882589e+05
7.17500 2.053790961070442e+05
7.18750 2.054533504520939e+05
7.20000 2.054640947495943e+05
7.21250 2.055064572533286e+05
7.22500 2.056550094669816e+05
7.23750 2.059261909644140e+05
7.25000 2.062477112829601e+05
7.26250 2.064958938088325e+05
7.27500 2.065823133964358e+05
7.28750 2.065137150496388e+05
7.30000 2.063695984510569e+05
7.31250 2.062334662717234e+05
7.32500 2.061488251045895e+05
7.33750 2.061209761228322e+05
7.35000 2.061376665389611e+05
7.36250 2.061829865913185e+05
7.37500 2.062425481069565e+05
7.38750 2.063066460468567e+05
7.40000 2.063726343019277e+05
7.41250 2.064450855510389e+05
7.42500 2.065338950561288e+05
7.43750 2.066503409372435e+05
7.45000 2.068005414988483e+05
7.46250 2.069793959873612e+05
7.47500 2.071728086327658e+05
7.48750 2.073717125921980e+05
7.50000 2.075876217400306e+05
7.51250 2.078546230563013e+05
7.52500 2.082173285314451e+05
7.53750 2.087171717111027e+05
7.55000 2.093822792502552e+05
7.56250 2.102083042612809e+05
7.57500 2.111104845150231e+05
7.58750 2.118907148563898e+05
7.60000 2.123801183709122e+05
7.61250 2.126379675923288e+05
7.62500 2.128260716366937e+05
7.63750 2.130255157666226e+05
7.65000 2.132577228175077e+05
7.66250 2.135436718036456e+05
7.67500 2.139094357709796e+05
7.68750 2.143711166203826e+05
7.70000 2.149296384736993e+05
7.71250 2.155748611639311e+05
7.72500 2.162909499976103e+05
7.73750 2.170598484824615e+05
7.75000 2.178634648885742e+05
7.76250 2.186859332425077e+05
7.77500 2.195162722962842e+05
7.78750 2.203502759463915e+05
7.80000 2.211902295631202e+05
7.81250 2.220426781050732e+05
7.82500 2.229161298031917e+05
7.83750 2.238201634271533e+05
7.85000 2.247655149618575e+05
7.86250 2.257636645516553e+05
7.87500 2.268251870709316e+05
7.88750 2.279574194918784e+05
7.90000 2.291622328425112e+05
7.91250 2.304338807975350e+05
7.92500 2.317564349722852e+05
7.93750 2.331011389322717e+05
7.95000 2.344255198068178e+05
7.96250 2.356769543964677e+05
7.97500 2.368025410659082e+05
7.98750 2.377640459535413e+05
8.00000 2.385520841055772e+05
8.01250 2.391910395144602e+05
8.02500 2.397301870000159e+05
8.03750 2.402257479563394e+05
8.05000 2.407242778893713e+05
8.06250 2.412548601698470e+05
8.07500 2.418309278285142e+05
8.08750 2.424580304213880e+05
8.10000 2.431424842228508e+05
8.11250 2.438966189949348e+05
8.12500 2.447387141141517e+05
8.13750 2.456886076505018e+05
8.15000 2.467616257159798e+05
8.16250 2.479633826945105e+05
8.17500 2.492871230589055e+05
8.18750 2.507141020462576e+05
8.20000 2.522158312927768e+05
8.21250 2.537561933914761e+05
8.22500 2.552920017230440e+05
8.23750 2.567794051636152e+05
8.25000 2.581824171826778e+05
8.26250 2.594843643456555e+05
8.27500 2.606891278926827e+05
8.28750 2.618110466973196e+05
8.30000 2.628650433342343e+05
8.31250 2.638665617034774e+05
8.32500 2.648392974440156e+05
8.33750 2.658230336958375e+05
8.35000 2.668803761689123e+05
8.36250 2.681230231411004e+05
8.37500 2.698548874982575e+05
8.38750 2.732344930836265e+05
8.40000 2.753578566937477e+05
8.41250 2.750442751746251e+05
8.42500 2.753833128310526e+05
8.43750 2.765094824629365e+05
8.45000 2.782131623040938e+05
8.46250 2.804022773279900e+05
8.47500 2.831144965551720e+05
8.48750 2.866846681985155e+05
8.50000 2.911330447623574e+05
8.51250 2.937019112471260e+05
8.52500 2.921284788292641e+05
8.53750 2.897121667063377e+05
8.55000 2.881918525631721e+05
8.56250 2.874439171706247e+05
8.57500 2.872253310490343e+05
8.58750 2.873893491680459e+05
8.60000 2.878759805351141e+05
8.61250 2.888042155172848e+05
8.62500 2.902705562048843e+05
8.63750 2.922656563678340e+05
8.65000 2.947574309759996e+05
8.66250 2.984482707449450e+05
8.67500 3.009861454864038e+05
8.68750 3.023595718866144e+05
8.70000 3.048796395000244e+05
8.71250 3.076644816217024e+05
8.72500 3.103540439046816e+05
8.73750 3.123757452819945e+05
8.75000 3.132338888025510e+05
8.76250 3.129686511657082e+05
8.77500 3.121066677077081e+05
8.78750 3.112360542120554e+05
8.80000 3.108061503642971e+05
8.81250 3.112647695189767e+05
8.82500 3.136039100535675e+05
8.83750 3.204333008721173e+05
8.85000 3.249297291297527e+05
8.86250 3.175749534779192e+05
8.87500 3.132380108883709e+05
8.88750 3.119157449083048e+05
8.90000 3.116158796655859e+05
8.91250 3.115648499309036e+05
8.92500 3.113813414974181e+05
8.93750 3.109134641893354e+05
8.95000 3.102157994262260e+05
8.96250 3.094529397694070e+05
8.97500 3.087789050343896e+05
8.98750 3.082779716284983e+05
9.00000 3.079657758383185e+05
9.01250 3.078124880942487e+05
9.02500 3.077650232869021e+05
9.03750 3.077627691266151e+05
9.05000 3.077479510441105e+05
9.06250 3.076723529697560e+05
9.07500 3.075013156635368e+05
9.08750 3.072152023841045e+05
9.10000 3.068080672483667e+05
9.11250 3.062837277859355e+05
9.12500 3.056513392930725e+05
9.13750 3.049241580531886e+05
9.15000 3.041226259880079e+05
9.16250 3.032771975940547e+05
9.17500 3.024249674526098e+05
9.18750 3.015997153032016e+05
9.20000 3.008207435578714e+05
9.21250 3.000863089196790e+05
9.22500 2.993746516514331e+05
9.23750 2.986529934500825e+05
9.25000 2.978919474541759e+05
9.26250 2.970793043965991e+05
9.27500 2.962261420005994e+05
9.28750 2.953620297972408e+05
9.30000 2.945235818033938e+05
9.31250 2.937475641885855e+05
9.32500 2.930704818797702e+05
9.33750 2.925217696036575e+05
9.35000 2.921165696386802e+05
9.36250 2.918560295484021e+05
9.37500 2.917295065483706e+05
9.38750 2.917158257161650e+05
9.40000 2.917847162102250e+05
9.41250 2.918999794495407e+05
9.42500 2.920249167148143e+05
9.43750 2.921301145900031e+05
9.45000 2.921728071270316e+05
9.46250 2.920233315854282e+05
9.47500 2.917276114321069e+05
9.48750 2.913292550431409e+05
9.50000 2.908258770640909e+05
9.51250 2.902347853534673e+05
9.52500 2.895618085672160e+05
9.53750 2.887416597230480e+05
9.55000 2.877821411019940e+05
9.56250 2.868016895127788e+05
9.57500 2.858135858340560e+05
9.58750 2.847768707360265e+05
9.60000 2.837193864832927e+05
9.61250 2.826850274239847e+05
9.62500 2.816818472039686e+05
9.63750 2.807112686465698e+05
9.65000 2.797853744681872e+05
9.66250 2.789165585491559e+05
9.67500 2.780855437303596e+05
9.68750 2.772383282190262e+05
9.70000 2.763702033784990e+05
9.71250 2.755653297247505e+05
9.72500 2.749088480635094e+05
9.73750 2.744360272896378e+05
9.75000 2.741437801013861e+05
9.76250 2.739990278066939e+05
9.77500 2.739412168742758e+05
9.78750 2.739067630423594e+05
9.80000 2.738540217354012e+05
9.81250 2.737591386119635e+05
9.82500 2.736178433149824e+05
9.83750 2.734465463688602e+05
9.85000 2.732653312513223e+05
9.86250 2.730848626562378e+05
9.87500 2.729075626239309e+05
9.88750 2.727342384152467e+05
9.90000 2.725697364341539e+05
9.91250 2.724265505521656e+05
9.92500 2.723227201822526e+05
9.93750 2.722643275089600e+05
9.95000 2.722103003551502e+05
9.96250 2.720650165302282e+05
9.97500 2.717732255110414e+05
9.98750 2.714101677219403e+05
10.00000 2.710801537816818e+05
