0.00001 7.464503135389189e+06
0.01250 7.029446255423816e+06
0.02500 5.979952052345082e+06
0.03750 4.790371464360284e+06
0.05000 3.750449967150822e+06
0.06250 2.936804623259187e+06
0.07500 2.326814802483352e+06
0.08750 1.874320963471863e+06
0.10000 1.537495091949944e+06
0.11250 1.284842241559796e+06
0.12500 1.094158952031441e+06
0.13750 9.489436529971873e+05
0.15000 8.337388006151582e+05
0.16250 7.382741488111527e+05
0.17500 6.608337893133572e+05
0.18750 5.994827408771883e+05
0.20000 5.511265505531630e+05
0.21250 5.131226413780832e+05
0.22500 4.834798778242099e+05
0.23750 4.605569096986986e+05
0.25000 4.426376348673060e+05
0.26250 4.276651127644494e+05
0.27500 4.136680144343099e+05
0.28750 3.997689182846175e+05
0.30000 3.864255727168222e+05
0.31250 3.745226549829398e+05
0.32500 3.645989769156413e+05
0.33750 3.567693485703021e+05
0.35000 3.509215293568243e+05
0.36250 3.468671536456957e+05
0.37500 3.443949348999158e+05
0.38750 3.432476554694375e+05
0.40000 3.430610730575525e+05
0.41250 3.434063859987611e+05
0.42500 3.442514244213642e+05
0.43750 3.485267163482131e+05
0.45000 3.869116477775056e+05
0.46250 3.582066739883430e+05
0.47500 3.436207642471802e+05
0.48750 3.404750993004856e+05
0.50000 3.385795025101241e+05
0.51250 3.378502182177687e+05
0.52500 3.381615902563193e+05
0.53750 3.390616147583182e+05
0.55000 3.398161745040064e+05
0.56250 3.404737787082155e+05
0.57500 3.413779063341938e+05
0.58750 3.424113554478078e+05
0.60000 3.435595141995960e+05
0.61250 3.449496083745800e+05
0.62500 3.464643591810819e+05
0.63750 3.477219445461750e+05
0.65000 3.485373325496938e+05
0.66250 3.488414671847706e+05
0.67500 3.484469315020468e+05
0.68750 3.473995686184210e+05
0.70000 3.460885671519226e+05
0.71250 3.448652682208013e+05
0.72500 3.438459956453356e+05
0.73750 3.432346214640441e+05
0.75000 3.433417460809605e+05
0.76250 3.442014571453437e+05
0.77500 3.455142749173096e+05
0.78750 3.468855062055234e+05
0.80000 3.481201846179700e+05
0.81250 3.492845220946538e+05
0.82500 3.504772349701635e+05
0.83750 3.516284471840143e+05
0.85000 3.525622559897094e+05
0.86250 3.532606357091598e+05
0.87500 3.539612275218843e+05
0.88750 3.549550730516569e+05
0.90000 3.564378814056851e+05
0.91250 3.584566181766380e+05
0.92500 3.607624645920854e+05
0.93750 3.628710054958772e+05
0.95000 3.646601145630180e+05
0.96250 3.665417212225283e+05
0.97500 3.689177352424256e+05
0.98750 3.718727141647534e+05
1.00000 3.751596072544610e+05
1.01250 3.783135839162802e+05
1.02500 3.808832520217956e+05
1.03750 3.826194556840910e+05
1.05000 3.834388629340049e+05
1.06250 3.832970928138200e+05
1.07500 3.822521454795100e+05
1.08750 3.806019439801749e+05
1.10000 3.788162629545259e+05
1.11250 3.773885456608880e+05
1.12500 3.766953395345848e+05
1.13750 3.768809300760747e+05
1.15000 3.778359320216686e+05
1.16250 3.792423247826816e+05
1.17500 3.806354164593617e+05
1.18750 3.814926098195059e+05
1.20000 3.814180271681805e+05
1.21250 3.803783466560761e+05
1.22500 3.786918350015722e+05
1.23750 3.767213973528575e+05
1.25000 3.746698111219652e+05
1.26250 3.726323126587878e+05
1.27500 3.707056781495133e+05
1.28750 3.690111924912220e+05
1.30000 3.676539858421883e+05
1.31250 3.666799829523675e+05
1.32500 3.660563908790892e+05
1.33750 3.656904275278496e+05
1.35000 3.654944995282267e+05
1.36250 3.654443664042993e+05
1.37500 3.655565371415280e+05
1.38750 3.658277697993471e+05
1.40000 3.662242027557773e+05
1.41250 3.666856627436134e+05
1.42500 3.670924031842191e+05
1.43750 3.672652162245775e+05
1.45000 3.670687075089413e+05
1.46250 3.665324553288750e+05
1.47500 3.658571528356501e+05
1.48750 3.653168082362769e+05
1.50000 3.651576731675252e+05
1.51250 3.655380067640397e+05
1.52500 3.664917421202145e+05
1.53750 3.678994276897257e+05
1.55000 3.694919699339387e+05
1.56250 3.709441596218596e+05
1.57500 3.720375996068912e+05
1.58750 3.727303032923238e+05
1.60000 3.730577932280591e+05
1.61250 3.730279717259785e+05
1.62500 3.726291394926168e+05
1.63750 3.718911116250263e+05
1.65000 3.709106429783768e+05
1.66250 3.698085452441429e+05
1.67500 3.686629983874944e+05
1.68750 3.674793724474757e+05
1.70000 3.662404585461476e+05
1.71250 3.650861074312141e+05
1.72500 3.644057611941604e+05
1.73750 3.645511457922027e+05
1.75000 3.654149020506538e+05
1.76250 3.662718038367315e+05
1.77500 3.661173391899537e+05
1.78750 3.646060729257992e+05
1.80000 3.626465213371979e+05
1.81250 3.612672367488287e+05
1.82500 3.601521340255657e+05
1.83750 3.589301070410331e+05
1.85000 3.582165668726165e+05
1.86250 3.582157035382056e+05
1.87500 3.601256192336818e+05
1.88750 3.582402259905180e+05
1.90000 3.457095355086753e+05
1.91250 3.347202649768077e+05
1.92500 3.274543089006231e+05
1.93750 3.223915278691571e+05
1.95000 3.183241613584663e+05
1.96250 3.146298342193281e+05
1.97500 3.113779433887387e+05
1.98750 3.087167667265292e+05
2.00000 3.065948128227750e+05
2.01250 3.048667348017399e+05
2.02500 3.033669220882975e+05
2.03750 3.019305528492362e+05
2.05000 3.004191201589971e+05
2.06250 2.987578008449551e+05
2.07500 2.969588641510743e+05
2.08750 2.951040999311000e+05
2.10000 2.932939985179256e+05
2.11250 2.916032336623926e+05
2.12500 2.900653461988934e+05
2.13750 2.886790644818494e+05
2.15000 2.874223420623514e+05
2.16250 2.862654636654171e+05
2.17500 2.851794351664227e+05
2.18750 2.841420497766871e+05
2.20000 2.831442573452435e+05
2.21250 2.821894890952660e+05
2.22500 2.812809530571825e+05
2.23750 2.804107746630248e+05
2.25000 2.795670666152771e+05
2.26250 2.787520069497604e+05
2.27500 2.779851208828132e+05
2.28750 2.772858101917598e+05
2.30000 2.766562864598455e+05
2.31250 2.760745794566789e+05
2.32500 2.754942161823367e+05
2.33750 2.748553379452389e+05
2.35000 2.741088141188590e+05
2.36250 2.732388818586897e+05
2.37500 2.722550210568540e+05
2.38750 2.711612153237427e+05
2.40000 2.699516496267893e+05
2.41250 2.686280164931608e+05
2.42500 2.672123065784046e+05
2.43750 2.657473033286083e+05
2.45000 2.642878433981427e+05
2.46250 2.628892900250896e+05
2.47500 2.615984982282885e+05
2.48750 2.604489597873130e+05
2.50000 2.594593813159363e+05
2.51250 2.586347494200948e+05
2.52500 2.579694300669228e+05
2.53750 2.574517851778933e+05
2.55000 2.570692949324491e+05
2.56250 2.568127456794437e+05
2.57500 2.566779987067445e+05
2.58750 2.566645361348930e+05
2.60000 2.567713618415393e+05
2.61250 2.569920304735784e+05
2.62500 2.573105395848221e+05
2.63750 2.576986332709804e+05
2.65000 2.581140825763170e+05
2.66250 2.584999457410393e+05
2.67500 2.587865202789640e+05
2.68750 2.588993497857721e+05
2.70000 2.587759398133564e+05
2.71250 2.583881723556530e+05
2.72500 2.577589595603611e+05
2.73750 2.569605019530906e+05
2.75000 2.560933736715455e+05
2.76250 2.552592927366044e+05
2.77500 2.545414380906007e+05
2.78750 2.539967832653124e+05
2.80000 2.536567733482389e+05
2.81250 2.535302572857508e+05
2.82500 2.536027864881870e+05
2.83750 2.538272929764018e+05
2.85000 2.541074637068223e+05
2.86250 2.542944218071066e+05
2.87500 2.542333640414803e+05
2.88750 2.538500917786578e+05
2.90000 2.531833811495377e+05
2.91250 2.523212838195097e+05
2.92500 2.513272843162556e+05
2.93750 2.502221295712789e+05
2.95000 2.490045467832624e+05
2.96250 2.476784827528949e+05
2.97500 2.462710504374632e+05
2.98750 2.448360600412264e+05
3.00000 2.434448737238866e+05
3.01250 2.421707916797331e+05
3.02500 2.410729376823637e+05
3.03750 2.401844234921254e+05
3.05000 2.395101616522997e+05
3.06250 2.390379944065973e+05
3.07500 2.387573610216724e+05
3.08750 2.386682114603632e+05
3.10000 2.387678915742567e+05
3.11250 2.390250978828589e+05
3.12500 2.393607074739169e+05
3.13750 2.396487448839023e+05
3.15000 2.397428443459101e+05
3.16250 2.395228603787451e+05
3.17500 2.389376223273882e+05
3.18750 2.380155838534284e+05
3.20000 2.368409024726671e+05
3.21250 2.355185011735391e+05
3.22500 2.341505342517778e+05
3.23750 2.328322074496574e+05
3.25000 2.316606155192588e+05
3.26250 2.307374736917745e+05
3.27500 2.301511422312730e+05
3.28750 2.299446272762214e+05
3.30000 2.300943267514821e+05
3.31250 2.305385766348636e+05
3.32500 2.312622495283179e+05
3.33750 2.323356393611532e+05
3.35000 2.338275618407922e+05
3.36250 2.356834871581914e+05
3.37500 2.376732838225531e+05
3.38750 2.394322709749370e+05
3.40000 2.405883896566212e+05
3.41250 2.409246748496511e+05
3.42500 2.404772961721056e+05
3.43750 2.394877607650069e+05
3.45000 2.382376367055707e+05
3.46250 2.369087678581029e+05
3.47500 2.355654630990095e+05
3.48750 2.342303542457013e+05
3.50000 2.329681841673439e+05
3.51250 2.319094980042654e+05
3.52500 2.312070602140014e+05
3.53750 2.309388215177614e+05
3.55000 2.310124920095730e+05
3.56250 2.312094791077195e+05
3.57500 2.313570466658607e+05
3.58750 2.313716985288180e+05
3.60000 2.312338507523538e+05
3.61250 2.310055618610932e+05
3.62500 2.306903291345516e+05
3.63750 2.300966524534183e+05
3.65000 2.289354557229608e+05
3.66250 2.270806902117725e+05
3.67500 2.247464339339853e+05
3.68750 2.222853238994801e+05
3.70000 2.199665351650636e+05
3.71250 2.183982173941454e+05
3.72500 2.191471857385516e+05
3.73750 2.172816120521879e+05
3.75000 2.111957039677575e+05
3.76250 2.079680368044129e+05
3.77500 2.063229034007828e+05
3.78750 2.043384625347502e+05
3.80000 2.005757825870931e+05
3.81250 1.977120138285020e+05
3.82500 1.955660304902000e+05
3.83750 1.916519201397709e+05
3.85000 1.887593619791493e+05
3.86250 1.867493485766517e+05
3.87500 1.851779109574218e+05
3.88750 1.838545931255464e+05
3.90000 1.826829746440756e+05
3.91250 1.816002598443303e+05
3.92500 1.805717960576818e+05
3.93750 1.796056473220873e+05
3.95000 1.787332241120804e+05
3.96250 1.779833958884740e+05
3.97500 1.773731776967418e+05
3.98750 1.769027373726433e+05
4.00000 1.765632083098671e+05
4.01250 1.763458991357306e+05
4.02500 1.762279187101526e+05
4.03750 1.761652640937356e+05
4.05000 1.761064777507528e+05
4.06250 1.760111946154914e+05
4.07500 1.758542666368268e+05
4.08750 1.756128449558493e+05
4.10000 1.752561659840270e+05
4.11250 1.747504272783341e+05
4.12500 1.740792646472823e+05
4.13750 1.732538626902965e+05
4.15000 1.722963778440223e+05
4.16250 1.712281643906278e+05
4.17500 1.700747165137237e+05
4.18750 1.688694079210804e+05
4.20000 1.676459360481862e+05
4.21250 1.664302448952133e+05
4.22500 1.652480705014927e+05
4.23750 1.641328930325489e+05
4.25000 1.631098323973087e+05
4.26250 1.621804041243672e+05
4.27500 1.613346734688604e+05
4.28750 1.605746428790681e+05
4.30000 1.599178294555118e+05
4.31250 1.593826205812664e+05
4.32500 1.589759297276686e+05
4.33750 1.586857690425530e+05
4.35000 1.584810588704929e+05
4.36250 1.583305814112093e+05
4.37500 1.582272908421195e+05
4.38750 1.581801114288255e+05
4.40000 1.581876159940225e+05
4.41250 1.582279975105103e+05
4.42500 1.582598252940098e+05
4.43750 1.582296883819441e+05
4.45000 1.580947336138600e+05
4.46250 1.578425422916704e+05
4.47500 1.574849299375558e+05
4.48750 1.570426848406213e+05
4.50000 1.565424268308821e+05
4.51250 1.560187095712911e+05
4.52500 1.555100810101549e+05
4.53750 1.550505669753392e+05
4.55000 1.546638623256244e+05
4.56250 1.543621685125885e+05
4.57500 1.541472319468212e+05
4.58750 1.540125286875895e+05
4.60000 1.539469409943736e+05
4.61250 1.539396613211433e+05
4.62500 1.539848772435018e+05
4.63750 1.540776930169698e+05
4.65000 1.541913192348625e+05
4.66250 1.542601805316838e+05
4.67500 1.542208419666978e+05
4.68750 1.540803036338871e+05
4.70000 1.539057795198378e+05
4.71250 1.537599699936425e+05
4.72500 1.536700292643729e+05
4.73750 1.536359387482026e+05
4.75000 1.536544047388273e+05
4.76250 1.537381431207994e+05
4.77500 1.539180743480069e+05
4.78750 1.542348471803938e+05
4.80000 1.547306275541142e+05
4.81250 1.554363844509293e+05
4.82500 1.563300131325545e+05
4.83750 1.572546982139325e+05
4.85000 1.579806802894259e+05
4.86250 1.586198769102230e+05
4.87500 1.603822740303259e+05
4.88750 1.665222890537061e+05
4.90000 1.595780622044274e+05
4.91250 1.580089992704251e+05
4.92500 1.574311298001432e+05
4.93750 1.562096725983219e+05
4.95000 1.547817002221862e+05
4.96250 1.536344840486318e+05
4.97500 1.526483492611704e+05
4.98750 1.516546881225679e+05
5.00000 1.506089091266968e+05
5.01250 1.495582056328081e+05
5.02500 1.485464761190604e+05
5.03750 1.475855702299809e+05
5.05000 1.466742379575958e+05
5.06250 1.458136546342437e+05
5.07500 1.450101670592898e+05
5.08750 1.442719889345267e+05
5.10000 1.436051022481361e+05
5.11250 1.430106310051556e+05
5.12500 1.424841402849238e+05
5.13750 1.420165081852246e+05
5.15000 1.415960164510272e+05
5.16250 1.412114520909726e+05
5.17500 1.408554556432208e+05
5.18750 1.405263476729697e+05
5.20000 1.402270719014688e+05
5.21250 1.399621593443890e+05
5.22500 1.397350191116729e+05
5.23750 1.395467497364075e+05
5.25000 1.393958655991276e+05
5.26250 1.392778721166224e+05
5.27500 1.391844962611676e+05
5.28750 1.391033926495074e+05
5.30000 1.390192771555756e+05
5.31250 1.389165554819476e+05
5.32500 1.387823768784621e+05
5.33750 1.386087513829145e+05
5.35000 1.383932600676082e+05
5.36250 1.381389251772297e+05
5.37500 1.378538653031062e+05
5.38750 1.375507368219414e+05
5.40000 1.372456564860879e+05
5.41250 1.369565595055600e+05
5.42500 1.367013278147683e+05
5.43750 1.364962605254464e+05
5.45000 1.363557843843520e+05
5.46250 1.362954534534670e+05
5.47500 1.363449592421283e+05
5.48750 1.366010814319741e+05
5.50000 1.374454248320810e+05
5.51250 1.383935654011275e+05
5.52500 1.374212077653457e+05
5.53750 1.371929555620615e+05
5.55000 1.374069087080379e+05
5.56250 1.379270858232423e+05
5.57500 1.375224588181327e+05
5.58750 1.378557694441607e+05
5.60000 1.379724858313043e+05
5.61250 1.384927212063159e+05
5.62500 1.383369259437388e+05
5.63750 1.383374625831591e+05
5.65000 1.386852156167613e+05
5.66250 1.392911505684720e+05
5.67500 1.401261700632641e+05
5.68750 1.407012061672115e+05
5.70000 1.404677623133714e+05
5.71250 1.398748120696922e+05
5.72500 1.392654967853824e+05
5.73750 1.387242676808516e+05
5.75000 1.382912978447544e+05
5.76250 1.379704620044434e+05
5.77500 1.377405339890828e+05
5.78750 1.375662128915375e+05
5.80000 1.374044242060071e+05
5.81250 1.372218217554729e+05
5.82500 1.370178194942635e+05
5.83750 1.368227116090443e+05
5.85000 1.366709344452702e+05
5.86250 1.365817157037615e+05
5.87500 1.365585112258867e+05
5.88750 1.365964022687149e+05
5.90000 1.366877667394577e+05
5.91250 1.368239840591076e+05
5.92500 1.369948154947467e+05
5.93750 1.371882425139549e+05
5.95000 1.373934995678014e+05
5.96250 1.376045996408786e+05
5.97500 1.378196843210172e+05
5.98750 1.380401904045028e+05
6.00000 1.382722417615775e+05
6.01250 1.385293211468826e+05
6.02500 1.388354559733263e+05
6.03750 1.392320763805447e+05
6.05000 1.398019618170826e+05
6.06250 1.407741041037908e+05
6.07500 1.431727962470272e+05
6.08750 1.562194484812236e+05
6.10000 1.573417247283742e+05
6.11250 1.451523176308198e+05
6.12500 1.439535570544387e+05
6.13750 1.441810269997258e+05
6.15000 1.447630565130046e+05
6.16250 1.454470865210828e+05
6.17500 1.461321923489765e+05
6.18750 1.467647641092619e+05
6.20000 1.473204847332473e+05
6.21250 1.478028810064040e+05
6.22500 1.482351318225728e+05
6.23750 1.486479910733661e+05
6.25000 1.490878304407161e+05
6.26250 1.495622224368336e+05
6.27500 1.499509857233516e+05
6.28750 1.504574955881982e+05
6.30000 1.512761403824798e+05
6.31250 1.520436541459339e+05
6.32500 1.526141279115047e+05
6.33750 1.533947262910119e+05
6.35000 1.543137406006486e+05
6.36250 1.552979894468662e+05
6.37500 1.563112590556646e+05
6.38750 1.573155341795548e+05
6.40000 1.582745044974439e+05
6.41250 1.591726446912732e+05
6.42500 1.600078675808568e+05
6.43750 1.607853651560404e+05
6.45000 1.615249851820912e+05
6.46250 1.622565239799535e+05
6.47500 1.629998149342832e+05
6.48750 1.637519617806462e+05
6.50000 1.644956047105114e+05
6.51250 1.652160797067843e+05
6.52500 1.659176770071756e+05
6.53750 1.666353584894270e+05
6.55000 1.674281123705119e+05
6.56250 1.683485744884666e+05
6.57500 1.694145446995509e+05
6.58750 1.706028697472742e+05
6.60000 1.718565853746853e+05
6.61250 1.730890408711284e+05
6.62500 1.742001025008444e+05
6.63750 1.751339162395729e+05
6.65000 1.759199400679517e+05
6.66250 1.766257244826129e+05
6.67500 1.772946627411050e+05
6.68750 1.779397279792214e+05
6.70000 1.785620471625631e+05
6.71250 1.791507372891983e+05
6.72500 1.796589338206979e+05
6.73750 1.799934577380698e+05
6.75000 1.800768901952001e+05
6.76250 1.799575430377570e+05
6.77500 1.798272284439518e+05
6.78750 1.799025855659311e+05
6.80000 1.803065604293355e+05
6.81250 1.810410900686485e+05
6.82500 1.820211071440291e+05
6.83750 1.831181484540617e+05
6.85000 1.841611015309029e+05
6.86250 1.849541462650834e+05
6.87500 1.855081006498740e+05
6.88750 1.861743030975048e+05
6.90000 1.872895612213227e+05
6.91250 1.889212989328714e+05
6.92500 1.909411674679455e+05
6.93750 1.931402790747078e+05
6.95000 1.951232631630605e+05
6.96250 1.964469589504551e+05
6.97500 1.974756490454190e+05
6.98750 1.991088885807036e+05
7.00000 2.018266918692015e+05
7.01250 2.054595266186452e+05
7.02500 2.080739192821822e+05
7.03750 2.100325347080294e+05
7.05000 2.084867272310808e+05
7.06250 2.057549342420645e+05
7.07500 2.048146741958903e+05
7.08750 2.041348700932610e+05
7.10000 2.032918886117316e+05
7.11250 2.028555583862540e+05
7.12500 2.031047646183432e+05
7.13750 2.037791596815986e+05
7.15000 2.045397776615760e+05
7.16250 2.051083743569664e+05
7.17500 2.053791162808150e+05
7.18750 2.054533697679602e+05
7.20000 2.054641148577555e+05
7.21250 2.055064784612891e+05
7.22500 2.056550314022799e+05
7.23750 2.059262135884014e+05
7.25000 2.062477353715865e+05
7.26250 2.064959205191720e+05
7.27500 2.065823433319734e+05
7.28750 2.065137477543406e+05
7.30000 2.063696327549867e+05
7.31250 2.062335008764320e+05
7.32500 2.061488589581049e+05
7.33750 2.061210086752080e+05
7.35000 2.061376978524992e+05
7.36250 2.061830172060601e+05
7.37500 2.062425787753974e+05
7.38750 2.063066775012264e+05
7.40000 2.063726671146548e+05
7.41250 2.064451200789897e+05
7.42500 2.065339314378863e+05
7.43750 2.066503791108227e+05
7.45000 2.068005812216374e+05
7.46250 2.069794368666221e+05
7.47500 2.071728501941827e+05
7.48750 2.073717543933810e+05
7.50000 2.075876634770741e+05
7.51250 2.078546645894597e+05
7.52500 2.082173698285597e+05
7.53750 2.087172128051921e+05
7.55000 2.093823203120476e+05
7.56250 2.102083457303554e+05
7.57500 2.111105268912585e+05
7.58750 2.118907578950471e+05
7.60000 2.123801610626044e+05
7.61250 2.126380093234443e+05
7.62500 2.128261120950488e+05
7.63750 2.130255543840341e+05
7.65000 2.132577592691937e+05
7.66250 2.135437064960302e+05
7.67500 2.139094695308445e+05
7.68750 2.143711501577668e+05
7.70000 2.149296721362015e+05
7.71250 2.155748949430863e+05
7.72500 2.162909836146353e+05
7.73750 2.170598814789044e+05
7.75000 2.178634967243650e+05
7.76250 2.186859634155116e+05
7.77500 2.195163004660216e+05
7.78750 2.203503020114201e+05
7.80000 2.211902536536614e+05
7.81250 2.220427005092354e+05
7.82500 2.229161508861335e+05
7.83750 2.238201835848697e+05
7.85000 2.247655346039327e+05
7.86250 2.257636840842611e+05
7.87500 2.268252068648706e+05
7.88750 2.279574398414179e+05
7.90000 2.291622539247164e+05
7.91250 2.304339026337312e+05
7.92500 2.317564573887226e+05
7.93750 2.331011615225826e+05
7.95000 2.344255419154150e+05
7.96250 2.356769751699152e+05
7.97500 2.368025596359198e+05
7.98750 2.377640617568321e+05
8.00000 2.385520971859155e+05
8.01250 2.391910505577908e+05
8.02500 2.397301970418105e+05
8.03750 2.402257580002806e+05
8.05000 2.407242887027522e+05
8.06250 2.412548723013570e+05
8.07500 2.418309417328076e+05
8.08750 2.424580465686406e+05
8.10000 2.431425031321734e+05
8.11250 2.438966411890439e+05
8.12500 2.447387400310637e+05
8.13750 2.456886375592603e+05
8.15000 2.467616596673340e+05
8.16250 2.479634205112323e+05
8.17500 2.492871643562062e+05
8.18750 2.507141462731608e+05
8.20000 2.522158777815433e+05
8.21250 2.537562413761466e+05
8.22500 2.552920504690890e+05
8.23750 2.567794538450400e+05
8.25000 2.581824650532884e+05
8.26250 2.594844108813900e+05
8.27500 2.606891728836536e+05
8.28750 2.618110902678637e+05
8.30000 2.628650859137259e+05
8.31250 2.638666039616807e+05
8.32500 2.648393401956585e+05
8.33750 2.658230778347164e+05
8.35000 2.668804227661719e+05
8.36250 2.681230739336581e+05
8.37500 2.698549456123696e+05
8.38750 2.732345364413427e+05
8.40000 2.753578711468352e+05
8.41250 2.750443077259810e+05
8.42500 2.753833619970362e+05
8.43750 2.765095463474008e+05
8.45000 2.782132417761005e+05
8.46250 2.804023801362275e+05
8.47500 2.831146334304017e+05
8.48750 2.866848387912938e+05
8.50000 2.911331864589007e+05
8.51250 2.937018954185697e+05
8.52500 2.921283776929941e+05
8.53750 2.897121016899924e+05
8.55000 2.881918320334305e+05
8.56250 2.874439243628162e+05
8.57500 2.872253543528204e+05
8.58750 2.873893822119356e+05
8.60000 2.878760199645340e+05
8.61250 2.888042590973655e+05
8.62500 2.902706029394541e+05
8.63750 2.922657068015627e+05
8.65000 2.947574868902494e+05
8.66250 2.984483342930817e+05
8.67500 3.009862185555458e+05
8.68750 3.023596558771345e+05
8.70000 3.048797333764107e+05
8.71250 3.076645800608624e+05
8.72500 3.103541383848099e+05
8.73750 3.123758269879768e+05
8.75000 3.132339529313619e+05
8.76250 3.129686990578632e+05
8.77500 3.121067036525768e+05
8.78750 3.112360812260826e+05
8.80000 3.108061688359486e+05
8.81250 3.112647792968017e+05
8.82500 3.136039330816258e+05
8.83750 3.204335811383061e+05
8.85000 3.249301356289992e+05
8.86250 3.175748957667004e+05
8.87500 3.132379550252631e+05
8.88750 3.119157209897218e+05
8.90000 3.116158709792853e+05
8.91250 3.115648468361503e+05
8.92500 3.113813394627412e+05
8.93750 3.109134620358418e+05
8.95000 3.102157977561889e+05
8.96250 3.094529394790032e+05
8.97500 3.087789065984124e+05
8.98750 3.082779750903504e+05
9.00000 3.079657810300466e+05
9.01250 3.078124948099486e+05
9.02500 3.077650313565182e+05
9.03750 3.077627784155681e+05
9.05000 3.077479614058577e+05
9.06250 3.076723641712207e+05
9.07500 3.075013273201402e+05
9.08750 3.072152139738593e+05
9.10000 3.068080782616848e+05
9.11250 3.062837379581711e+05
9.12500 3.056513487425370e+05
9.13750 3.049241671679015e+05
9.15000 3.041226350948693e+05
9.16250 3.032772066394831e+05
9.17500 3.024249759226383e+05
9.18750 3.015997224141420e+05
9.20000 3.008207485737159e+05
9.21250 3.000863114409886e+05
9.22500 2.993746517950823e+05
9.23750 2.986529918815198e+05
9.25000 2.978919452433409e+05
9.26250 2.970793027185788e+05
9.27500 2.962261417964458e+05
9.28750 2.953620315489137e+05
9.30000 2.945235855259309e+05
9.31250 2.937475696437350e+05
9.32500 2.930704887701180e+05
9.33750 2.925217775926903e+05
9.35000 2.921165783822474e+05
9.36250 2.918560387561487e+05
9.37500 2.917295160238126e+05
9.38750 2.917158353849583e+05
9.40000 2.917847261479396e+05
9.41250 2.918999899011045e+05
9.42500 2.920249280984565e+05
9.43750 2.921301275813358e+05
9.45000 2.921728233482077e+05
9.46250 2.920233511040127e+05
9.47500 2.917276336023090e+05
9.48750 2.913292807327010e+05
9.50000 2.908259067096872e+05
9.51250 2.902348192055209e+05
9.52500 2.895618470336883e+05
9.53750 2.887417023590934e+05
9.55000 2.877821860011318e+05
9.56250 2.868017362496434e+05
9.57500 2.858136345719543e+05
9.58750 2.847769213237515e+05
9.60000 2.837194391933195e+05
9.61250 2.826850821374780e+05
9.62500 2.816819029214262e+05
9.63750 2.807113237831480e+05
9.65000 2.797854272211911e+05
9.66250 2.789166073840761e+05
9.67500 2.780855880839223e+05
9.68750 2.772383689813864e+05
9.70000 2.763702420125243e+05
9.71250 2.755653670684397e+05
9.72500 2.749088844914015e+05
9.73750 2.744360632300838e+05
9.75000 2.741438160665359e+05
9.76250 2.739990637735212e+05
9.77500 2.739412516523152e+05
9.78750 2.739067954877854e+05
9.80000 2.738540525124780e+05
9.81250 2.737591694496123e+05
9.82500 2.736178754931568e+05
9.83750 2.734465802841839e+05
9.85000 2.732653667138773e+05
9.86250 2.730848992413302e+05
9.87500 2.729075998527143e+05
9.88750 2.727342758104399e+05
9.90000 2.725697735334203e+05
9.91250 2.724265869530083e+05
9.92500 2.723227556618741e+05
9.93750 2.722643621480056e+05
9.95000 2.722103344981348e+05
9.96250 2.720650506669895e+05
9.97500 2.717732605502965e+05
9.98750 2.714102052929206e+05
10.00000 2.710801956449632e+05
