0.00001 7.477359468739712e+06
0.01250 7.041593639665643e+06
0.02500 5.990350078959024e+06
0.03750 4.798778497922834e+06
0.05000 3.757108783937363e+06
0.06250 2.942091590086256e+06
0.07500 2.331068898082254e+06
0.08750 1.877802883847277e+06
0.10000 1.540402969558581e+06
0.11250 1.287349194170089e+06
0.12500 1.096459495183149e+06
0.13750 9.512154102834283e+05
0.15000 8.358058232183539e+05
0.16250 7.398439030002670e+05
0.17500 6.620006290426076e+05
0.18750 6.003912613276674e+05
0.20000 5.518540568798094e+05
0.21250 5.137092861883120e+05
0.22500 4.839451652952851e+05
0.23750 4.608967290454572e+05
0.25000 4.428135851790244e+05
0.26250 4.276135063775279e+05
0.27500 4.133533422758391e+05
0.28750 3.992316385912111e+05
0.30000 3.857512128187968e+05
0.31250 3.737818029041389e+05
0.32500 3.638295991631571e+05
0.33750 3.559889580388204e+05
0.35000 3.501399909096091e+05
0.36250 3.460922129413601e+05
0.37500 3.436321924425461e+05
0.38750 3.424982163628420e+05
0.40000 3.423259375408573e+05
0.41250 3.427251289170094e+05
0.42500 3.439279968957976e+05
0.43750 3.511209601921389e+05
0.45000 3.998998624005931e+05
0.46250 3.507646095851826e+05
0.47500 3.416202629764203e+05
0.48750 3.390668361946921e+05
0.50000 3.374217470701965e+05
0.51250 3.368941229684830e+05
0.52500 3.373582694230262e+05
0.53750 3.383341558629044e+05
0.55000 3.391052995957846e+05
0.56250 3.398027398732027e+05
0.57500 3.407216352930953e+05
0.58750 3.417362768633781e+05
0.60000 3.428689675833118e+05
0.61250 3.442448974680173e+05
0.62500 3.457094824010859e+05
0.63750 3.468877412093126e+05
0.65000 3.476377147117235e+05
0.66250 3.478790052770423e+05
0.67500 3.474224990793096e+05
0.68750 3.463496517258408e+05
0.70000 3.450595415027681e+05
0.71250 3.438734339679905e+05
0.72500 3.428991995134842e+05
0.73750 3.423654922209298e+05
0.75000 3.425675993704560e+05
0.76250 3.434989095231953e+05
0.77500 3.448377241873727e+05
0.78750 3.462020163710942e+05
0.80000 3.474318058074934e+05
0.81250 3.486115410769832e+05
0.82500 3.498264077882965e+05
0.83750 3.509840553689844e+05
0.85000 3.519086615964368e+05
0.86250 3.526090679045653e+05
0.87500 3.533400524073563e+05
0.88750 3.543870134829590e+05
0.90000 3.559344740655943e+05
0.91250 3.580052873709642e+05
0.92500 3.603089233722163e+05
0.93750 3.623677839815771e+05
0.95000 3.641375430615021e+05
0.96250 3.660593982862514e+05
0.97500 3.685022412287053e+05
0.98750 3.715082702041983e+05
1.00000 3.747980247273634e+05
1.01250 3.778976799158598e+05
1.02500 3.803748144991421e+05
1.03750 3.820055553215101e+05
1.05000 3.827157306669948e+05
1.06250 3.824672583969960e+05
1.07500 3.813445408125941e+05
1.08750 3.796716590820702e+05
1.10000 3.779240481951422e+05
1.11250 3.765853856772417e+05
1.12500 3.760083793919847e+05
1.13750 3.763073488120923e+05
1.15000 3.773465676471465e+05
1.16250 3.787879886686219e+05
1.17500 3.801538370586531e+05
1.18750 3.809235055302929e+05
1.20000 3.807339769327837e+05
1.21250 3.796046986973516e+05
1.22500 3.778795975199051e+05
1.23750 3.759070295141684e+05
1.25000 3.738679981416626e+05
1.26250 3.718499221085511e+05
1.27500 3.699508434791045e+05
1.28750 3.682924106410779e+05
1.30000 3.669761014628346e+05
1.31250 3.660417869543074e+05
1.32500 3.654509963256355e+05
1.33750 3.651097802719751e+05
1.35000 3.649361770964806e+05
1.36250 3.649126583673319e+05
1.37500 3.650565688636897e+05
1.38750 3.653630646101330e+05
1.40000 3.657989166823816e+05
1.41250 3.663019898592704e+05
1.42500 3.667460392581400e+05
1.43750 3.669517487737123e+05
1.45000 3.667995539149728e+05
1.46250 3.663430616081526e+05
1.47500 3.657994045667046e+05
1.48750 3.654445954702346e+05
1.50000 3.655133818782201e+05
1.51250 3.661391952008042e+05
1.52500 3.673163650448663e+05
1.53750 3.688757594415601e+05
1.55000 3.705084786176350e+05
1.56250 3.718866072033826e+05
1.57500 3.728291279372826e+05
1.58750 3.733401245024173e+05
1.60000 3.734841065552689e+05
1.61250 3.732837297847047e+05
1.62500 3.727373070041746e+05
1.63750 3.718815166971746e+05
1.65000 3.708136111736580e+05
1.66250 3.696471841117069e+05
1.67500 3.684501234594372e+05
1.68750 3.672203385918904e+05
1.70000 3.659470382528332e+05
1.71250 3.647963021057894e+05
1.72500 3.641698998395947e+05
1.73750 3.643838354455968e+05
1.75000 3.652624121527115e+05
1.76250 3.660247781320031e+05
1.77500 3.656914118653405e+05
1.78750 3.640525332277218e+05
1.80000 3.621138601655371e+05
1.81250 3.607963491474198e+05
1.82500 3.596624755559131e+05
1.83750 3.584694674963546e+05
1.85000 3.578160237999618e+05
1.86250 3.579320360222295e+05
1.87500 3.599905107283352e+05
1.88750 3.568408712637241e+05
1.90000 3.439573456643731e+05
1.91250 3.334325318787865e+05
1.92500 3.264812577824611e+05
1.93750 3.215825941567302e+05
1.95000 3.175705747762218e+05
1.96250 3.139145165013511e+05
1.97500 3.107294958572615e+05
1.98750 3.081408647429791e+05
2.00000 3.060780695046216e+05
2.01250 3.043904576107267e+05
2.02500 3.029111381559569e+05
2.03750 3.014764772610933e+05
2.05000 2.999536587408495e+05
2.06250 2.982780608180861e+05
2.07500 2.964725370293400e+05
2.08750 2.946241534510023e+05
2.10000 2.928317901610060e+05
2.11250 2.911648768554269e+05
2.12500 2.896517035651967e+05
2.13750 2.882874796983260e+05
2.15000 2.870487160521071e+05
2.16250 2.859058781420522e+05
2.17500 2.848311664498829e+05
2.18750 2.838044620403166e+05
2.20000 2.828191835667485e+05
2.21250 2.818798256068973e+05
2.22500 2.809883572852802e+05
2.23750 2.801352599832840e+05
2.25000 2.793092590067805e+05
2.26250 2.785150185680479e+05
2.27500 2.777731455414626e+05
2.28750 2.771014088773289e+05
2.30000 2.764989782545092e+05
2.31250 2.759404325814811e+05
2.32500 2.753764684446084e+05
2.33750 2.747470035054445e+05
2.35000 2.740062800607815e+05
2.36250 2.731431381523326e+05
2.37500 2.721675529913295e+05
2.38750 2.710811464769437e+05
2.40000 2.698774062948336e+05
2.41250 2.685596446497983e+05
2.42500 2.671524572649391e+05
2.43750 2.657009597164387e+05
2.45000 2.642614252199319e+05
2.46250 2.628897789354633e+05
2.47500 2.616328971411706e+05
2.48750 2.605240646456497e+05
2.50000 2.595817518903550e+05
2.51250 2.588108313466555e+05
2.52500 2.582058173661720e+05
2.53750 2.577555647801045e+05
2.55000 2.574483273095265e+05
2.56250 2.572756587307889e+05
2.57500 2.572336526542197e+05
2.58750 2.573207969469766e+05
2.60000 2.575331857142331e+05
2.61250 2.578590497245292e+05
2.62500 2.582745396545595e+05
2.63750 2.587415843911139e+05
2.65000 2.592076829974275e+05
2.66250 2.596075984372305e+05
2.67500 2.598679603986143e+05
2.68750 2.599170027340846e+05
2.70000 2.597012045705790e+05
2.71250 2.592055941693684e+05
2.72500 2.584668273009130e+05
2.73750 2.575679040001221e+05
2.75000 2.566154445265975e+05
2.76250 2.557128420186658e+05
2.77500 2.549421568970490e+05
2.78750 2.543580127218069e+05
2.80000 2.539892649812450e+05
2.81250 2.538422711001981e+05
2.82500 2.538998848773223e+05
2.83750 2.541114076624028e+05
2.85000 2.543758296248753e+05
2.86250 2.545408568628421e+05
2.87500 2.544538732876267e+05
2.88750 2.540481979830109e+05
2.90000 2.533679715844110e+05
2.91250 2.524999132996044e+05
2.92500 2.515027339960571e+05
2.93750 2.503935535884505e+05
2.95000 2.491705061418363e+05
2.96250 2.478396737883789e+05
2.97500 2.464316124215429e+05
2.98750 2.450032474108671e+05
3.00000 2.436276686563438e+05
3.01250 2.423782585065190e+05
3.02500 2.413128702236228e+05
3.03750 2.404626478808074e+05
3.05000 2.398308331915455e+05
3.06250 2.394049151285861e+05
3.07500 2.391754076715886e+05
3.08750 2.391433733981664e+05
3.10000 2.393055225256571e+05
3.11250 2.396275841902877e+05
3.12500 2.400259236165480e+05
3.13750 2.403700380718359e+05
3.15000 2.405106503723393e+05
3.16250 2.403268090268490e+05
3.17500 2.397670414582817e+05
3.18750 2.388578393100993e+05
3.20000 2.376797496461421e+05
3.21250 2.363349085201418e+05
3.22500 2.349262336476440e+05
3.23750 2.335541730145666e+05
3.25000 2.323238158029387e+05
3.26250 2.313440394580346e+05
3.27500 2.307065222294545e+05
3.28750 2.304531708418249e+05
3.30000 2.305576272116030e+05
3.31250 2.309596348988152e+05
3.32500 2.316512322366329e+05
3.33750 2.327066482521325e+05
3.35000 2.341880696414249e+05
3.36250 2.360270895594397e+05
3.37500 2.379796887453899e+05
3.38750 2.396745556696568e+05
3.40000 2.407456549558150e+05
3.41250 2.409934810774993e+05
3.42500 2.404737300588826e+05
3.43750 2.394373443362468e+05
3.45000 2.381614630757612e+05
3.46250 2.368175388602787e+05
3.47500 2.354631086892480e+05
3.48750 2.341213132362741e+05
3.50000 2.328615988540516e+05
3.51250 2.318181689792135e+05
3.52500 2.311422901290110e+05
3.53750 2.309022029371374e+05
3.55000 2.309925648836815e+05
3.56250 2.311928446520703e+05
3.57500 2.313383766526668e+05
3.58750 2.313495532495145e+05
3.60000 2.312117931944145e+05
3.61250 2.309897123278772e+05
3.62500 2.306754883625591e+05
3.63750 2.300634311355947e+05
3.65000 2.288654146047505e+05
3.66250 2.269773677870195e+05
3.67500 2.246349970133133e+05
3.68750 2.221862680105243e+05
3.70000 2.198989151857006e+05
3.71250 2.184327319558551e+05
3.72500 2.193441751247918e+05
3.73750 2.169405566431801e+05
3.75000 2.109873052501561e+05
3.76250 2.078977340072232e+05
3.77500 2.062937981158236e+05
3.78750 2.041855383787269e+05
3.80000 2.003745494012038e+05
3.81250 1.976306243732460e+05
3.82500 1.953809518540802e+05
3.83750 1.914603111323490e+05
3.85000 1.886337936556227e+05
3.86250 1.866516490723218e+05
3.87500 1.850900416608019e+05
3.88750 1.837676673961307e+05
3.90000 1.825916108096853e+05
3.91250 1.815010863239201e+05
3.92500 1.804646343185387e+05
3.93750 1.794935494588713e+05
3.95000 1.786200781662689e+05
3.96250 1.778726710959768e+05
3.97500 1.772673881975817e+05
3.98750 1.768034079393125e+05
4.00000 1.764720413696588e+05
4.01250 1.762646682052501e+05
4.02500 1.761573613650090e+05
4.03750 1.761054592132313e+05
4.05000 1.760581643481077e+05
4.06250 1.759766057150450e+05
4.07500 1.758362407006275e+05
4.08750 1.756132670205112e+05
4.10000 1.752752566161969e+05
4.11250 1.747875184632461e+05
4.12500 1.741342362410664e+05
4.13750 1.733262307204499e+05
4.15000 1.723831228133503e+05
4.16250 1.713234542657339e+05
4.17500 1.701714669118120e+05
4.18750 1.689610975974949e+05
4.20000 1.677274536315113e+05
4.21250 1.664983988242394e+05
4.22500 1.653024494235183e+05
4.23750 1.641748183442383e+05
4.25000 1.631397342593849e+05
4.26250 1.621973394004353e+05
4.27500 1.613383784400178e+05
4.28750 1.605670423820188e+05
4.30000 1.599020943695270e+05
4.31250 1.593616215174066e+05
4.32500 1.589512041274390e+05
4.33750 1.586568329154821e+05
4.35000 1.584462479032780e+05
4.36250 1.582901387562052e+05
4.37500 1.581847172382135e+05
4.38750 1.581395957314578e+05
4.40000 1.581519370593317e+05
4.41250 1.581981817956019e+05
4.42500 1.582351434726268e+05
4.43750 1.582088499693497e+05
4.45000 1.580782119412985e+05
4.46250 1.578327784618902e+05
4.47500 1.574842483729184e+05
4.48750 1.570523167153128e+05
4.50000 1.565631673814933e+05
4.51250 1.560514625525954e+05
4.52500 1.555555445808278e+05
4.53750 1.551087171147690e+05
4.55000 1.547338215425166e+05
4.56250 1.544423179082269e+05
4.57500 1.542353568203777e+05
4.58750 1.541060606001751e+05
4.60000 1.540433484410755e+05
4.61250 1.540369687932568e+05
4.62500 1.540818254464814e+05
4.63750 1.541718334124415e+05
4.65000 1.542754678456105e+05
4.66250 1.543238747776498e+05
4.67500 1.542602231996674e+05
4.68750 1.541028495321544e+05
4.70000 1.539225938017178e+05
4.71250 1.537788201889364e+05
4.72500 1.536947745354046e+05
4.73750 1.536691765348308e+05
4.75000 1.537003566055805e+05
4.76250 1.538033506237534e+05
4.77500 1.540098368719766e+05
4.78750 1.543594475155831e+05
4.80000 1.548921170008632e+05
4.81250 1.556342974909943e+05
4.82500 1.565523919846249e+05
4.83750 1.574723365725609e+05
4.85000 1.581774098337277e+05
4.86250 1.588442528415833e+05
4.87500 1.609711525465093e+05
4.88750 1.660510455170897e+05
4.90000 1.593710795519757e+05
4.91250 1.580545152676346e+05
4.92500 1.574449964879096e+05
4.93750 1.561466202862805e+05
4.95000 1.547335158438791e+05
4.96250 1.536065652868790e+05
4.97500 1.526193787065837e+05
4.98750 1.516126191545917e+05
5.00000 1.505566598787217e+05
5.01250 1.495026326086295e+05
5.02500 1.484906351127845e+05
5.03750 1.475298608112783e+05
5.05000 1.466189896373720e+05
5.06250 1.457600205920999e+05
5.07500 1.449598969610340e+05
5.08750 1.442268994211783e+05
5.10000 1.435666376519618e+05
5.11250 1.429796300216831e+05
5.12500 1.424607844393853e+05
5.13750 1.420004025103291e+05
5.15000 1.415863976395718e+05
5.16250 1.412075181363507e+05
5.17500 1.408566822501219e+05
5.18750 1.405325637011412e+05
5.20000 1.402382492686652e+05
5.21250 1.399781480294319e+05
5.22500 1.397554460032868e+05
5.23750 1.395710619018773e+05
5.25000 1.394233562066699e+05
5.26250 1.393075949618728e+05
5.27500 1.392151350721099e+05
5.28750 1.391332385917426e+05
5.30000 1.390464051618818e+05
5.31250 1.389391308605415e+05
5.32500 1.387989124036898e+05
5.33750 1.386181889413712e+05
5.35000 1.383949115678172e+05
5.36250 1.381323901871632e+05
5.37500 1.378389869174009e+05
5.38750 1.375275770093569e+05
5.40000 1.372144592591115e+05
5.41250 1.369177004677795e+05
5.42500 1.366552663346003e+05
5.43750 1.364434975782761e+05
5.45000 1.362967804329268e+05
5.46250 1.362303160591512e+05
5.47500 1.362721396659299e+05
5.48750 1.365113941314242e+05
5.50000 1.373014199752611e+05
5.51250 1.383703471711746e+05
5.52500 1.374169195088564e+05
5.53750 1.371636860733267e+05
5.55000 1.373664733338563e+05
5.56250 1.379299470364108e+05
5.57500 1.375208166604222e+05
5.58750 1.378347263917321e+05
5.60000 1.379360265114204e+05
5.61250 1.384943395194051e+05
5.62500 1.383887391336240e+05
5.63750 1.383421962295925e+05
5.65000 1.386576348679402e+05
5.66250 1.392264666082089e+05
5.67500 1.400380256774035e+05
5.68750 1.406723905673536e+05
5.70000 1.405107737181480e+05
5.71250 1.399292453834525e+05
5.72500 1.393119678471307e+05
5.73750 1.387530037199798e+05
5.75000 1.382982917301863e+05
5.76250 1.379578587212172e+05
5.77500 1.377143443719670e+05
5.78750 1.375351167190107e+05
5.80000 1.373779085593535e+05
5.81250 1.372058736091571e+05
5.82500 1.370118218196167e+05
5.83750 1.368218420129663e+05
5.85000 1.366705781685225e+05
5.86250 1.365792175355143e+05
5.87500 1.365527465614400e+05
5.88750 1.365869226647688e+05
5.90000 1.366741167677860e+05
5.91250 1.368053039201627e+05
5.92500 1.369697473799542e+05
5.93750 1.371553744657667e+05
5.95000 1.373522456168218e+05
5.96250 1.375553697776797e+05
5.97500 1.377633922151502e+05
5.98750 1.379781751200891e+05
6.00000 1.382064189144145e+05
6.01250 1.384625924676100e+05
6.02500 1.387726962590655e+05
6.03750 1.391833150853469e+05
6.05000 1.397942650327563e+05
6.06250 1.409091029198045e+05
6.07500 1.440787274181424e+05
6.08750 1.643069445586580e+05
6.10000 1.515939846197627e+05
6.11250 1.443305012798200e+05
6.12500 1.436572275122525e+05
6.13750 1.440010281379625e+05
6.15000 1.446273249820973e+05
6.16250 1.453383616051546e+05
6.17500 1.460463244059313e+05
6.18750 1.467005494791111e+05
6.20000 1.472765574266011e+05
6.21250 1.477767791886959e+05
6.22500 1.482228822018705e+05
6.23750 1.486457751594859e+05
6.25000 1.490936993161284e+05
6.26250 1.495582981867587e+05
6.27500 1.499346142708226e+05
6.28750 1.504625747861819e+05
6.30000 1.513005027966010e+05
6.31250 1.520163955077484e+05
6.32500 1.525955255291178e+05
6.33750 1.533902590199446e+05
6.35000 1.543147205116939e+05
6.36250 1.553022169116044e+05
6.37500 1.563172713330084e+05
6.38750 1.573205119654315e+05
6.40000 1.582768191944850e+05
6.41250 1.591723528664252e+05
6.42500 1.600053623764706e+05
6.43750 1.607824913782979e+05
6.45000 1.615255265441410e+05
6.46250 1.622638155659305e+05
6.47500 1.630137151669109e+05
6.48750 1.637685910773789e+05
6.50000 1.645097865713876e+05
6.51250 1.652243126990237e+05
6.52500 1.659207261099836e+05
6.53750 1.666390779924974e+05
6.55000 1.674401776008216e+05
6.56250 1.683734735432234e+05
6.57500 1.694515144623067e+05
6.58750 1.706468219593270e+05
6.60000 1.718989749933446e+05
6.61250 1.731183103806841e+05
6.62500 1.742075704203166e+05
6.63750 1.751237862826186e+05
6.65000 1.759073041761390e+05
6.66250 1.766240884592279e+05
6.67500 1.773099255554082e+05
6.68750 1.779719353109598e+05
6.70000 1.786074114150730e+05
6.71250 1.792002636205990e+05
6.72500 1.796958164830546e+05
6.73750 1.799977493641603e+05
6.75000 1.800421651713563e+05
6.76250 1.799030787604437e+05
6.77500 1.797861412457148e+05
6.78750 1.798994298492061e+05
6.80000 1.803477163244563e+05
6.81250 1.811177629034627e+05
6.82500 1.821164878426794e+05
6.83750 1.832108113048876e+05
6.85000 1.842207800283257e+05
6.86250 1.849603261520595e+05
6.87500 1.854954426842146e+05
6.88750 1.862047392529128e+05
6.90000 1.873910202591168e+05
6.91250 1.890832190646196e+05
6.92500 1.911382578781661e+05
6.93750 1.933313406145347e+05
6.95000 1.952277468088244e+05
6.96250 1.964489954378991e+05
6.97500 1.975048173401459e+05
6.98750 1.992708784798829e+05
7.00000 2.021434103996758e+05
7.01250 2.057855863871061e+05
7.02500 2.080560365604215e+05
7.03750 2.103159868688464e+05
7.05000 2.076654134355755e+05
7.06250 2.054997905112790e+05
7.07500 2.046779508327566e+05
7.08750 2.039592778711883e+05
7.10000 2.030956539634014e+05
7.11250 2.027260700126596e+05
7.12500 2.030252567807262e+05
7.13750 2.037043314360094e+05
7.15000 2.044317337422032e+05
7.16250 2.049515522514432e+05
7.17500 2.051989941480656e+05
7.18750 2.052916476517724e+05
7.20000 2.053411430755243e+05
7.21250 2.054176454683554e+05
7.22500 2.055855104285454e+05
7.23750 2.058631467208768e+05
7.25000 2.061836772165175e+05
7.26250 2.064275274698508e+05
7.27500 2.065083201459672e+05
7.28750 2.064339561619209e+05
7.30000 2.062848923469862e+05
7.31250 2.061446018307309e+05
7.32500 2.060558422373159e+05
7.33750 2.060235574435473e+05
7.35000 2.060355321346939e+05
7.36250 2.060758189858860e+05
7.37500 2.061300689621043e+05
7.38750 2.061889875166079e+05
7.40000 2.062506312852565e+05
7.41250 2.063203729684270e+05
7.42500 2.064089168086741e+05
7.43750 2.065281962799048e+05
7.45000 2.066844988626165e+05
7.46250 2.068721487128027e+05
7.47500 2.070757982869139e+05
7.48750 2.072848551793879e+05
7.50000 2.075095888372227e+05
7.51250 2.077834931306971e+05
7.52500 2.081511792577026e+05
7.53750 2.086544095093835e+05
7.55000 2.093220837513711e+05
7.56250 2.101520494887464e+05
7.57500 2.110640690586077e+05
7.58750 2.118624270130451e+05
7.60000 2.123699645414658e+05
7.61250 2.126365015419351e+05
7.62500 2.128253682235522e+05
7.63750 2.130223825042750e+05
7.65000 2.132513990691195e+05
7.66250 2.135341819206210e+05
7.67500 2.138969090880124e+05
7.68750 2.143556112928056e+05
7.70000 2.149112231763218e+05
7.71250 2.155537570901579e+05
7.72500 2.162676285941408e+05
7.73750 2.170350489254311e+05
7.75000 2.178381182533356e+05
7.76250 2.186610052677578e+05
7.77500 2.194925872839585e+05
7.78750 2.203284226105461e+05
7.80000 2.211706104990569e+05
7.81250 2.220256560747836e+05
7.82500 2.229021492094918e+05
7.83750 2.238097559060318e+05
7.85000 2.247591866504668e+05
7.86250 2.257617177572697e+05
7.87500 2.268275241599330e+05
7.88750 2.279633551385202e+05
7.90000 2.291703413748129e+05
7.91250 2.304419228014964e+05
7.92500 2.317614213656251e+05
7.93750 2.330995937344646e+05
7.95000 2.344139804163730e+05
7.96250 2.356526668492558e+05
7.97500 2.367641643881493e+05
7.98750 2.377120744463634e+05
8.00000 2.384887861884937e+05
8.01250 2.391199797362759e+05
8.02500 2.396555837930260e+05
8.03750 2.401518769045419e+05
8.05000 2.406550029735124e+05
8.06250 2.411932979202288e+05
8.07500 2.417792192435143e+05
8.08750 2.424172000494329e+05
8.10000 2.431123927499259e+05
8.11250 2.438760242971200e+05
8.12500 2.447254291760958e+05
8.13750 2.456797249522270e+05
8.15000 2.467538085711174e+05
8.16250 2.479532714376470e+05
8.17500 2.492718860363135e+05
8.18750 2.506920437506561e+05
8.20000 2.521868239397053e+05
8.21250 2.537216353243077e+05
8.22500 2.552545964783965e+05
8.23750 2.567416296522513e+05
8.25000 2.581460716991162e+05
8.26250 2.594497176814392e+05
8.27500 2.606549318717691e+05
8.28750 2.617750167764731e+05
8.30000 2.628245212220402e+05
8.31250 2.638191894285985e+05
8.32500 2.647836230537314e+05
8.33750 2.657588728894351e+05
8.35000 2.668086630584509e+05
8.36250 2.680448537909482e+05
8.37500 2.697684261410262e+05
8.38750 2.731249004743426e+05
8.40000 2.752964052077173e+05
8.41250 2.749739886901876e+05
8.42500 2.753076720078682e+05
8.43750 2.764278587483737e+05
8.45000 2.781205201977344e+05
8.46250 2.802890612037281e+05
8.47500 2.829648639634865e+05
8.48750 2.864823744729921e+05
8.50000 2.909351131706173e+05
8.51250 2.937015227001763e+05
8.52500 2.922436871451288e+05
8.53750 2.897787773128130e+05
8.55000 2.882070679529157e+05
8.56250 2.874306893980024e+05
8.57500 2.871961469230098e+05
8.58750 2.873495268368177e+05
8.60000 2.878255697013457e+05
8.61250 2.887397246493860e+05
8.62500 2.901886455529032e+05
8.63750 2.921625454473931e+05
8.65000 2.946174657398383e+05
8.66250 2.980831491289801e+05
8.67500 3.011508589774969e+05
8.68750 3.022602431260664e+05
8.70000 3.047476099082410e+05
8.71250 3.075287024062814e+05
8.72500 3.102407883192155e+05
8.73750 3.123163021099868e+05
8.75000 3.132387896338689e+05
8.76250 3.130148096772148e+05
8.77500 3.121598899544085e+05
8.78750 3.112726869891622e+05
8.80000 3.108124153929612e+05
8.81250 3.112213792214707e+05
8.82500 3.134471576040125e+05
8.83750 3.200735355807759e+05
8.85000 3.251639445621624e+05
8.86250 3.178661737731411e+05
8.87500 3.133309618822440e+05
8.88750 3.119409368153167e+05
8.90000 3.116193265045894e+05
8.91250 3.115666025304709e+05
8.92500 3.113923029889255e+05
8.93750 3.109358378289026e+05
8.95000 3.102444669235076e+05
8.96250 3.094804203974916e+05
8.97500 3.087995856128011e+05
8.98750 3.082894189855248e+05
9.00000 3.079682406235859e+05
9.01250 3.078079552258616e+05
9.02500 3.077563580412834e+05
9.03750 3.077530714148435e+05
9.05000 3.077401094579214e+05
9.06250 3.076687532496565e+05
9.07500 3.075036581991393e+05
9.08750 3.072244276474768e+05
9.10000 3.068244201961160e+05
9.11250 3.063069287190759e+05
9.12500 3.056807301817899e+05
9.13750 3.049587290843060e+05
9.15000 3.041609974646716e+05
9.16250 3.033177429483783e+05
9.17500 3.024661702705112e+05
9.18750 3.016406449952468e+05
9.20000 3.008614174567160e+05
9.21250 3.001277521687506e+05
9.22500 2.994185917704850e+05
9.23750 2.987012644405151e+05
9.25000 2.979458114632927e+05
9.26250 2.971389738634928e+05
9.27500 2.962906927861317e+05
9.28750 2.954296628552480e+05
9.30000 2.945921097697306e+05
9.31250 2.938150624896434e+05
9.32500 2.931356143841833e+05
9.33750 2.925836182513023e+05
9.35000 2.921745550796798e+05
9.36250 2.919099608173784e+05
9.37500 2.917796068140036e+05
9.38750 2.917627277676209e+05
9.40000 2.918294529184359e+05
9.41250 2.919439656521985e+05
9.42500 2.920699191385034e+05
9.43750 2.921781691300095e+05
9.45000 2.922234747519116e+05
9.46250 2.920755481621384e+05
9.47500 2.917855938844395e+05
9.48750 2.913931133341017e+05
9.50000 2.908955114001153e+05
9.51250 2.903101660124655e+05
9.52500 2.896409116571488e+05
9.53750 2.888204980758099e+05
9.55000 2.878630856438575e+05
9.56250 2.868863169037089e+05
9.57500 2.858992770664615e+05
9.58750 2.848624894896683e+05
9.60000 2.838066334112316e+05
9.61250 2.827743898021402e+05
9.62500 2.817728317575313e+05
9.63750 2.808033615484350e+05
9.65000 2.798780634093496e+05
9.66250 2.790084040829767e+05
9.67500 2.781729876867752e+05
9.68750 2.773177575618885e+05
9.70000 2.764425166073297e+05
9.71250 2.756342563796655e+05
9.72500 2.749768899896397e+05
9.73750 2.745041303028399e+05
9.75000 2.742119130177627e+05
9.76250 2.740660478147175e+05
9.77500 2.740053054361034e+05
9.78750 2.739670284161165e+05
9.80000 2.739106794298133e+05
9.81250 2.738128836646951e+05
9.82500 2.736700798196309e+05
9.83750 2.734990354478097e+05
9.85000 2.733194460442828e+05
9.86250 2.731414434011223e+05
9.87500 2.729672286813279e+05
9.88750 2.727976138360250e+05
9.90000 2.726373112203536e+05
9.91250 2.724982816739582e+05
9.92500 2.723976601656126e+05
9.93750 2.723402867918990e+05
9.95000 2.722838820042434e+05
9.96250 2.721338555370727e+05
9.97500 2.718393212041464e+05
9.98750 2.714775794273287e+05
10.00000 2.711494696976944e+05
