0.00001 7.464503722759960e+06
0.01250 7.029446819521208e+06
0.02500 5.979952548292578e+06
0.03750 4.790371880827477e+06
0.05000 3.750450322765864e+06
0.06250 2.936804944228346e+06
0.07500 2.326815112898340e+06
0.08750 1.874321283447912e+06
0.10000 1.537495439112454e+06
0.11250 1.284842635610095e+06
0.12500 1.094159424656933e+06
0.13750 9.489442448161031e+05
0.15000 8.337394844868344e+05
0.16250 7.382748751354367e+05
0.17500 6.608346001545499e+05
0.18750 5.994836824451321e+05
0.20000 5.511276494540906e+05
0.21250 5.131239175244353e+05
0.22500 4.834813516633828e+05
0.23750 4.605586062835185e+05
0.25000 4.426395880904983e+05
0.26250 4.276673673925529e+05
0.27500 4.136706188821806e+05
0.28750 3.997719125731283e+05
0.30000 3.864289900384477e+05
0.31250 3.745265327502178e+05
0.32500 3.646033607730180e+05
0.33750 3.567742898687717e+05
0.35000 3.509270813042781e+05
0.36250 3.468733669503357e+05
0.37500 3.444018516613974e+05
0.38750 3.432552997191847e+05
0.40000 3.430694359143924e+05
0.41250 3.434154003309655e+05
0.42500 3.442609155328568e+05
0.43750 3.485363396713987e+05
0.45000 3.869207806793787e+05
0.46250 3.582144501728267e+05
0.47500 3.436256586416403e+05
0.48750 3.404748279523352e+05
0.50000 3.385708264181702e+05
0.51250 3.378288513366790e+05
0.52500 3.381224825451834e+05
0.53750 3.389999726244549e+05
0.55000 3.397295346381761e+05
0.56250 3.403648702754065e+05
0.57500 3.412567851710360e+05
0.58750 3.422943268563990e+05
0.60000 3.434637116875823e+05
0.61250 3.448860000589330e+05
0.62500 3.464341917534628e+05
0.63750 3.477186598863600e+05
0.65000 3.485513248963538e+05
0.66250 3.488640297043450e+05
0.67500 3.484719469333616e+05
0.68750 3.474234943712162e+05
0.70000 3.461097330290891e+05
0.71250 3.448831400058807e+05
0.72500 3.438606405419206e+05
0.73750 3.432463860080796e+05
0.75000 3.433510855929125e+05
0.76250 3.442088605327624e+05
0.77500 3.455202442655203e+05
0.78750 3.468905650431768e+05
0.80000 3.481249012856032e+05
0.81250 3.492895413711756e+05
0.82500 3.504833136443050e+05
0.83750 3.516364895554723e+05
0.85000 3.525733434776425e+05
0.86250 3.532760406428172e+05
0.87500 3.539823962284423e+05
0.88750 3.549835582611156e+05
0.90000 3.564751999119726e+05
0.91250 3.585040132681124e+05
0.92500 3.608205717662286e+05
0.93750 3.629394603891208e+05
0.95000 3.647372008038417e+05
0.96250 3.666242081124656e+05
0.97500 3.690010614389548e+05
0.98750 3.719515897074140e+05
1.00000 3.752289333380756e+05
1.01250 3.783694147657433e+05
1.02500 3.809234670504157e+05
1.03750 3.826439291686269e+05
1.05000 3.834491421240605e+05
1.06250 3.832957812607645e+05
1.07500 3.822422413575995e+05
1.08750 3.805863160733294e+05
1.10000 3.787973372083734e+05
1.11250 3.773681859587427e+05
1.12500 3.766748624789439e+05
1.13750 3.768611897239924e+05
1.15000 3.778174269356810e+05
1.16250 3.792252996645673e+05
1.17500 3.806199460661974e+05
1.18750 3.814786624524787e+05
1.20000 3.814055100604762e+05
1.21250 3.803671371863761e+05
1.22500 3.786818007477150e+05
1.23750 3.767124074935010e+05
1.25000 3.746617423123413e+05
1.26250 3.726250519533879e+05
1.27500 3.706991242846363e+05
1.28750 3.690052560969841e+05
1.30000 3.676485889519702e+05
1.31250 3.666750581535164e+05
1.32500 3.660518803138451e+05
1.33750 3.656862817441654e+05
1.35000 3.654906761414253e+05
1.36250 3.654408287679107e+05
1.37500 3.655532533796654e+05
1.38750 3.658247122486938e+05
1.40000 3.662213475088678e+05
1.41250 3.666829890901403e+05
1.42500 3.670898930584582e+05
1.43750 3.672628538074741e+05
1.45000 3.670664789542436e+05
1.46250 3.665303484988476e+05
1.47500 3.658551570411068e+05
1.48750 3.653149140591132e+05
1.50000 3.651558723719557e+05
1.51250 3.655362922445108e+05
1.52500 3.664901078345571e+05
1.53750 3.678978685111970e+05
1.55000 3.694904813735185e+05
1.56250 3.709427375194894e+05
1.57500 3.720362400176555e+05
1.58750 3.727290025665065e+05
1.60000 3.730565480062495e+05
1.61250 3.730267787701537e+05
1.62500 3.726279955035378e+05
1.63750 3.718900131384416e+05
1.65000 3.709095864162584e+05
1.66250 3.698075271980581e+05
1.67500 3.686620160657910e+05
1.68750 3.674784240145792e+05
1.70000 3.662395430843809e+05
1.71250 3.650852245471102e+05
1.72500 3.644049105778266e+05
1.73750 3.645503270990803e+05
1.75000 3.654141148333434e+05
1.76250 3.662710464313724e+05
1.77500 3.661166064393285e+05
1.78750 3.646053555832084e+05
1.80000 3.626458094318106e+05
1.81250 3.612665257684036e+05
1.82500 3.601514289693251e+05
1.83750 3.589294097601406e+05
1.85000 3.582158731694258e+05
1.86250 3.582150047950725e+05
1.87500 3.601249009314228e+05
1.88750 3.582396541346268e+05
1.90000 3.457090568313567e+05
1.91250 3.347197620387224e+05
1.92500 3.274537961817920e+05
1.93750 3.223910181321786e+05
1.95000 3.183236520049934e+05
1.96250 3.146293227143644e+05
1.97500 3.113774355391137e+05
1.98750 3.087162682553890e+05
2.00000 3.065943259100386e+05
2.01250 3.048662595140482e+05
2.02500 3.033664577348943e+05
2.03750 3.019300987255941e+05
2.05000 3.004186759437713e+05
2.06250 2.987573666883273e+05
2.07500 2.969584404312981e+05
2.08750 2.951036868151131e+05
2.10000 2.932935957028001e+05
2.11250 2.916028405068349e+05
2.12500 2.900649620348797e+05
2.13750 2.886786888169100e+05
2.15000 2.874219745891175e+05
2.16250 2.862651041686678e+05
2.17500 2.851790834163480e+05
2.18750 2.841417054051459e+05
2.20000 2.831439197377861e+05
2.21250 2.821891574145115e+05
2.22500 2.812806264121318e+05
2.23750 2.804104523161630e+05
2.25000 2.795667480899367e+05
2.26250 2.787516919404097e+05
2.27500 2.779848090787494e+05
2.28750 2.772855012196386e+05
2.30000 2.766559799440261e+05
2.31250 2.760742750714946e+05
2.32500 2.754939136860038e+05
2.33750 2.748550372654978e+05
2.35000 2.741085153807341e+05
2.36250 2.732385853653563e+05
2.37500 2.722547272772200e+05
2.38750 2.711609247194753e+05
2.40000 2.699513624748859e+05
2.41250 2.686277328345480e+05
2.42500 2.672120262551125e+05
2.43750 2.657470260627870e+05
2.45000 2.642875688774012e+05
2.46250 2.628890179665380e+05
2.47500 2.615982284098151e+05
2.48750 2.604486920506503e+05
2.50000 2.594591155527026e+05
2.51250 2.586344855498057e+05
2.52500 2.579691680120999e+05
2.53750 2.574515248412993e+05
2.55000 2.570690361844971e+05
2.56250 2.568124883653028e+05
2.57500 2.566777426793131e+05
2.58750 2.566642813126193e+05
2.60000 2.567711082811629e+05
2.61250 2.569917784394929e+05
2.62500 2.573102895909736e+05
2.63750 2.576983860716945e+05
2.65000 2.581138390924454e+05
2.66250 2.584997069291284e+05
2.67500 2.587862869792478e+05
2.68750 2.588991226011452e+05
2.70000 2.587757190501750e+05
2.71250 2.583879580071828e+05
2.72500 2.577587512876324e+05
2.73750 2.569602990477319e+05
2.75000 2.560931750377500e+05
2.76250 2.552590969516562e+05
2.77500 2.545412435744444e+05
2.78750 2.539965885289795e+05
2.80000 2.536565772428469e+05
2.81250 2.535300591727083e+05
2.82500 2.536025862974140e+05
2.83750 2.538270911806574e+05
2.85000 2.541072612595864e+05
2.86250 2.542942200132440e+05
2.87500 2.542331642425963e+05
2.88750 2.538498949154339e+05
2.90000 2.531831875400878e+05
2.91250 2.523210932728851e+05
2.92500 2.513270963610300e+05
2.93750 2.502219436537657e+05
2.95000 2.490043624271500e+05
2.96250 2.476782996651088e+05
2.97500 2.462708685391311e+05
2.98750 2.448358794461818e+05
3.00000 2.434446947136632e+05
3.01250 2.421706147165263e+05
3.02500 2.410727634824893e+05
3.03750 2.401842531349684e+05
3.05000 2.395099966216761e+05
3.06250 2.390378364615778e+05
3.07500 2.387572119947825e+05
3.08750 2.386680732789357e+05
3.10000 2.387677666085833e+05
3.11250 2.390249893502867e+05
3.12500 2.393606195784614e+05
3.13750 2.396486825368115e+05
3.15000 2.397428123383449e+05
3.16250 2.395228617888873e+05
3.17500 2.389376561446267e+05
3.18750 2.380156427546861e+05
3.20000 2.368409729045527e+05
3.21250 2.355185671494016e+05
3.22500 2.341505827691916e+05
3.23750 2.328322315791322e+05
3.25000 2.316606139784697e+05
3.26250 2.307374487264216e+05
3.27500 2.301510975377973e+05
3.28750 2.299445665846888e+05
3.30000 2.300942534381228e+05
3.31250 2.305384945419946e+05
3.32500 2.312621636695404e+05
3.33750 2.323355548351740e+05
3.35000 2.338274822517852e+05
3.36250 2.356834144237319e+05
3.37500 2.376732189972363e+05
3.38750 2.394322151883091e+05
3.40000 2.405883446817463e+05
3.41250 2.409246429084213e+05
3.42500 2.404772790303931e+05
3.43750 2.394877591667220e+05
3.45000 2.382376508914473e+05
3.46250 2.369087983535170e+05
3.47500 2.355655106675267e+05
3.48750 2.342304187807959e+05
3.50000 2.329682631982570e+05
3.51250 2.319095848170060e+05
3.52500 2.312071390177409e+05
3.53750 2.309388543376289e+05
3.55000 2.310123896788212e+05
3.56250 2.312090604854129e+05
3.57500 2.313560809003157e+05
3.58750 2.313702614556089e+05
3.60000 2.312324795020889e+05
3.61250 2.310045804182979e+05
3.62500 2.306897389853165e+05
3.63750 2.300963498561662e+05
3.65000 2.289353312266916e+05
3.66250 2.270806628896200e+05
3.67500 2.247464519422077e+05
3.68750 2.222853503130946e+05
3.70000 2.199665293834060e+05
3.71250 2.183980831595004e+05
3.72500 2.191469020620708e+05
3.73750 2.172816046807177e+05
3.75000 2.111957388355055e+05
3.76250 2.079680602064906e+05
3.77500 2.063229202774600e+05
3.78750 2.043384668474042e+05
3.80000 2.005757640490413e+05
3.81250 1.977119836227192e+05
3.82500 1.955659976465249e+05
3.83750 1.916518771605844e+05
3.85000 1.887593195407229e+05
3.86250 1.867493067018509e+05
3.87500 1.851778692666836e+05
3.88750 1.838545515281732e+05
3.90000 1.826829330858639e+05
3.91250 1.816002182947971e+05
3.92500 1.805717543807220e+05
3.93750 1.796056052105693e+05
3.95000 1.787331812293147e+05
3.96250 1.779833519163651e+05
3.97500 1.773731325339296e+05
3.98750 1.769026913731584e+05
4.00000 1.765631617903224e+05
4.01250 1.763458519389365e+05
4.02500 1.762278707509782e+05
4.03750 1.761652155556173e+05
4.05000 1.761064288340174e+05
4.06250 1.760111454786538e+05
4.07500 1.758542175255136e+05
4.08750 1.756127962262376e+05
4.10000 1.752561179902336e+05
4.11250 1.747503800878314e+05
4.12500 1.740792179881338e+05
4.13750 1.732538164280052e+05
4.15000 1.722963321679007e+05
4.16250 1.712281195199973e+05
4.17500 1.700746724588577e+05
4.18750 1.688693644555541e+05
4.20000 1.676458928132336e+05
4.21250 1.664302016096733e+05
4.22500 1.652480272217691e+05
4.23750 1.641328501278115e+05
4.25000 1.631097901972830e+05
4.26250 1.621803627644245e+05
4.27500 1.613346330060393e+05
4.28750 1.605746033320758e+05
4.30000 1.599177907593635e+05
4.31250 1.593825825922232e+05
4.32500 1.589758921900406e+05
4.33750 1.586857315125918e+05
4.35000 1.584810207919964e+05
4.36250 1.583305423700861e+05
4.37500 1.582272505192268e+05
4.38750 1.581800692754219e+05
4.40000 1.581875713830767e+05
4.41250 1.582279502431246e+05
4.42500 1.582597757867764e+05
4.43750 1.582296373697223e+05
4.45000 1.580946815928888e+05
4.46250 1.578424893353076e+05
4.47500 1.574848761608179e+05
4.48750 1.570426307788244e+05
4.50000 1.565423732229883e+05
4.51250 1.560186568647055e+05
4.52500 1.555100291222078e+05
4.53750 1.550505154207734e+05
4.55000 1.546638104592227e+05
4.56250 1.543621157396376e+05
4.57500 1.541471779872823e+05
4.58750 1.540124739694423e+05
4.60000 1.539468868997677e+05
4.61250 1.539396097050393e+05
4.62500 1.539848292394972e+05
4.63750 1.540776482369958e+05
4.65000 1.541912758774185e+05
4.66250 1.542601358615371e+05
4.67500 1.542207936840859e+05
4.68750 1.540802514583466e+05
4.70000 1.539057246884790e+05
4.71250 1.537599138528694e+05
4.72500 1.536699727555480e+05
4.73750 1.536358824919100e+05
4.75000 1.536543491761424e+05
4.76250 1.537380886082512e+05
4.77500 1.539180212272011e+05
4.78750 1.542347958146450e+05
4.80000 1.547305783215321e+05
4.81250 1.554363376643875e+05
4.82500 1.563299686503469e+05
4.83750 1.572546544847060e+05
4.85000 1.579806345873117e+05
4.86250 1.586198282522511e+05
4.87500 1.603822218218000e+05
4.88750 1.665222799660194e+05
4.90000 1.595779976038797e+05
4.91250 1.580089484886889e+05
4.92500 1.574310716722690e+05
4.93750 1.562096134332136e+05
4.95000 1.547816452524440e+05
4.96250 1.536344313557508e+05
4.97500 1.526482977843467e+05
4.98750 1.516546374698750e+05
5.00000 1.506088590037375e+05
5.01250 1.495581557927032e+05
5.02500 1.485464263733271e+05
5.03750 1.475855204320633e+05
5.05000 1.466741879945752e+05
5.06250 1.458136044193007e+05
5.07500 1.450101165229378e+05
5.08750 1.442719380197468e+05
5.10000 1.436050509097768e+05
5.11250 1.430105792103874e+05
5.12500 1.424840880122610e+05
5.13750 1.420164554223718e+05
5.15000 1.415959631920336e+05
5.16250 1.412113983304993e+05
5.17500 1.408554013677902e+05
5.18750 1.405262928578879e+05
5.20000 1.402270165233710e+05
5.21250 1.399621034053030e+05
5.22500 1.397349626576623e+05
5.23750 1.395466928581617e+05
5.25000 1.393958084175372e+05
5.26250 1.392778147677680e+05
5.27500 1.391844388931121e+05
5.28750 1.391033354309820e+05
5.30000 1.390192202852301e+05
5.31250 1.389164991848870e+05
5.32500 1.387823213848234e+05
5.33750 1.386086968942822e+05
5.35000 1.383932067231592e+05
5.36250 1.381388730308751e+05
5.37500 1.378538143194348e+05
5.38750 1.375506868948319e+05
5.40000 1.372456074782538e+05
5.41250 1.369565113001399e+05
5.42500 1.367012803651165e+05
5.43750 1.364962138911091e+05
5.45000 1.363557387533394e+05
5.46250 1.362954091792340e+05
5.47500 1.363449169944132e+05
5.48750 1.366010426800645e+05
5.50000 1.374453886947221e+05
5.51250 1.383935100230057e+05
5.52500 1.374211672622040e+05
5.53750 1.371929173747688e+05
5.55000 1.374068792557111e+05
5.56250 1.379270427401381e+05
5.57500 1.375224007165432e+05
5.58750 1.378557183848995e+05
5.60000 1.379724252982706e+05
5.61250 1.384926663050205e+05
5.62500 1.383368630943903e+05
5.63750 1.383374031101166e+05
5.65000 1.386851479227290e+05
5.66250 1.392910622132943e+05
5.67500 1.401260511773602e+05
5.68750 1.407011039471284e+05
5.70000 1.404677216646487e+05
5.71250 1.398747965675139e+05
5.72500 1.392654836960700e+05
5.73750 1.387242496094246e+05
5.75000 1.382912728008301e+05
5.76250 1.379704302792103e+05
5.77500 1.377404963713498e+05
5.78750 1.375661699230263e+05
5.80000 1.374043761853590e+05
5.81250 1.372217690920911e+05
5.82500 1.370177629020585e+05
5.83750 1.368226519246496e+05
5.85000 1.366708724310416e+05
5.86250 1.365816520832170e+05
5.87500 1.365584468110192e+05
5.88750 1.365963380282468e+05
5.90000 1.366877037638419e+05
5.91250 1.368239234262089e+05
5.92500 1.369947580985375e+05
5.93750 1.371881889451757e+05
5.95000 1.373934500902471e+05
5.96250 1.376045542066738e+05
5.97500 1.378196426062324e+05
5.98750 1.380401518077975e+05
6.00000 1.382722054840364e+05
6.01250 1.385292863066445e+05
6.02500 1.388354217267694e+05
6.03750 1.392320420263429e+05
6.05000 1.398019268530571e+05
6.06250 1.407740682268509e+05
6.07500 1.431727592774076e+05
6.08750 1.562194097885162e+05
6.10000 1.573416852040382e+05
6.11250 1.451522782475323e+05
6.12500 1.439535171900630e+05
6.13750 1.441809866735905e+05
6.15000 1.447630159127353e+05
6.16250 1.454470459651688e+05
6.17500 1.461321522561850e+05
6.18750 1.467647249610445e+05
6.20000 1.473204469562927e+05
6.21250 1.478028447736364e+05
6.22500 1.482350969862473e+05
6.23750 1.486479572323205e+05
6.25000 1.490877969378484e+05
6.26250 1.495621885796977e+05
6.27500 1.499509512695051e+05
6.28750 1.504574596341466e+05
6.30000 1.512761025474922e+05
6.31250 1.520436163690126e+05
6.32500 1.526140916383044e+05
6.33750 1.533946924482228e+05
6.35000 1.543137091383954e+05
6.36250 1.552979600019507e+05
6.37500 1.563112318822160e+05
6.38750 1.573155099476707e+05
6.40000 1.582744839578616e+05
6.41250 1.591726284250926e+05
6.42500 1.600078559248842e+05
6.43750 1.607853584282993e+05
6.45000 1.615249840020610e+05
6.46250 1.622565293851746e+05
6.47500 1.629998281872329e+05
6.48750 1.637519838543501e+05
6.50000 1.644956356619238e+05
6.51250 1.652161183755657e+05
6.52500 1.659177215040617e+05
6.53750 1.666354075400757e+05
6.55000 1.674281661720890e+05
6.56250 1.683486340758961e+05
6.57500 1.694146108927531e+05
6.58750 1.706029427047189e+05
6.60000 1.718566645296262e+05
6.61250 1.730891245697855e+05
6.62500 1.742001875231574e+05
6.63750 1.751339985765654e+05
6.65000 1.759200167048408e+05
6.66250 1.766257938623432e+05
6.67500 1.772947238980942e+05
6.68750 1.779397798399787e+05
6.70000 1.785620883446815e+05
6.71250 1.791507662240159e+05
6.72500 1.796589493367745e+05
6.73750 1.799934602281409e+05
6.75000 1.800768820884829e+05
6.76250 1.799575269617421e+05
6.77500 1.798272055743652e+05
6.78750 1.799025563496382e+05
6.80000 1.803065256405916e+05
6.81250 1.810410512562123e+05
6.82500 1.820210664975612e+05
6.83750 1.831181077865769e+05
6.85000 1.841610610741188e+05
6.86250 1.849541050275603e+05
6.87500 1.855080581952773e+05
6.88750 1.861742602621867e+05
6.90000 1.872895184713181e+05
6.91250 1.889212542694219e+05
6.92500 1.909411175433448e+05
6.93750 1.931402221335582e+05
6.95000 1.951231998805395e+05
6.96250 1.964468943255222e+05
6.97500 1.974755874135783e+05
6.98750 1.991088282148469e+05
7.00000 2.018266280972314e+05
7.01250 2.054594630521484e+05
7.02500 2.080738897393942e+05
7.03750 2.100324656586602e+05
7.05000 2.084866922335650e+05
7.06250 2.057548361464080e+05
7.07500 2.048145841889114e+05
7.08750 2.041347933822591e+05
7.10000 2.032918255134632e+05
7.11250 2.028555067867441e+05
7.12500 2.031047179401513e+05
7.13750 2.037791141410992e+05
7.15000 2.045397354032806e+05
7.16250 2.051083354979817e+05
7.17500 2.053790773676544e+05
7.18750 2.054533277519657e+05
7.20000 2.054640695401453e+05
7.21250 2.055064320135947e+05
7.22500 2.056549865538963e+05
7.23750 2.059261719710178e+05
7.25000 2.062476970857573e+05
7.26250 2.064958847138265e+05
7.27500 2.065823090017714e+05
7.28750 2.065137141997138e+05
7.30000 2.063695996093194e+05
7.31250 2.062334679969726e+05
7.32500 2.061488263028215e+05
7.33750 2.061209760671518e+05
7.35000 2.061376647651052e+05
7.36250 2.061829827765182e+05
7.37500 2.062425420064481e+05
7.38750 2.063066374993135e+05
7.40000 2.063726232660541e+05
7.41250 2.064450721302778e+05
7.42500 2.065338794936999e+05
7.43750 2.066503235798381e+05
7.45000 2.068005227125890e+05
7.46250 2.069793759948597e+05
7.47500 2.071727872941982e+05
7.48750 2.073716892747392e+05
7.50000 2.075875954249717e+05
7.51250 2.078545926148046e+05
7.52500 2.082172929411125e+05
7.53750 2.087171301019524e+05
7.55000 2.093822308428960e+05
7.56250 2.102082483018337e+05
7.57500 2.111104202273027e+05
7.58750 2.118906412466964e+05
7.60000 2.123800342776595e+05
7.61250 2.126378727403915e+05
7.62500 2.128259671774835e+05
7.63750 2.130254035663074e+05
7.65000 2.132576042976119e+05
7.66250 2.135435473657665e+05
7.67500 2.139093051847095e+05
7.68750 2.143709796694340e+05
7.70000 2.149294952909934e+05
7.71250 2.155747122729782e+05
7.72500 2.162907962355655e+05
7.73750 2.170596908989311e+05
7.75000 2.178633046475523e+05
7.76250 2.186857715388365e+05
7.77500 2.195161103009309e+05
7.78750 2.203501147901093e+05
7.80000 2.211900703514608e+05
7.81250 2.220425219443540e+05
7.82500 2.229159778174687e+05
7.83750 2.238200167528438e+05
7.85000 2.247653747133335e+05
7.86250 2.257635317628598e+05
7.87500 2.268250626324340e+05
7.88750 2.279573041059353e+05
7.90000 2.291621270055083e+05
7.91250 2.304337848002869e+05
7.92500 2.317563488971438e+05
7.93750 2.331010626284059e+05
7.95000 2.344254528425541e+05
7.96250 2.356768960186318e+05
7.97500 2.368024902288242e+05
7.98750 2.377640014772760e+05
8.00000 2.385520449387333e+05
8.01250 2.391910049563661e+05
8.02500 2.397301567389900e+05
8.03750 2.402257219420957e+05
8.05000 2.407242561801096e+05
8.06250 2.412548428530265e+05
8.07500 2.418309150105572e+05
8.08750 2.424580222309625e+05
8.10000 2.431424807837883e+05
8.11250 2.438966203623319e+05
8.12500 2.447387202003008e+05
8.13750 2.456886181777782e+05
8.15000 2.467616402165292e+05
8.16250 2.479634005431526e+05
8.17500 2.492871435010709e+05
8.18750 2.507141241890971e+05
8.20000 2.522158540653058e+05
8.21250 2.537562155339829e+05
8.22500 2.552920218262718e+05
8.23750 2.567794219397308e+05
8.25000 2.581824297120626e+05
8.26250 2.594843722764995e+05
8.27500 2.606891314698384e+05
8.28750 2.618110465948243e+05
8.30000 2.628650403556747e+05
8.31250 2.638665564767056e+05
8.32500 2.648392902169747e+05
8.33750 2.658230242360865e+05
8.35000 2.668803636518117e+05
8.36250 2.681230057781605e+05
8.37500 2.698548619495442e+05
8.38750 2.732344789095407e+05
8.40000 2.753578706588493e+05
8.41250 2.750442729853389e+05
8.42500 2.753832949897677e+05
8.43750 2.765094546591074e+05
8.45000 2.782131293904609e+05
8.46250 2.804022411206695e+05
8.47500 2.831144618487791e+05
8.48750 2.866846468200191e+05
8.50000 2.911330364764898e+05
8.51250 2.937018714080481e+05
8.52500 2.921283940199099e+05
8.53750 2.897120783826099e+05
8.55000 2.881917772613150e+05
8.56250 2.874438541957332e+05
8.57500 2.872252771986082e+05
8.58750 2.873893012933318e+05
8.60000 2.878759354828337e+05
8.61250 2.888041711429235e+05
8.62500 2.902705113059952e+05
8.63750 2.922656104611155e+05
8.65000 2.947573843251265e+05
8.66250 2.984482238481286e+05
8.67500 3.009860975902306e+05
8.68750 3.023595201510963e+05
8.70000 3.048795810850111e+05
8.71250 3.076644149338788e+05
8.72500 3.103539667842401e+05
8.73750 3.123756555946865e+05
8.75000 3.132337883351472e+05
8.76250 3.129685462860739e+05
8.77500 3.121065651996940e+05
8.78750 3.112359587014236e+05
8.80000 3.108060663091977e+05
8.81250 3.112647091580548e+05
8.82500 3.136039257855700e+05
8.83750 3.204335002833425e+05
8.85000 3.249294591126235e+05
8.86250 3.175747811577778e+05
8.87500 3.132379105770110e+05
8.88750 3.119156714355251e+05
8.90000 3.116158209066311e+05
8.91250 3.115648018603321e+05
8.92500 3.113813025708559e+05
8.93750 3.109134338426581e+05
8.95000 3.102157778885307e+05
8.96250 3.094529279627255e+05
8.97500 3.087789042360014e+05
8.98750 3.082779831265742e+05
9.00000 3.079658007361338e+05
9.01250 3.078125272251076e+05
9.02500 3.077650771551877e+05
9.03750 3.077628378326290e+05
9.05000 3.077480342050856e+05
9.06250 3.076724496760035e+05
9.07500 3.075014245014422e+05
9.08750 3.072153215366590e+05
9.10000 3.068081946670145e+05
9.11250 3.062838614091582e+05
9.12500 3.056514772517898e+05
9.13750 3.049242987760914e+05
9.15000 3.041227681529365e+05
9.16250 3.032773399673104e+05
9.17500 3.024251087376549e+05
9.18750 3.015998540967865e+05
9.20000 3.008208784088771e+05
9.21250 3.000864384167061e+05
9.22500 2.993747744835786e+05
9.23750 2.986531084380992e+05
9.25000 2.978920535718717e+05
9.26250 2.970794007942738e+05
9.27500 2.962262280312110e+05
9.28750 2.953621050405393e+05
9.30000 2.945236460663471e+05
9.31250 2.937476174562795e+05
9.32500 2.930705242870948e+05
9.33750 2.925218014624763e+05
9.35000 2.921165914301976e+05
9.36250 2.918560418869341e+05
9.37500 2.917295101510853e+05
9.38750 2.917158213771172e+05
9.40000 2.917847047718981e+05
9.41250 2.918999617735442e+05
9.42500 2.920248936548423e+05
9.43750 2.921300869220208e+05
9.45000 2.921727748695501e+05
9.46250 2.920232950607741e+05
9.47500 2.917275716482261e+05
9.48750 2.913292120440302e+05
9.50000 2.908258309270288e+05
9.51250 2.902347362677331e+05
9.52500 2.895617569878103e+05
9.53750 2.887416058815451e+05
9.55000 2.877820851310620e+05
9.56250 2.868016320588046e+05
9.57500 2.858135271668555e+05
9.58750 2.847768105396152e+05
9.60000 2.837193246967944e+05
9.61250 2.826849643982474e+05
9.62500 2.816817833473625e+05
9.63750 2.807112044279373e+05
9.65000 2.797853104280811e+05
9.66250 2.789164950615684e+05
9.67500 2.780854805159143e+05
9.68750 2.772382642337955e+05
9.70000 2.763701378373315e+05
9.71250 2.755652628261393e+05
9.72500 2.749087804777218e+05
9.73750 2.744359596500946e+05
9.75000 2.741437130272811e+05
9.76250 2.739989625336074e+05
9.77500 2.739411558470507e+05
9.78750 2.739067085600652e+05
9.80000 2.738539740538714e+05
9.81250 2.737590967664772e+05
9.82500 2.736178067995517e+05
9.83750 2.734465155807441e+05
9.85000 2.732653071183029e+05
9.86250 2.730848462797249e+05
9.87500 2.729075551719574e+05
9.88750 2.727342411578009e+05
9.90000 2.725697507955926e+05
9.91250 2.724265780995585e+05
9.92500 2.723227625215502e+05
9.93750 2.722643861092564e+05
9.95000 2.722103763247813e+05
9.96250 2.720651105583665e+05
9.97500 2.717733383863980e+05
9.98750 2.714103009431681e+05
10.00000 2.710803096020679e+05
