-8.00000 2.308379918818556e-02
-7.98799 2.318020419964543e-02
-7.97598 2.327833503130534e-02
-7.96396 2.337831051752131e-02
-7.95195 2.348026691114919e-02
-7.93994 2.358435773435286e-02
-7.92793 2.369075267614899e-02
-7.91592 2.379963556369252e-02
-7.90390 2.391120146956769e-02
-7.89189 2.402565304533961e-02
-7.87988 2.414319619141704e-02
-7.86787 2.426403518542051e-02
-7.85586 2.438836739805266e-02
-7.84384 2.451637773118527e-02
-7.83183 2.464823292358493e-02
-7.81982 2.478407589279668e-02
-7.80781 2.492402032491170e-02
-7.79580 2.506814579375659e-02
-7.78378 2.521649379069451e-02
-7.77177 2.536906517339270e-02
-7.75976 2.552581968655065e-02
-7.74775 2.568667835061236e-02
-7.73574 2.585152962805128e-02
-7.72372 2.602024032704071e-02
-7.71171 2.619267215508164e-02
-7.69970 2.636870466481575e-02
-7.68769 2.654826503410045e-02
-7.67568 2.673136471406622e-02
-7.66366 2.691814251616598e-02
-7.65165 2.710891327176106e-02
-7.63964 2.730422087061586e-02
-7.62763 2.750489432666333e-02
-7.61562 2.771210553417860e-02
-7.60360 2.792742751717176e-02
-7.59159 2.815289222295902e-02
-7.57958 2.839104749430939e-02
-7.56757 2.864501460294126e-02
-7.55556 2.891855252597537e-02
-7.54354 2.921614641983964e-02
-7.53153 2.954316150641809e-02
-7.51952 2.990615313930988e-02
-7.50751 3.031353551220172e-02
-7.49550 3.077707163630531e-02
-7.48348 3.131515939876220e-02
-7.47147 3.195938127119050e-02
-7.45946 3.276439555323481e-02
-7.44745 3.381388555788346e-02
-7.43544 3.520280291247487e-02
-7.42342 3.698067475197439e-02
-7.41141 3.909206055008913e-02
-7.39940 4.141659218100537e-02
-7.38739 4.406700647454016e-02
-7.37538 4.917261437501467e-02
-7.36336 5.753033918156034e-02
-7.35135 5.530735892617044e-02
-7.33934 5.361543204515376e-02
-7.32733 5.549345576688707e-02
-7.31532 5.719945348307798e-02
-7.30330 5.835899369260269e-02
-7.29129 5.892327184354446e-02
-7.27928 5.896007731997369e-02
-7.26727 5.861012519364358e-02
-7.25526 5.804597971859201e-02
-7.24324 5.743254660347660e-02
-7.23123 5.689725972446708e-02
-7.21922 5.651494405510767e-02
-7.20721 5.630757041135880e-02
-7.19520 5.625526076291011e-02
-7.18318 5.631305385366096e-02
-7.17117 5.642818806441127e-02
-7.15916 5.655427869839764e-02
-7.14715 5.666076802646590e-02
-7.13514 5.673764285128268e-02
-7.12312 5.679629576435873e-02
-7.11111 5.686729943605363e-02
-7.09910 5.699418928879205e-02
-7.08709 5.721966514622441e-02
-7.07508 5.756223441150627e-02
-7.06306 5.799386105455781e-02
-7.05105 5.844316552625573e-02
-7.03904 5.883617100167070e-02
-7.02703 5.914569140370139e-02
-7.01502 5.940269391184461e-02
-7.00300 5.966204943619094e-02
-6.99099 5.996159677078640e-02
-6.97898 6.030833600375712e-02
-6.96697 6.068889310429749e-02
-6.95495 6.108482037923377e-02
-6.94294 6.148252413574789e-02
-6.93093 6.187803194325920e-02
-6.91892 6.227839982175287e-02
-6.90691 6.270003040030141e-02
-6.89489 6.316395851542234e-02
-6.88288 6.368902721658128e-02
-6.87087 6.428496845767934e-02
-6.85886 6.494825075813708e-02
-6.84685 6.566310703438714e-02
-6.83483 6.640741218925024e-02
-6.82282 6.715917979996153e-02
-6.81081 6.789803795040089e-02
-6.79880 6.859998302319464e-02
-6.78679 6.923083658063001e-02
-6.77477 6.974738329135999e-02
-6.76276 7.011024650115667e-02
-6.75075 7.030227418759515e-02
-6.73874 7.033982423080491e-02
-6.72673 7.026822808821367e-02
-6.71471 7.014375939205617e-02
-6.70270 7.001318352276860e-02
-6.69069 6.990184949071331e-02
-6.67868 6.981398513020121e-02
-6.66667 6.974119798809594e-02
-6.65465 6.967233174230701e-02
-6.64264 6.959986871733564e-02
-6.63063 6.952181637272790e-02
-6.61862 6.944058169419479e-02
-6.60661 6.936090647731250e-02
-6.59459 6.928823782313012e-02
-6.58258 6.922794408401872e-02
-6.57057 6.918511359750748e-02
-6.55856 6.916439670053766e-02
-6.54655 6.916938872341559e-02
-6.53453 6.920131432329969e-02
-6.52252 6.925718980268061e-02
-6.51051 6.932810390684500e-02
-6.49850 6.939859737436614e-02
-6.48649 6.944813169418568e-02
-6.47447 6.945515759494052e-02
-6.46246 6.940329151947218e-02
-6.45045 6.928775690031623e-02
-6.43844 6.911902790326731e-02
-6.42643 6.892039172566501e-02
-6.41441 6.871793008670500e-02
-6.40240 6.852548355020828e-02
-6.39039 6.833186520105672e-02
-6.37838 6.809932312731176e-02
-6.36637 6.777779706138670e-02
-6.35435 6.732976055254576e-02
-6.34234 6.675162955128189e-02
-6.33033 6.607741821609181e-02
-6.31832 6.536060638860156e-02
-6.30631 6.464459257098651e-02
-6.29429 6.394012659145402e-02
-6.28228 6.322357931714917e-02
-6.27027 6.245597959946546e-02
-6.25826 6.160947295598530e-02
-6.24625 6.068445388660043e-02
-6.23423 5.970860818570010e-02
-6.22222 5.872158251140647e-02
-6.21021 5.775672779107796e-02
-6.19820 5.683017314455233e-02
-6.18619 5.594049859589854e-02
-6.17417 5.507571157756489e-02
-6.16216 5.422189442191164e-02
-6.15015 5.336937392357318e-02
-6.13814 5.251504025375940e-02
-6.12613 5.166150686756166e-02
-6.11411 5.081460652715422e-02
-6.10210 4.998062718816470e-02
-6.09009 4.916422048077412e-02
-6.07808 4.836739086080284e-02
-6.06607 4.758954100653189e-02
-6.05405 4.682826536219992e-02
-6.04204 4.608046423249111e-02
-6.03003 4.534337822556297e-02
-6.01802 4.461527089215717e-02
-6.00601 4.389565492211132e-02
-5.99399 4.318510797614952e-02
-5.98198 4.248482225861260e-02
-5.96997 4.179606659428314e-02
-5.95796 4.111972063403158e-02
-5.94595 4.045598803699906e-02
-5.93393 3.980433065251402e-02
-5.92192 3.916360611656601e-02
-5.90991 3.853234770205785e-02
-5.89790 3.790910240489662e-02
-5.88589 3.729274102008180e-02
-5.87387 3.668266899271833e-02
-5.86186 3.607889375604718e-02
-5.84985 3.548193680923718e-02
-5.83784 3.489261066001328e-02
-5.82583 3.431170648439281e-02
-5.81381 3.373965392929429e-02
-5.80180 3.317621783504539e-02
-5.78979 3.262028787986156e-02
-5.77778 3.206979843757550e-02
-5.76577 3.152179118731566e-02
-5.75375 3.097260712327713e-02
-5.74174 3.041817258407806e-02
-5.72973 2.985432987298023e-02
-5.71772 2.927715939226089e-02
-5.70571 2.868324788904737e-02
-5.69369 2.806989213441209e-02
-5.68168 2.743554951772433e-02
-5.66967 2.678361982534430e-02
-5.65766 2.614479992392331e-02
-5.64565 2.563879533709739e-02
-5.63363 2.547316589606844e-02
-5.62162 2.560161983148129e-02
-5.60961 2.537939677682647e-02
-5.59760 2.424320994033681e-02
-5.58559 2.258129717245451e-02
-5.57357 2.111700066753424e-02
-5.56156 2.003345636302437e-02
-5.54955 1.915087576284840e-02
-5.53754 1.832837932544244e-02
-5.52553 1.752461759082889e-02
-5.51351 1.673670667716005e-02
-5.50150 1.596905502528455e-02
-5.48949 1.522643790634729e-02
-5.47748 1.451294502709278e-02
-5.46547 1.383174487372656e-02
-5.45345 1.318498744241997e-02
-5.44144 1.257379477782696e-02
-5.42943 1.199833161648462e-02
-5.41742 1.145794263561961e-02
-5.40541 1.095133720932302e-02
-5.39339 1.047680002597613e-02
-5.38138 1.003240622103081e-02
-5.36937 9.616222166185819e-03
-5.35736 9.226476903224177e-03
-5.34535 8.861693626193627e-03
-5.33333 8.520775000875773e-03
-5.32132 8.203040167196026e-03
-5.30931 7.908215033476596e-03
-5.29730 7.636381229766375e-03
-5.28529 7.387893118386553e-03
-5.27327 7.163276320362605e-03
-5.26126 6.963123872625917e-03
-5.24925 6.788004369431598e-03
-5.23724 6.638386471269999e-03
-5.22523 6.514564367145024e-03
-5.21321 6.416544571650151e-03
-5.20120 6.343842086453628e-03
-5.18919 6.295157554962650e-03
-5.17718 6.267983978771187e-03
-5.16517 6.258309673744822e-03
-5.15315 6.260686221629791e-03
-5.14114 6.268927638770529e-03
-5.12913 6.277531574080129e-03
-5.11712 6.283584422665391e-03
-5.10511 6.288568073918381e-03
-5.09309 6.299330190217917e-03
-5.08108 6.327643519297983e-03
-5.06907 6.388181989122304e-03
-5.05706 6.495096842388960e-03
-5.04505 6.657455000955527e-03
-5.03303 6.873807716459631e-03
-5.02102 7.126748849420529e-03
-5.00901 7.379848912831726e-03
-4.99700 7.580763202815747e-03
-4.98498 7.673281045344947e-03
-4.97297 7.616309441937101e-03
-4.96096 7.401661267189974e-03
-4.94895 7.060406637921037e-03
-4.93694 6.652826622008202e-03
-4.92492 6.246729511897025e-03
-4.91291 5.895614320842112e-03
-4.90090 5.626857946069290e-03
-4.88889 5.442662752805309e-03
-4.87688 5.329260711897823e-03
-4.86486 5.267465502578871e-03
-4.85285 5.239891543616455e-03
-4.84084 5.233813329313209e-03
-4.82883 5.241010399260021e-03
-4.81682 5.256419996293321e-03
-4.80480 5.276807332628675e-03
-4.79279 5.299904023515530e-03
-4.78078 5.324002115852273e-03
-4.76877 5.347834517448907e-03
-4.75676 5.370580693237251e-03
-4.74474 5.391892831947897e-03
-4.73273 5.411889777811091e-03
-4.72072 5.431101922267216e-03
-4.70871 5.450372235677636e-03
-4.69670 5.470730477129880e-03
-4.68468 5.493261819316548e-03
-4.67267 5.518989486860730e-03
-4.66066 5.548785504245366e-03
-4.64865 5.583316475009205e-03
-4.63664 5.623024460011001e-03
-4.62462 5.668137845757946e-03
-4.61261 5.718704136645299e-03
-4.60060 5.774635712781254e-03
-4.58859 5.835760217312191e-03
-4.57658 5.901869883072020e-03
-4.56456 5.972798215994697e-03
-4.55255 6.048851250466589e-03
-4.54054 6.132353193728569e-03
-4.52853 6.226141381487662e-03
-4.51652 6.323581674564220e-03
-4.50450 6.403540762534697e-03
-4.49249 6.492729080207623e-03
-4.48048 6.593606661690851e-03
-4.46847 6.699319145117756e-03
-4.45646 6.808975446987713e-03
-4.44444 6.922262622533156e-03
-4.43243 7.038886576306537e-03
-4.42042 7.158570863720871e-03
-4.40841 7.281102120763388e-03
-4.39640 7.406366340887809e-03
-4.38438 7.534358126360548e-03
-4.37237 7.665149584893995e-03
-4.36036 7.798814800318911e-03
-4.34835 7.935320874615424e-03
-4.33634 8.074413656925565e-03
-4.32432 8.215538408942588e-03
-4.31231 8.357834962620750e-03
-4.30030 8.500229098266220e-03
-4.28829 8.641610108406408e-03
-4.27628 8.781050135675466e-03
-4.26426 8.918002699672654e-03
-4.25225 9.052799387780204e-03
-4.24024 9.197592918737443e-03
-4.22823 9.391276484006096e-03
-4.21622 9.530852110865276e-03
-4.20420 9.604674991880138e-03
-4.19219 9.710314679979975e-03
-4.18018 9.840560764046335e-03
-4.16817 9.975324719334908e-03
-4.15616 1.011281792002328e-02
-4.14414 1.025404924579433e-02
-4.13213 1.040055533625320e-02
-4.12012 1.055432429637902e-02
-4.10811 1.071767226900850e-02
-4.09610 1.089303902766044e-02
-4.08408 1.108273814191317e-02
-4.07207 1.128869239775568e-02
-4.06006 1.151217249310205e-02
-4.04805 1.175354026173129e-02
-4.03604 1.201198121428786e-02
-4.02402 1.228520721731294e-02
-4.01201 1.256913749430518e-02
-4.00000 1.285763510931027e-02
-3.98799 1.314246667491517e-02
-3.97598 1.341370678156210e-02
-3.96396 1.366075289748785e-02
-3.95195 1.387391777041733e-02
-3.93994 1.404627939658550e-02
-3.92793 1.417523447052321e-02
-3.91592 1.426317527810709e-02
-3.90390 1.431695672488413e-02
-3.89189 1.434625202469189e-02
-3.87988 1.436131181567902e-02
-3.86787 1.437084418745525e-02
-3.85586 1.438063378681251e-02
-3.84384 1.439317500632738e-02
-3.83183 1.440818468540088e-02
-3.81982 1.442359276365462e-02
-3.80781 1.443658822212361e-02
-3.79580 1.444444870523408e-02
-3.78378 1.444505426862015e-02
-3.77177 1.443709885018691e-02
-3.75976 1.442007356568689e-02
-3.74775 1.439412108844183e-02
-3.73574 1.435985252975576e-02
-3.72372 1.431818613844777e-02
-3.71171 1.427022916864131e-02
-3.69970 1.421719474139748e-02
-3.68769 1.416033176174264e-02
-3.67568 1.410085336859299e-02
-3.66366 1.403987910270881e-02
-3.65165 1.397844291468493e-02
-3.63964 1.391762416992106e-02
-3.62763 1.385878387859387e-02
-3.61562 1.380372326034467e-02
-3.60360 1.375441036516551e-02
-3.59159 1.371192729422800e-02
-3.57958 1.367465338553452e-02
-3.56757 1.363638074991533e-02
-3.55556 1.358565493440371e-02
-3.54354 1.350753361261732e-02
-3.53153 1.338785647226663e-02
-3.51952 1.321850951583060e-02
-3.50751 1.300117574497362e-02
-3.49550 1.274757341806024e-02
-3.48348 1.247598312125157e-02
-3.47147 1.220575352565936e-02
-3.45946 1.195224793367924e-02
-3.44745 1.172405917275532e-02
-3.43544 1.152304847205552e-02
-3.42342 1.134721479174564e-02
-3.41141 1.119385290047420e-02
-3.39940 1.105441892975875e-02
-3.38739 1.092939154549180e-02
-3.37538 1.082670398215262e-02
-3.36336 1.070140095491540e-02
-3.35135 1.056491359995719e-02
-3.33934 1.045835437578965e-02
-3.32733 1.035748916572530e-02
-3.31532 1.026311280038700e-02
-3.30330 1.017505265428266e-02
-3.29129 1.009194910632340e-02
-3.27928 1.001205548884308e-02
-3.26727 9.933874208716100e-03
-3.25526 9.856298505859862e-03
-3.24324 9.778522286635458e-03
-3.23123 9.699949193153715e-03
-3.21922 9.620139484976508e-03
-3.20721 9.538769534234225e-03
-3.19520 9.455591461408121e-03
-3.18318 9.370395542633261e-03
-3.17117 9.282981948571927e-03
-3.15916 9.193146597283097e-03
-3.14715 9.100682362568568e-03
-3.13514 9.005393326759217e-03
-3.12312 8.907117195921018e-03
-3.11111 8.805749947682514e-03
-3.09910 8.701267298427984e-03
-3.08709 8.593739245230436e-03
-3.07508 8.483336088640879e-03
-3.06306 8.370326310892497e-03
-3.05105 8.255074745630933e-03
-3.03904 8.139251353020670e-03
-3.02703 8.067807388129081e-03
-3.01502 8.286032973293275e-03
-3.00300 8.423883236465850e-03
-2.99099 7.885390094267740e-03
-2.97898 7.560185274625531e-03
-2.96697 7.427717729391456e-03
-2.95495 7.312954863547865e-03
-2.94294 7.200921862009781e-03
-2.93093 7.091776044168802e-03
-2.91892 6.985840695220071e-03
-2.90691 6.883359468964018e-03
-2.89489 6.784494609036813e-03
-2.88288 6.689330384572030e-03
-2.87087 6.597880511026349e-03
-2.85886 6.510098706408785e-03
-2.84685 6.425891279678956e-03
-2.83483 6.345130549719882e-03
-2.82282 6.267667947592316e-03
-2.81081 6.193345835594810e-03
-2.79880 6.122007343087352e-03
-2.78679 6.053503824387284e-03
-2.77477 5.987699843727013e-03
-2.76276 5.924475849754799e-03
-2.75075 5.863728892536974e-03
-2.73874 5.805371847688127e-03
-2.72673 5.749331645736842e-03
-2.71471 5.695546971075920e-03
-2.70270 5.643965812097248e-03
-2.69069 5.594543134481709e-03
-2.67868 5.547238835638255e-03
-2.66667 5.502016039844107e-03
-2.65465 5.458839725470555e-03
-2.64264 5.417675645699120e-03
-2.63063 5.378489512726865e-03
-2.61862 5.341246455993331e-03
-2.60661 5.305910825708742e-03
-2.59459 5.272446480452234e-03
-2.58258 5.240817760716137e-03
-2.57057 5.210991402957082e-03
-2.55856 5.182939687290767e-03
-2.54655 5.156645121867910e-03
-2.53453 5.132106897934191e-03
-2.52252 5.109349092680134e-03
-2.51051 5.088430003959171e-03
-2.49850 5.069451013534541e-03
-2.48649 5.052562316861929e-03
-2.47447 5.037962794404698e-03
-2.46246 5.025894027650203e-03
-2.45045 5.016635205223356e-03
-2.43844 5.010513735749142e-03
-2.42643 5.007945312483137e-03
-2.41441 5.009490519779073e-03
-2.40240 5.015856606325000e-03
-2.39039 5.027714933433119e-03
-2.37838 5.045227247720176e-03
-2.36637 5.067351725837432e-03
-2.35435 5.091286777270895e-03
-2.34234 5.112579879454725e-03
-2.33033 5.126211991735161e-03
-2.31832 5.128358578608021e-03
-2.30631 5.117934300078002e-03
-2.29429 5.096992624966547e-03
-2.28228 5.069714199884635e-03
-2.27027 5.040599611776454e-03
-2.25826 5.012895589803322e-03
-2.24625 4.987967682827717e-03
-2.23423 4.965639982268929e-03
-2.22222 4.945015722022204e-03
-2.21021 4.925240069833171e-03
-2.19820 4.905929435249894e-03
-2.18619 4.887278787605454e-03
-2.17417 4.869996344396620e-03
-2.16216 4.855208484982302e-03
-2.15015 4.844413511684588e-03
-2.13814 4.839509471753022e-03
-2.12613 4.842898937856688e-03
-2.11411 4.857671484425483e-03
-2.10210 4.887862021299061e-03
-2.09009 4.938760017585354e-03
-2.07808 5.017189667788167e-03
-2.06607 5.131624724101638e-03
-2.05405 5.292124174834717e-03
-2.04204 5.510861236034257e-03
-2.03003 5.805696033956280e-03
-2.01802 6.208656007377849e-03
-2.00601 6.769555505941076e-03
-1.99399 7.525074058551976e-03
-1.98198 8.421059399865980e-03
-1.96997 9.363652424535471e-03
-1.95796 1.193668430913355e-02
-1.94595 1.304691235891782e-02
-1.93393 1.010052312016277e-02
-1.92192 9.530007847111952e-03
-1.90991 9.231109739125491e-03
-1.89790 8.902757003310483e-03
-1.88589 8.526646074285318e-03
-1.87387 8.117267001928517e-03
-1.86186 7.709642054026755e-03
-1.84985 7.334767222672183e-03
-1.83784 7.007929150798310e-03
-1.82583 6.730413897061440e-03
-1.81381 6.496004822821760e-03
-1.80180 6.296318528254277e-03
-1.78979 6.123486903006897e-03
-1.77778 5.970996226069395e-03
-1.76577 5.833752752313435e-03
-1.75375 5.707942898528779e-03
-1.74174 5.590850930114934e-03
-1.72973 5.480658236067676e-03
-1.71772 5.376242723837467e-03
-1.70571 5.277002014140229e-03
-1.69369 5.182700773748268e-03
-1.68168 5.093307077626935e-03
-1.66967 5.008782554454284e-03
-1.65766 4.928925678337382e-03
-1.64565 4.855546066527073e-03
-1.63363 4.784314674146551e-03
-1.62162 4.710716717989247e-03
-1.60961 4.643165117076147e-03
-1.59760 4.578494698601007e-03
-1.58559 4.516580441041740e-03
-1.57357 4.457252491602507e-03
-1.56156 4.400090683898115e-03
-1.54955 4.344620952796293e-03
-1.53754 4.290506170333709e-03
-1.52553 4.237614533674804e-03
-1.51351 4.185973183588608e-03
-1.50150 4.135674376435138e-03
-1.48949 4.086792850773489e-03
-1.47748 4.039340710573399e-03
-1.46547 3.993260121621247e-03
-1.45345 3.948441232375472e-03
-1.44144 3.904750267103343e-03
-1.42943 3.862056354390626e-03
-1.41742 3.820251250812179e-03
-1.40541 3.779260723328463e-03
-1.39339 3.739048783744051e-03
-1.38138 3.699616580908044e-03
-1.36937 3.660997515594663e-03
-1.35736 3.623249807510154e-03
-1.34535 3.586447587083553e-03
-1.33333 3.550671540894512e-03
-1.32132 3.516000061987212e-03
-1.30931 3.482501674123637e-03
-1.29730 3.450229236718459e-03
-1.28529 3.419216161398704e-03
-1.27327 3.389474637035136e-03
-1.26126 3.360995689886589e-03
-1.24925 3.333750794903031e-03
-1.23724 3.307694689117822e-03
-1.22523 3.282769006860037e-03
-1.21321 3.258906353836541e-03
-1.20120 3.236034461077866e-03
-1.18919 3.214080107720444e-03
-1.17718 3.192972567908553e-03
-1.16517 3.172646413186089e-03
-1.15315 3.153043578215106e-03
-1.14114 3.134114666566929e-03
-1.12913 3.115819529685047e-03
-1.11712 3.098127194142272e-03
-1.10511 3.081015240772088e-03
-1.09309 3.064468756313150e-03
-1.08108 3.048478986352486e-03
-1.06907 3.033041819667689e-03
-1.05706 3.018156229943113e-03
-1.04505 3.003822792042166e-03
-1.03303 2.990042376965961e-03
-1.02102 2.976815112649398e-03
-1.00901 2.964139677309065e-03
-0.99700 2.952012968878542e-03
-0.98498 2.940430169119676e-03
-0.97297 2.929385195464521e-03
-0.96096 2.918871508831723e-03
-0.94895 2.908883222919456e-03
-0.93694 2.899416441093218e-03
-0.92492 2.890470732093025e-03
-0.91291 2.882050646257792e-03
-0.90090 2.874167170336139e-03
-0.88889 2.866839021340637e-03
-0.87688 2.860093687983172e-03
-0.86486 2.853968141260799e-03
-0.85285 2.848509152658708e-03
-0.84084 2.843773177891508e-03
-0.82883 2.839825784730183e-03
-0.81682 2.836740623947763e-03
-0.80480 2.834597961653482e-03
-0.79279 2.833482808463642e-03
-0.78078 2.833482695616568e-03
-0.76877 2.834685160170722e-03
-0.75676 2.837175011043203e-03
-0.74474 2.841031455331974e-03
-0.73273 2.846325170810008e-03
-0.72072 2.853115416530935e-03
-0.70871 2.861447280113529e-03
-0.69670 2.871349168547080e-03
-0.68468 2.882830660429106e-03
-0.67267 2.895880852578317e-03
-0.66066 2.910467353999730e-03
-0.64865 2.926536105827759e-03
-0.63664 2.944012236787896e-03
-0.62462 2.962802197770095e-03
-0.61261 2.982797451292859e-03
-0.60060 3.003880012825507e-03
-0.58859 3.025930136772211e-03
-0.57658 3.048836390408564e-03
-0.56456 3.072508239558796e-03
-0.55255 3.096891054253406e-03
-0.54054 3.121983109649200e-03
-0.52853 3.147853699528495e-03
-0.51652 3.174660914008058e-03
-0.50450 3.202667012755986e-03
-0.49249 3.232248745951073e-03
-0.48048 3.263899574906024e-03
-0.46847 3.298220688020572e-03
-0.45646 3.335898160361633e-03
-0.44444 3.377664689901327e-03
-0.43243 3.424246094655154e-03
-0.42042 3.476295076342220e-03
-0.40841 3.534317398353489e-03
-0.39640 3.598598196139193e-03
-0.38438 3.669138149628159e-03
-0.37237 3.745610204145474e-03
-0.36036 3.827347039376414e-03
-0.34835 3.913367471220276e-03
-0.33634 4.002447478228373e-03
-0.32432 4.093245196310371e-03
-0.31231 4.184528697731928e-03
-0.30030 4.275721799690048e-03
-0.28829 4.368426604858528e-03
-0.27628 4.470191493409740e-03
-0.26426 4.600989426742345e-03
-0.25225 4.795943240277037e-03
-0.24024 5.084138273385110e-03
-0.22823 5.433503997873187e-03
-0.21622 5.722229604016905e-03
-0.20420 5.823897381147686e-03
-0.19219 5.735779485847831e-03
-0.18018 5.573348025659920e-03
-0.16817 5.447242250855660e-03
-0.15616 5.390763053099124e-03
-0.14414 5.381581007504629e-03
-0.13213 5.385476359238266e-03
-0.12012 5.378299214591643e-03
-0.10811 5.349388414284193e-03
-0.09610 5.298587698388889e-03
-0.08408 5.232442131794333e-03
-0.07207 5.160313931818865e-03
-0.06006 5.090755957636867e-03
-0.04805 5.029289083917827e-03
-0.03604 4.977784908863129e-03
-0.02402 4.934589515372853e-03
-0.01201 4.896338062330592e-03
0.00000 4.861544897346458e-03
0.01201 4.831246502162726e-03
0.02402 4.806305419690396e-03
0.03604 4.786429064499133e-03
0.04805 4.771033887017150e-03
0.06006 4.759610233020153e-03
0.07207 4.751579836320624e-03
0.08408 4.746246722085151e-03
0.09610 4.742911449810322e-03
0.10811 4.741041955094356e-03
0.12012 4.740409126295868e-03
0.13213 4.741121735144464e-03
0.14414 4.743538196375465e-03
0.15616 4.748092921480341e-03
0.16817 4.755123721994460e-03
0.18018 4.764788981461410e-03
0.19219 4.777108751147736e-03
0.20420 4.792083536395018e-03
0.21622 4.809794697778579e-03
0.22823 4.830409292198586e-03
0.24024 4.854085623222498e-03
0.25225 4.880847069203612e-03
0.26426 4.910509334907097e-03
0.27628 4.942704511549416e-03
0.28829 4.976982465665691e-03
0.30030 5.012931092201323e-03
0.31231 5.050259706708376e-03
0.32432 5.088820781296326e-03
0.33634 5.128578777052717e-03
0.34835 5.169553471082854e-03
0.36036 5.211765978971182e-03
0.37237 5.255205224260853e-03
0.38438 5.299819378213598e-03
0.39640 5.345526648605793e-03
0.40841 5.392235069026984e-03
0.42042 5.439861268811945e-03
0.43243 5.488341746008374e-03
0.44444 5.537634933159382e-03
0.45646 5.587895426958690e-03
0.46847 5.638565956803942e-03
0.48048 5.690149250087694e-03
0.49249 5.742447060742680e-03
0.50450 5.795406044774572e-03
0.51652 5.848966463814280e-03
0.52853 5.903060478539383e-03
0.54054 5.957617528107938e-03
0.55255 6.012569674472610e-03
0.56456 6.067855954598449e-03
0.57658 6.123425272079752e-03
0.58859 6.179237779067826e-03
0.60060 6.235264978778197e-03
0.61261 6.291488910153766e-03
0.62462 6.347900789976051e-03
0.63664 6.404499428550117e-03
0.64865 6.461289644948861e-03
0.66066 6.518280817212462e-03
0.67267 6.575485629120205e-03
0.68468 6.632919024312844e-03
0.69670 6.690597349384246e-03
0.70871 6.748537655123872e-03
0.72072 6.806757123526379e-03
0.73273 6.865272592409961e-03
0.74474 6.924100155863862e-03
0.75676 6.983254825104027e-03
0.76877 7.042750239618555e-03
0.78078 7.102598422438645e-03
0.79279 7.162809576073074e-03
0.80480 7.223391917346313e-03
0.81682 7.284351550352858e-03
0.82883 7.345692377207991e-03
0.84084 7.407416046409009e-03
0.85285 7.469521938536844e-03
0.86486 7.532007188804373e-03
0.87688 7.594866745647299e-03
0.88889 7.658093464189731e-03
0.90090 7.721678233025670e-03
0.91291 7.785610132356785e-03
0.92492 7.849876621130141e-03
0.93694 7.914463750439591e-03
0.94895 7.979356400098876e-03
0.96096 8.044538534972903e-03
0.97297 8.109993477371555e-03
0.98498 8.175704191573320e-03
0.99700 8.241653576359538e-03
1.00901 8.307824761305880e-03
1.02102 8.374201402500243e-03
1.03303 8.440767973336131e-03
1.04505 8.507510046068711e-03
1.05706 8.574414559918295e-03
1.06907 8.641470071660254e-03
1.08108 8.708666984851907e-03
1.09309 8.775997754111774e-03
1.10511 8.843457061182249e-03
1.11712 8.911041959869994e-03
1.12913 8.978751987363408e-03
1.14114 9.046589239869925e-03
1.15315 9.114558410990917e-03
1.16517 9.182666791752666e-03
1.17718 9.250924231732925e-03
1.18919 9.319343061255238e-03
1.20120 9.387937975162419e-03
1.21321 9.456725879218163e-03
1.22523 9.525725700714084e-03
1.23724 9.594958165373060e-03
1.24925 9.664445543129173e-03
1.26126 9.734211365825272e-03
1.27327 9.804280120293234e-03
1.28529 9.874676920663317e-03
1.29730 9.945427164083361e-03
1.30931 1.001655617430888e-02
1.32132 1.008808883784860e-02
1.33333 1.016004923751261e-02
1.34535 1.023246028830794e-02
1.35736 1.030534338065940e-02
1.36937 1.037871803589801e-02
1.38138 1.045260157885667e-02
1.39339 1.052700883224382e-02
1.40541 1.060195183722942e-02
1.41742 1.067743960438066e-02
1.42943 1.075347789872561e-02
1.44144 1.083006906230998e-02
1.45345 1.090721187714742e-02
1.46547 1.098490147095410e-02
1.47748 1.106312926751115e-02
1.48949 1.114188298291795e-02
1.50150 1.122114666839667e-02
1.51351 1.130090079968859e-02
1.52553 1.138112241245560e-02
1.53754 1.146178528247405e-02
1.54955 1.154286014879115e-02
1.56156 1.162431497741522e-02
1.57357 1.170611526253898e-02
1.58559 1.178822436175675e-02
1.59760 1.187060386124178e-02
1.60961 1.195321396640382e-02
1.62162 1.203601391315822e-02
1.63363 1.211896239461093e-02
1.64565 1.220201799770470e-02
1.65766 1.228513964418436e-02
1.66967 1.236828703012689e-02
1.68168 1.245142105824732e-02
1.69369 1.253450425723553e-02
1.70571 1.261750118250161e-02
1.71772 1.270037879290829e-02
1.72973 1.278310679834524e-02
1.74174 1.286565797334885e-02
1.75375 1.294800843238893e-02
1.76577 1.303013786292325e-02
1.77778 1.311202971285928e-02
1.78979 1.319367132964859e-02
1.80180 1.327505404886956e-02
1.81381 1.335617323081627e-02
1.82583 1.343702824429927e-02
1.83784 1.351762239756670e-02
1.84985 1.359796281696196e-02
1.86186 1.367806027463860e-02
1.87387 1.375792896734229e-02
1.88589 1.383758624893569e-02
1.89790 1.391705231997485e-02
1.90991 1.399634987823563e-02
1.92192 1.407550373462884e-02
1.93393 1.415454039942357e-02
1.94595 1.423348764411467e-02
1.95796 1.431237404461503e-02
1.96997 1.439122851172111e-02
1.98198 1.447007981498938e-02
1.99399 1.454895610626531e-02
2.00601 1.462788444912772e-02
2.01802 1.470689036044643e-02
2.03003 1.478599737010170e-02
2.04204 1.486522660468355e-02
2.05405 1.494459640067767e-02
2.06607 1.502412195226006e-02
2.07808 1.510381499836793e-02
2.09009 1.518368355319592e-02
2.10210 1.526373168369454e-02
2.11411 1.534395933702488e-02
2.12613 1.542436222026471e-02
2.13814 1.550493173397022e-02
2.15015 1.558565496048735e-02
2.16216 1.566651470718687e-02
2.17417 1.574748960407561e-02
2.18619 1.582855425452619e-02
2.19820 1.590967943717584e-02
2.21021 1.599083235638239e-02
2.22222 1.607197693800190e-02
2.23423 1.615307416667390e-02
2.24625 1.623408246027748e-02
2.25826 1.631495807675881e-02
2.27027 1.639565554813550e-02
2.28228 1.647612813616064e-02
2.29429 1.655632830388208e-02
2.30631 1.663620819716481e-02
2.31832 1.671572013015736e-02
2.33033 1.679481706867652e-02
2.34234 1.687345310555985e-02
2.35435 1.695158392218838e-02
2.36637 1.702916723061163e-02
2.37838 1.710616319100841e-02
2.39039 1.718253479958568e-02
2.40240 1.725824824244814e-02
2.41441 1.733327321145618e-02
2.42643 1.740758317862281e-02
2.43844 1.748115562617311e-02
2.45045 1.755397222999322e-02
2.46246 1.762601899482397e-02
2.47447 1.769728634019410e-02
2.48649 1.776776913673496e-02
2.49850 1.783746669316049e-02
2.51051 1.790638269482544e-02
2.52252 1.797452509538427e-02
2.53453 1.804190596365174e-02
2.54655 1.810854128831009e-02
2.55856 1.817445074360700e-02
2.57057 1.823965741963865e-02
2.58258 1.830418752120789e-02
2.59459 1.836807003958301e-02
2.60661 1.843133640175565e-02
2.61862 1.849402010200380e-02
2.63063 1.855615632070495e-02
2.64264 1.861778153541702e-02
2.65465 1.867893312924714e-02
2.66667 1.873964900146593e-02
2.67868 1.879996718519664e-02
2.69069 1.885992547681815e-02
2.70270 1.891956108147322e-02
2.71471 1.897891027877081e-02
2.72673 1.903800811242105e-02
2.73874 1.909688810714762e-02
2.75075 1.915558201579124e-02
2.76276 1.921411959905805e-02
2.77477 1.927252843988077e-02
2.78679 1.933083379386075e-02
2.79880 1.938905847674763e-02
2.81081 1.944722278940083e-02
2.82282 1.950534448016858e-02
2.83483 1.956343874412321e-02
2.84685 1.962151825811209e-02
2.85886 1.967959325012830e-02
2.87087 1.973767160107891e-02
2.88288 1.979575897663781e-02
2.89489 1.985385898651721e-02
2.90691 1.991197336818322e-02
2.91892 1.997010219177759e-02
2.93093 2.002824408279380e-02
2.94294 2.008639645889208e-02
2.95495 2.014455577712617e-02
2.96697 2.020271778779550e-02
2.97898 2.026087779112832e-02
2.99099 2.031903089304526e-02
3.00300 2.037717225634501e-02
3.01502 2.043529734379361e-02
3.02703 2.049340214978281e-02
3.03904 2.055148341744777e-02
3.05105 2.060953883839601e-02
3.06306 2.066756723249458e-02
3.07508 2.072556870548523e-02
3.08709 2.078354478254428e-02
3.09910 2.084149851626861e-02
3.11111 2.089943456794797e-02
3.12312 2.095735926137059e-02
3.13514 2.101528060879816e-02
3.14715 2.107320830913469e-02
3.15916 2.113115371869315e-02
3.17117 2.118912979533325e-02
3.18318 2.124715101709533e-02
3.19520 2.130523327678708e-02
3.20721 2.136339375428686e-02
3.21922 2.142165076860673e-02
3.23123 2.148002361200602e-02
3.24324 2.153853236866167e-02
3.25526 2.159719772057983e-02
3.26727 2.165604074357549e-02
3.27928 2.171508269624991e-02
3.29129 2.177434480496019e-02
3.30330 2.183384804780049e-02
3.31532 2.189361294060071e-02
3.32733 2.195365932789735e-02
3.33934 2.201400618174279e-02
3.35135 2.207467141109659e-02
3.36336 2.213567168438622e-02
3.37538 2.219702226763869e-02
3.38739 2.225873688037061e-02
3.39940 2.232082757118589e-02
3.41141 2.238330461477041e-02
3.42342 2.244617643169617e-02
3.43544 2.250944953215488e-02
3.44745 2.257312848444015e-02
3.45946 2.263721590868745e-02
3.47147 2.270171249607034e-02
3.48348 2.276661705334056e-02
3.49550 2.283192657229288e-02
3.50751 2.289763632343823e-02
3.51952 2.296373997288126e-02
3.53153 2.303022972112683e-02
3.54354 2.309709646228560e-02
3.55556 2.316432996191423e-02
3.56757 2.323191905151516e-02
3.57958 2.329985183753374e-02
3.59159 2.336811592253119e-02
3.60360 2.343669863608013e-02
3.61562 2.350558727282706e-02
3.62763 2.357476933509431e-02
3.63964 2.364423277735182e-02
3.65165 2.371396624987875e-02
3.66366 2.378395933895406e-02
3.67568 2.385420280096429e-02
3.68769 2.392468878789570e-02
3.69970 2.399541106178310e-02
3.71171 2.406636519582097e-02
3.72372 2.413754875999896e-02
3.73574 2.420896148930371e-02
3.74775 2.428060543272939e-02
3.75976 2.435248508155757e-02
3.77177 2.442460747560147e-02
3.78378 2.449698228635695e-02
3.79580 2.456962187626018e-02
3.80781 2.464254133351791e-02
3.81982 2.471575848224603e-02
3.83183 2.478929386792512e-02
3.84384 2.486317071845313e-02
3.85586 2.493741488134395e-02
3.86787 2.501205473788285e-02
3.87988 2.508712109530349e-02
3.89189 2.516264705829399e-02
3.90390 2.523866788136853e-02
3.91592 2.531522080385504e-02
3.92793 2.539234486944564e-02
3.93994 2.547008073243327e-02
3.95195 2.554847045291414e-02
3.96396 2.562755728336939e-02
3.97598 2.570738544914909e-02
3.98799 2.578799992546810e-02
4.00000 2.586944621358292e-02
