-8.00000 1.642220144919590e-02
-7.98799 1.650881187352502e-02
-7.97598 1.659582242329398e-02
-7.96396 1.668329262763785e-02
-7.95195 1.677129055508185e-02
-7.93994 1.685989237200695e-02
-7.92793 1.694918131131624e-02
-7.91592 1.703924607844100e-02
-7.90390 1.713017874656213e-02
-7.89189 1.722207221353191e-02
-7.87988 1.731501730865199e-02
-7.86787 1.740909964806728e-02
-7.85586 1.750439634378011e-02
-7.84384 1.760097267478982e-02
-7.83183 1.769887883210485e-02
-7.81982 1.779814685549425e-02
-7.80781 1.789878789221128e-02
-7.79580 1.800078992946587e-02
-7.78378 1.810411618476973e-02
-7.77177 1.820870438074428e-02
-7.75976 1.831446717962048e-02
-7.74775 1.842129409962325e-02
-7.73574 1.852905526896314e-02
-7.72372 1.863760737857300e-02
-7.71171 1.874680215662943e-02
-7.69970 1.885649759362166e-02
-7.68769 1.896657199058357e-02
-7.67568 1.907694069040496e-02
-7.66366 1.918757510138849e-02
-7.65165 1.929852336345292e-02
-7.63964 1.940993177503772e-02
-7.62763 1.952206591908490e-02
-7.61562 1.963533030265676e-02
-7.60360 1.975028522772599e-02
-7.59159 1.986765948788747e-02
-7.57958 1.998835730155844e-02
-7.56757 2.011345770717241e-02
-7.55556 2.024420472849582e-02
-7.54354 2.038198759633983e-02
-7.53153 2.052831356113934e-02
-7.51952 2.068478500701350e-02
-7.50751 2.085311840434392e-02
-7.49550 2.103531107267599e-02
-7.48348 2.123420640150363e-02
-7.47147 2.145486475963891e-02
-7.45946 2.170681795235135e-02
-7.44745 2.200534904787802e-02
-7.43544 2.236659819737607e-02
-7.42342 2.279255244505076e-02
-7.41141 2.325565352357783e-02
-7.39940 2.370823489560547e-02
-7.38739 2.413977593073614e-02
-7.37538 2.477667654196554e-02
-7.36336 2.549581113418781e-02
-7.35135 2.529143016216522e-02
-7.33934 2.525678033037892e-02
-7.32733 2.544697364236659e-02
-7.31532 2.560622181760277e-02
-7.30330 2.570069270364514e-02
-7.29129 2.572986521451758e-02
-7.27928 2.570733178312323e-02
-7.26727 2.565326448326375e-02
-7.25526 2.558831881046794e-02
-7.24324 2.552906614738952e-02
-7.23123 2.548557359790031e-02
-7.21922 2.546112426533291e-02
-7.20721 2.545354185926286e-02
-7.19520 2.545733230386113e-02
-7.18318 2.546589193470552e-02
-7.17117 2.547326716158451e-02
-7.15916 2.547524529689671e-02
-7.14715 2.546979821072867e-02
-7.13514 2.545704100281695e-02
-7.12312 2.543891208247887e-02
-7.11111 2.541874480753057e-02
-7.09910 2.540077365925339e-02
-7.08709 2.538942907216820e-02
-7.07508 2.538827056441498e-02
-7.06306 2.539891261055238e-02
-7.05105 2.542093126667251e-02
-7.03904 2.545327518539703e-02
-7.02703 2.549601762156968e-02
-7.01502 2.555057392360269e-02
-7.00300 2.561820436872515e-02
-6.99099 2.569855308031608e-02
-6.97898 2.578961096681139e-02
-6.96697 2.588880982176762e-02
-6.95495 2.599426482101155e-02
-6.94294 2.610568350926579e-02
-6.93093 2.622497624954695e-02
-6.91892 2.635662160819852e-02
-6.90691 2.650760332027415e-02
-6.89489 2.668654994412528e-02
-6.88288 2.690180687485554e-02
-6.87087 2.715872064836176e-02
-6.85886 2.745722437435038e-02
-6.84685 2.779114219051738e-02
-6.83483 2.814973626749771e-02
-6.82282 2.852020853667879e-02
-6.81081 2.888880428812174e-02
-6.79880 2.923943557702331e-02
-6.78679 2.955174917331342e-02
-6.77477 2.980235452014906e-02
-6.76276 2.997101913684370e-02
-6.75075 3.004911370929625e-02
-6.73874 3.004461152067147e-02
-6.72673 2.997964255947225e-02
-6.71471 2.988172000979204e-02
-6.70270 2.977389648246810e-02
-6.69069 2.966907503193707e-02
-6.67868 2.957020714530352e-02
-6.66667 2.947440879559748e-02
-6.65465 2.937763776035063e-02
-6.64264 2.927758539843757e-02
-6.63063 2.917431303067900e-02
-6.61862 2.906947346476394e-02
-6.60661 2.896524507158040e-02
-6.59459 2.886368689107799e-02
-6.58258 2.876662561389899e-02
-6.57057 2.867578168326898e-02
-6.55856 2.859275480965650e-02
-6.54655 2.851864035869684e-02
-6.53453 2.845327782363965e-02
-6.52252 2.839432771025987e-02
-6.51051 2.833650983599747e-02
-6.49850 2.827141699815403e-02
-6.48649 2.818829771200613e-02
-6.47447 2.807599684041549e-02
-6.46246 2.792581518420239e-02
-6.45045 2.773448092667954e-02
-6.43844 2.750594584777727e-02
-6.42643 2.725067609719798e-02
-6.41441 2.698184407540857e-02
-6.40240 2.670938068712363e-02
-6.39039 2.643458290548372e-02
-6.37838 2.614861574632999e-02
-6.36637 2.583671201521292e-02
-6.35435 2.548649718514044e-02
-6.34234 2.509579227967951e-02
-6.33033 2.467501006168970e-02
-6.31832 2.424250433203274e-02
-6.30631 2.381579828329023e-02
-6.29429 2.340415966455498e-02
-6.28228 2.300673120280443e-02
-6.27027 2.261650868475391e-02
-6.25826 2.222684174958240e-02
-6.24625 2.183619949734607e-02
-6.23423 2.144886781808066e-02
-6.22222 2.107220300542512e-02
-6.21021 2.071289123827433e-02
-6.19820 2.037448186588285e-02
-6.18619 2.005700794437297e-02
-6.17417 1.975812599700026e-02
-6.16216 1.947469410243283e-02
-6.15015 1.920397577555268e-02
-6.13814 1.894418793380604e-02
-6.12613 1.869450036673073e-02
-6.11411 1.845473680516318e-02
-6.10210 1.822500396072384e-02
-6.09009 1.800539080279938e-02
-6.07808 1.779579786685045e-02
-6.06607 1.759589663249792e-02
-6.05405 1.740518408307731e-02
-6.04204 1.722308410540343e-02
-6.03003 1.704905049919907e-02
-6.01802 1.688263998953479e-02
-6.00601 1.672354122553458e-02
-5.99399 1.657156163924714e-02
-5.98198 1.642658469465422e-02
-5.96997 1.628851445954137e-02
-5.95796 1.615722355518127e-02
-5.94595 1.603251635843435e-02
-5.93393 1.591411390404198e-02
-5.92192 1.580166182276678e-02
-5.90991 1.569475872590914e-02
-5.89790 1.559299995033308e-02
-5.88589 1.549603029133390e-02
-5.87387 1.540359879219044e-02
-5.86186 1.531560829136012e-02
-5.84985 1.523215187069647e-02
-5.83784 1.515352758490467e-02
-5.82583 1.508022238228553e-02
-5.81381 1.501285698049169e-02
-5.80180 1.495208702093609e-02
-5.78979 1.489846342558035e-02
-5.77778 1.485226720392925e-02
-5.76577 1.481335021128491e-02
-5.75375 1.478103007054234e-02
-5.74174 1.475409690734066e-02
-5.72973 1.473097875835784e-02
-5.71772 1.471006616848020e-02
-5.70571 1.469010827705291e-02
-5.69369 1.467048879651059e-02
-5.68168 1.465119519145785e-02
-5.66967 1.463297734440832e-02
-5.65766 1.462112531303382e-02
-5.64565 1.463788935096758e-02
-5.63363 1.472187001464841e-02
-5.62162 1.485414111741085e-02
-5.60961 1.488503552180597e-02
-5.59760 1.468578696486648e-02
-5.58559 1.434101934548875e-02
-5.57357 1.401389890309170e-02
-5.56156 1.375267457133218e-02
-5.54955 1.352683474146847e-02
-5.53754 1.331285017878652e-02
-5.52553 1.310635589313672e-02
-5.51351 1.290890950836910e-02
-5.50150 1.272203853090917e-02
-5.48949 1.254668481338654e-02
-5.47748 1.238358888479430e-02
-5.46547 1.223342755135697e-02
-5.45345 1.209671570092762e-02
-5.44144 1.197367163633760e-02
-5.42943 1.186417965273476e-02
-5.41742 1.176787863119266e-02
-5.40541 1.168433476395831e-02
-5.39339 1.161323490238873e-02
-5.38138 1.155454907875035e-02
-5.36937 1.150863500812708e-02
-5.35736 1.147627900861461e-02
-5.34535 1.145868093352367e-02
-5.33333 1.145739576988097e-02
-5.32132 1.147424473778364e-02
-5.30931 1.151120774859171e-02
-5.29730 1.157030994541488e-02
-5.28529 1.165351920692143e-02
-5.27327 1.176267773236895e-02
-5.26126 1.189949375513722e-02
-5.24925 1.206560877663331e-02
-5.23724 1.226271916736078e-02
-5.22523 1.249266366314876e-02
-5.21321 1.275730800093834e-02
-5.20120 1.305801684639774e-02
-5.18919 1.339457781807180e-02
-5.17718 1.376368777169468e-02
-5.16517 1.415749014755709e-02
-5.15315 1.456298870007693e-02
-5.14114 1.496318995902579e-02
-5.12913 1.534034437858784e-02
-5.11712 1.568072712022275e-02
-5.10511 1.597942447156256e-02
-5.09309 1.624314406879929e-02
-5.08108 1.648953043259657e-02
-5.06907 1.674271253731965e-02
-5.05706 1.702619196866581e-02
-5.04505 1.735496618012425e-02
-5.03303 1.772876074979359e-02
-5.02102 1.812794553007675e-02
-5.00901 1.851377893899646e-02
-4.99700 1.883476566499221e-02
-4.98498 1.903971813950065e-02
-4.97297 1.909468373980497e-02
-4.96096 1.899690148790992e-02
-4.94895 1.877816756676525e-02
-4.93694 1.849466583972787e-02
-4.92492 1.820795926240400e-02
-4.91291 1.796671074158582e-02
-4.90090 1.779714649271691e-02
-4.88889 1.770406619830709e-02
-4.87688 1.767843639156680e-02
-4.86486 1.770586166633090e-02
-4.85285 1.777220415528928e-02
-4.84084 1.786566527858422e-02
-4.82883 1.797656928237467e-02
-4.81682 1.809642656864297e-02
-4.80480 1.821728497023954e-02
-4.79279 1.833168304937561e-02
-4.78078 1.843307822504907e-02
-4.76877 1.851645615360652e-02
-4.75676 1.863609837443370e-02
-4.74474 1.897006718011505e-02
-4.73273 1.870311629780219e-02
-4.72072 1.864097525769183e-02
-4.70871 1.862728492715266e-02
-4.69670 1.860069277931064e-02
-4.68468 1.856280000245108e-02
-4.67267 1.851438240263628e-02
-4.66066 1.845591526582726e-02
-4.64865 1.838833196536902e-02
-4.63664 1.831365682218471e-02
-4.62462 1.823522258447093e-02
-4.61261 1.815739460915701e-02
-4.60060 1.808495318969214e-02
-4.58859 1.802240739989455e-02
-4.57658 1.797356034650945e-02
-4.56456 1.794361191165664e-02
-4.55255 1.796518300437487e-02
-4.54054 1.819733748492027e-02
-4.52853 1.881296918366408e-02
-4.51652 1.930675841765076e-02
-4.50450 1.857851837246302e-02
-4.49249 1.817590363759907e-02
-4.48048 1.821224285170901e-02
-4.46847 1.830495656536911e-02
-4.45646 1.840915278509966e-02
-4.44444 1.851964115177769e-02
-4.43243 1.863480550403003e-02
-4.42042 1.875397670738632e-02
-4.40841 1.887748604580866e-02
-4.39640 1.900666171449166e-02
-4.38438 1.914361033780413e-02
-4.37237 1.929075838231218e-02
-4.36036 1.945018257774401e-02
-4.34835 1.962283247028140e-02
-4.33634 1.980782582980233e-02
-4.32432 2.000204438974094e-02
-4.31231 2.020023428415822e-02
-4.30030 2.039570202571816e-02
-4.28829 2.058151256682599e-02
-4.27628 2.075190414049261e-02
-4.26426 2.090353750798283e-02
-4.25225 2.103824730809262e-02
-4.24024 2.122406624283741e-02
-4.22823 2.167595914467754e-02
-4.21622 2.180811024662311e-02
-4.20420 2.160115983430715e-02
-4.19219 2.156731922015624e-02
-4.18018 2.165906603704496e-02
-4.16817 2.176979456218137e-02
-4.15616 2.188673696832838e-02
-4.14414 2.200994167140122e-02
-4.13213 2.214045024896909e-02
-4.12012 2.228007338755440e-02
-4.10811 2.243117222670558e-02
-4.09610 2.259628946096532e-02
-4.08408 2.277778619838115e-02
-4.07207 2.297756752679304e-02
-4.06006 2.319689778613459e-02
-4.04805 2.343625471534245e-02
-4.03604 2.369515558392206e-02
-4.02402 2.397190301193150e-02
-4.01201 2.426324585495045e-02
-4.00000 2.456403522558282e-02
-3.98799 2.486705885957719e-02
-3.97598 2.516330293986870e-02
-3.96396 2.544284592154790e-02
-3.95195 2.569639509085943e-02
-3.93994 2.591718005533768e-02
-3.92793 2.610265357229211e-02
-3.91592 2.625537947942939e-02
-3.90390 2.638269420431919e-02
-3.89189 2.649515056498384e-02
-3.87988 2.660419963920545e-02
-3.86787 2.671982174091014e-02
-3.85586 2.684877128692681e-02
-3.84384 2.699384179078772e-02
-3.83183 2.715418436915079e-02
-3.81982 2.732622583743818e-02
-3.80781 2.750474650701615e-02
-3.79580 2.768392874718870e-02
-3.78378 2.785816188958525e-02
-3.77177 2.802254947217642e-02
-3.75976 2.817321762949951e-02
-3.74775 2.830755372462148e-02
-3.73574 2.842447192100381e-02
-3.72372 2.852472175572992e-02
-3.71171 2.861114592507690e-02
-3.69970 2.868868349977834e-02
-3.68769 2.876385413252426e-02
-3.67568 2.884352930295400e-02
-3.66366 2.893306690175363e-02
-3.65165 2.903431514666810e-02
-3.63964 2.914436072439002e-02
-3.62763 2.925585554184432e-02
-3.61562 2.935905591922896e-02
-3.60360 2.944451749414986e-02
-3.59159 2.950447040411728e-02
-3.57958 2.953129605172379e-02
-3.56757 2.951365938380031e-02
-3.55556 2.943357121655681e-02
-3.54354 2.926848691793306e-02
-3.53153 2.899976789922481e-02
-3.51952 2.862382935512578e-02
-3.50751 2.815917782092245e-02
-3.49550 2.764437772770583e-02
-3.48348 2.712751260261985e-02
-3.47147 2.665244268968474e-02
-3.45946 2.624769066657207e-02
-3.44745 2.592076042022634e-02
-3.43544 2.565959301496368e-02
-3.42342 2.545228217148114e-02
-3.41141 2.530596325986672e-02
-3.39940 2.515444625135925e-02
-3.38739 2.505741196839346e-02
-3.37538 2.515561727636932e-02
-3.36336 2.479602933956287e-02
-3.35135 2.418537310042782e-02
-3.33934 2.388955630060640e-02
-3.32733 2.360884836318211e-02
-3.31532 2.338286062724462e-02
-3.30330 2.322372479844276e-02
-3.29129 2.311527055982256e-02
-3.27928 2.303318605543139e-02
-3.26727 2.295970610102888e-02
-3.25526 2.288572351271003e-02
-3.24324 2.280739733107780e-02
-3.23123 2.272323792500885e-02
-3.21922 2.263270404219356e-02
-3.20721 2.253561773695761e-02
-3.19520 2.243189887740816e-02
-3.18318 2.232143936675908e-02
-3.17117 2.220405402262769e-02
-3.15916 2.207947830594288e-02
-3.14715 2.194739750559607e-02
-3.13514 2.180749806371157e-02
-3.12312 2.165953125115095e-02
-3.11111 2.150337664250937e-02
-3.09910 2.133909224057295e-02
-3.08709 2.116694153274271e-02
-3.07508 2.098739419721740e-02
-3.06306 2.080110405412373e-02
-3.05105 2.060887990018677e-02
-3.03904 2.041294391627808e-02
-3.02703 2.026152153338119e-02
-3.01502 2.041566879047379e-02
-3.00300 2.048269427487726e-02
-2.99099 1.982974518187640e-02
-2.97898 1.940243372374833e-02
-2.96697 1.917958818117343e-02
-2.95495 1.897567794864348e-02
-2.94294 1.877529504080728e-02
-2.93093 1.857913790413438e-02
-2.91892 1.838807846705317e-02
-2.90691 1.820288210789934e-02
-2.89489 1.802418619764528e-02
-2.88288 1.785248552695395e-02
-2.87087 1.768812516912479e-02
-2.85886 1.753130110382962e-02
-2.84685 1.738206800256402e-02
-2.83483 1.724035289482882e-02
-2.82282 1.710597304505100e-02
-2.81081 1.697865626150277e-02
-2.79880 1.685806197573373e-02
-2.78679 1.674380170039758e-02
-2.77477 1.663545781955373e-02
-2.76276 1.653260002478778e-02
-2.75075 1.643479903847156e-02
-2.73874 1.634163754151923e-02
-2.72673 1.625271845133113e-02
-2.71471 1.616767089950781e-02
-2.70270 1.608615445585614e-02
-2.69069 1.600786228917911e-02
-2.67868 1.593252386005384e-02
-2.66667 1.585990710336324e-02
-2.65465 1.578982044468077e-02
-2.64264 1.572215215287261e-02
-2.63063 1.565713304561096e-02
-2.61862 1.559506982079824e-02
-2.60661 1.553410526085232e-02
-2.59459 1.547293146470169e-02
-2.58258 1.541343957163572e-02
-2.57057 1.535578164620344e-02
-2.55856 1.529912976230070e-02
-2.54655 1.524321966067176e-02
-2.53453 1.518809770028755e-02
-2.52252 1.513396239768150e-02
-2.51051 1.508110345957620e-02
-2.49850 1.502984875667408e-02
-2.48649 1.498053117215210e-02
-2.47447 1.493347801426988e-02
-2.46246 1.488900995237011e-02
-2.45045 1.484743594249768e-02
-2.43844 1.480904380879352e-02
-2.42643 1.477409829016094e-02
-2.41441 1.474285011388639e-02
-2.40240 1.471552247359263e-02
-2.39039 1.469219698325490e-02
-2.37838 1.467252736286054e-02
-2.36637 1.465532081986628e-02
-2.35435 1.463821715138417e-02
-2.34234 1.461781117231473e-02
-2.33033 1.459042105713543e-02
-2.31832 1.455329594694630e-02
-2.30631 1.450565679413418e-02
-2.29429 1.444894415370226e-02
-2.28228 1.438610071913023e-02
-2.27027 1.432031701656219e-02
-2.25826 1.425394618883959e-02
-2.24625 1.418807177963902e-02
-2.23423 1.412273514793898e-02
-2.22222 1.405748285331332e-02
-2.21021 1.399186198198145e-02
-2.19820 1.392567561953299e-02
-2.18619 1.385900996342319e-02
-2.17417 1.379213946479803e-02
-2.16216 1.372541073070903e-02
-2.15015 1.365915968948523e-02
-2.13814 1.359367691206894e-02
-2.12613 1.352921700945138e-02
-2.11411 1.346604342066394e-02
-2.10210 1.340449936732616e-02
-2.09009 1.334509210994731e-02
-2.07808 1.328856785802331e-02
-2.06607 1.323594076261917e-02
-2.05405 1.318843207051513e-02
-2.04204 1.314729769397866e-02
-2.03003 1.311359253957034e-02
-2.01802 1.308797369519120e-02
-2.00601 1.307047228918079e-02
-1.99399 1.305976594915734e-02
-1.98198 1.305176784698961e-02
-1.96997 1.304344557324699e-02
-1.95796 1.310746069327036e-02
-1.94595 1.310529895368379e-02
-1.93393 1.291498637514470e-02
-1.92192 1.281752572241214e-02
-1.90991 1.271713096485145e-02
-1.89790 1.260332928583081e-02
-1.88589 1.248094346127184e-02
-1.87387 1.235628829694757e-02
-1.86186 1.223499765272678e-02
-1.84985 1.212038704944723e-02
-1.83784 1.201324681608036e-02
-1.82583 1.191269921662911e-02
-1.81381 1.181726368116365e-02
-1.80180 1.172556795420942e-02
-1.78979 1.163661707687570e-02
-1.77778 1.154978817569673e-02
-1.76577 1.146473087108425e-02
-1.75375 1.138126825563007e-02
-1.74174 1.129932408119685e-02
-1.72973 1.121887348250024e-02
-1.71772 1.113991026351306e-02
-1.70571 1.106242588652743e-02
-1.69369 1.098639651746978e-02
-1.68168 1.091177400645770e-02
-1.66967 1.083847804237043e-02
-1.65766 1.076639496110627e-02
-1.64565 1.069546130622458e-02
-1.63363 1.062540037975251e-02
-1.62162 1.055592201734742e-02
-1.60961 1.048718429357305e-02
-1.59760 1.041896362410081e-02
-1.58559 1.035115754312798e-02
-1.57357 1.028367993499894e-02
-1.56156 1.021645353605980e-02
-1.54955 1.014941563897714e-02
-1.53754 1.008252320068470e-02
-1.52553 1.001575313126538e-02
-1.51351 9.949098121563683e-03
-1.50150 9.882560878751870e-03
-1.48949 9.816149653249680e-03
-1.47748 9.749876678278991e-03
-1.46547 9.683759565989710e-03
-1.45345 9.617824397813056e-03
-1.44144 9.552108678723678e-03
-1.42943 9.486662685320653e-03
-1.41742 9.421548735252340e-03
-1.40541 9.356838913550616e-03
-1.39339 9.292612261951492e-03
-1.38138 9.228952242211800e-03
-1.36937 9.165944724185991e-03
-1.35736 9.103676264870637e-03
-1.34535 9.042232297737041e-03
-1.33333 8.981695013659806e-03
-1.32132 8.922140983158112e-03
-1.30931 8.863638757492727e-03
-1.29730 8.806246726628508e-03
-1.28529 8.750011443596635e-03
-1.27327 8.694966519676998e-03
-1.26126 8.641132104149974e-03
-1.24925 8.588514902679754e-03
-1.23724 8.537108655089361e-03
-1.22523 8.486894977171765e-03
-1.21321 8.437844466511050e-03
-1.20120 8.389918235570103e-03
-1.18919 8.343127912428477e-03
-1.17718 8.298257228804142e-03
-1.16517 8.253643102954971e-03
-1.15315 8.208520857220439e-03
-1.14114 8.165265301934550e-03
-1.12913 8.122884169514941e-03
-1.11712 8.081192464392758e-03
-1.10511 8.040118468319006e-03
-1.09309 7.999592064375963e-03
-1.08108 7.959544774900866e-03
-1.06907 7.919910532187208e-03
-1.05706 7.880626413111685e-03
-1.04505 7.841633353202634e-03
-1.03303 7.802876856472053e-03
-1.02102 7.764307716105492e-03
-1.00901 7.725882757974186e-03
-0.99700 7.687565613876395e-03
-0.98498 7.649327524634922e-03
-0.97297 7.611148165094606e-03
-0.96096 7.573016474285100e-03
-0.94895 7.534931465301210e-03
-0.93694 7.496902981661047e-03
-0.92492 7.458952360960656e-03
-0.91291 7.421112966986792e-03
-0.90090 7.383430666679193e-03
-0.88889 7.345966027992279e-03
-0.87688 7.308809872006215e-03
-0.86486 7.272123659163539e-03
-0.85285 7.236083154059173e-03
-0.84084 7.200593636607446e-03
-0.82883 7.165404594804533e-03
-0.81682 7.130751838629973e-03
-0.80480 7.097134333148951e-03
-0.79279 7.064741214137642e-03
-0.78078 7.033599636650123e-03
-0.76877 7.003789052552543e-03
-0.75676 6.975428194454966e-03
-0.74474 6.948639026653832e-03
-0.73273 6.923536356415905e-03
-0.72072 6.900224571688302e-03
-0.70871 6.878795126479315e-03
-0.69670 6.859324118580062e-03
-0.68468 6.841869970913208e-03
-0.67267 6.826471273186386e-03
-0.66066 6.813144856028678e-03
-0.64865 6.801884185963194e-03
-0.63664 6.792658185937796e-03
-0.62462 6.785410603248337e-03
-0.61261 6.780060077553746e-03
-0.60060 6.776501164096079e-03
-0.58859 6.774606851693539e-03
-0.57658 6.774233418535626e-03
-0.56456 6.775227424713350e-03
-0.55255 6.777430270259704e-03
-0.54054 6.780671979660872e-03
-0.52853 6.784756396611286e-03
-0.51652 6.789464112112371e-03
-0.50450 6.794596427855897e-03
-0.49249 6.800031728324078e-03
-0.48048 6.805736235125697e-03
-0.46847 6.811725282184417e-03
-0.45646 6.818030551735455e-03
-0.44444 6.824705601352889e-03
-0.43243 6.831848274309022e-03
-0.42042 6.839611480358419e-03
-0.40841 6.848197990640633e-03
-0.39640 6.857847407461017e-03
-0.38438 6.868820674214073e-03
-0.37237 6.881383254018007e-03
-0.36036 6.895787208427747e-03
-0.34835 6.912252989593553e-03
-0.33634 6.930952309107980e-03
-0.32432 6.951993853665767e-03
-0.31231 6.975414627044203e-03
-0.30030 7.001183131126280e-03
-0.28829 7.029227698320913e-03
-0.27628 7.059505305878182e-03
-0.26426 7.092091507424856e-03
-0.25225 7.127165850060443e-03
-0.24024 7.164664527708936e-03
-0.22823 7.203609832721153e-03
-0.21622 7.241878869447571e-03
-0.20420 7.277293134898135e-03
-0.19219 7.309208769021461e-03
-0.18018 7.338635300286428e-03
-0.16817 7.366820578166566e-03
-0.15616 7.394136320141181e-03
-0.14414 7.420153503968239e-03
-0.13213 7.444274944730141e-03
-0.12012 7.466183980455779e-03
-0.10811 7.485938680401733e-03
-0.09610 7.503862774866080e-03
-0.08408 7.520385578761211e-03
-0.07207 7.535908867254090e-03
-0.06006 7.550691986143149e-03
-0.04805 7.564769071762043e-03
-0.03604 7.578143903464055e-03
-0.02402 7.590857945127447e-03
-0.01201 7.602906056270648e-03
0.00000 7.614682425911056e-03
0.01201 7.627003541976659e-03
0.02402 7.640263865281353e-03
0.03604 7.654734303183263e-03
0.04805 7.670796512833026e-03
0.06006 7.688622682026853e-03
0.07207 7.708323136114071e-03
0.08408 7.729911586263342e-03
0.09610 7.753345408025338e-03
0.10811 7.778576135942417e-03
0.12012 7.805586521720204e-03
0.13213 7.834412498967136e-03
0.14414 7.865118876934817e-03
0.15616 7.897739256445163e-03
0.16817 7.932269528970139e-03
0.18018 7.968772770804199e-03
0.19219 8.007435854555796e-03
0.20420 8.048375429637584e-03
0.21622 8.091472600274196e-03
0.22823 8.136690240720336e-03
0.24024 8.184411730690129e-03
0.25225 8.235017894839294e-03
0.26426 8.288278003772701e-03
0.27628 8.343594713689220e-03
0.28829 8.400687363388684e-03
0.30030 8.459686545542520e-03
0.31231 8.520691116020686e-03
0.32432 8.583504284533862e-03
0.33634 8.647757807611360e-03
0.34835 8.713115686589000e-03
0.36036 8.779336403299457e-03
0.37237 8.846230586786654e-03
0.38438 8.913617608137728e-03
0.39640 8.981326034934825e-03
0.40841 9.049229619402898e-03
0.42042 9.117290209109900e-03
0.43243 9.185579670461200e-03
0.44444 9.254266439556395e-03
0.45646 9.323602587451886e-03
0.46847 9.393707454160663e-03
0.48048 9.464832899673448e-03
0.49249 9.537023904275245e-03
0.50450 9.610267141291687e-03
0.51652 9.684478077984655e-03
0.52853 9.759524349659087e-03
0.54054 9.835250490860327e-03
0.55255 9.911498247912643e-03
0.56456 9.988120710197876e-03
0.57658 1.006499057721288e-02
0.58859 1.014200378620283e-02
0.60060 1.021907988946260e-02
0.61261 1.029616039873115e-02
0.62462 1.037320604276259e-02
0.63664 1.045019361281988e-02
0.64865 1.052711283415844e-02
0.66066 1.060396351195205e-02
0.67267 1.068075306128204e-02
0.68468 1.075749443983798e-02
0.69670 1.083420445066207e-02
0.70871 1.091090235984351e-02
0.72072 1.098760877001107e-02
0.73273 1.106434469628116e-02
0.74474 1.114113080110395e-02
0.75676 1.121798675471281e-02
0.76877 1.129493069690258e-02
0.78078 1.137197878305825e-02
0.79279 1.144914480274903e-02
0.80480 1.152643986306930e-02
0.81682 1.160387213157921e-02
0.82883 1.168144663546869e-02
0.84084 1.175916511467740e-02
0.85285 1.183702592732645e-02
0.86486 1.191502400608888e-02
0.87688 1.199315086414581e-02
0.88889 1.207139464921604e-02
0.90090 1.214974024387093e-02
0.91291 1.222816940999421e-02
0.92492 1.230666097485468e-02
0.93694 1.238519105585489e-02
0.94895 1.246373332061915e-02
0.96096 1.254225927870764e-02
0.97297 1.262073860089948e-02
0.98498 1.269913946168619e-02
0.99700 1.277742890036555e-02
1.00901 1.285557319592729e-02
1.02102 1.293353825078292e-02
1.03303 1.301128997831204e-02
1.04505 1.308879468917962e-02
1.05706 1.316601947142338e-02
1.06907 1.324293255941610e-02
1.08108 1.331950368697405e-02
1.09309 1.339570442010773e-02
1.10511 1.347150846519038e-02
1.11712 1.354689194865218e-02
1.12913 1.362183366468678e-02
1.14114 1.369631528787903e-02
1.15315 1.377032154812224e-02
1.16517 1.384384036568367e-02
1.17718 1.391686294479366e-02
1.18919 1.398938382466810e-02
1.20120 1.406140088742122e-02
1.21321 1.413291532287752e-02
1.22523 1.420393155084148e-02
1.23724 1.427445710192534e-02
1.24925 1.434450245856039e-02
1.26126 1.441408085832099e-02
1.27327 1.448320806216496e-02
1.28529 1.455190209063415e-02
1.29730 1.462018293145931e-02
1.30931 1.468807222236803e-02
1.32132 1.475559291319999e-02
1.33333 1.482276891168579e-02
1.34535 1.488962471744095e-02
1.35736 1.495618504886340e-02
1.36937 1.502247446769845e-02
1.38138 1.508851700605014e-02
1.39339 1.515433580057059e-02
1.40541 1.521995273845135e-02
1.41742 1.528538811967360e-02
1.42943 1.535066033975004e-02
1.44144 1.541578559691323e-02
1.45345 1.548077762737689e-02
1.46547 1.554564747192218e-02
1.47748 1.561040327664630e-02
1.48949 1.567505013025993e-02
1.50150 1.573958993984018e-02
1.51351 1.580402134644299e-02
1.52553 1.586833968145941e-02
1.53754 1.593253696407169e-02
1.54955 1.599660193963361e-02
1.56156 1.606052015827312e-02
1.57357 1.612427409250021e-02
1.58559 1.618784329210587e-02
1.59760 1.625120457416658e-02
1.60961 1.631433224552757e-02
1.62162 1.637719835473432e-02
1.63363 1.643977297001999e-02
1.64565 1.650202447964120e-02
1.65766 1.656391991059073e-02
1.66967 1.662542526150525e-02
1.68168 1.668650584543321e-02
1.69369 1.674712663803333e-02
1.70571 1.680725262673835e-02
1.71772 1.686684915644405e-02
1.72973 1.692588226736627e-02
1.74174 1.698431902085027e-02
1.75375 1.704212780911310e-02
1.76577 1.709927864514826e-02
1.77778 1.715574342931955e-02
1.78979 1.721149618951217e-02
1.80180 1.726651329209046e-02
1.81381 1.732077362132549e-02
1.82583 1.737425872539861e-02
1.83784 1.742695292755072e-02
1.84985 1.747884340142541e-02
1.86186 1.752992021014182e-02
1.87387 1.758017630912087e-02
1.88589 1.762960751317200e-02
1.89790 1.767821242881874e-02
1.90991 1.772599235329415e-02
1.92192 1.777295114206561e-02
1.93393 1.781909504714665e-02
1.94595 1.786443252881632e-02
1.95796 1.790897404368934e-02
1.96997 1.795273181235893e-02
1.98198 1.799571957006521e-02
1.99399 1.803795230402300e-02
2.00601 1.807944598117137e-02
2.01802 1.812021727018302e-02
2.03003 1.816028326159252e-02
2.04204 1.819966118987134e-02
2.05405 1.823836816119278e-02
2.06607 1.827642089049611e-02
2.07808 1.831383545127634e-02
2.09009 1.835062704129905e-02
2.10210 1.838680976717236e-02
2.11411 1.842239645040283e-02
2.12613 1.845739845722669e-02
2.13814 1.849182555414487e-02
2.15015 1.852568579070633e-02
2.16216 1.855898541068578e-02
2.17417 1.859172879239263e-02
2.18619 1.862391841843650e-02
2.19820 1.865555487486467e-02
2.21021 1.868663687918472e-02
2.22222 1.871716133639783e-02
2.23423 1.874712342179847e-02
2.24625 1.877651668895002e-02
2.25826 1.880533320092897e-02
2.27027 1.883356368264350e-02
2.28228 1.886119769178321e-02
2.29429 1.888822380574415e-02
2.30631 1.891462982170267e-02
2.31832 1.894040296688270e-02
2.33033 1.896553011597562e-02
2.34234 1.898999801263010e-02
2.35435 1.901379349193083e-02
2.36637 1.903690370082978e-02
2.37838 1.905931631357813e-02
2.39039 1.908101973933208e-02
2.40240 1.910200331926622e-02
2.41441 1.912225751072256e-02
2.42643 1.914177405614789e-02
2.43844 1.916054613482258e-02
2.45045 1.917856849565723e-02
2.46246 1.919583756962408e-02
2.47447 1.921235156069476e-02
2.48649 1.922811051446878e-02
2.49850 1.924311636399526e-02
2.51051 1.925737295260739e-02
2.52252 1.927088603390196e-02
2.53453 1.928366324930058e-02
2.54655 1.929571408391980e-02
2.55856 1.930704980175224e-02
2.57057 1.931768336141500e-02
2.58258 1.932762931395307e-02
2.59459 1.933690368439113e-02
2.60661 1.934552383890476e-02
2.61862 1.935350833962999e-02
2.63063 1.936087678924710e-02
2.64264 1.936764966755980e-02
2.65465 1.937384816234331e-02
2.66667 1.937949399675612e-02
2.67868 1.938460925559864e-02
2.69069 1.938921621266101e-02
2.70270 1.939333716133088e-02
2.71471 1.939699425053387e-02
2.72673 1.940020932795544e-02
2.73874 1.940300379234579e-02
2.75075 1.940539845654202e-02
2.76276 1.940741342265625e-02
2.77477 1.940906797067901e-02
2.78679 1.941038046153525e-02
2.79880 1.941136825541087e-02
2.81081 1.941204764594244e-02
2.82282 1.941243381063599e-02
2.83483 1.941254077765462e-02
2.84685 1.941238140889343e-02
2.85886 1.941196739904498e-02
2.87087 1.941130929015431e-02
2.88288 1.941041650096904e-02
2.89489 1.940929737021236e-02
2.90691 1.940795921274455e-02
2.91892 1.940640838743505e-02
2.93093 1.940465037544294e-02
2.94294 1.940268986750009e-02
2.95495 1.940053085870938e-02
2.96697 1.939817674930995e-02
2.97898 1.939563044982388e-02
2.99099 1.939289448898221e-02
3.00300 1.938997112283449e-02
3.01502 1.938686244347184e-02
3.02703 1.938357048584084e-02
3.03904 1.938009733119026e-02
3.05105 1.937644520577616e-02
3.06306 1.937261657354893e-02
3.07508 1.936861422165944e-02
3.08709 1.936444133774620e-02
3.09910 1.936010157810120e-02
3.11111 1.935559912595610e-02
3.12312 1.935093873928040e-02
3.13514 1.934612578763778e-02
3.14715 1.934116627780285e-02
3.15916 1.933606686799732e-02
3.17117 1.933083487075871e-02
3.18318 1.932547824460542e-02
3.19520 1.932000557480674e-02
3.20721 1.931442604370410e-02
3.21922 1.930874939115807e-02
3.23123 1.930298586581458e-02
3.24324 1.929714616798999e-02
3.25526 1.929124138506975e-02
3.26727 1.928528292039603e-02
3.27928 1.927928241668660e-02
3.29129 1.927325167508044e-02
3.30330 1.926720257094264e-02
3.31532 1.926114696758466e-02
3.32733 1.925509662906418e-02
3.33934 1.924906313322233e-02
3.35135 1.924305778609630e-02
3.36336 1.923709153881125e-02
3.37538 1.923117490800930e-02
3.38739 1.922531790081521e-02
3.39940 1.921952994526921e-02
3.41141 1.921381982707887e-02
3.42342 1.920819563345420e-02
3.43544 1.920266470469583e-02
3.44745 1.919723359410506e-02
3.45946 1.919190803667916e-02
3.47147 1.918669292694648e-02
3.48348 1.918159230618469e-02
3.49550 1.917660935915417e-02
3.50751 1.917174642036710e-02
3.51952 1.916700498980381e-02
3.53153 1.916238575788147e-02
3.54354 1.915788863937835e-02
3.55556 1.915351281591979e-02
3.56757 1.914925678654159e-02
3.57958 1.914511842576250e-02
3.59159 1.914109504852211e-02
3.60360 1.913718348127245e-02
3.61562 1.913338013845370e-02
3.62763 1.912968110353484e-02
3.63964 1.912608221376101e-02
3.65165 1.912257914771948e-02
3.66366 1.911916751481678e-02
3.67568 1.911584294574941e-02
3.68769 1.911260118305061e-02
3.69970 1.910943817080488e-02
3.71171 1.910635014264023e-02
3.72372 1.910333370713511e-02
3.73574 1.910038592981176e-02
3.74775 1.909750441093029e-02
3.75976 1.909468735834686e-02
3.77177 1.909193365475426e-02
3.78378 1.908924291868398e-02
3.79580 1.908661555871341e-02
3.80781 1.908405282039050e-02
3.81982 1.908155682545933e-02
3.83183 1.907913060304353e-02
3.84384 1.907677811251886e-02
3.85586 1.907450425788104e-02
3.86787 1.907231489348953e-02
3.87988 1.907021682114123e-02
3.89189 1.906821777850008e-02
3.90390 1.906632641897718e-02
3.91592 1.906455228322343e-02
3.92793 1.906290576245903e-02
3.93994 1.906139805392420e-02
3.95195 1.906004110879049e-02
3.96396 1.905884757292342e-02
3.97598 1.905783072093398e-02
3.98799 1.905700438399857e-02
4.00000 1.905638287196531e-02
