-8.00000 1.642214125046057e-02
-7.98799 1.650875180158405e-02
-7.97598 1.659576243811966e-02
-7.96396 1.668323268341577e-02
-7.95195 1.677123060062204e-02
-7.93994 1.685983235161140e-02
-7.92793 1.694912116607867e-02
-7.91592 1.703918574793477e-02
-7.90390 1.713011817085486e-02
-7.89189 1.722201133545272e-02
-7.87988 1.731495607622767e-02
-7.86787 1.740903801703894e-02
-7.85586 1.750433428010867e-02
-7.84384 1.760091015705753e-02
-7.83183 1.769881585371772e-02
-7.81982 1.779808342658484e-02
-7.80781 1.789872404113159e-02
-7.79580 1.800072570374429e-02
-7.78378 1.810405165138523e-02
-7.77177 1.820863962554743e-02
-7.75976 1.831440230571006e-02
-7.74775 1.842122922447575e-02
-7.73574 1.852899052012016e-02
-7.72372 1.863754288772776e-02
-7.71171 1.874673805202660e-02
-7.69970 1.885643399079722e-02
-7.68769 1.896650898162140e-02
-7.67568 1.907687833206070e-02
-7.66366 1.918751340261032e-02
-7.65165 1.929846227298551e-02
-7.63964 1.940987116990876e-02
-7.62763 1.952200559482777e-02
-7.61562 1.963526996612695e-02
-7.60360 1.975022449334728e-02
-7.59159 1.986759787815335e-02
-7.57958 1.998829425262386e-02
-7.56757 2.011339258033957e-02
-7.55556 2.024413682812185e-02
-7.54354 2.038191619371764e-02
-7.53153 2.052823792108525e-02
-7.51952 2.068470440589069e-02
-7.50751 2.085303210605876e-02
-7.49550 2.103521817664026e-02
-7.48348 2.123410539409834e-02
-7.47147 2.145475261325767e-02
-7.45946 2.170668915033533e-02
-7.44745 2.200519635570797e-02
-7.43544 2.236641782212347e-02
-7.42342 2.279235221119429e-02
-7.41141 2.325545437659824e-02
-7.39940 2.370805587689670e-02
-7.38739 2.413959302249198e-02
-7.37538 2.477634838081132e-02
-7.36336 2.549571361931342e-02
-7.35135 2.529157722504333e-02
-7.33934 2.525671287341775e-02
-7.32733 2.544690132069729e-02
-7.31532 2.560617271773720e-02
-7.30330 2.570067019823123e-02
-7.29129 2.572986555473185e-02
-7.27928 2.570734765112419e-02
-7.26727 2.565328758755222e-02
-7.25526 2.558834193999052e-02
-7.24324 2.552908442595075e-02
-7.23123 2.548558486413649e-02
-7.21922 2.546112873145350e-02
-7.20721 2.545354133906877e-02
-7.19520 2.545732932359871e-02
-7.18318 2.546588896831709e-02
-7.17117 2.547326611665699e-02
-7.15916 2.547524727067125e-02
-7.14715 2.546980346583218e-02
-7.13514 2.545704908380345e-02
-7.12312 2.543892199661941e-02
-7.11111 2.541875521757451e-02
-7.09910 2.540078307972607e-02
-7.08709 2.538943610265259e-02
-7.07508 2.538827416368918e-02
-7.06306 2.539891228199008e-02
-7.05105 2.542092695762786e-02
-7.03904 2.545326692833219e-02
-7.02703 2.549600527283315e-02
-7.01502 2.555055728339438e-02
-7.00300 2.561818351259186e-02
-6.99099 2.569852851719942e-02
-6.97898 2.578958349003953e-02
-6.96697 2.588878020120329e-02
-6.95495 2.599423348591325e-02
-6.94294 2.610565024892835e-02
-6.93093 2.622493992792710e-02
-6.91892 2.635657997067959e-02
-6.90691 2.650755308640691e-02
-6.89489 2.668648741808767e-02
-6.88288 2.690172912833265e-02
-6.87087 2.715862690292009e-02
-6.85886 2.745711679160302e-02
-6.84685 2.779102536601809e-02
-6.83483 2.814961556603099e-02
-6.82282 2.852008847638380e-02
-6.81081 2.888868838962748e-02
-6.79880 2.923932788763686e-02
-6.78679 2.955165594047461e-02
-6.77477 2.980228395777952e-02
-6.76276 2.997097869122203e-02
-6.75075 3.004910648514543e-02
-6.73874 3.004463446298143e-02
-6.72673 2.997968772597348e-02
-6.71471 2.988177800746701e-02
-6.70270 2.977395983752850e-02
-6.69069 2.966913975678178e-02
-6.67868 2.957027227846274e-02
-6.66667 2.947447487915078e-02
-6.65465 2.937770541079150e-02
-6.64264 2.927765458734854e-02
-6.63063 2.917438305734721e-02
-6.61862 2.906954327954521e-02
-6.60661 2.896531361843617e-02
-6.59459 2.886375330545200e-02
-6.58258 2.876668927670458e-02
-6.57057 2.867584222246416e-02
-6.55856 2.859281215349666e-02
-6.54655 2.851869489924536e-02
-6.53453 2.845333066948403e-02
-6.52252 2.839438092150518e-02
-6.51051 2.833656647745602e-02
-6.49850 2.827148085408530e-02
-6.48649 2.818837259775591e-02
-6.47447 2.807608561014006e-02
-6.46246 2.792591871983320e-02
-6.45045 2.773459752407655e-02
-6.43844 2.750607140259991e-02
-6.42643 2.725080526252504e-02
-6.41441 2.698197212039832e-02
-6.40240 2.670950529637464e-02
-6.39039 2.643470495185752e-02
-6.37838 2.614873844574958e-02
-6.36637 2.583683877419370e-02
-6.35435 2.548662933456290e-02
-6.34234 2.509592805571453e-02
-6.33033 2.467514541935485e-02
-6.31832 2.424263498664944e-02
-6.30631 2.381592164742712e-02
-6.29429 2.340427557097524e-02
-6.28228 2.300684121469424e-02
-6.27027 2.261661467709945e-02
-6.25826 2.222694472844378e-02
-6.24625 2.183629925079793e-02
-6.23423 2.144896335259298e-02
-6.22222 2.107229328693726e-02
-6.21021 2.071297574236040e-02
-6.19820 2.037456072098845e-02
-6.18619 2.005708174896259e-02
-6.17417 1.975819552104783e-02
-6.16216 1.947476004485790e-02
-6.15015 1.920403864439243e-02
-6.13814 1.894424803403554e-02
-6.12613 1.869455784892764e-02
-6.11411 1.845479173178030e-02
-6.10210 1.822505636303083e-02
-6.09009 1.800544071717274e-02
-6.07808 1.779584534981317e-02
-6.06607 1.759594175979658e-02
-6.05405 1.740522694020958e-02
-6.04204 1.722312477648107e-02
-6.03003 1.704908905893213e-02
-6.01802 1.688267650049378e-02
-6.00601 1.672357574053323e-02
-5.99399 1.657159420718211e-02
-5.98198 1.642661536754573e-02
-5.96997 1.628854329866426e-02
-5.95796 1.615725063475860e-02
-5.94595 1.603254176609600e-02
-5.93393 1.591413773792669e-02
-5.92192 1.580168418566507e-02
-5.90991 1.569477971718604e-02
-5.89790 1.559301965656632e-02
-5.88589 1.549604877671217e-02
-5.87387 1.540361608979705e-02
-5.86186 1.531562439655799e-02
-5.84985 1.523216673792769e-02
-5.83784 1.515354112926448e-02
-5.82583 1.508023448711077e-02
-5.81381 1.501286751176961e-02
-5.80180 1.495209584844523e-02
-5.78979 1.489847044924768e-02
-5.77778 1.485227238198860e-02
-5.76577 1.481335358475350e-02
-5.75375 1.478103177696100e-02
-5.74174 1.475409717681275e-02
-5.72973 1.473097788823512e-02
-5.71772 1.471006448078485e-02
-5.70571 1.469010607409185e-02
-5.69369 1.467048634149585e-02
-5.68168 1.465119275100798e-02
-5.66967 1.463297529366959e-02
-5.65766 1.462112365924641e-02
-5.64565 1.463788417158671e-02
-5.63363 1.472184962335571e-02
-5.62162 1.485410316031350e-02
-5.60961 1.488501323127361e-02
-5.59760 1.468581245659870e-02
-5.58559 1.434107228235140e-02
-5.57357 1.401394388473631e-02
-5.56156 1.375270468865121e-02
-5.54955 1.352685775274609e-02
-5.53754 1.331287069511168e-02
-5.52553 1.310637468954124e-02
-5.51351 1.290892631297756e-02
-5.50150 1.272205301635216e-02
-5.48949 1.254669672753373e-02
-5.47748 1.238359804845971e-02
-5.46547 1.223343386184371e-02
-5.45345 1.209671913946367e-02
-5.44144 1.197367226685174e-02
-5.42943 1.186417760767097e-02
-5.41742 1.176787408729677e-02
-5.40541 1.168432791392975e-02
-5.39339 1.161322592781844e-02
-5.38138 1.155453812776280e-02
-5.36937 1.150862217910014e-02
-5.35736 1.147626433995817e-02
-5.34535 1.145866439883990e-02
-5.33333 1.145737727768187e-02
-5.32132 1.147422413499494e-02
-5.30931 1.151118482704098e-02
-5.29730 1.157028445019616e-02
-5.28529 1.165349084495415e-02
-5.27327 1.176264617898554e-02
-5.26126 1.189945865699377e-02
-5.24925 1.206556975184188e-02
-5.23724 1.226267580928679e-02
-5.22523 1.249261556176079e-02
-5.21321 1.275725480064423e-02
-5.20120 1.305795835469823e-02
-5.18919 1.339451415860747e-02
-5.17718 1.376361953937827e-02
-5.16517 1.415741848666379e-02
-5.15315 1.456291521365183e-02
-5.14114 1.496311639258675e-02
-5.12913 1.534027210409280e-02
-5.11712 1.568065654687207e-02
-5.10511 1.597935457732716e-02
-5.09309 1.624307224262738e-02
-5.08108 1.648945274960410e-02
-5.06907 1.674262450997123e-02
-5.05706 1.702608976841075e-02
-5.04505 1.735484826232503e-02
-5.03303 1.772862960823007e-02
-5.02102 1.812780889948370e-02
-5.00901 1.851364941251799e-02
-4.99700 1.883465794802193e-02
-4.98498 1.903964434160688e-02
-4.97297 1.909464866044033e-02
-4.96096 1.899690047903486e-02
-4.94895 1.877818837163808e-02
-4.93694 1.849469345059370e-02
-4.92492 1.820798110981610e-02
-4.91291 1.796671971882986e-02
-4.90090 1.779714104275072e-02
-4.88889 1.770404843107750e-02
-4.87688 1.767840981076849e-02
-4.86486 1.770582959132156e-02
-4.85285 1.777216908532808e-02
-4.84084 1.786562890436465e-02
-4.82883 1.797653274384295e-02
-4.81682 1.809639069725011e-02
-4.80480 1.821725042284319e-02
-4.79279 1.833165034305622e-02
-4.78078 1.843304771691194e-02
-4.76877 1.851642800855886e-02
-4.75676 1.863609110350830e-02
-4.74474 1.897000471778778e-02
-4.73273 1.870290437924379e-02
-4.72072 1.864095431825966e-02
-4.70871 1.862726457892426e-02
-4.69670 1.860067246814792e-02
-4.68468 1.856277922597444e-02
-4.67267 1.851436074505489e-02
-4.66066 1.845589242055268e-02
-4.64865 1.838830774042028e-02
-4.63664 1.831363112366146e-02
-4.62462 1.823519537980064e-02
-4.61261 1.815736588142094e-02
-4.60060 1.808492289999658e-02
-4.58859 1.802237547012997e-02
-4.57658 1.797352661065410e-02
-4.56456 1.794357527091035e-02
-4.55255 1.796513835179021e-02
-4.54054 1.819728716455001e-02
-4.52853 1.881295001675026e-02
-4.51652 1.930677086685230e-02
-4.50450 1.857842543148916e-02
-4.49249 1.817584050640214e-02
-4.48048 1.821219218204597e-02
-4.46847 1.830490584719272e-02
-4.45646 1.840910063787589e-02
-4.44444 1.851958761682322e-02
-4.43243 1.863475072568487e-02
-4.42042 1.875392084874486e-02
-4.40841 1.887742928592045e-02
-4.39640 1.900660424015897e-02
-4.38438 1.914355232377053e-02
-4.37237 1.929069995882474e-02
-4.36036 1.945012379057475e-02
-4.34835 1.962277324510415e-02
-4.33634 1.980776595667821e-02
-4.32432 2.000198354093055e-02
-4.31231 2.020017206873531e-02
-4.30030 2.039563807069990e-02
-4.28829 2.058144660294656e-02
-4.27628 2.075183606720738e-02
-4.26426 2.090346742312978e-02
-4.25225 2.103817575701974e-02
-4.24024 2.122400241007888e-02
-4.22823 2.167592316931707e-02
-4.21622 2.180801493566510e-02
-4.20420 2.160106372683783e-02
-4.19219 2.156724038875548e-02
-4.18018 2.165899095432704e-02
-4.16817 2.176971984098946e-02
-4.15616 2.188666266146617e-02
-4.14414 2.200986807418799e-02
-4.13213 2.214037775196584e-02
-4.12012 2.228000242756443e-02
-4.10811 2.243110322100716e-02
-4.09610 2.259622275027501e-02
-4.08408 2.277772201196078e-02
-4.07207 2.297750596237678e-02
-4.06006 2.319683878250740e-02
-4.04805 2.343619799579506e-02
-4.03604 2.369510056642212e-02
-4.02402 2.397184871139166e-02
-4.01201 2.426319083242401e-02
-4.00000 2.456397765125342e-02
-3.98799 2.486699673451950e-02
-3.97598 2.516323446194743e-02
-3.96396 2.544276990316447e-02
-3.95195 2.569631128126318e-02
-3.93994 2.591708922847036e-02
-3.92793 2.610255732369063e-02
-3.91592 2.625527979785028e-02
-3.90390 2.638259297774583e-02
-3.89189 2.649504921306250e-02
-3.87988 2.660409900704564e-02
-3.86787 2.671972182586613e-02
-3.85586 2.684867121591914e-02
-3.84384 2.699374209992242e-02
-3.83183 2.715408605789366e-02
-3.81982 2.732612850113260e-02
-3.80781 2.750465032647264e-02
-3.79580 2.768383448101244e-02
-3.78378 2.785807033139861e-02
-3.77177 2.802246133961831e-02
-3.75976 2.817313344013441e-02
-3.74775 2.830747378515230e-02
-3.73574 2.842439641217046e-02
-3.72372 2.852465079660254e-02
-3.71171 2.861107958207718e-02
-3.69970 2.868862172885487e-02
-3.68769 2.876379662825732e-02
-3.67568 2.884347525321978e-02
-3.66366 2.893301470472874e-02
-3.65165 2.903426222201524e-02
-3.63964 2.914430361786007e-02
-3.62763 2.925579051837870e-02
-3.61562 2.935898008641402e-02
-3.60360 2.944443018105396e-02
-3.59159 2.950437416743357e-02
-3.57958 2.953119657126095e-02
-3.56757 2.951356392171807e-02
-3.55556 2.943348619951984e-02
-3.54354 2.926841596256506e-02
-3.53153 2.899971145728228e-02
-3.51952 2.862378600033170e-02
-3.50751 2.815914598275046e-02
-3.49550 2.764435653314793e-02
-3.48348 2.712750147211571e-02
-3.47147 2.665244035878891e-02
-3.45946 2.624769437083182e-02
-3.44745 2.592076544441040e-02
-3.43544 2.565959453910702e-02
-3.42342 2.545228368092421e-02
-3.41141 2.530596309425541e-02
-3.39940 2.515441860887495e-02
-3.38739 2.505744644678265e-02
-3.37538 2.515561527047412e-02
-3.36336 2.479545082088570e-02
-3.35135 2.418529614909651e-02
-3.33934 2.388947930287324e-02
-3.32733 2.360878280208298e-02
-3.31532 2.338281536511747e-02
-3.30330 2.322369922622734e-02
-3.29129 2.311525826151246e-02
-3.27928 2.303318016613038e-02
-3.26727 2.295970157167072e-02
-3.25526 2.288571681971225e-02
-3.24324 2.280738577843103e-02
-3.23123 2.272321936280848e-02
-3.21922 2.263267687314048e-02
-3.20721 2.253558098556274e-02
-3.19520 2.243185221734583e-02
-3.18318 2.232138307825364e-02
-3.17117 2.220398888810063e-02
-3.15916 2.207940547148001e-02
-3.14715 2.194731834204709e-02
-3.13514 2.180741405511182e-02
-3.12312 2.165944392384783e-02
-3.11111 2.150328753234050e-02
-3.09910 2.133900288350233e-02
-3.08709 2.116685345970094e-02
-3.07508 2.098730891657290e-02
-3.06306 2.080102301288357e-02
-3.05105 2.060880441434492e-02
-3.03904 2.041287432166408e-02
-3.02703 2.026145488230717e-02
-3.01502 2.041566457236057e-02
-3.00300 2.048269325178707e-02
-2.99099 1.982964397331381e-02
-2.97898 1.940238935297058e-02
-2.96697 1.917956539015646e-02
-2.95495 1.897566133816913e-02
-2.94294 1.877528294610128e-02
-2.93093 1.857912903886582e-02
-2.91892 1.838807154294130e-02
-2.90691 1.820287589657109e-02
-2.89489 1.802417958285996e-02
-2.88288 1.785247754341361e-02
-2.87087 1.768811502777127e-02
-2.85886 1.753128820446031e-02
-2.84685 1.738205193521327e-02
-2.83483 1.724033343172541e-02
-2.82282 1.710595012513592e-02
-2.81081 1.697862996952654e-02
-2.79880 1.685803251788251e-02
-2.78679 1.674376937824726e-02
-2.77477 1.663542300393799e-02
-2.76276 1.653256313090651e-02
-2.75075 1.643476050327755e-02
-2.73874 1.634159780412535e-02
-2.72673 1.625267793690041e-02
-2.71471 1.616763000684816e-02
-2.70270 1.608611354874736e-02
-2.69069 1.600782169128294e-02
-2.67868 1.593248385301128e-02
-2.66667 1.585986792729545e-02
-2.65465 1.578978230190353e-02
-2.64264 1.572211524777523e-02
-2.63063 1.565709770981348e-02
-2.61862 1.559503604234334e-02
-2.60661 1.553407220909583e-02
-2.59459 1.547289948539050e-02
-2.58258 1.541340923765584e-02
-2.57057 1.535575269242455e-02
-2.55856 1.529910200461583e-02
-2.54655 1.524319306321729e-02
-2.53453 1.518807227842253e-02
-2.52252 1.513393819495841e-02
-2.51051 1.508108053144861e-02
-2.49850 1.502982715868808e-02
-2.48649 1.498051095630911e-02
-2.47447 1.493345923066300e-02
-2.46246 1.488899265018371e-02
-2.45045 1.484742016739001e-02
-2.43844 1.480902959973034e-02
-2.42643 1.477408568163578e-02
-2.41441 1.474283914269183e-02
-2.40240 1.471551317228308e-02
-2.39039 1.469218932742262e-02
-2.37838 1.467252115040381e-02
-2.36637 1.465531551355426e-02
-2.35435 1.463821178812064e-02
-2.34234 1.461780446590194e-02
-2.33033 1.459041173621350e-02
-2.31832 1.455328320334411e-02
-2.30631 1.450564059607558e-02
-2.29429 1.444892522615190e-02
-2.28228 1.438608019711945e-02
-2.27027 1.432029597983615e-02
-2.25826 1.425392533037852e-02
-2.24625 1.418805133319071e-02
-2.23423 1.412271502502336e-02
-2.22222 1.405746284862498e-02
-2.21021 1.399184192844284e-02
-2.19820 1.392565545159511e-02
-2.18619 1.385898970951066e-02
-2.17417 1.379211920974597e-02
-2.16216 1.372539057905880e-02
-2.15015 1.365913974320883e-02
-2.13814 1.359365726461852e-02
-2.12613 1.352919775355254e-02
-2.11411 1.346602466656015e-02
-2.10210 1.340448126777596e-02
-2.09009 1.334507488622398e-02
-2.07808 1.328855181712498e-02
-2.06607 1.323592629166778e-02
-2.05405 1.318841959515685e-02
-2.04204 1.314728760194445e-02
-2.03003 1.311358509824653e-02
-2.01802 1.308796899214876e-02
-2.00601 1.307047012760748e-02
-1.99399 1.305976553286356e-02
-1.98198 1.305176739413874e-02
-1.96997 1.304344803292999e-02
-1.95796 1.310750185346188e-02
-1.94595 1.310524362172656e-02
-1.93393 1.291494967317922e-02
-1.92192 1.281749989954768e-02
-1.90991 1.271710082031147e-02
-1.89790 1.260329583712726e-02
-1.88589 1.248090851668843e-02
-1.87387 1.235625372355332e-02
-1.86186 1.223496469435715e-02
-1.84985 1.212035603696729e-02
-1.83784 1.201321733685826e-02
-1.82583 1.191267048755312e-02
-1.81381 1.181723486745520e-02
-1.80180 1.172553833307587e-02
-1.78979 1.163658607361112e-02
-1.77778 1.154975533752649e-02
-1.76577 1.146469582861046e-02
-1.75375 1.138123070563081e-02
-1.74174 1.129928382430748e-02
-1.72973 1.121883054587721e-02
-1.71772 1.113986512145099e-02
-1.70571 1.106237979786522e-02
-1.69369 1.098635185440746e-02
-1.68168 1.091173362900594e-02
-1.66967 1.083844269133218e-02
-1.65766 1.076636136970766e-02
-1.64565 1.069542527751333e-02
-1.63363 1.062536081891421e-02
-1.62162 1.055588147377153e-02
-1.60961 1.048714528482598e-02
-1.59760 1.041892760102062e-02
-1.58559 1.035112502239394e-02
-1.57357 1.028365087189962e-02
-1.56156 1.021642760714283e-02
-1.54955 1.014939242696336e-02
-1.53754 1.008250229056192e-02
-1.52553 1.001573414195455e-02
-1.51351 9.949080708140670e-03
-1.50150 9.882544728908423e-03
-1.48949 9.816134486729475e-03
-1.47748 9.749862249606890e-03
-1.46547 9.683745668225377e-03
-1.45345 9.617810865160911e-03
-1.44144 9.552095386733402e-03
-1.42943 9.486649548414062e-03
-1.41742 9.421535702127648e-03
-1.40541 9.356825961451766e-03
-1.39339 9.292599390780506e-03
-1.38138 9.228939469125910e-03
-1.36937 9.165932078902320e-03
-1.35736 9.103663785612441e-03
-1.34535 9.042220027670578e-03
-1.33333 8.981682997728731e-03
-1.32132 8.922129265314056e-03
-1.30931 8.863627378373073e-03
-1.29730 8.806235721731250e-03
-1.28529 8.750000841970997e-03
-1.27327 8.694956343114233e-03
-1.26126 8.641122366834821e-03
-1.24925 8.588505611249972e-03
-1.23724 8.537099809044395e-03
-1.22523 8.486886569568345e-03
-1.21321 8.437836484893279e-03
-1.20120 8.389910696437053e-03
-1.18919 8.343128366825672e-03
-1.17718 8.298378665811113e-03
-1.16517 8.253794894414966e-03
-1.15315 8.208529057402391e-03
-1.14114 8.165259545949767e-03
-1.12913 8.122878599948039e-03
-1.11712 8.081187162068616e-03
-1.10511 8.040113422918145e-03
-1.09309 7.999587270526990e-03
-1.08108 7.959540232697109e-03
-1.06907 7.919906247488171e-03
-1.05706 7.880622397679761e-03
-1.04505 7.841629624684918e-03
-1.03303 7.802873438242441e-03
-1.02102 7.764304636986297e-03
-1.00901 7.725880051858837e-03
-0.99700 7.687563319275368e-03
-0.98498 7.649325684165952e-03
-0.97297 7.611146824935426e-03
-0.96096 7.573015683603113e-03
-0.94895 7.534931275669781e-03
-0.93694 7.496903446467301e-03
-0.92492 7.458953534805367e-03
-0.91291 7.421114905081059e-03
-0.90090 7.383433424430375e-03
-0.88889 7.345969663139879e-03
-0.87688 7.308814459386302e-03
-0.86486 7.272129306522498e-03
-0.85285 7.236089904108693e-03
-0.84084 7.200601340022801e-03
-0.82883 7.165413193568769e-03
-0.81682 7.130761560729627e-03
-0.80480 7.097145332975207e-03
-0.79279 7.064753472332874e-03
-0.78078 7.033613124872399e-03
-0.76877 7.003803768642842e-03
-0.75676 6.975444138435454e-03
-0.74474 6.948656191546689e-03
-0.73273 6.923554726936514e-03
-0.72072 6.900244124085970e-03
-0.70871 6.878815828538885e-03
-0.69670 6.859345929717590e-03
-0.68468 6.841892842356439e-03
-0.67267 6.826495148234638e-03
-0.66066 6.813169670391160e-03
-0.64865 6.801909868180668e-03
-0.63664 6.792684657892950e-03
-0.62462 6.785437780706009e-03
-0.61261 6.780087870161851e-03
-0.60060 6.776529471651848e-03
-0.58859 6.774635544578971e-03
-0.57658 6.774262274074204e-03
-0.56456 6.775255996011897e-03
-0.55255 6.777457762373744e-03
-0.54054 6.780697391185652e-03
-0.52853 6.784779145393461e-03
-0.51652 6.789484790722196e-03
-0.50450 6.794616798854681e-03
-0.49249 6.800053659281303e-03
-0.48048 6.805760545622789e-03
-0.46847 6.811751588784708e-03
-0.45646 6.818057974772507e-03
-0.44444 6.824733442397011e-03
-0.43243 6.831876212091816e-03
-0.42042 6.839639458996268e-03
-0.40841 6.848226075737875e-03
-0.39640 6.857875707133367e-03
-0.38438 6.868849307623944e-03
-0.37237 6.881412337693705e-03
-0.36036 6.895816846855448e-03
-0.34835 6.912283266754827e-03
-0.33634 6.930983280921240e-03
-0.32432 6.952025542205210e-03
-0.31231 6.975447018526480e-03
-0.30030 7.001216182653762e-03
-0.28829 7.029261362588312e-03
-0.27628 7.059539578254066e-03
-0.26426 7.092126463333771e-03
-0.25225 7.127201567309636e-03
-0.24024 7.164700781742876e-03
-0.22823 7.203645743517724e-03
-0.21622 7.241913097281010e-03
-0.20420 7.277324792726932e-03
-0.19219 7.309238047763984e-03
-0.18018 7.338662995124100e-03
-0.16817 7.366847222402612e-03
-0.15616 7.394161905185996e-03
-0.14414 7.420177760707007e-03
-0.13213 7.444297678735706e-03
-0.12012 7.466205204981708e-03
-0.10811 7.485958581189307e-03
-0.09610 7.503881593290442e-03
-0.08408 7.520403270865909e-03
-0.07207 7.535924063519057e-03
-0.06006 7.550702572616059e-03
-0.04805 7.564777566196512e-03
-0.03604 7.578155055973318e-03
-0.02402 7.590871064191056e-03
-0.01201 7.602918910351590e-03
0.00000 7.614694694641957e-03
0.01201 7.627015583499679e-03
0.02402 7.640275797096123e-03
0.03604 7.654746441878503e-03
0.04805 7.670809077905564e-03
0.06006 7.688635835570904e-03
0.07207 7.708336989659673e-03
0.08408 7.729926189199130e-03
0.09610 7.753360781475724e-03
0.10811 7.778592297281930e-03
0.12012 7.805603507030316e-03
0.13213 7.834430368133881e-03
0.14414 7.865137686045024e-03
0.15616 7.897759028385697e-03
0.16817 7.932290287303688e-03
0.18018 7.968794618216665e-03
0.19219 8.007458936022503e-03
0.20420 8.048399761186561e-03
0.21622 8.091498096116465e-03
0.22823 8.136717017737086e-03
0.24024 8.184440116529948e-03
0.25225 8.235047979536047e-03
0.26426 8.288309477472611e-03
0.27628 8.343627269784213e-03
0.28829 8.400721002791215e-03
0.30030 8.459721400747577e-03
0.31231 8.520727171772283e-03
0.32432 8.583541353104537e-03
0.33634 8.647795667192877e-03
0.34835 8.713154169875089e-03
0.36036 8.779375391745389e-03
0.37237 8.846269975662005e-03
0.38438 8.913657292224344e-03
0.39640 8.981365922475223e-03
0.40841 9.049269660020799e-03
0.42042 9.117330416493270e-03
0.43243 9.185620125597843e-03
0.44444 9.254307271456860e-03
0.45646 9.323643984249900e-03
0.46847 9.393749440047774e-03
0.48048 9.464875600004993e-03
0.49249 9.537067330464624e-03
0.50450 9.610311255265576e-03
0.51652 9.684522802066668e-03
0.52853 9.759569582655940e-03
0.54054 9.835296122639102e-03
0.55255 9.911544170411027e-03
0.56456 9.988166824524993e-03
0.57658 1.006503679740759e-02
0.58859 1.014205004051079e-02
0.60060 1.021912611996417e-02
0.61261 1.029620656000303e-02
0.62462 1.037325210008378e-02
0.63664 1.045023954027302e-02
0.64865 1.052715861284255e-02
0.66066 1.060400912841830e-02
0.67267 1.068079850623044e-02
0.68468 1.075753970706755e-02
0.69670 1.083424953624358e-02
0.70871 1.091094726147559e-02
0.72072 1.098765348652133e-02
0.73273 1.106438922723917e-02
0.74474 1.114117514651944e-02
0.75676 1.121803091479882e-02
0.76877 1.129497467188856e-02
0.78078 1.137202257304230e-02
0.79279 1.144918840758145e-02
0.80480 1.152648328226200e-02
0.81682 1.160391536423700e-02
0.82883 1.168148968023971e-02
0.84084 1.175920796972047e-02
0.85285 1.183706859029388e-02
0.86486 1.191506647412344e-02
0.87688 1.199319313389063e-02
0.88889 1.207143671683656e-02
0.90090 1.214978210508778e-02
0.91291 1.222821106012597e-02
0.92492 1.230670240886946e-02
0.93694 1.238523226842953e-02
0.94895 1.246377430620483e-02
0.96096 1.254230003160066e-02
0.97297 1.262077911531584e-02
0.98498 1.269917973183865e-02
0.99700 1.277746892054178e-02
1.00901 1.285561296056784e-02
1.02102 1.293357775455755e-02
1.03303 1.301132921619317e-02
1.04505 1.308883365651169e-02
1.05706 1.316605816398693e-02
1.06907 1.324297097348543e-02
1.08108 1.331954181936758e-02
1.09309 1.339574226823014e-02
1.10511 1.347154602706582e-02
1.11712 1.354692922294800e-02
1.12913 1.362187065072728e-02
1.14114 1.369635198564895e-02
1.15315 1.377035795825992e-02
1.16517 1.384387648946387e-02
1.17718 1.391689878410014e-02
1.18919 1.398941938195650e-02
1.20120 1.406143616567257e-02
1.21321 1.413295032554306e-02
1.22523 1.420396628177951e-02
1.23724 1.427449156533112e-02
1.24925 1.434453665888997e-02
1.26126 1.441411480021006e-02
1.27327 1.448324175034397e-02
1.28529 1.455193552984086e-02
1.29730 1.462021612635008e-02
1.30931 1.468810517742919e-02
1.32132 1.475562563266045e-02
1.33333 1.482280139943244e-02
1.34535 1.488965697693785e-02
1.35736 1.495621708307617e-02
1.36937 1.502250627902492e-02
1.38138 1.508854859625836e-02
1.39339 1.515436717074519e-02
1.40541 1.521998388894900e-02
1.41742 1.528541905008850e-02
1.42943 1.535069104888986e-02
1.44144 1.541581608278603e-02
1.45345 1.548080788718928e-02
1.46547 1.554567750208895e-02
1.47748 1.561043307281144e-02
1.48949 1.567507968732884e-02
1.50150 1.573961925202280e-02
1.51351 1.580405040730737e-02
1.52553 1.586836848399506e-02
1.53754 1.593256550076193e-02
1.54955 1.599663020253608e-02
1.56156 1.606054813910745e-02
1.57357 1.612430178274163e-02
1.58559 1.618787068308371e-02
1.59760 1.625123165716631e-02
1.60961 1.631435901189511e-02
1.62162 1.637722479598122e-02
1.63363 1.643979907792819e-02
1.64565 1.650205024636594e-02
1.65766 1.656394532876029e-02
1.66967 1.662545032431629e-02
1.68168 1.668653054674040e-02
1.69369 1.674715097243211e-02
1.70571 1.680727658963980e-02
1.71772 1.686687274414090e-02
1.72973 1.692590547708912e-02
1.74174 1.698434185081344e-02
1.75375 1.704215025854942e-02
1.76577 1.709930071433244e-02
1.77778 1.715576511957981e-02
1.78979 1.721151750323006e-02
1.80180 1.726653423268880e-02
1.81381 1.732079419324472e-02
1.82583 1.737427893406187e-02
1.83784 1.742697277931803e-02
1.84985 1.747886290353775e-02
1.86186 1.752993937065569e-02
1.87387 1.758019513683425e-02
1.88589 1.762962601754270e-02
1.89790 1.767823061987618e-02
1.90991 1.772601024154562e-02
1.92192 1.777296873839830e-02
1.93393 1.781911236272662e-02
1.94595 1.786444957498564e-02
1.95796 1.790899083186271e-02
1.96997 1.795274835392096e-02
1.98198 1.799573587626963e-02
1.99399 1.803796838589489e-02
2.00601 1.807946184941367e-02
2.01802 1.812023293508819e-02
2.03003 1.816029873296043e-02
2.04204 1.819967647693417e-02
2.05405 1.823838327254777e-02
2.06607 1.827643583404668e-02
2.07808 1.831385023418214e-02
2.09009 1.835064166993547e-02
2.10210 1.838682424709948e-02
2.11411 1.842241078634416e-02
2.12613 1.845741265305769e-02
2.13814 1.849183961289094e-02
2.15015 1.852569971455033e-02
2.16216 1.855899920098442e-02
2.17417 1.859174244970146e-02
2.18619 1.862393194254293e-02
2.19820 1.865556826482823e-02
2.21021 1.868665013338404e-02
2.22222 1.871717445258342e-02
2.23423 1.874713639715047e-02
2.24625 1.877652952014018e-02
2.25826 1.880534588418577e-02
2.27027 1.883357621381969e-02
2.28228 1.886121006642474e-02
2.29429 1.888823601915969e-02
2.30631 1.891464186903280e-02
2.31832 1.894041484316800e-02
2.33033 1.896554181622285e-02
2.34234 1.899000953187574e-02
2.35435 1.901380482530146e-02
2.36637 1.903691484359853e-02
2.37838 1.905932726121685e-02
2.39039 1.908103048755876e-02
2.40240 1.910201386408735e-02
2.41441 1.912226784847016e-02
2.42643 1.914178418351105e-02
2.43844 1.916055604887348e-02
2.45045 1.917857819387160e-02
2.46246 1.919584704989624e-02
2.47447 1.921236082134727e-02
2.48649 1.922811955425710e-02
2.49850 1.924312518210762e-02
2.51051 1.925738154866012e-02
2.52252 1.927089440793087e-02
2.53453 1.928367140174858e-02
2.54655 1.929572201562139e-02
2.55856 1.930705751391525e-02
2.57057 1.931769085560004e-02
2.58258 1.932763659205124e-02
2.59459 1.933691074860045e-02
2.60661 1.934553069170572e-02
2.61862 1.935351498376069e-02
2.63063 1.936088322767855e-02
2.64264 1.936765590347143e-02
2.65465 1.937385419909947e-02
2.66667 1.937949983788341e-02
2.67868 1.938461490476482e-02
2.69069 1.938922167365529e-02
2.70270 1.939334243804600e-02
2.71471 1.939699934695006e-02
2.72673 1.940021424812630e-02
2.73874 1.940300854038612e-02
2.75075 1.940540303661762e-02
2.76276 1.940741783897564e-02
2.77477 1.940907222748692e-02
2.78679 1.941038456310788e-02
2.79880 1.941137220605261e-02
2.81081 1.941205144998402e-02
2.82282 1.941243747243376e-02
2.83483 1.941254430159083e-02
2.84685 1.941238479937715e-02
2.85886 1.941197066051370e-02
2.87087 1.941131242707568e-02
2.88288 1.941041951784273e-02
2.89489 1.940930027157183e-02
2.90691 1.940796200315844e-02
2.91892 1.940641107150809e-02
2.93093 1.940465295781615e-02
2.94294 1.940269235285030e-02
2.95495 1.940053325174771e-02
2.96697 1.939817905477947e-02
2.97898 1.939563267249610e-02
2.99099 1.939289663365265e-02
3.00300 1.938997319431715e-02
3.01502 1.938686444659271e-02
3.02703 1.938357242543044e-02
3.03904 1.938009921207542e-02
3.05105 1.937644703277097e-02
3.06306 1.937261835144517e-02
3.07508 1.936861595521657e-02
3.08709 1.936444303168102e-02
3.09910 1.936010323707748e-02
3.11111 1.935560075457422e-02
3.12312 1.935094034206736e-02
3.13514 1.934612736903758e-02
3.14715 1.934116784216756e-02
3.15916 1.933606841957898e-02
3.17117 1.933083641370223e-02
3.18318 1.932547978294255e-02
3.19520 1.932000711245147e-02
3.20721 1.931442758444930e-02
3.21922 1.930875093867377e-02
3.23123 1.930298742364771e-02
3.24324 1.929714773956583e-02
3.25526 1.929124297369499e-02
3.26727 1.928528452926341e-02
3.27928 1.927928404888134e-02
3.29129 1.927325333358802e-02
3.30330 1.926720425865819e-02
3.31532 1.926114868732370e-02
3.32733 1.925509838357454e-02
3.33934 1.924906492519725e-02
3.35135 1.924305961818838e-02
3.36336 1.923709341364715e-02
3.37538 1.923117682820499e-02
3.38739 1.922531986899148e-02
3.39940 1.921953196406739e-02
3.41141 1.921382189917627e-02
3.42342 1.920819776157929e-02
3.43544 1.920266689164280e-02
3.44745 1.919723584274756e-02
3.45946 1.919191034998302e-02
3.47147 1.918669530798117e-02
3.48348 1.918159475813339e-02
3.49550 1.917661188532217e-02
3.50751 1.917174902418850e-02
3.51952 1.916700767484625e-02
3.53153 1.916238852784891e-02
3.54354 1.915789149811163e-02
3.55556 1.915351576739516e-02
3.56757 1.914925983486685e-02
3.57958 1.914512157517106e-02
3.59159 1.914109830336470e-02
3.60360 1.913718684600676e-02
3.61562 1.913338361763187e-02
3.62763 1.912968470178891e-02
3.63964 1.912608593578653e-02
3.65165 1.912258299825734e-02
3.66366 1.911917149863347e-02
3.67568 1.911584706761591e-02
3.68769 1.911260544772007e-02
3.69970 1.910944258298937e-02
3.71171 1.910635470698673e-02
3.72372 1.910333842820105e-02
3.73574 1.910039081204038e-02
3.74775 1.909750945862603e-02
3.75976 1.909469257565105e-02
3.77177 1.909193904562145e-02
3.78378 1.908924848685908e-02
3.79580 1.908662130771002e-02
3.80781 1.908405875347059e-02
3.81982 1.908156294561453e-02
3.83183 1.907913691297832e-02
3.84384 1.907678461463583e-02
3.85586 1.907451095426843e-02
3.86787 1.907232178591120e-02
3.87988 1.907022391102938e-02
3.89189 1.906822506695055e-02
3.90390 1.906633390674773e-02
3.91592 1.906455997073491e-02
3.92793 1.906291364979957e-02
3.93994 1.906140614085631e-02
3.95195 1.906004939476116e-02
3.96396 1.905885605707710e-02
3.97598 1.905783940212817e-02
3.98799 1.905701326082214e-02
4.00000 1.905639194275896e-02
