-8.00000 1.642214155807848e-02
-7.98799 1.650875211354847e-02
-7.97598 1.659576275355309e-02
-7.96396 1.668323300144719e-02
-7.95195 1.677123092039563e-02
-7.93994 1.685983267229416e-02
-7.92793 1.694912148686668e-02
-7.91592 1.703918606805782e-02
-7.90390 1.713011848957960e-02
-7.89189 1.722201165208410e-02
-7.87988 1.731495639010896e-02
-7.86787 1.740903832755033e-02
-7.85586 1.750433458666474e-02
-7.84384 1.760091045910387e-02
-7.83183 1.769881615072690e-02
-7.81982 1.779808371805219e-02
-7.80781 1.789872432657102e-02
-7.79580 1.800072598268445e-02
-7.78378 1.810405192336619e-02
-7.77177 1.820863989011821e-02
-7.75976 1.831440256242680e-02
-7.74775 1.842122947290055e-02
-7.73574 1.852899075982021e-02
-7.72372 1.863754311827439e-02
-7.71171 1.874673827299340e-02
-7.69970 1.885643420175665e-02
-7.68769 1.896650918213872e-02
-7.67568 1.907687852168448e-02
-7.66366 1.918751358085844e-02
-7.65165 1.929846243932597e-02
-7.63964 1.940987132373453e-02
-7.62763 1.952200573542528e-02
-7.61562 1.963527009263766e-02
-7.60360 1.975022460472195e-02
-7.59159 1.986759797309866e-02
-7.57958 1.998829432954151e-02
-7.56757 2.011339263725938e-02
-7.55556 2.024413686263311e-02
-7.54354 2.038191620290768e-02
-7.53153 2.052823790150117e-02
-7.51952 2.068470435354875e-02
-7.50751 2.085303201653449e-02
-7.49550 2.103521804527861e-02
-7.48348 2.123410521638156e-02
-7.47147 2.145475238534617e-02
-7.45946 2.170668886972859e-02
-7.44745 2.200519602184636e-02
-7.43544 2.236641743662707e-02
-7.42342 2.279235177744989e-02
-7.41141 2.325545389866271e-02
-7.39940 2.370805535824303e-02
-7.38739 2.413959246656218e-02
-7.37538 2.477634780327198e-02
-7.36336 2.549571302905603e-02
-7.35135 2.529157656492425e-02
-7.33934 2.525671215911240e-02
-7.32733 2.544690057638286e-02
-7.31532 2.560617195533264e-02
-7.30330 2.570066942928479e-02
-7.29129 2.572986478970970e-02
-7.27928 2.570734689803184e-02
-7.26727 2.565328685141466e-02
-7.25526 2.558834122335890e-02
-7.24324 2.552908373000011e-02
-7.23123 2.548558418972790e-02
-7.21922 2.546112807972225e-02
-7.20721 2.545354071145747e-02
-7.19520 2.545732872153512e-02
-7.18318 2.546588839282115e-02
-7.17117 2.547326556808457e-02
-7.15916 2.547524674866679e-02
-7.14715 2.546980296945725e-02
-7.13514 2.545704861176235e-02
-7.12312 2.543892154750141e-02
-7.11111 2.541875479004526e-02
-7.09910 2.540078267261949e-02
-7.08709 2.538943571496795e-02
-7.07508 2.538827379459508e-02
-7.06306 2.539891193094915e-02
-7.05105 2.542092662455371e-02
-7.03904 2.545326661350531e-02
-7.02703 2.549600497652883e-02
-7.01502 2.555055700557488e-02
-7.00300 2.561818325293682e-02
-6.99099 2.569852827529862e-02
-6.97898 2.578958326546037e-02
-6.96697 2.588877999345411e-02
-6.95495 2.599423329452608e-02
-6.94294 2.610565007375340e-02
-6.93093 2.622493976945599e-02
-6.91892 2.635657982999172e-02
-6.90691 2.650755296431655e-02
-6.89489 2.668648731346743e-02
-6.88288 2.690172903645547e-02
-6.87087 2.715862681552441e-02
-6.85886 2.745711670026675e-02
-6.84685 2.779102526861621e-02
-6.83483 2.814961547317660e-02
-6.82282 2.852008841294502e-02
-6.81081 2.888868838784370e-02
-6.79880 2.923932797312439e-02
-6.78679 2.955165611774333e-02
-6.77477 2.980228420377841e-02
-6.76276 2.997097896172908e-02
-6.75075 3.004910673135577e-02
-6.73874 3.004463464947233e-02
-6.72673 2.997968784084482e-02
-6.71471 2.988177806101564e-02
-6.70270 2.977395985287031e-02
-6.69069 2.966913975928241e-02
-6.67868 2.957027228917266e-02
-6.66667 2.947447491326049e-02
-6.65465 2.937770547901751e-02
-6.64264 2.927765469766835e-02
-6.63063 2.917438321575778e-02
-6.61862 2.906954348990983e-02
-6.60661 2.896531388210685e-02
-6.59459 2.886375362124913e-02
-6.58258 2.876668964144357e-02
-6.57057 2.867584263188695e-02
-6.55856 2.859281260330757e-02
-6.54655 2.851869538593028e-02
-6.53453 2.845333119064513e-02
-6.52252 2.839438147554494e-02
-6.51051 2.833656706260484e-02
-6.49850 2.827148146698865e-02
-6.48649 2.818837323206434e-02
-6.47447 2.807608625566942e-02
-6.46246 2.792591936277337e-02
-6.45045 2.773459814840500e-02
-6.43844 2.750607199241496e-02
-6.42643 2.725080580465885e-02
-6.41441 2.698197260657692e-02
-6.40240 2.670950572438483e-02
-6.39039 2.643470532551313e-02
-6.37838 2.614873877372881e-02
-6.36637 2.583683906796071e-02
-6.35435 2.548662960566799e-02
-6.34234 2.509592831294240e-02
-6.33033 2.467514566652132e-02
-6.31832 2.424263522211798e-02
-6.30631 2.381592186610876e-02
-6.29429 2.340427576831719e-02
-6.28228 2.300684139050358e-02
-6.27027 2.261661483653430e-02
-6.25826 2.222694487921761e-02
-6.24625 2.183629939853407e-02
-6.23423 2.144896349770864e-02
-6.22222 2.107229342500638e-02
-6.21021 2.071297586705988e-02
-6.19820 2.037456082715179e-02
-6.18619 2.005708183396740e-02
-6.17417 1.975819558448935e-02
-6.16216 1.947476008751296e-02
-6.15015 1.920403866738471e-02
-6.13814 1.894424803849745e-02
-6.12613 1.869455783600783e-02
-6.11411 1.845479170275465e-02
-6.10210 1.822505631937521e-02
-6.09009 1.800544066056484e-02
-6.07808 1.779584528208330e-02
-6.06607 1.759594168285544e-02
-6.05405 1.740522685597360e-02
-6.04204 1.722312468680665e-02
-6.03003 1.704908896556447e-02
-6.01802 1.688267640503194e-02
-6.00601 1.672357564441142e-02
-5.99399 1.657159411166569e-02
-5.98198 1.642661527373956e-02
-5.96997 1.628854320753046e-02
-5.95796 1.615725054714037e-02
-5.94595 1.603254168274387e-02
-5.93393 1.591413765952405e-02
-5.92192 1.580168411285028e-02
-5.90991 1.569477965056928e-02
-5.89790 1.559301959673998e-02
-5.88589 1.549604872425374e-02
-5.87387 1.540361604526340e-02
-5.86186 1.531562436046922e-02
-5.84985 1.523216671073875e-02
-5.83784 1.515354111132306e-02
-5.82583 1.508023447860267e-02
-5.81381 1.501286751265650e-02
-5.80180 1.495209585840561e-02
-5.78979 1.489847046763644e-02
-5.77778 1.485227240783303e-02
-5.76577 1.481335361680049e-02
-5.75375 1.478103181377974e-02
-5.74174 1.475409721694197e-02
-5.72973 1.473097793034743e-02
-5.71772 1.471006452383200e-02
-5.70571 1.469010611740184e-02
-5.69369 1.467048638483719e-02
-5.68168 1.465119279493101e-02
-5.66967 1.463297534215642e-02
-5.65766 1.462112373001757e-02
-5.64565 1.463788430520892e-02
-5.63363 1.472184983384806e-02
-5.62162 1.485410334306644e-02
-5.60961 1.488501325487554e-02
-5.59760 1.468581236992323e-02
-5.58559 1.434107223027713e-02
-5.57357 1.401394391273668e-02
-5.56156 1.375270476196273e-02
-5.54955 1.352685783944339e-02
-5.53754 1.331287078282774e-02
-5.52553 1.310637477481335e-02
-5.51351 1.290892639469667e-02
-5.50150 1.272205309393426e-02
-5.48949 1.254669680050879e-02
-5.47748 1.238359811636558e-02
-5.46547 1.223343392421960e-02
-5.45345 1.209671919587992e-02
-5.44144 1.197367231693302e-02
-5.42943 1.186417765109434e-02
-5.41742 1.176787412376964e-02
-5.40541 1.168432794316432e-02
-5.39339 1.161322594951839e-02
-5.38138 1.155453814163012e-02
-5.36937 1.150862218486083e-02
-5.35736 1.147626433739952e-02
-5.34535 1.145866438784964e-02
-5.33333 1.145737725828037e-02
-5.32132 1.147422410735315e-02
-5.30931 1.151118479147817e-02
-5.29730 1.157028440715205e-02
-5.28529 1.165349079493164e-02
-5.27327 1.176264612246897e-02
-5.26126 1.189945859436743e-02
-5.24925 1.206556968336678e-02
-5.23724 1.226267573522617e-02
-5.22523 1.249261548274626e-02
-5.21321 1.275725471830185e-02
-5.20120 1.305795827238639e-02
-5.18919 1.339451408190211e-02
-5.17718 1.376361947580531e-02
-5.16517 1.415741844429728e-02
-5.15315 1.456291519865240e-02
-5.14114 1.496311640641785e-02
-5.12913 1.534027214165791e-02
-5.11712 1.568065659675759e-02
-5.10511 1.597935462455791e-02
-5.09309 1.624307227314257e-02
-5.08108 1.648945275468918e-02
-5.06907 1.674262448875226e-02
-5.05706 1.702608972739284e-02
-5.04505 1.735484821236331e-02
-5.03303 1.772862956040495e-02
-5.02102 1.812780886147449e-02
-5.00901 1.851364938636242e-02
-4.99700 1.883465792941810e-02
-4.98498 1.903964432076856e-02
-4.97297 1.909464862461263e-02
-4.96096 1.899690041628799e-02
-4.94895 1.877818827449853e-02
-4.93694 1.849469331763539e-02
-4.92492 1.820798094442573e-02
-4.91291 1.796671952623699e-02
-4.90090 1.779714082736218e-02
-4.88889 1.770404819544937e-02
-4.87688 1.767840955610372e-02
-4.86486 1.770582931853159e-02
-4.85285 1.777216879584065e-02
-4.84084 1.786562860044767e-02
-4.82883 1.797653242861536e-02
-4.81682 1.809639037459797e-02
-4.80480 1.821725009733296e-02
-4.79279 1.833165001983283e-02
-4.78078 1.843304740154503e-02
-4.76877 1.851642770681407e-02
-4.75676 1.863609054350663e-02
-4.74474 1.897000485287394e-02
-4.73273 1.870290362958614e-02
-4.72072 1.864095412320645e-02
-4.70871 1.862726441961893e-02
-4.69670 1.860067234567733e-02
-4.68468 1.856277913979629e-02
-4.67267 1.851436069297276e-02
-4.66066 1.845589239888729e-02
-4.64865 1.838830774440019e-02
-4.63664 1.831363114799824e-02
-4.62462 1.823519541935063e-02
-4.61261 1.815736593179614e-02
-4.60060 1.808492295799180e-02
-4.58859 1.802237553389570e-02
-4.57658 1.797352667998599e-02
-4.56456 1.794357535301083e-02
-4.55255 1.796513848059342e-02
-4.54054 1.819728730235785e-02
-4.52853 1.881294982565615e-02
-4.51652 1.930677113879433e-02
-4.50450 1.857842560271651e-02
-4.49249 1.817584066392293e-02
-4.48048 1.821219234146667e-02
-4.46847 1.830490601571274e-02
-4.45646 1.840910082396905e-02
-4.44444 1.851958782168410e-02
-4.43243 1.863475094949150e-02
-4.42042 1.875392109105240e-02
-4.40841 1.887742954569187e-02
-4.39640 1.900660451587271e-02
-4.38438 1.914355261359410e-02
-4.37237 1.929070026081132e-02
-4.36036 1.945012410282896e-02
-4.34835 1.962277356586807e-02
-4.33634 1.980776628430975e-02
-4.32432 2.000198387378034e-02
-4.31231 2.020017240496464e-02
-4.30030 2.039563840810898e-02
-4.28829 2.058144693888817e-02
-4.27628 2.075183639864136e-02
-4.26426 2.090346774683210e-02
-4.25225 2.103817607000602e-02
-4.24024 2.122400271905105e-02
-4.22823 2.167592350653285e-02
-4.21622 2.180801521952354e-02
-4.20420 2.160106397675079e-02
-4.19219 2.156724062575549e-02
-4.18018 2.165899117766188e-02
-4.16817 2.176972005167204e-02
-4.15616 2.188666286074763e-02
-4.14414 2.200986826319632e-02
-4.13213 2.214037793169012e-02
-4.12012 2.228000259887580e-02
-4.10811 2.243110338468467e-02
-4.09610 2.259622290703941e-02
-4.08408 2.277772216252813e-02
-4.07207 2.297750610752440e-02
-4.06006 2.319683892311153e-02
-4.04805 2.343619813278036e-02
-4.03604 2.369510070058303e-02
-4.02402 2.397184884310738e-02
-4.01201 2.426319096136691e-02
-4.00000 2.456397777623872e-02
-3.98799 2.486699685361559e-02
-3.97598 2.516323457285367e-02
-3.96396 2.544277000371371e-02
-3.95195 2.569631136980735e-02
-3.93994 2.591708930390195e-02
-3.92793 2.610255738478617e-02
-3.91592 2.625527984133796e-02
-3.90390 2.638259299532168e-02
-3.89189 2.649504918780969e-02
-3.87988 2.660409891408580e-02
-3.86787 2.671972174156919e-02
-3.85586 2.684867135219035e-02
-3.84384 2.699374222890197e-02
-3.83183 2.715408588993923e-02
-3.81982 2.732612824439392e-02
-3.80781 2.750465008756743e-02
-3.79580 2.768383423662627e-02
-3.78378 2.785807008080188e-02
-3.77177 2.802246111880450e-02
-3.75976 2.817313332232805e-02
-3.74775 2.830747385704697e-02
-3.73574 2.842439672563420e-02
-3.72372 2.852465132599322e-02
-3.71171 2.861108021785634e-02
-3.69970 2.868862231757266e-02
-3.68769 2.876379703835566e-02
-3.67568 2.884347542719165e-02
-3.66366 2.893301466898926e-02
-3.65165 2.903426205717876e-02
-3.63964 2.914430341577096e-02
-3.62763 2.925579035140432e-02
-3.61562 2.935897999708301e-02
-3.60360 2.944443018437082e-02
-3.59159 2.950437425420830e-02
-3.57958 2.953119670688447e-02
-3.56757 2.951356404425462e-02
-3.55556 2.943348622704811e-02
-3.54354 2.926841581719253e-02
-3.53153 2.899971110129594e-02
-3.51952 2.862378546567819e-02
-3.50751 2.815914537139351e-02
-3.49550 2.764435598043627e-02
-3.48348 2.712750109024934e-02
-3.47147 2.665244019927054e-02
-3.45946 2.624769450498110e-02
-3.44745 2.592076626236567e-02
-3.43544 2.565959533453051e-02
-3.42342 2.545228154575797e-02
-3.41141 2.530596240033541e-02
-3.39940 2.515441952903781e-02
-3.38739 2.505744665276155e-02
-3.37538 2.515561434030075e-02
-3.36336 2.479545289067053e-02
-3.35135 2.418529611810690e-02
-3.33934 2.388947932631593e-02
-3.32733 2.360878284831337e-02
-3.31532 2.338281539778902e-02
-3.30330 2.322369923637174e-02
-3.29129 2.311525825648131e-02
-3.27928 2.303318015451578e-02
-3.26727 2.295970155866450e-02
-3.25526 2.288571680816213e-02
-3.24324 2.280738577015007e-02
-3.23123 2.272321935908595e-02
-3.21922 2.263267687487534e-02
-3.20721 2.253558099329128e-02
-3.19520 2.243185223124177e-02
-3.18318 2.232138309813424e-02
-3.17117 2.220398891346460e-02
-3.15916 2.207940550159095e-02
-3.14715 2.194731837605887e-02
-3.13514 2.180741409221809e-02
-3.12312 2.165944396343006e-02
-3.11111 2.150328757408891e-02
-3.09910 2.133900292749017e-02
-3.08709 2.116685350640186e-02
-3.07508 2.098730896682155e-02
-3.06306 2.080102306778888e-02
-3.05105 2.060880447511726e-02
-3.03904 2.041287438436126e-02
-3.02703 2.026145488348346e-02
-3.01502 2.041566464827942e-02
-3.00300 2.048269357384630e-02
-2.99099 1.982964398393710e-02
-2.97898 1.940238943171444e-02
-2.96697 1.917956551620676e-02
-2.95495 1.897566147539590e-02
-2.94294 1.877528309247989e-02
-2.93093 1.857912919353052e-02
-2.91892 1.838807170493902e-02
-2.90691 1.820287606490622e-02
-2.89489 1.802417975653850e-02
-2.88288 1.785247772147786e-02
-2.87087 1.768811520932459e-02
-2.85886 1.753128838868242e-02
-2.84685 1.738205212136683e-02
-2.83483 1.724033361915514e-02
-2.82282 1.710595031326157e-02
-2.81081 1.697863015783139e-02
-2.79880 1.685803270589912e-02
-2.78679 1.674376956554253e-02
-2.77477 1.663542319009974e-02
-2.76276 1.653256331553403e-02
-2.75075 1.643476068597852e-02
-2.73874 1.634159798452143e-02
-2.72673 1.625267811464323e-02
-2.71471 1.616763018164639e-02
-2.70270 1.608611372040420e-02
-2.69069 1.600782185974156e-02
-2.67868 1.593248401840349e-02
-2.66667 1.585986808998696e-02
-2.65465 1.578978246252367e-02
-2.64264 1.572211540714067e-02
-2.63063 1.565709786830760e-02
-2.61862 1.559503619971795e-02
-2.60661 1.553407236828637e-02
-2.59459 1.547289965124961e-02
-2.58258 1.541340941081754e-02
-2.57057 1.535575287231711e-02
-2.55856 1.529910219126443e-02
-2.54655 1.524319325634887e-02
-2.53453 1.518807247713693e-02
-2.52252 1.513393839772077e-02
-2.51051 1.508108073616126e-02
-2.49850 1.502982736281834e-02
-2.48649 1.498051115706643e-02
-2.47447 1.493345942521570e-02
-2.46246 1.488899283590146e-02
-2.45045 1.484742034209325e-02
-2.43844 1.480902976191689e-02
-2.42643 1.477408583063218e-02
-2.41441 1.474283927865214e-02
-2.40240 1.471551329596722e-02
-2.39039 1.469218943977954e-02
-2.37838 1.467252125215751e-02
-2.36637 1.465531560512007e-02
-2.35435 1.463821187007103e-02
-2.34234 1.461780453980059e-02
-2.33033 1.459041180520873e-02
-2.31832 1.455328327190053e-02
-2.30631 1.450564066878414e-02
-2.29429 1.444892530628163e-02
-2.28228 1.438608028580705e-02
-2.27027 1.432029607632749e-02
-2.25826 1.425392543298721e-02
-2.24625 1.418805144026243e-02
-2.23423 1.412271513539979e-02
-2.22222 1.405746296157040e-02
-2.21021 1.399184204331001e-02
-2.19820 1.392565556751867e-02
-2.18619 1.385898982525955e-02
-2.17417 1.379211932372239e-02
-2.16216 1.372539068937799e-02
-2.15015 1.365913984780637e-02
-2.13814 1.359365736136203e-02
-2.12613 1.352919784035479e-02
-2.11411 1.346602474149833e-02
-2.10210 1.340448132922389e-02
-2.09009 1.334507493300371e-02
-2.07808 1.328855184868366e-02
-2.06607 1.323592630828118e-02
-2.05405 1.318841959815119e-02
-2.04204 1.314728759391453e-02
-2.03003 1.311358508323190e-02
-2.01802 1.308796897569883e-02
-2.00601 1.307047011661068e-02
-1.99399 1.305976553502404e-02
-1.98198 1.305176741736449e-02
-1.96997 1.304344809713224e-02
-1.95796 1.310750197754348e-02
-1.94595 1.310524369856176e-02
-1.93393 1.291494985156270e-02
-1.92192 1.281750013004147e-02
-1.90991 1.271710110479507e-02
-1.89790 1.260329617469144e-02
-1.88589 1.248090890390747e-02
-1.87387 1.235625415523432e-02
-1.86186 1.223496516470766e-02
-1.84985 1.212035654142604e-02
-1.83784 1.201321787442135e-02
-1.82583 1.191267106319350e-02
-1.81381 1.181723549408886e-02
-1.80180 1.172553903252354e-02
-1.78979 1.163658687619283e-02
-1.77778 1.154975628021331e-02
-1.76577 1.146469695161686e-02
-1.75375 1.138123204638894e-02
-1.74174 1.129928540660476e-02
-1.72973 1.121883236643834e-02
-1.71772 1.113986716520149e-02
-1.70571 1.106238217996430e-02
-1.69369 1.098635513102925e-02
-1.68168 1.091173877863141e-02
-1.66967 1.083845002924214e-02
-1.65766 1.076636954446353e-02
-1.64565 1.069543250119794e-02
-1.63363 1.062536676474127e-02
-1.62162 1.055588698229394e-02
-1.60961 1.048715103772668e-02
-1.59760 1.041893373681491e-02
-1.58559 1.035113143116856e-02
-1.57357 1.028365741830757e-02
-1.56156 1.021643418390402e-02
-1.54955 1.014939895029087e-02
-1.53754 1.008250869087234e-02
-1.52553 1.001574035837367e-02
-1.51351 9.949086684888876e-03
-1.50150 9.882550412060456e-03
-1.48949 9.816139821284391e-03
-1.47748 9.749867177269054e-03
-1.46547 9.683750126132436e-03
-1.45345 9.617814785540822e-03
-1.44144 9.552098697338862e-03
-1.42943 9.486652173557521e-03
-1.41742 9.421537564162608e-03
-1.40541 9.356826982575981e-03
-1.39339 9.292599495059870e-03
-1.38138 9.228938584652967e-03
-1.36937 9.165930140012449e-03
-1.35736 9.103660735086528e-03
-1.34535 9.042215818856461e-03
-1.33333 8.981677596516332e-03
-1.32132 8.922122651901733e-03
-1.30931 8.863619548765958e-03
-1.29730 8.806226688917193e-03
-1.28529 8.749990636726232e-03
-1.27327 8.694945014399604e-03
-1.26126 8.641109981754122e-03
-1.24925 8.588492254554509e-03
-1.23724 8.537085582181790e-03
-1.22523 8.486871589288212e-03
-1.21321 8.437820881440426e-03
-1.20120 8.389894621305335e-03
-1.18919 8.343114244693672e-03
-1.17718 8.298400965529730e-03
-1.16517 8.253826759517283e-03
-1.15315 8.208517036800129e-03
-1.14114 8.165243414362842e-03
-1.12913 8.122862889956239e-03
-1.11712 8.081172045452898e-03
-1.10511 8.040099030201777e-03
-1.09309 7.999573718540964e-03
-1.08108 7.959527622648529e-03
-1.06907 7.919894663414641e-03
-1.05706 7.880611905337336e-03
-1.04505 7.841620270888547e-03
-1.03303 7.802865250663816e-03
-1.02102 7.764297624400420e-03
-1.00901 7.725874204817954e-03
-0.99700 7.687558611177544e-03
-0.98498 7.649322072675829e-03
-0.97297 7.611144253706796e-03
-0.96096 7.573014084247132e-03
-0.94895 7.534930569908793e-03
-0.93694 7.496903548412405e-03
-0.92492 7.458954353295965e-03
-0.91291 7.421116346026279e-03
-0.90090 7.383435393096066e-03
-0.88889 7.345972066338367e-03
-0.87688 7.308817207595335e-03
-0.86486 7.272132316050493e-03
-0.85285 7.236093098778674e-03
-0.84084 7.200604650922511e-03
-0.82883 7.165416558920616e-03
-0.81682 7.130764929368406e-03
-0.80480 7.097148666580812e-03
-0.79279 7.064756743768881e-03
-0.78078 7.033616316938681e-03
-0.76877 7.003806873914924e-03
-0.75676 6.975447158804012e-03
-0.74474 6.948659137295408e-03
-0.73273 6.923557615546056e-03
-0.72072 6.900246978846636e-03
-0.70871 6.878818677017971e-03
-0.69670 6.859348802127539e-03
-0.68468 6.841895769873525e-03
-0.67267 6.826498161320620e-03
-0.66066 6.813172797171664e-03
-0.64865 6.801913132934123e-03
-0.63664 6.792688079708050e-03
-0.62462 6.785441372421846e-03
-0.61261 6.780091638124720e-03
-0.60060 6.776533418956977e-03
-0.58859 6.774639687615326e-03
-0.57658 6.774266694874187e-03
-0.56456 6.775260948058770e-03
-0.55255 6.777463767935932e-03
-0.54054 6.780705124697280e-03
-0.52853 6.784788937139808e-03
-0.51652 6.789496043385966e-03
-0.50450 6.794628016883643e-03
-0.49249 6.800063302984090e-03
-0.48048 6.805767928356555e-03
-0.46847 6.811756979741981e-03
-0.45646 6.818062038770571e-03
-0.44444 6.824736717144840e-03
-0.43243 6.831878963447308e-03
-0.42042 6.839641770409190e-03
-0.40841 6.848227957773199e-03
-0.39640 6.857877154257981e-03
-0.38438 6.868850317027031e-03
-0.37237 6.881412913514220e-03
-0.36036 6.895817000544011e-03
-0.34835 6.912283016580291e-03
-0.33634 6.930982651233963e-03
-0.32432 6.952024562579722e-03
-0.31231 6.975445722833936e-03
-0.30030 7.001214608102162e-03
-0.28829 7.029259548758919e-03
-0.27628 7.059537566148712e-03
-0.26426 7.092124294431725e-03
-0.25225 7.127199282624839e-03
-0.24024 7.164698420831552e-03
-0.22823 7.203643343241906e-03
-0.21622 7.241910690169368e-03
-0.20420 7.277322405296804e-03
-0.19219 7.309235699337472e-03
-0.18018 7.338660697015068e-03
-0.16817 7.366844977242132e-03
-0.15616 7.394159706872882e-03
-0.14414 7.420175595724122e-03
-0.13213 7.444295529110730e-03
-0.12012 7.466203052598057e-03
-0.10811 7.485956412904175e-03
-0.09610 7.503879411076997e-03
-0.08408 7.520401166636647e-03
-0.07207 7.535922504446877e-03
-0.06006 7.550702208977633e-03
-0.04805 7.564777664679608e-03
-0.03604 7.578154245348205e-03
-0.02402 7.590869548622629e-03
-0.01201 7.602917361139232e-03
0.00000 7.614693324723754e-03
0.01201 7.627014407520146e-03
0.02402 7.640274799811408e-03
0.03604 7.654745599246920e-03
0.04805 7.670808358094029e-03
0.06006 7.688635206586457e-03
0.07207 7.708336422484312e-03
0.08408 7.729925660223996e-03
0.09610 7.753360273419192e-03
0.10811 7.778591798815959e-03
0.12012 7.805603011821854e-03
0.13213 7.834429873593127e-03
0.14414 7.865137192014076e-03
0.15616 7.897758536017310e-03
0.16817 7.932289798174917e-03
0.18018 7.968794133509505e-03
0.19219 8.007458455971374e-03
0.20420 8.048399285517607e-03
0.21622 8.091497625246432e-03
0.22823 8.136716552879873e-03
0.24024 8.184439658127171e-03
0.25225 8.235047526267848e-03
0.26426 8.288309027241517e-03
0.27628 8.343626821052568e-03
0.28829 8.400720554728149e-03
0.30030 8.459720952703349e-03
0.31231 8.520726723048407e-03
0.32432 8.583540903092086e-03
0.33634 8.647795215504253e-03
0.34835 8.713153716316195e-03
0.36036 8.779374936213127e-03
0.37237 8.846269518063518e-03
0.38438 8.913656832444045e-03
0.39640 8.981365460377096e-03
0.40841 9.049269195468076e-03
0.42042 9.117329949372121e-03
0.43243 9.185619655836853e-03
0.44444 9.254306799037897e-03
0.45646 9.323643508281491e-03
0.46847 9.393748962475468e-03
0.48048 9.464875120029935e-03
0.49249 9.537066848234974e-03
0.50450 9.610310770943846e-03
0.51652 9.684522315817089e-03
0.52853 9.759569094638166e-03
0.54054 9.835295633005245e-03
0.55255 9.911543679305072e-03
0.56456 9.988166332083577e-03
0.57658 1.006503630376133e-02
0.58859 1.014204954578569e-02
0.60060 1.021912562428288e-02
0.61261 1.029620606348581e-02
0.62462 1.037325160284928e-02
0.63664 1.045023904243891e-02
0.64865 1.052715811452594e-02
0.66066 1.060400862973603e-02
0.67267 1.068079800729934e-02
0.68468 1.075753920800458e-02
0.69670 1.083424903716592e-02
0.70871 1.091094676250066e-02
0.72072 1.098765298776679e-02
0.73273 1.106438872882287e-02
0.74474 1.114117464855934e-02
0.75676 1.121803041741287e-02
0.76877 1.129497417519460e-02
0.78078 1.137202207715785e-02
0.79279 1.144918791262361e-02
0.80480 1.152648278834721e-02
0.81682 1.160391487148088e-02
0.82883 1.168148918875685e-02
0.84084 1.175920747962422e-02
0.85285 1.183706810169615e-02
0.86486 1.191506598713446e-02
0.87688 1.199319264861876e-02
0.88889 1.207143623338807e-02
0.90090 1.214978162356665e-02
0.91291 1.222821058063367e-02
0.92492 1.230670193150477e-02
0.93694 1.238523179328835e-02
0.94895 1.246377383338003e-02
0.96096 1.254229956118187e-02
0.97297 1.262077864738934e-02
0.98498 1.269917926648722e-02
0.99700 1.277746845784458e-02
1.00901 1.285561250060031e-02
1.02102 1.293357729739130e-02
1.03303 1.301132876189597e-02
1.04505 1.308883320514734e-02
1.05706 1.316605771561528e-02
1.06907 1.324297052816232e-02
1.08108 1.331954137714486e-02
1.09309 1.339574182915570e-02
1.10511 1.347154559118360e-02
1.11712 1.354692879029805e-02
1.12913 1.362187022134581e-02
1.14114 1.369635155956844e-02
1.15315 1.377035753550920e-02
1.16517 1.384387607006820e-02
1.17718 1.391689836808140e-02
1.18919 1.398941896933327e-02
1.20120 1.406143575646029e-02
1.21321 1.413294991975419e-02
1.22523 1.420396587942371e-02
1.23724 1.427449116641540e-02
1.24925 1.434453626341888e-02
1.26126 1.441411440818590e-02
1.27327 1.448324136176696e-02
1.28529 1.455193514470933e-02
1.29730 1.462021574466070e-02
1.30931 1.468810479917715e-02
1.32132 1.475562525783967e-02
1.33333 1.482280102803576e-02
1.34535 1.488965660895726e-02
1.35736 1.495621671850297e-02
1.36937 1.502250591784995e-02
1.38138 1.508854823847215e-02
1.39339 1.515436681633816e-02
1.40541 1.521998353791168e-02
1.41742 1.528541870241162e-02
1.42943 1.535069070456454e-02
1.44144 1.541581574180395e-02
1.45345 1.548080754954280e-02
1.46547 1.554567716777122e-02
1.47748 1.561043274181655e-02
1.48949 1.567507935965188e-02
1.50150 1.573961892765996e-02
1.51351 1.580405008625602e-02
1.52553 1.586836816625377e-02
1.53754 1.593256518633054e-02
1.54955 1.599662989141573e-02
1.56156 1.606054783130054e-02
1.57357 1.612430147825185e-02
1.58559 1.618787038191598e-02
1.59760 1.625123135932677e-02
1.60961 1.631435871739102e-02
1.62162 1.637722450482091e-02
1.63363 1.643979879012095e-02
1.64565 1.650204996192191e-02
1.65766 1.656394504769037e-02
1.66967 1.662545004663196e-02
1.68168 1.668653027245359e-02
1.69369 1.674715070155507e-02
1.70571 1.680727632218490e-02
1.71772 1.686687248012046e-02
1.72973 1.692590521651525e-02
1.74174 1.698434159369783e-02
1.75375 1.704215000490318e-02
1.76577 1.709930046416591e-02
1.77778 1.715576487290235e-02
1.78979 1.721151726004990e-02
1.80180 1.726653399301283e-02
1.81381 1.732079395707835e-02
1.82583 1.737427870140885e-02
1.83784 1.742697255018033e-02
1.84985 1.747886267791540e-02
1.86186 1.752993914854664e-02
1.87387 1.758019491823429e-02
1.88589 1.762962580244538e-02
1.89790 1.767823040827269e-02
1.90991 1.772601003342478e-02
1.92192 1.777296853374652e-02
1.93393 1.781911216152787e-02
1.94595 1.786444937722146e-02
1.95796 1.790899063751224e-02
1.96997 1.795274816296097e-02
1.98198 1.799573568867461e-02
1.99399 1.803796820163713e-02
2.00601 1.807946166846333e-02
2.01802 1.812023275741348e-02
2.03003 1.816029855852767e-02
2.04204 1.819967630570799e-02
2.05405 1.823838310449126e-02
2.06607 1.827643566912153e-02
2.07808 1.831385007234888e-02
2.09009 1.835064151115359e-02
2.10210 1.838682409132765e-02
2.11411 1.842241063354044e-02
2.12613 1.845741250317966e-02
2.13814 1.849183946589597e-02
2.15015 1.852569957039570e-02
2.16216 1.855899905962751e-02
2.17417 1.859174231109996e-02
2.18619 1.862393180665495e-02
2.19820 1.865556813161249e-02
2.21021 1.868665000279995e-02
2.22222 1.871717432459127e-02
2.23423 1.874713627171149e-02
2.24625 1.877652939721663e-02
2.25826 1.880534576374102e-02
2.27027 1.883357609581830e-02
2.28228 1.886120995083247e-02
2.29429 1.888823590594350e-02
2.30631 1.891464175816091e-02
2.31832 1.894041473460983e-02
2.33033 1.896554170994901e-02
2.34234 1.899000942785798e-02
2.35435 1.901380472351262e-02
2.36637 1.903691474401245e-02
2.37838 1.905932716380832e-02
2.39039 1.908103039230341e-02
2.40240 1.910201377096153e-02
2.41441 1.912226775745089e-02
2.42643 1.914178409457585e-02
2.43844 1.916055596200030e-02
2.45045 1.917857810903869e-02
2.46246 1.919584696708201e-02
2.47447 1.921236074053021e-02
2.48649 1.922811947541568e-02
2.49850 1.924312510522014e-02
2.51051 1.925738147370466e-02
2.52252 1.927089433488515e-02
2.53453 1.928367133058993e-02
2.54655 1.929572194632662e-02
2.55856 1.930705744646062e-02
2.57057 1.931769078996119e-02
2.58258 1.932763652820316e-02
2.59459 1.933691068651744e-02
2.60661 1.934553063136133e-02
2.61862 1.935351492512778e-02
2.63063 1.936088317072921e-02
2.64264 1.936765584817706e-02
2.65465 1.937385414543072e-02
2.66667 1.937949978581026e-02
2.67868 1.938461485425659e-02
2.69069 1.938922162468068e-02
2.70270 1.939334239057316e-02
2.71471 1.939699930094659e-02
2.72673 1.940021420355933e-02
2.73874 1.940300849722240e-02
2.75075 1.940540299482350e-02
2.76276 1.940741779851722e-02
2.77477 1.940907218833007e-02
2.78679 1.941038452521827e-02
2.79880 1.941137216939583e-02
2.81081 1.941205141452560e-02
2.82282 1.941243743813923e-02
2.83483 1.941254426842579e-02
2.84685 1.941238476730730e-02
2.85886 1.941197062950489e-02
2.87087 1.941131239709394e-02
2.88288 1.941041948885435e-02
2.89489 1.940930024354335e-02
2.90691 1.940796197605668e-02
2.91892 1.940641104530019e-02
2.93093 1.940465293246960e-02
2.94294 1.940269232833294e-02
2.95495 1.940053322802776e-02
2.96697 1.939817903182552e-02
2.97898 1.939563265027712e-02
2.99099 1.939289661213803e-02
3.00300 1.938997317347668e-02
3.01502 1.938686442639659e-02
3.02703 1.938357240584927e-02
3.03904 1.938009919308023e-02
3.05105 1.937644701433320e-02
3.06306 1.937261833353670e-02
3.07508 1.936861593780969e-02
3.08709 1.936444301474848e-02
3.09910 1.936010322059245e-02
3.11111 1.935560073851034e-02
3.12312 1.935094032639873e-02
3.13514 1.934612735373878e-02
3.14715 1.934116782721365e-02
3.15916 1.933606840494555e-02
3.17117 1.933083639936535e-02
3.18318 1.932547976887888e-02
3.19520 1.932000709863818e-02
3.20721 1.931442757086418e-02
3.21922 1.930875092529520e-02
3.23123 1.930298741045466e-02
3.24324 1.929714772653791e-02
3.25526 1.929124296081247e-02
3.26727 1.928528451650723e-02
3.27928 1.927928403623309e-02
3.29129 1.927325332103000e-02
3.30330 1.926720424617339e-02
3.31532 1.926114867489582e-02
3.32733 1.925509837118796e-02
3.33934 1.924906491283705e-02
3.35135 1.924305960584033e-02
3.36336 1.923709340129770e-02
3.37538 1.923117681584122e-02
3.38739 1.922531985660114e-02
3.39940 1.921953195163879e-02
3.41141 1.921382188669831e-02
3.42342 1.920819774904139e-02
3.43544 1.920266687903489e-02
3.44745 1.919723583005997e-02
3.45946 1.919191033720649e-02
3.47147 1.918669529510676e-02
3.48348 1.918159474515239e-02
3.49550 1.917661187222612e-02
3.50751 1.917174901096903e-02
3.51952 1.916700766149506e-02
3.53153 1.916238851435766e-02
3.54354 1.915789148447192e-02
3.55556 1.915351575359840e-02
3.56757 1.914925982090421e-02
3.57958 1.914512156103339e-02
3.59159 1.914109828904247e-02
3.60360 1.913718683148999e-02
3.61562 1.913338360291004e-02
3.62763 1.912968468685094e-02
3.63964 1.912608592062069e-02
3.65165 1.912258298285126e-02
3.66366 1.911917148297406e-02
3.67568 1.911584705168938e-02
3.68769 1.911260543151192e-02
3.69970 1.910944256648441e-02
3.71171 1.910635469016914e-02
3.72372 1.910333841105449e-02
3.73574 1.910039079454808e-02
3.74775 1.909750944077101e-02
3.75976 1.909469255741634e-02
3.77177 1.909193902699045e-02
3.78378 1.908924846781601e-02
3.79580 1.908662128824049e-02
3.80781 1.908405873356230e-02
3.81982 1.908156292525828e-02
3.83183 1.907913689216926e-02
3.84384 1.907678459337496e-02
3.85586 1.907451093256465e-02
3.86787 1.907232176378386e-02
3.87988 1.907022388851146e-02
3.89189 1.906822504409278e-02
3.90390 1.906633388362373e-02
3.91592 1.906455994744771e-02
3.92793 1.906291362648977e-02
3.93994 1.906140611771239e-02
3.95195 1.906004937203242e-02
3.96396 1.905885603508976e-02
3.97598 1.905783938130565e-02
3.98799 1.905701324171023e-02
4.00000 1.905639192605721e-02
