-8.00000 1.642214130693066e-02
-7.98799 1.650875185652728e-02
-7.97598 1.659576249119632e-02
-7.96396 1.668323273426987e-02
-7.95195 1.677123064888435e-02
-7.93994 1.685983239690229e-02
-7.92793 1.694912120801055e-02
-7.91592 1.703918578611419e-02
-7.90390 1.713011820488433e-02
-7.89189 1.722201136493219e-02
-7.87988 1.731495610075581e-02
-7.86787 1.740903803621428e-02
-7.85586 1.750433429353075e-02
-7.84384 1.760091016432821e-02
-7.83183 1.769881585444270e-02
-7.81982 1.779808342037559e-02
-7.80781 1.789872402760778e-02
-7.79580 1.800072568253661e-02
-7.78378 1.810405162213872e-02
-7.77177 1.820863958792511e-02
-7.75976 1.831440225939660e-02
-7.74775 1.842122916918070e-02
-7.73574 1.852899045558035e-02
-7.72372 1.863754281370813e-02
-7.71171 1.874673796831878e-02
-7.69970 1.885643389721510e-02
-7.68769 1.896650887799305e-02
-7.67568 1.907687821821614e-02
-7.66366 1.918751327836470e-02
-7.65165 1.929846213811794e-02
-7.63964 1.940987102413697e-02
-7.62763 1.952200543777971e-02
-7.61562 1.963526979731093e-02
-7.60360 1.975022431212316e-02
-7.59159 1.986759768370889e-02
-7.57958 1.998829404396208e-02
-7.56757 2.011339235628560e-02
-7.55556 2.024413658736018e-02
-7.54354 2.038191593487335e-02
-7.53153 2.052823764286402e-02
-7.51952 2.068470410729162e-02
-7.50751 2.085303178666880e-02
-7.49550 2.103521783700513e-02
-7.48348 2.123410503613527e-02
-7.47147 2.145475224062742e-02
-7.45946 2.170668876865319e-02
-7.44745 2.200519597252828e-02
-7.43544 2.236641744684273e-02
-7.42342 2.279235185517019e-02
-7.41141 2.325545405344184e-02
-7.39940 2.370805560263937e-02
-7.38739 2.413959281964060e-02
-7.37538 2.477634832995727e-02
-7.36336 2.549571379047655e-02
-7.35135 2.529157731472526e-02
-7.33934 2.525671290680088e-02
-7.32733 2.544690137228442e-02
-7.31532 2.560617278022654e-02
-7.30330 2.570067026189119e-02
-7.29129 2.572986561424444e-02
-7.27928 2.570734770551264e-02
-7.26727 2.565328763882543e-02
-7.25526 2.558834199149865e-02
-7.24324 2.552908448091258e-02
-7.23123 2.548558492460205e-02
-7.21922 2.546112879780425e-02
-7.20721 2.545354141002295e-02
-7.19520 2.545732939659533e-02
-7.18318 2.546588904010412e-02
-7.17117 2.547326618391115e-02
-7.15916 2.547524733051705e-02
-7.14715 2.546980351618768e-02
-7.13514 2.545704912353573e-02
-7.12312 2.543892202553109e-02
-7.11111 2.541875523625972e-02
-7.09910 2.540078308933784e-02
-7.08709 2.538943610461906e-02
-7.07508 2.538827415941161e-02
-7.06306 2.539891227255364e-02
-7.05105 2.542092694355231e-02
-7.03904 2.545326690937720e-02
-7.02703 2.549600524786029e-02
-7.01502 2.555055725029446e-02
-7.00300 2.561818346831027e-02
-6.99099 2.569852845790946e-02
-6.97898 2.578958341151397e-02
-6.96697 2.588878009943275e-02
-6.95495 2.599423335799524e-02
-6.94294 2.610565009411147e-02
-6.93093 2.622493974833805e-02
-6.91892 2.635657977075167e-02
-6.90691 2.650755286982926e-02
-6.89489 2.668648718201453e-02
-6.88288 2.690172885706065e-02
-6.87087 2.715862656613159e-02
-6.85886 2.745711635264841e-02
-6.84685 2.779102480095528e-02
-6.83483 2.814961488552114e-02
-6.82282 2.852008773629662e-02
-6.81081 2.888868767918462e-02
-6.79880 2.923932729663754e-02
-6.78679 2.955165552147110e-02
-6.77477 2.980228370411616e-02
-6.76276 2.997097854314017e-02
-6.75075 3.004910635954700e-02
-6.73874 3.004463428946423e-02
-6.72673 2.997968747066938e-02
-6.71471 2.988177767622053e-02
-6.70270 2.977395946274768e-02
-6.69069 2.966913937922917e-02
-6.67868 2.957027193368484e-02
-6.66667 2.947447459196047e-02
-6.65465 2.937770519579707e-02
-6.64264 2.927765445176591e-02
-6.63063 2.917438300347095e-02
-6.61862 2.906954330611547e-02
-6.60661 2.896531372128434e-02
-6.59459 2.886375347804696e-02
-6.58258 2.876668951099179e-02
-6.57057 2.867584251008542e-02
-6.55856 2.859281248723756e-02
-6.54655 2.851869527436984e-02
-6.53453 2.845333108447901e-02
-6.52252 2.839438137775082e-02
-6.51051 2.833656697756218e-02
-6.49850 2.827148139911575e-02
-6.48649 2.818837318414709e-02
-6.47447 2.807608622750296e-02
-6.46246 2.792591935069193e-02
-6.45045 2.773459814587169e-02
-6.43844 2.750607199129362e-02
-6.42643 2.725080579649566e-02
-6.41441 2.698197258346639e-02
-6.40240 2.670950567960848e-02
-6.39039 2.643470525450179e-02
-6.37838 2.614873867549639e-02
-6.36637 2.583683894624209e-02
-6.35435 2.548662946853354e-02
-6.34234 2.509592817039040e-02
-6.33033 2.467514552705082e-02
-6.31832 2.424263509024146e-02
-6.30631 2.381592174223477e-02
-6.29429 2.340427565079772e-02
-6.28228 2.300684127822797e-02
-6.27027 2.261661473032847e-02
-6.25826 2.222694478142802e-02
-6.24625 2.183629931153474e-02
-6.23423 2.144896342261815e-02
-6.22222 2.107229336139651e-02
-6.21021 2.071297581352131e-02
-6.19820 2.037456078206691e-02
-6.18619 2.005708179597514e-02
-6.17417 1.975819555255826e-02
-6.16216 1.947476006082149e-02
-6.15015 1.920403864521186e-02
-6.13814 1.894424802019569e-02
-6.12613 1.869455782102877e-02
-6.11411 1.845479169067650e-02
-6.10210 1.822505630990506e-02
-6.09009 1.800544065351616e-02
-6.07808 1.779584527734177e-02
-6.06607 1.759594168034675e-02
-6.05405 1.740522685564092e-02
-6.04204 1.722312468859954e-02
-6.03003 1.704908896943626e-02
-6.01802 1.688267641094082e-02
-6.00601 1.672357565232113e-02
-5.99399 1.657159412154325e-02
-5.98198 1.642661528554960e-02
-5.96997 1.628854322122711e-02
-5.95796 1.615725056265842e-02
-5.94595 1.603254169999102e-02
-5.93393 1.591413767837528e-02
-5.92192 1.580168413314507e-02
-5.90991 1.569477967211154e-02
-5.89790 1.559301961930030e-02
-5.88589 1.549604874757374e-02
-5.87387 1.540361606906213e-02
-5.86186 1.531562438445228e-02
-5.84985 1.523216673461096e-02
-5.83784 1.515354113480568e-02
-5.82583 1.508023450145495e-02
-5.81381 1.501286753469984e-02
-5.80180 1.495209587954599e-02
-5.78979 1.489847048787903e-02
-5.77778 1.485227242728195e-02
-5.76577 1.481335363563868e-02
-5.75375 1.478103183222894e-02
-5.74174 1.475409723520942e-02
-5.72973 1.473097794857244e-02
-5.71772 1.471006454204676e-02
-5.70571 1.469010613551414e-02
-5.69369 1.467048640262003e-02
-5.68168 1.465119281187895e-02
-5.66967 1.463297535636946e-02
-5.65766 1.462112373413160e-02
-5.64565 1.463788428381172e-02
-5.63363 1.472184978424648e-02
-5.62162 1.485410330611378e-02
-5.60961 1.488501327369808e-02
-5.59760 1.468581242341153e-02
-5.58559 1.434107227099178e-02
-5.57357 1.401394392520914e-02
-5.56156 1.375270475570882e-02
-5.54955 1.352685782628932e-02
-5.53754 1.331287076914459e-02
-5.52553 1.310637476291867e-02
-5.51351 1.290892638536890e-02
-5.50150 1.272205308750591e-02
-5.48949 1.254669679715243e-02
-5.47748 1.238359811616579e-02
-5.46547 1.223343392719067e-02
-5.45345 1.209671920196949e-02
-5.44144 1.197367232603089e-02
-5.42943 1.186417766305222e-02
-5.41742 1.176787413842638e-02
-5.40541 1.168432796036724e-02
-5.39339 1.161322596913318e-02
-5.38138 1.155453816353665e-02
-5.36937 1.150862220893676e-02
-5.35736 1.147626436349616e-02
-5.34535 1.145866441576520e-02
-5.33333 1.145737728773509e-02
-5.32132 1.147422413796972e-02
-5.30931 1.151118482277040e-02
-5.29730 1.157028443852432e-02
-5.28529 1.165349082569048e-02
-5.27327 1.176264615184394e-02
-5.26126 1.189945862153043e-02
-5.24925 1.206556970742759e-02
-5.23724 1.226267575517633e-02
-5.22523 1.249261549733497e-02
-5.21321 1.275725472587006e-02
-5.20120 1.305795827075417e-02
-5.18919 1.339451406846731e-02
-5.17718 1.376361944800984e-02
-5.16517 1.415741840049731e-02
-5.15315 1.456291513919930e-02
-5.14114 1.496311633451880e-02
-5.12913 1.534027206350600e-02
-5.11712 1.568065652062567e-02
-5.10511 1.597935455900680e-02
-5.09309 1.624307222497447e-02
-5.08108 1.648945272746485e-02
-5.06907 1.674262448239328e-02
-5.05706 1.702608973874353e-02
-5.04505 1.735484823607156e-02
-5.03303 1.772862958962080e-02
-5.02102 1.812780888866179e-02
-5.00901 1.851364940514018e-02
-4.99700 1.883465793772642e-02
-4.98498 1.903964432384517e-02
-4.97297 1.909464863503978e-02
-4.96096 1.899690044964231e-02
-4.94895 1.877818834247588e-02
-4.93694 1.849469342292143e-02
-4.92492 1.820798108051416e-02
-4.91291 1.796671968172618e-02
-4.90090 1.779714099135627e-02
-4.88889 1.770404836081209e-02
-4.87688 1.767840971963846e-02
-4.86486 1.770582947929006e-02
-4.85285 1.777216895328131e-02
-4.84084 1.786562875343068e-02
-4.82883 1.797653257530336e-02
-4.81682 1.809639051287379e-02
-4.80480 1.821725022533714e-02
-4.79279 1.833165013638985e-02
-4.78078 1.843304750638988e-02
-4.76877 1.851642780064540e-02
-4.75676 1.863609131032949e-02
-4.74474 1.897000520214808e-02
-4.73273 1.870290662088391e-02
-4.72072 1.864095418778375e-02
-4.70871 1.862726447902420e-02
-4.69670 1.860067239899048e-02
-4.68468 1.856277918525630e-02
-4.67267 1.851436072840092e-02
-4.66066 1.845589242222292e-02
-4.64865 1.838830775420901e-02
-4.63664 1.831363114385209e-02
-4.62462 1.823519540203052e-02
-4.61261 1.815736590329995e-02
-4.60060 1.808492292133504e-02
-4.58859 1.802237549270661e-02
-4.57658 1.797352663788302e-02
-4.56456 1.794357531194719e-02
-4.55255 1.796513843648788e-02
-4.54054 1.819728725773872e-02
-4.52853 1.881294998028233e-02
-4.51652 1.930677119117508e-02
-4.50450 1.857842533298968e-02
-4.49249 1.817584063226599e-02
-4.48048 1.821219230614386e-02
-4.46847 1.830490597114431e-02
-4.45646 1.840910076731065e-02
-4.44444 1.851958775126319e-02
-4.43243 1.863475086442950e-02
-4.42042 1.875392099116656e-02
-4.40841 1.887742943135743e-02
-4.39640 1.900660438783417e-02
-4.38438 1.914355247276303e-02
-4.37237 1.929070010809585e-02
-4.36036 1.945012393903822e-02
-4.34835 1.962277339172188e-02
-4.33634 1.980776610055883e-02
-4.32432 2.000198368141026e-02
-4.31231 2.020017220542519e-02
-4.30030 2.039563820349285e-02
-4.28829 2.058144673198600e-02
-4.27628 2.075183619282959e-02
-4.26426 2.090346754579376e-02
-4.25225 2.103817587696890e-02
-4.24024 2.122400252458626e-02
-4.22823 2.167592326160094e-02
-4.21622 2.180801498672003e-02
-4.20420 2.160106381476357e-02
-4.19219 2.156724050299004e-02
-4.18018 2.165899107250602e-02
-4.16817 2.176971996120772e-02
-4.15616 2.188666278442759e-02
-4.14414 2.200986820073705e-02
-4.13213 2.214037788301601e-02
-4.12012 2.228000256405440e-02
-4.10811 2.243110336382399e-02
-4.09610 2.259622290016052e-02
-4.08408 2.277772216941594e-02
-4.07207 2.297750612756222e-02
-4.06006 2.319683895511871e-02
-4.04805 2.343619817489096e-02
-4.03604 2.369510075021871e-02
-4.02402 2.397184889710063e-02
-4.01201 2.426319101627429e-02
-4.00000 2.456397782884115e-02
-3.98799 2.486699690153714e-02
-3.97598 2.516323461515914e-02
-3.96396 2.544277004129835e-02
-3.95195 2.569631140540105e-02
-3.93994 2.591708934158074e-02
-3.92793 2.610255742894201e-02
-3.91592 2.625527989487567e-02
-3.90390 2.638259305650289e-02
-3.89189 2.649504924716875e-02
-3.87988 2.660409896415355e-02
-3.86787 2.671972182166045e-02
-3.85586 2.684867152849169e-02
-3.84384 2.699374241402527e-02
-3.83183 2.715408597926158e-02
-3.81982 2.732612830479061e-02
-3.80781 2.750465017654651e-02
-3.79580 2.768383434893693e-02
-3.78378 2.785807018788803e-02
-3.77177 2.802246118727667e-02
-3.75976 2.817313332920403e-02
-3.74775 2.830747379450646e-02
-3.73574 2.842439659859168e-02
-3.72372 2.852465115235034e-02
-3.71171 2.861108002756639e-02
-3.69970 2.868862214637902e-02
-3.68769 2.876379691855446e-02
-3.67568 2.884347537848848e-02
-3.66366 2.893301469159034e-02
-3.65165 2.903426212915840e-02
-3.63964 2.914430349571214e-02
-3.62763 2.925579038563614e-02
-3.61562 2.935897993091456e-02
-3.60360 2.944442997867996e-02
-3.59159 2.950437390880875e-02
-3.57958 2.953119628617683e-02
-3.56757 2.951356369009872e-02
-3.55556 2.943348613772917e-02
-3.54354 2.926841618154899e-02
-3.53153 2.899971200577458e-02
-3.51952 2.862378682254373e-02
-3.50751 2.815914692019878e-02
-3.49550 2.764435737784661e-02
-3.48348 2.712750204611669e-02
-3.47147 2.665244058134520e-02
-3.45946 2.624769432488417e-02
-3.44745 2.592076550120037e-02
-3.43544 2.565959447999287e-02
-3.42342 2.545228193782227e-02
-3.41141 2.530596229405736e-02
-3.39940 2.515441880723167e-02
-3.38739 2.505744633766452e-02
-3.37538 2.515561462794618e-02
-3.36336 2.479545123068663e-02
-3.35135 2.418529608741270e-02
-3.33934 2.388947930696073e-02
-3.32733 2.360878284328554e-02
-3.31532 2.338281540989914e-02
-3.30330 2.322369926056154e-02
-3.29129 2.311525828562049e-02
-3.27928 2.303318018357144e-02
-3.26727 2.295970158456602e-02
-3.25526 2.288571682870951e-02
-3.24324 2.280738578356915e-02
-3.23123 2.272321936394869e-02
-3.21922 2.263267687006172e-02
-3.20721 2.253558097795441e-02
-3.19520 2.243185220480243e-02
-3.18318 2.232138306030634e-02
-3.17117 2.220398886429218e-02
-3.15916 2.207940544147326e-02
-3.14715 2.194731830574711e-02
-3.13514 2.180741401277861e-02
-3.12312 2.165944387617884e-02
-3.11111 2.150328748050848e-02
-3.09910 2.133900282914164e-02
-3.08709 2.116685340484315e-02
-3.07508 2.098730886353916e-02
-3.06306 2.080102296414548e-02
-3.05105 2.060880437178811e-02
-3.03904 2.041287423193221e-02
-3.02703 2.026145405979378e-02
-3.01502 2.041566445776939e-02
-3.00300 2.048269566210248e-02
-2.99099 1.982964297335585e-02
-2.97898 1.940238898000468e-02
-2.96697 1.917956542497325e-02
-2.95495 1.897566140105792e-02
-2.94294 1.877528302210723e-02
-2.93093 1.857912912676731e-02
-2.91892 1.838807164146927e-02
-2.90691 1.820287600441102e-02
-2.89489 1.802417969872108e-02
-2.88288 1.785247766608300e-02
-2.87087 1.768811515615125e-02
-2.85886 1.753128833758905e-02
-2.84685 1.738205207226993e-02
-2.83483 1.724033357202201e-02
-2.82282 1.710595026809911e-02
-2.81081 1.697863011467271e-02
-2.79880 1.685803266478987e-02
-2.78679 1.674376952652841e-02
-2.77477 1.663542315321609e-02
-2.76276 1.653256328079791e-02
-2.75075 1.643476065338287e-02
-2.73874 1.634159795403048e-02
-2.72673 1.625267808618804e-02
-2.71471 1.616763015511958e-02
-2.70270 1.608611369565308e-02
-2.69069 1.600782183655958e-02
-2.67868 1.593248399652018e-02
-2.66667 1.585986806905699e-02
-2.65465 1.578978244212120e-02
-2.64264 1.572211538683523e-02
-2.63063 1.565709784798066e-02
-2.61862 1.559503617917161e-02
-2.60661 1.553407234590988e-02
-2.59459 1.547289962523939e-02
-2.58258 1.541340938074963e-02
-2.57057 1.535575283845931e-02
-2.55856 1.529910215377287e-02
-2.54655 1.524319321545514e-02
-2.53453 1.518807243328674e-02
-2.52252 1.513393835155857e-02
-2.51051 1.508108068850060e-02
-2.49850 1.502982731461305e-02
-2.48649 1.498051110936710e-02
-2.47447 1.493345937909697e-02
-2.46246 1.488899279235616e-02
-2.45045 1.484742030190240e-02
-2.43844 1.480902972551768e-02
-2.42643 1.477408579802485e-02
-2.41441 1.474283924940648e-02
-2.40240 1.471551326938207e-02
-2.39039 1.469218941517447e-02
-2.37838 1.467252122913693e-02
-2.36637 1.465531558354725e-02
-2.35435 1.463821184958120e-02
-2.34234 1.461780451901276e-02
-2.33033 1.459041178114650e-02
-2.31832 1.455328324013917e-02
-2.30631 1.450564062437542e-02
-2.29429 1.444892524490904e-02
-2.28228 1.438608020442879e-02
-2.27027 1.432029597295905e-02
-2.25826 1.425392530589110e-02
-2.24625 1.418805128712457e-02
-2.23423 1.412271495290681e-02
-2.22222 1.405746274541977e-02
-2.21021 1.399184178842948e-02
-2.19820 1.392565526826261e-02
-2.18619 1.385898947547844e-02
-2.17417 1.379211891671944e-02
-2.16216 1.372539021780936e-02
-2.15015 1.365913930357082e-02
-2.13814 1.359365673550042e-02
-2.12613 1.352919712296347e-02
-2.11411 1.346602392165517e-02
-2.10210 1.340448039492595e-02
-2.09009 1.334507387111871e-02
-2.07808 1.328855064492148e-02
-2.06607 1.323592494719841e-02
-2.05405 1.318841806321240e-02
-2.04204 1.314728586764692e-02
-2.03003 1.311358314752497e-02
-2.01802 1.308796681232302e-02
-2.00601 1.307046770806616e-02
-1.99399 1.305976286583764e-02
-1.98198 1.305176447576499e-02
-1.96997 1.304344487165454e-02
-1.95796 1.310749846895860e-02
-1.94595 1.310523995955803e-02
-1.93393 1.291494584675317e-02
-1.92192 1.281749592636124e-02
-1.90991 1.271709675875907e-02
-1.89790 1.260329176517366e-02
-1.88589 1.248090453158263e-02
-1.87387 1.235624994245907e-02
-1.86186 1.223496125393100e-02
-1.84985 1.212035309183403e-02
-1.83784 1.201321505688041e-02
-1.82583 1.191266905383643e-02
-1.81381 1.181723446718503e-02
-1.80180 1.172553915355253e-02
-1.78979 1.163658829614475e-02
-1.77778 1.154975913177677e-02
-1.76577 1.146470134672559e-02
-1.75375 1.138123807244593e-02
-1.74174 1.129929311609205e-02
-1.72973 1.121884175022889e-02
-1.71772 1.113987807651289e-02
-1.70571 1.106239411036053e-02
-1.69369 1.098636682981401e-02
-1.68168 1.091174843155288e-02
-1.66967 1.083845696245220e-02
-1.65766 1.076637567320093e-02
-1.64565 1.069544040284526e-02
-1.63363 1.062537675616681e-02
-1.62162 1.055589748034306e-02
-1.60961 1.048716057785375e-02
-1.59760 1.041894168672676e-02
-1.58559 1.035113767317536e-02
-1.57357 1.028366203751646e-02
-1.56156 1.021643734409731e-02
-1.54955 1.014940084835956e-02
-1.53754 1.008250953617585e-02
-1.52553 1.001574036318519e-02
-1.51351 9.949086059914637e-03
-1.50150 9.882549363513642e-03
-1.48949 9.816138548106569e-03
-1.47748 9.749865868388521e-03
-1.46547 9.683748958098733e-03
-1.45345 9.617813920832250e-03
-1.44144 9.552098283432783e-03
-1.42943 9.486652342665127e-03
-1.41742 9.421538433425004e-03
-1.40541 9.356828654495076e-03
-1.39339 9.292602057969475e-03
-1.38138 9.228942113094872e-03
-1.36937 9.165934694947718e-03
-1.35736 9.103666363929936e-03
-1.34535 9.042222555365166e-03
-1.33333 8.981685460590116e-03
-1.32132 8.922131649363726e-03
-1.30931 8.863629671192794e-03
-1.29730 8.806237913580480e-03
-1.28529 8.750002926696162e-03
-1.27327 8.694958318849030e-03
-1.26126 8.641124236488745e-03
-1.24925 8.588507382782731e-03
-1.23724 8.537101495526469e-03
-1.22523 8.486888189032342e-03
-1.21321 8.437838059969269e-03
-1.20120 8.389912200991721e-03
-1.18919 8.343117740668057e-03
-1.17718 8.298173535597971e-03
-1.16517 8.253538910271007e-03
-1.15315 8.208507253506622e-03
-1.14114 8.165261344824233e-03
-1.12913 8.122880739898678e-03
-1.11712 8.081189514818819e-03
-1.10511 8.040116015675405e-03
-1.09309 7.999590126373237e-03
-1.08108 7.959543369799494e-03
-1.06907 7.919909678531369e-03
-1.05706 7.880626129455693e-03
-1.04505 7.841633657848944e-03
-1.03303 7.802877767239484e-03
-1.02102 7.764309250144889e-03
-1.00901 7.725884931646015e-03
-0.99700 7.687568442700843e-03
-0.98498 7.649331023320040e-03
-0.97297 7.611152347642114e-03
-0.96096 7.573021354167221e-03
-0.94895 7.534937055695583e-03
-0.93694 7.496909295725146e-03
-0.92492 7.458959412122671e-03
-0.91291 7.421120769234561e-03
-0.90090 7.383439235017116e-03
-0.88889 7.345975381399541e-03
-0.87688 7.308820048907518e-03
-0.86486 7.272134733722794e-03
-0.85285 7.236095138812552e-03
-0.84084 7.200606356973933e-03
-0.82883 7.165417973455859e-03
-0.81682 7.130766088719580e-03
-0.80480 7.097149597865956e-03
-0.79279 7.064757467706339e-03
-0.78078 7.033616849603309e-03
-0.76877 7.003807226475548e-03
-0.75676 6.975447337476948e-03
-0.74474 6.948659143777779e-03
-0.73273 6.923557447657856e-03
-0.72072 6.900246631286618e-03
-0.70871 6.878818142201724e-03
-0.69670 6.859348071081025e-03
-0.68468 6.841894833153791e-03
-0.67267 6.826497009934090e-03
-0.66066 6.813171423460033e-03
-0.64865 6.801911531399248e-03
-0.63664 6.792686247761057e-03
-0.62462 6.785439311162421e-03
-0.61261 6.780089354092361e-03
-0.60060 6.776530931986425e-03
-0.58859 6.774637063921870e-03
-0.57658 6.774264149302601e-03
-0.56456 6.775259049984474e-03
-0.55255 6.777463629851478e-03
-0.54054 6.780708172094807e-03
-0.52853 6.784795935980175e-03
-0.51652 6.789505956857984e-03
-0.50450 6.794638059103007e-03
-0.49249 6.800070603747523e-03
-0.48048 6.805771281995784e-03
-0.46847 6.811757042043892e-03
-0.45646 6.818060228868250e-03
-0.44444 6.824734193031258e-03
-0.43243 6.831876336462673e-03
-0.42042 6.839639277827225e-03
-0.40841 6.848225675249666e-03
-0.39640 6.857875105910695e-03
-0.38438 6.868848512001868e-03
-0.37237 6.881411354668383e-03
-0.36036 6.895815686144306e-03
-0.34835 6.912281940815402e-03
-0.33634 6.930981804638110e-03
-0.32432 6.952023932500872e-03
-0.31231 6.975445293940423e-03
-0.30030 7.001214362911483e-03
-0.28829 7.029259468179577e-03
-0.27628 7.059537630028185e-03
-0.26426 7.092124482085355e-03
-0.25225 7.127199573303211e-03
-0.24024 7.164698794171293e-03
-0.22823 7.203643779957330e-03
-0.21622 7.241911173197009e-03
-0.20420 7.277322921054269e-03
-0.19219 7.309236238550267e-03
-0.18018 7.338661255163211e-03
-0.16817 7.366845554888860e-03
-0.15616 7.394160309619198e-03
-0.14414 7.420176233314076e-03
-0.13213 7.444296213498177e-03
-0.12012 7.466203795133287e-03
-0.10811 7.485957220921943e-03
-0.09610 7.503880279624704e-03
-0.08408 7.520402008614801e-03
-0.07207 7.535922880941099e-03
-0.06006 7.550701510613834e-03
-0.04805 7.564776592857082e-03
-0.03604 7.578154105092215e-03
-0.02402 7.590870153020517e-03
-0.01201 7.602918078858311e-03
0.00000 7.614693953832501e-03
0.01201 7.627014928380142e-03
0.02402 7.640275219811658e-03
0.03604 7.654745932787767e-03
0.04805 7.670808624060229e-03
0.06006 7.688635424284481e-03
0.07207 7.708336609598171e-03
0.08408 7.729925831127612e-03
0.09610 7.753360438546725e-03
0.10811 7.778591964855606e-03
0.12012 7.805603182319105e-03
0.13213 7.834430049758615e-03
0.14414 7.865137373556940e-03
0.15616 7.897758721836253e-03
0.16817 7.932289986881481e-03
0.18018 7.968794323899360e-03
0.19219 8.007458647371055e-03
0.20420 8.048399477639542e-03
0.21622 8.091497817633665e-03
0.22823 8.136716744816986e-03
0.24024 8.184439849310089e-03
0.25225 8.235047717190757e-03
0.26426 8.288309218682515e-03
0.27628 8.343627013469678e-03
0.28829 8.400720748283413e-03
0.30030 8.459721147576841e-03
0.31231 8.520726919523817e-03
0.32432 8.583541101425698e-03
0.33634 8.647795415823514e-03
0.34835 8.713153918631927e-03
0.36036 8.779375140480477e-03
0.37237 8.846269724228804e-03
0.38438 8.913657040463470e-03
0.39640 8.981365670216932e-03
0.40841 9.049269407097486e-03
0.42042 9.117330162755564e-03
0.43243 9.185619870929128e-03
0.44444 9.254307015782146e-03
0.45646 9.323643727259266e-03
0.46847 9.393749182306153e-03
0.48048 9.464875341287675e-03
0.49249 9.537067070827264e-03
0.50450 9.610310994781580e-03
0.51652 9.684522540812472e-03
0.52853 9.759569320706414e-03
0.54054 9.835295860065530e-03
0.55255 9.911543907280900e-03
0.56456 9.988166560902680e-03
0.57658 1.006503653335531e-02
0.58859 1.014204977608952e-02
0.60060 1.021912585523440e-02
0.61261 1.029620629502514e-02
0.62462 1.037325183491838e-02
0.63664 1.045023927498105e-02
0.64865 1.052715834748533e-02
0.66066 1.060400886305745e-02
0.67267 1.068079824092782e-02
0.68468 1.075753944188518e-02
0.69670 1.083424927124348e-02
0.70871 1.091094699671965e-02
0.72072 1.098765322207119e-02
0.73273 1.106438896315609e-02
0.74474 1.114117488286413e-02
0.75676 1.121803065163130e-02
0.76877 1.129497440926806e-02
0.78078 1.137202231102707e-02
0.79279 1.144918814622864e-02
0.80480 1.152648302162754e-02
0.81682 1.160391510437547e-02
0.82883 1.168148942120417e-02
0.84084 1.175920771156241e-02
0.85285 1.183706833306305e-02
0.86486 1.191506621786776e-02
0.87688 1.199319287865607e-02
0.88889 1.207143646266707e-02
0.90090 1.214978185202518e-02
0.91291 1.222821080820986e-02
0.92492 1.230670215813715e-02
0.93694 1.238523201891598e-02
0.94895 1.246377405794260e-02
0.96096 1.254229978461984e-02
0.97297 1.262077886964402e-02
0.98498 1.269917948750089e-02
0.99700 1.277746867756061e-02
1.00901 1.285561271896322e-02
1.02102 1.293357751434687e-02
1.03303 1.301132897739133e-02
1.04505 1.308883341913105e-02
1.05706 1.316605792803737e-02
1.06907 1.324297073897441e-02
1.08108 1.331954158630020e-02
1.09309 1.339574203660918e-02
1.10511 1.347154579689186e-02
1.11712 1.354692899421948e-02
1.12913 1.362187042344061e-02
1.14114 1.369635175979862e-02
1.15315 1.377035773383861e-02
1.16517 1.384387626646259e-02
1.17718 1.391689856250835e-02
1.18919 1.398941916176228e-02
1.20120 1.406143594686271e-02
1.21321 1.413295010810326e-02
1.22523 1.420396606569453e-02
1.23724 1.427449135058491e-02
1.24925 1.434453644546585e-02
1.26126 1.441411458809088e-02
1.27327 1.448324153951227e-02
1.28529 1.455193532027903e-02
1.29730 1.462021591804052e-02
1.30931 1.468810497035444e-02
1.32132 1.475562542680338e-02
1.33333 1.482280119477636e-02
1.34535 1.488965677346666e-02
1.35736 1.495621688077447e-02
1.36937 1.502250607787817e-02
1.38138 1.508854839625295e-02
1.39339 1.515436697186854e-02
1.40541 1.521998369118971e-02
1.41742 1.528541885343634e-02
1.42943 1.535069085333590e-02
1.44144 1.541581588832265e-02
1.45345 1.548080769381025e-02
1.46547 1.554567730978943e-02
1.47748 1.561043288158799e-02
1.48949 1.567507949717944e-02
1.50150 1.573961906294683e-02
1.51351 1.580405021930558e-02
1.52553 1.586836829706953e-02
1.53754 1.593256531491601e-02
1.54955 1.599663001777437e-02
1.56156 1.606054795543566e-02
1.57357 1.612430160016658e-02
1.58559 1.618787050161316e-02
1.59760 1.625123147680892e-02
1.60961 1.631435883266028e-02
1.62162 1.637722461787902e-02
1.63363 1.643979890096921e-02
1.64565 1.650205007056118e-02
1.65766 1.656394515412103e-02
1.66967 1.662545015085396e-02
1.68168 1.668653037446646e-02
1.69369 1.674715080135790e-02
1.70571 1.680727641977642e-02
1.71772 1.686687257549909e-02
1.72973 1.692590530967914e-02
1.74174 1.698434168464492e-02
1.75375 1.704215009363129e-02
1.76577 1.709930055067279e-02
1.77778 1.715576495718582e-02
1.78979 1.721151734210787e-02
1.80180 1.726653407284345e-02
1.81381 1.732079403468008e-02
1.82583 1.737427877678056e-02
1.83784 1.742697262332137e-02
1.84985 1.747886274882572e-02
1.86186 1.752993921722689e-02
1.87387 1.758019498468588e-02
1.88589 1.762962586667053e-02
1.89790 1.767823047027455e-02
1.90991 1.772601009320748e-02
1.92192 1.777296859131519e-02
1.93393 1.781911221688870e-02
1.94595 1.786444943038175e-02
1.95796 1.790899068848038e-02
1.96997 1.795274821174649e-02
1.98198 1.799573573528813e-02
1.99399 1.803796824609038e-02
2.00601 1.807946171076911e-02
2.01802 1.812023279758558e-02
2.03003 1.816029859658091e-02
2.04204 1.819967634165807e-02
2.05405 1.823838313835473e-02
2.06607 1.827643570091572e-02
2.07808 1.831385010209180e-02
2.09009 1.835064153886384e-02
2.10210 1.838682411702433e-02
2.11411 1.842241065724306e-02
2.12613 1.845741252490803e-02
2.13814 1.849183948567010e-02
2.15015 1.852569958823572e-02
2.16216 1.855899907555356e-02
2.17417 1.859174232513210e-02
2.18619 1.862393181881306e-02
2.19820 1.865556814191623e-02
2.21021 1.868665001126868e-02
2.22222 1.871717433124396e-02
2.23423 1.874713627656667e-02
2.24625 1.877652940029240e-02
2.25826 1.880534576505496e-02
2.27027 1.883357609538747e-02
2.28228 1.886120994867342e-02
2.29429 1.888823590207226e-02
2.30631 1.891464175259298e-02
2.31832 1.894041472736026e-02
2.33033 1.896554170103239e-02
2.34234 1.899000941728848e-02
2.35435 1.901380471130411e-02
2.36637 1.903691473017850e-02
2.37838 1.905932714836227e-02
2.39039 1.908103037525849e-02
2.40240 1.910201375233093e-02
2.41441 1.912226773724781e-02
2.42643 1.914178407281363e-02
2.43844 1.916055593869250e-02
2.45045 1.917857808419915e-02
2.46246 1.919584694072499e-02
2.47447 1.921236071267044e-02
2.48649 1.922811944606845e-02
2.49850 1.924312507440139e-02
2.51051 1.925738144143103e-02
2.52252 1.927089430117408e-02
2.53453 1.928367129545966e-02
2.54655 1.929572190979633e-02
2.55856 1.930705740855041e-02
2.57057 1.931769075069210e-02
2.58258 1.932763648759726e-02
2.59459 1.933691064459777e-02
2.60661 1.934553058815196e-02
2.61862 1.935351488065378e-02
2.63063 1.936088312501666e-02
2.64264 1.936765580125297e-02
2.65465 1.937385409732308e-02
2.66667 1.937949973654794e-02
2.67868 1.938461480386932e-02
2.69069 1.938922157319898e-02
2.70270 1.939334233802827e-02
2.71471 1.939699924737046e-02
2.72673 1.940021414898448e-02
2.73874 1.940300844168188e-02
2.75075 1.940540293835084e-02
2.76276 1.940741774114627e-02
2.77477 1.940907213009498e-02
2.78679 1.941038446615340e-02
2.79880 1.941137210953565e-02
2.81081 1.941205135390464e-02
2.82282 1.941243737679195e-02
2.83483 1.941254420638652e-02
2.84685 1.941238470461019e-02
2.85886 1.941197056618381e-02
2.87087 1.941131233318241e-02
2.88288 1.941041942438547e-02
2.89489 1.940930017854975e-02
2.90691 1.940796191057045e-02
2.91892 1.940641097935284e-02
2.93093 1.940465286609201e-02
2.94294 1.940269226155527e-02
2.95495 1.940053316087948e-02
2.96697 1.939817896433531e-02
2.97898 1.939563258247289e-02
2.99099 1.939289654404687e-02
3.00300 1.938997310512483e-02
3.01502 1.938686435780942e-02
3.02703 1.938357233705131e-02
3.03904 1.938009912409510e-02
3.05105 1.937644694518365e-02
3.06306 1.937261826424458e-02
3.07508 1.936861586839598e-02
3.08709 1.936444294523325e-02
3.09910 1.936010315099493e-02
3.11111 1.935560066884891e-02
3.12312 1.935094025669089e-02
3.13514 1.934612728400122e-02
3.14715 1.934116775746227e-02
3.15916 1.933606833519546e-02
3.17117 1.933083632963092e-02
3.18318 1.932547969917375e-02
3.19520 1.932000702897532e-02
3.20721 1.931442750125587e-02
3.21922 1.930875085575313e-02
3.23123 1.930298734098998e-02
3.24324 1.929714765716120e-02
3.25526 1.929124289153384e-02
3.26727 1.928528444733636e-02
3.27928 1.927928396717928e-02
3.29129 1.927325325210221e-02
3.30330 1.926720417738033e-02
3.31532 1.926114860624594e-02
3.32733 1.925509830268961e-02
3.33934 1.924906484449845e-02
3.35135 1.924305953766969e-02
3.36336 1.923709333330323e-02
3.37538 1.923117674803127e-02
3.38739 1.922531978898420e-02
3.39940 1.921953188422358e-02
3.41141 1.921382181949387e-02
3.42342 1.920819768205713e-02
3.43544 1.920266681228061e-02
3.44745 1.919723576354601e-02
3.45946 1.919191027094375e-02
3.47147 1.918669522910675e-02
3.48348 1.918159467942733e-02
3.49550 1.917661180678895e-02
3.50751 1.917174894583353e-02
3.51952 1.916700759667583e-02
3.53153 1.916238844987023e-02
3.54354 1.915789142033276e-02
3.55556 1.915351568982497e-02
3.56757 1.914925975751501e-02
3.57958 1.914512149804797e-02
3.59159 1.914109822648145e-02
3.60360 1.913718676937511e-02
3.61562 1.913338354126413e-02
3.62763 1.912968462569798e-02
3.63964 1.912608585998576e-02
3.65165 1.912258292276052e-02
3.66366 1.911917142345481e-02
3.67568 1.911584699276995e-02
3.68769 1.911260537322167e-02
3.69970 1.910944250885367e-02
3.71171 1.910635463322916e-02
3.72372 1.910333835483737e-02
3.73574 1.910039073908664e-02
3.74775 1.909750938609872e-02
3.75976 1.909469250356717e-02
3.77177 1.909193897399868e-02
3.78378 1.908924841571606e-02
3.79580 1.908662123706662e-02
3.80781 1.908405868334837e-02
3.81982 1.908156287603733e-02
3.83183 1.907913684397300e-02
3.84384 1.907678454623325e-02
3.85586 1.907451088650469e-02
3.86787 1.907232171882928e-02
3.87988 1.907022384468116e-02
3.89189 1.906822500139942e-02
3.90390 1.906633384207188e-02
3.91592 1.906455990703150e-02
3.92793 1.906291358718992e-02
3.93994 1.906140607949251e-02
3.95195 1.906004933483428e-02
3.96396 1.905885599882749e-02
3.97598 1.905783934585835e-02
3.98799 1.905701320691284e-02
4.00000 1.905639189168908e-02
