-8.00000 8.511500890729775e-04
-7.98799 8.707589040384297e-04
-7.97598 8.908161671543945e-04
-7.96396 9.113348222461188e-04
-7.95195 9.323281527744686e-04
-7.93994 9.538097358684374e-04
-7.92793 9.757933921328817e-04
-7.91592 9.982931334679293e-04
-7.90390 1.021323111523144e-03
-7.89189 1.044897569735412e-03
-7.87988 1.069030802147105e-03
-7.86787 1.093737122353921e-03
-7.85586 1.119030845974412e-03
-7.84384 1.144926289952093e-03
-7.83183 1.171437791784209e-03
-7.81982 1.198579751409143e-03
-7.80781 1.226366697969882e-03
-7.79580 1.254813382999264e-03
-7.78378 1.283934900743281e-03
-7.77177 1.313746835355034e-03
-7.75976 1.344265433564793e-03
-7.74775 1.375507800182066e-03
-7.73574 1.407492112450120e-03
-7.72372 1.440237847911998e-03
-7.71171 1.473766019151492e-03
-7.69970 1.508099407675883e-03
-7.68769 1.543262788489732e-03
-7.67568 1.579283136792406e-03
-7.66366 1.616189808957872e-03
-7.65165 1.654014691731236e-03
-7.63964 1.692792316490814e-03
-7.62763 1.732559939331278e-03
-7.61562 1.773357592126195e-03
-7.60360 1.815228113725381e-03
-7.59159 1.858217172814706e-03
-7.57958 1.902373293510751e-03
-7.56757 1.947747890921473e-03
-7.55556 1.994395317612859e-03
-7.54354 2.042372916377808e-03
-7.53153 2.091741075448468e-03
-7.51952 2.142563295741895e-03
-7.50751 2.194906309332756e-03
-7.49550 2.248840328306020e-03
-7.48348 2.304439531449604e-03
-7.47147 2.361782871845198e-03
-7.45946 2.420955160235655e-03
-7.44745 2.482048114537555e-03
-7.43544 2.545160698595849e-03
-7.42342 2.610397750321314e-03
-7.41141 2.677865885252412e-03
-7.39940 2.747666247192291e-03
-7.38739 2.819884978743207e-03
-7.37538 2.894584008426241e-03
-7.36336 2.971796111494201e-03
-7.35135 3.051528174505447e-03
-7.33934 3.133774525654482e-03
-7.32733 3.218538459200187e-03
-7.31532 3.305856281983780e-03
-7.30330 3.395816551777365e-03
-7.29129 3.488569281952014e-03
-7.27928 3.584325800412745e-03
-7.26727 3.683358205198916e-03
-7.25526 3.786016301537106e-03
-7.24324 3.892789733982382e-03
-7.23123 4.004457817042652e-03
-7.21922 4.122399152659808e-03
-7.20721 4.249194767497493e-03
-7.19520 4.389774934845302e-03
-7.18318 4.553541561005433e-03
-7.17117 4.758092472666470e-03
-7.15916 5.035197151206154e-03
-7.14715 5.439246371012263e-03
-7.13514 6.057430603302464e-03
-7.12312 7.019508229429998e-03
-7.11111 8.501701315996662e-03
-7.09910 1.070906395464758e-02
-7.08709 1.380588242012423e-02
-7.07508 1.777833192296242e-02
-7.06306 2.230065671516462e-02
-7.05105 2.677083651110697e-02
-7.03904 3.059657689544659e-02
-7.02703 3.353646053493273e-02
-7.01502 3.578082678529194e-02
-7.00300 3.771941418688080e-02
-6.99099 3.965688721070436e-02
-6.97898 4.170589603693497e-02
-6.96697 4.384270956919405e-02
-6.95495 4.599820329277981e-02
-6.94294 4.811654171440975e-02
-6.93093 5.018219014867396e-02
-6.91892 5.222672531863845e-02
-6.90691 5.431834481416272e-02
-6.89489 5.653726909270489e-02
-6.88288 5.894551123306659e-02
-6.87087 6.156236384924808e-02
-6.85886 6.435606009172866e-02
-6.84685 6.725651471620363e-02
-6.83483 7.018302858415459e-02
-6.82282 7.306921278244659e-02
-6.81081 7.586614389250677e-02
-6.79880 7.852057081952080e-02
-6.78679 8.094857561832779e-02
-6.77477 8.303483862560244e-02
-6.76276 8.467024489512530e-02
-6.75075 8.580785816677619e-02
-6.73874 8.649814792702869e-02
-6.72673 8.687689226820507e-02
-6.71471 8.711265245239844e-02
-6.70270 8.734661844432076e-02
-6.69069 8.765709088348925e-02
-6.67868 8.805941631007354e-02
-6.66667 8.852992077540479e-02
-6.65465 8.903413722046156e-02
-6.64264 8.954547569837319e-02
-6.63063 9.005120820817608e-02
-6.61862 9.054996057994755e-02
-6.60661 9.104651572243315e-02
-6.59459 9.154774304377736e-02
-6.58258 9.206077144698227e-02
-6.57057 9.259273397882503e-02
-6.55856 9.315079866565094e-02
-6.54655 9.374140430680067e-02
-6.53453 9.436823365297650e-02
-6.52252 9.502921846660552e-02
-6.51051 9.571361145997882e-02
-6.49850 9.640067696790482e-02
-6.48649 9.706157301963503e-02
-6.47447 9.766527210278697e-02
-6.46246 9.818782370031778e-02
-6.45045 9.862215531259635e-02
-6.43844 9.898369205340278e-02
-6.42643 9.930670055074013e-02
-6.41441 9.962900156938025e-02
-6.40240 9.996897352475827e-02
-6.39039 1.003060510965457e-01
-6.37838 1.005786219856392e-01
-6.36637 1.007063594445221e-01
-6.35435 1.006289655215185e-01
-6.34234 1.003396835988956e-01
-6.33033 9.989143957180881e-02
-6.31832 9.936925660464410e-02
-6.30631 9.884469122029554e-02
-6.29429 9.834034487337887e-02
-6.28228 9.782569285335306e-02
-6.27027 9.724448662754831e-02
-6.25826 9.655403114038336e-02
-6.24625 9.575144174481511e-02
-6.23423 9.487365687431161e-02
-6.22222 9.397627467767793e-02
-6.21021 9.310764092948406e-02
-6.19820 9.229300557992128e-02
-6.18619 9.153355097412247e-02
-6.17417 9.081569170155775e-02
-6.16216 9.012272369095614e-02
-6.15015 8.944304646413463e-02
-6.13814 8.877313591330606e-02
-6.12613 8.811632870887857e-02
-6.11411 8.747953396365277e-02
-6.10210 8.686977588975447e-02
-6.09009 8.629175850880728e-02
-6.07808 8.574690272374964e-02
-6.06607 8.523373217862061e-02
-6.05405 8.474913537831608e-02
-6.04204 8.428990876282565e-02
-6.03003 8.385405297804384e-02
-6.01802 8.344148583275317e-02
-6.00601 8.305406931513862e-02
-5.99399 8.269505238309295e-02
-5.98198 8.236816104559451e-02
-5.96997 8.207661031523437e-02
-5.95796 8.182228306986658e-02
-5.94595 8.160524666100638e-02
-5.93393 8.142368882948378e-02
-5.92192 8.127427320869886e-02
-5.90991 8.115285444653347e-02
-5.89790 8.105545665602670e-02
-5.88589 8.097940121892121e-02
-5.87387 8.092446060901166e-02
-5.86186 8.089390270943332e-02
-5.84985 8.089526796573093e-02
-5.83784 8.094069156529417e-02
-5.82583 8.104655914364348e-02
-5.81381 8.123229449175878e-02
-5.80180 8.151815648930880e-02
-5.78979 8.192210284661870e-02
-5.77778 8.245607581382158e-02
-5.76577 8.312245823324062e-02
-5.75375 8.391185037162892e-02
-5.74174 8.480354048077851e-02
-5.72973 8.576977408379817e-02
-5.71772 8.678380459794061e-02
-5.70571 8.782958187844428e-02
-5.69369 8.890834992387289e-02
-5.68168 9.003607702887180e-02
-5.66967 9.122865500120661e-02
-5.65766 9.248324555835169e-02
-5.64565 9.377555497303648e-02
-5.63363 9.504900031919747e-02
-5.62162 9.609721363581614e-02
-5.60961 9.647604769636151e-02
-5.59760 9.584190311768628e-02
-5.58559 9.434893736092025e-02
-5.57357 9.240241893080457e-02
-5.56156 9.026327610600066e-02
-5.54955 8.805798516215398e-02
-5.53754 8.588854072736980e-02
-5.52553 8.383205082536194e-02
-5.51351 8.192055362129506e-02
-5.50150 8.015053730869021e-02
-5.48949 7.850408902693612e-02
-5.47748 7.696389675660369e-02
-5.46547 7.551814511267728e-02
-5.45345 7.415880546618302e-02
-5.44144 7.287831577197339e-02
-5.42943 7.166791192981546e-02
-5.41742 7.051842827682704e-02
-5.40541 6.942274174159346e-02
-5.39339 6.837853122978947e-02
-5.38138 6.739030215933466e-02
-5.36937 6.647018325545749e-02
-5.35736 6.563749378229942e-02
-5.34535 6.491736934295426e-02
-5.33333 6.433883193696470e-02
-5.32132 6.393266567676337e-02
-5.30931 6.372939050761062e-02
-5.29730 6.375756959717573e-02
-5.28529 6.404266874144161e-02
-5.27327 6.460669755915106e-02
-5.26126 6.546884407997473e-02
-5.24925 6.664715761533239e-02
-5.23724 6.816091226086540e-02
-5.22523 7.003254801402788e-02
-5.21321 7.228722877669612e-02
-5.20120 7.494762276347323e-02
-5.18919 7.802229732770041e-02
-5.17718 8.148869608551867e-02
-5.16517 8.527564545838719e-02
-5.15315 8.925392045289930e-02
-5.14114 9.324386198708252e-02
-5.12913 9.704437265517551e-02
-5.11712 1.004784908248299e-01
-5.10511 1.034411665237308e-01
-5.09309 1.059304406045186e-01
-5.08108 1.080476081260981e-01
-5.06907 1.099638801634282e-01
-5.05706 1.118645646456126e-01
-5.04505 1.138898322882852e-01
-5.03303 1.160904092035783e-01
-5.02102 1.184095360505265e-01
-5.00901 1.206947650521930e-01
-4.99700 1.227376284332945e-01
-4.98498 1.243338323439210e-01
-4.97297 1.253484912328872e-01
-4.96096 1.257631402285625e-01
-4.94895 1.256829713913299e-01
-4.93694 1.252991290769820e-01
-4.92492 1.248240379036654e-01
-4.91291 1.244309846575783e-01
-4.90090 1.242226156830474e-01
-4.88889 1.242329655828997e-01
-4.87688 1.244498674976351e-01
-4.86486 1.248397372970607e-01
-4.85285 1.253633588378466e-01
-4.84084 1.259810000601998e-01
-4.82883 1.266511801839448e-01
-4.81682 1.273283125922783e-01
-4.80480 1.279624540292264e-01
-4.79279 1.285019920587971e-01
-4.78078 1.288985127521094e-01
-4.76877 1.291124126412955e-01
-4.75676 1.291177547808163e-01
-4.74474 1.289051583788033e-01
-4.73273 1.284820152285276e-01
-4.72072 1.278699514953829e-01
-4.70871 1.271000885646256e-01
-4.69670 1.262071622585099e-01
-4.68468 1.252238049853391e-01
-4.67267 1.241762077872842e-01
-4.66066 1.230819793024912e-01
-4.64865 1.219504216005078e-01
-4.63664 1.207848244598432e-01
-4.62462 1.195859181185701e-01
-4.61261 1.183554408353020e-01
-4.60060 1.170988977299256e-01
-4.58859 1.158269497035322e-01
-4.57658 1.145559747418741e-01
-4.56456 1.133260215832183e-01
-4.55255 1.124128983852166e-01
-4.54054 1.131397662555182e-01
-4.52853 1.169438352220348e-01
-4.51652 1.196677611590398e-01
-4.50450 1.123460477754931e-01
-4.49249 1.076892067229494e-01
-4.48048 1.066357778220461e-01
-4.46847 1.060699091278593e-01
-4.45646 1.056381779268723e-01
-4.44444 1.053088326560576e-01
-4.43243 1.050732023128554e-01
-4.42042 1.049225541262780e-01
-4.40841 1.048478184670359e-01
-4.39640 1.048401696347776e-01
-4.38438 1.048915547225894e-01
-4.37237 1.049951077696703e-01
-4.36036 1.051454029525042e-01
-4.34835 1.053385149166084e-01
-4.33634 1.055718766913070e-01
-4.32432 1.058439520970393e-01
-4.31231 1.061537663173166e-01
-4.30030 1.065003619788806e-01
-4.28829 1.068822656787119e-01
-4.27628 1.072970587490827e-01
-4.26426 1.077411439099836e-01
-4.25225 1.082097848017802e-01
-4.24024 1.086974678670032e-01
-4.22823 1.091985968463541e-01
-4.21622 1.097084821316313e-01
-4.20420 1.102245347080599e-01
-4.19219 1.107475227239660e-01
-4.18018 1.112827035532096e-01
-4.16817 1.118406113872189e-01
-4.15616 1.124372661935286e-01
-4.14414 1.130935821268388e-01
-4.13213 1.138338028728349e-01
-4.12012 1.146828919700605e-01
-4.10811 1.156629731723975e-01
-4.09610 1.167891597090491e-01
-4.08408 1.180654256826176e-01
-4.07207 1.194815171814677e-01
-4.06006 1.210121750420665e-01
-4.04805 1.226199599563744e-01
-4.03604 1.242624603166736e-01
-4.02402 1.259033457915041e-01
-4.01201 1.275245659257565e-01
-4.00000 1.291345708246059e-01
-3.98799 1.307662360714287e-01
-3.97598 1.324602213690668e-01
-3.96396 1.342359253433506e-01
-3.95195 1.360613460676049e-01
-3.93994 1.378398121812434e-01
-3.92793 1.394297233843266e-01
-3.91592 1.407036268574690e-01
-3.90390 1.416504281645499e-01
-3.89189 1.425410877797094e-01
-3.87988 1.441000212288971e-01
-3.86787 1.471419617132661e-01
-3.85586 1.508067925753142e-01
-3.84384 1.520515550552659e-01
-3.83183 1.505659760563600e-01
-3.81982 1.492953482336931e-01
-3.80781 1.491943985620509e-01
-3.79580 1.493283482200040e-01
-3.78378 1.489644008808081e-01
-3.77177 1.480658561623194e-01
-3.75976 1.469883272278286e-01
-3.74775 1.461007922692102e-01
-3.73574 1.455810374893415e-01
-3.72372 1.454114176502125e-01
-3.71171 1.454784649011419e-01
-3.69970 1.456753787899296e-01
-3.68769 1.459584983981636e-01
-3.67568 1.463500529746550e-01
-3.66366 1.469026590689949e-01
-3.65165 1.476529889588436e-01
-3.63964 1.485917126724453e-01
-3.62763 1.496652152105487e-01
-3.61562 1.508071899942804e-01
-3.60360 1.519808832777637e-01
-3.59159 1.532023377703435e-01
-3.57958 1.545208253630931e-01
-3.56757 1.559598116480050e-01
-3.55556 1.574580448061627e-01
-3.54354 1.588652862328422e-01
-3.53153 1.600167684605572e-01
-3.51952 1.608492184373840e-01
-3.50751 1.614810777466275e-01
-3.49550 1.622036707678715e-01
-3.48348 1.634043854278157e-01
-3.47147 1.654800564737811e-01
-3.45946 1.687006690805183e-01
-3.44745 1.729917428923297e-01
-3.43544 1.780903369307742e-01
-3.42342 1.828892850026981e-01
-3.41141 1.852454723999143e-01
-3.39940 1.844058792809992e-01
-3.38739 1.819432322363101e-01
-3.37538 1.833938210082273e-01
-3.36336 1.746406413784982e-01
-3.35135 1.617590173039195e-01
-3.33934 1.542533260588935e-01
-3.32733 1.470422886929212e-01
-3.31532 1.411853092623022e-01
-3.30330 1.369411191586386e-01
-3.29129 1.339021356815980e-01
-3.27928 1.315117764792712e-01
-3.26727 1.293961028777819e-01
-3.25526 1.273968023103735e-01
-3.24324 1.254802063175671e-01
-3.23123 1.236596660477445e-01
-3.21922 1.219560762629737e-01
-3.20721 1.203821540918242e-01
-3.19520 1.189389402730382e-01
-3.18318 1.176184512339636e-01
-3.17117 1.164084323835856e-01
-3.15916 1.152965258380051e-01
-3.14715 1.142726691983746e-01
-3.13514 1.133297376298814e-01
-3.12312 1.124630297947686e-01
-3.11111 1.116692672266877e-01
-3.09910 1.109455841640590e-01
-3.08709 1.102887510284812e-01
-3.07508 1.096947069901752e-01
-3.06306 1.091583902292590e-01
-3.05105 1.086738993965334e-01
-3.03904 1.082489657636481e-01
-3.02703 1.083931990533222e-01
-3.01502 1.119433506970339e-01
-3.00300 1.145879697884838e-01
-2.99099 1.093919704867808e-01
-2.97898 1.066805270232623e-01
-2.96697 1.062066744400257e-01
-2.95495 1.059307362816971e-01
-2.94294 1.056744876531008e-01
-2.93093 1.054373932346483e-01
-2.91892 1.052225405750204e-01
-2.90691 1.050335271988082e-01
-2.89489 1.048741499424087e-01
-2.88288 1.047481513391328e-01
-2.87087 1.046590297336692e-01
-2.85886 1.046099183689442e-01
-2.84685 1.046035306665050e-01
-2.83483 1.046421637673863e-01
-2.82282 1.047277499949987e-01
-2.81081 1.048619455994511e-01
-2.79880 1.050462470346359e-01
-2.78679 1.052821262139273e-01
-2.77477 1.055711771551082e-01
-2.76276 1.059152675498864e-01
-2.75075 1.063166925201197e-01
-2.73874 1.067783406831989e-01
-2.72673 1.073039174645113e-01
-2.71471 1.078983443704433e-01
-2.70270 1.085685695128235e-01
-2.69069 1.093251295895518e-01
-2.67868 1.101847229483948e-01
-2.66667 1.111736513831059e-01
-2.65465 1.123414375474516e-01
-2.64264 1.140167744155554e-01
-2.63063 1.183901295356657e-01
-2.61862 1.280927204581696e-01
-2.60661 1.335239238101098e-01
-2.59459 1.285557969673082e-01
-2.58258 1.255624046664191e-01
-2.57057 1.269280102206198e-01
-2.55856 1.291006507506229e-01
-2.54655 1.310833505961051e-01
-2.53453 1.328329069333858e-01
-2.52252 1.344366985660864e-01
-2.51051 1.360069309699453e-01
-2.49850 1.376400335477038e-01
-2.48649 1.393995298123335e-01
-2.47447 1.413230304976715e-01
-2.46246 1.434409690683838e-01
-2.45045 1.457914554149367e-01
-2.43844 1.484228536061334e-01
-2.42643 1.513858580620446e-01
-2.41441 1.547222334300098e-01
-2.40240 1.584548800795947e-01
-2.39039 1.625765871982615e-01
-2.37838 1.670307509807684e-01
-2.36637 1.716841718531090e-01
-2.35435 1.763086826223519e-01
-2.34234 1.806002745229035e-01
-2.33033 1.842528927533738e-01
-2.31832 1.870671334457005e-01
-2.30631 1.890375365529905e-01
-2.29429 1.903615443782312e-01
-2.28228 1.913576239031943e-01
-2.27027 1.923375021534031e-01
-2.25826 1.935023377539520e-01
-2.24625 1.949085020466638e-01
-2.23423 1.965003956351455e-01
-2.22222 1.981737655869704e-01
-2.21021 1.998309752004171e-01
-2.19820 2.014092757725689e-01
-2.18619 2.028838466509985e-01
-2.17417 2.042572070350381e-01
-2.16216 2.055460517291296e-01
-2.15015 2.067717669084805e-01
-2.13814 2.079566746790421e-01
-2.12613 2.091259083079269e-01
-2.11411 2.103141321484433e-01
-2.10210 2.115760364372709e-01
-2.09009 2.129988592285232e-01
-2.07808 2.147137285898847e-01
-2.06607 2.169007616946218e-01
-2.05405 2.197829725168148e-01
-2.04204 2.236120503458995e-01
-2.03003 2.286686070365631e-01
-2.01802 2.353006319154572e-01
-2.00601 2.439200150689751e-01
-1.99399 2.546890978394001e-01
-1.98198 2.667903334154582e-01
-1.96997 2.791909319075809e-01
-1.95796 3.109626886628846e-01
-1.94595 3.250657511468671e-01
-1.93393 2.899527098800197e-01
-1.92192 2.818115346353379e-01
-1.90991 2.753600976170355e-01
-1.89790 2.673193650626303e-01
-1.88589 2.580315412959517e-01
-1.87387 2.482185611241564e-01
-1.86186 2.386873936014151e-01
-1.84985 2.299959737814741e-01
-1.83784 2.223510055232447e-01
-1.82583 2.157046749075659e-01
-1.81381 2.099033061534831e-01
-1.80180 2.047894693610895e-01
-1.78979 2.002390299094192e-01
-1.77778 1.961589313733887e-01
-1.76577 1.924769718280164e-01
-1.75375 1.891430022408276e-01
-1.74174 1.861477802704797e-01
-1.72973 1.835554061065438e-01
-1.71772 1.815393284801813e-01
-1.70571 1.804117148623783e-01
-1.69369 1.806067288890595e-01
-1.68168 1.824810585883743e-01
-1.66967 1.859260396437553e-01
-1.65766 1.906549357109169e-01
-1.64565 2.086244379766888e-01
-1.63363 2.201117057833423e-01
-1.62162 2.026807669673482e-01
-1.60961 2.009786148767162e-01
-1.59760 1.984756670950764e-01
-1.58559 1.956706595044011e-01
-1.57357 1.933991457123001e-01
-1.56156 1.915618989225133e-01
-1.54955 1.898192834122639e-01
-1.53754 1.879719100115729e-01
-1.52553 1.859866963255614e-01
-1.51351 1.839306358069497e-01
-1.50150 1.819033433497678e-01
-1.48949 1.799854781696127e-01
-1.47748 1.782140269587380e-01
-1.46547 1.765849471327945e-01
-1.45345 1.750713293813441e-01
-1.44144 1.736420956601556e-01
-1.42943 1.722723490950056e-01
-1.41742 1.709450006373455e-01
-1.40541 1.696481216292847e-01
-1.39339 1.683723781783779e-01
-1.38138 1.671103210624603e-01
-1.36937 1.658570386647268e-01
-1.35736 1.646109394554415e-01
-1.34535 1.633738761153034e-01
-1.33333 1.621505612885001e-01
-1.32132 1.609476341965641e-01
-1.30931 1.597727195286673e-01
-1.29730 1.586336063776496e-01
-1.28529 1.575375176423191e-01
-1.27327 1.564904320241593e-01
-1.26126 1.554965007847925e-01
-1.24925 1.545576628304220e-01
-1.23724 1.536735459248813e-01
-1.22523 1.528416636120402e-01
-1.21321 1.520578317486195e-01
-1.20120 1.513170777772765e-01
-1.18919 1.507034059986534e-01
-1.17718 1.514846917854253e-01
-1.16517 1.512155723779955e-01
-1.15315 1.488323399414674e-01
-1.14114 1.480373502924643e-01
-1.12913 1.474243692739450e-01
-1.11712 1.468162419542366e-01
-1.10511 1.462085875566310e-01
-1.09309 1.455991438599824e-01
-1.08108 1.449865906933783e-01
-1.06907 1.443705209584856e-01
-1.05706 1.437513835518617e-01
-1.04505 1.431304082980361e-01
-1.03303 1.425095199457585e-01
-1.02102 1.418912431934325e-01
-1.00901 1.412785966779911e-01
-0.99700 1.406749723186907e-01
-0.98498 1.400839974345991e-01
-0.97297 1.395093797609897e-01
-0.96096 1.389547386772142e-01
-0.94895 1.384234286841456e-01
-0.93694 1.379183629985078e-01
-0.92492 1.374418461578048e-01
-0.91291 1.369954295088783e-01
-0.90090 1.365799456700525e-01
-0.88889 1.361979661668867e-01
-0.87688 1.358730447822750e-01
-0.86486 1.356998720792476e-01
-0.85285 1.357757783995174e-01
-0.84084 1.358518655411701e-01
-0.82883 1.354762644051581e-01
-0.81682 1.347856443945998e-01
-0.80480 1.342325887154212e-01
-0.79279 1.338841415657506e-01
-0.78078 1.336068856810304e-01
-0.76877 1.333333799104814e-01
-0.75676 1.330493223546727e-01
-0.74474 1.327525297830114e-01
-0.73273 1.324434452605641e-01
-0.72072 1.321243280478825e-01
-0.70871 1.317992314834284e-01
-0.69670 1.314739032886954e-01
-0.68468 1.311555565319724e-01
-0.67267 1.308525085411096e-01
-0.66066 1.305736962121668e-01
-0.64865 1.303280878932206e-01
-0.63664 1.301240248725897e-01
-0.62462 1.299685415508726e-01
-0.61261 1.298667510912219e-01
-0.60060 1.298215196860182e-01
-0.58859 1.298340332188589e-01
-0.57658 1.299062743087435e-01
-0.56456 1.300450975745747e-01
-0.55255 1.302619438772412e-01
-0.54054 1.305573915756197e-01
-0.52853 1.308935233837330e-01
-0.51652 1.311885888269848e-01
-0.50450 1.313645685920778e-01
-0.49249 1.314107405098591e-01
-0.48048 1.313882326313183e-01
-0.46847 1.313711863038078e-01
-0.45646 1.313973658111998e-01
-0.44444 1.314709491756120e-01
-0.43243 1.315902830717787e-01
-0.42042 1.317640843436076e-01
-0.40841 1.320108502646024e-01
-0.39640 1.323522770900912e-01
-0.38438 1.328075374602633e-01
-0.37237 1.333894041302664e-01
-0.36036 1.341016705243964e-01
-0.34835 1.349377147878567e-01
-0.33634 1.358804417418679e-01
-0.32432 1.369040313993331e-01
-0.31231 1.379785366133847e-01
-0.30030 1.390805881232197e-01
-0.28829 1.402177172741561e-01
-0.27628 1.414758989064102e-01
-0.26426 1.430871876310263e-01
-0.25225 1.454503058650529e-01
-0.24024 1.488911838966226e-01
-0.22823 1.530299641075007e-01
-0.21622 1.564554812398918e-01
-0.20420 1.577899157964362e-01
-0.19219 1.572161667653832e-01
-0.18018 1.562261544904886e-01
-0.16817 1.560175805505913e-01
-0.15616 1.567634241064121e-01
-0.14414 1.580333283945533e-01
-0.13213 1.592930315940556e-01
-0.12012 1.600965758219016e-01
-0.10811 1.601795951157087e-01
-0.09610 1.595670909144411e-01
-0.08408 1.586090832044049e-01
-0.07207 1.578607633759375e-01
-0.06006 1.576307003004561e-01
-0.04805 1.574530993331062e-01
-0.03604 1.568897106321980e-01
-0.02402 1.551580006765958e-01
-0.01201 1.507029828371471e-01
0.00000 1.467767944608697e-01
0.01201 1.508580808343537e-01
0.02402 1.481939481346207e-01
0.03604 1.355431667258881e-01
0.04805 1.270762877197159e-01
0.06006 1.205683838420690e-01
0.07207 1.148250417056589e-01
0.08408 1.096992685077555e-01
0.09610 1.049025115590801e-01
0.10811 1.002431940215994e-01
0.12012 9.558860127205493e-02
0.13213 9.086820085339146e-02
0.14414 8.607140427103702e-02
0.15616 8.117781655190723e-02
0.16817 7.614270466215453e-02
0.18018 7.103898893934878e-02
0.19219 6.613411808629384e-02
0.20420 6.158799641355054e-02
0.21622 5.714154678834189e-02
0.22823 5.250655414369473e-02
0.24024 4.796995768872338e-02
0.25225 4.409151161283216e-02
0.26426 4.094710456127508e-02
0.27628 3.816305693370574e-02
0.28829 3.552404411131806e-02
0.30030 3.315831597261583e-02
0.31231 3.123304187982626e-02
0.32432 2.973166885394320e-02
0.33634 2.851533615594366e-02
0.34835 2.746134558088589e-02
0.36036 2.651549967570017e-02
0.37237 2.567105061562133e-02
0.38438 2.493500680852483e-02
0.39640 2.430886133321894e-02
0.40841 2.378375085828313e-02
0.42042 2.334354846616770e-02
0.43243 2.297031332389724e-02
0.44444 2.264856224064949e-02
0.45646 2.236742274863799e-02
0.46847 2.211812322559382e-02
0.48048 2.189679594602249e-02
0.49249 2.169898503928643e-02
0.50450 2.152099567366806e-02
0.51652 2.135928450382438e-02
0.52853 2.121056129238382e-02
0.54054 2.107194710259356e-02
0.55255 2.094106275698084e-02
0.56456 2.081602641942992e-02
0.57658 2.069539094914426e-02
0.58859 2.057805912832772e-02
0.60060 2.046320229594292e-02
0.61261 2.035019343134722e-02
0.62462 2.023855640597548e-02
0.63664 2.012792903899861e-02
0.64865 2.001803663487768e-02
0.66066 1.990867302967949e-02
0.67267 1.979968685668014e-02
0.68468 1.969097138408593e-02
0.69670 1.958245678174178e-02
0.70871 1.947410404066286e-02
0.72072 1.936590002573773e-02
0.73273 1.925785331677208e-02
0.74474 1.914999061044840e-02
0.75676 1.904235353411729e-02
0.76877 1.893499577455153e-02
0.78078 1.882798045961329e-02
0.79279 1.872137775398256e-02
0.80480 1.861526264547555e-02
0.81682 1.850971290856232e-02
0.82883 1.840480723815922e-02
0.84084 1.830062355075019e-02
0.85285 1.819723745215327e-02
0.86486 1.809472087231619e-02
0.87688 1.799314086776092e-02
0.88889 1.789255859195545e-02
0.90090 1.779302843315081e-02
0.91291 1.769459731821385e-02
0.92492 1.759730417980829e-02
0.93694 1.750117958300062e-02
0.94895 1.740624550605298e-02
0.96096 1.731251526885611e-02
0.97297 1.721999360119062e-02
0.98498 1.712867684181548e-02
0.99700 1.703855325829228e-02
1.00901 1.694960347648625e-02
1.02102 1.686180100785458e-02
1.03303 1.677511286195325e-02
1.04505 1.668950023107598e-02
1.05706 1.660491923358615e-02
1.06907 1.652132170232162e-02
1.08108 1.643865600444004e-02
1.09309 1.635686787922714e-02
1.10511 1.627590128070893e-02
1.11712 1.619569921237969e-02
1.12913 1.611620454197600e-02
1.14114 1.603736078497772e-02
1.15315 1.595911284638878e-02
1.16517 1.588140771133065e-02
1.17718 1.580419507605006e-02
1.18919 1.572742791208980e-02
1.20120 1.565106295757447e-02
1.21321 1.557506113080890e-02
1.22523 1.549938786265713e-02
1.23724 1.542401334544629e-02
1.24925 1.534891269740769e-02
1.26126 1.527406604290853e-02
1.27327 1.519945850992848e-02
1.28529 1.512508014737977e-02
1.29730 1.505092576594473e-02
1.30931 1.497699470709859e-02
1.32132 1.490329054588667e-02
1.33333 1.482982073382427e-02
1.34535 1.475659618897750e-02
1.35736 1.468363084085628e-02
1.36937 1.461094113820350e-02
1.38138 1.453854552809311e-02
1.39339 1.446646391495317e-02
1.40541 1.439471710820908e-02
1.41742 1.432332626719778e-02
1.42943 1.425231235184044e-02
1.44144 1.418169558728379e-02
1.45345 1.411149495033383e-02
1.46547 1.404172768502105e-02
1.47748 1.397240885405799e-02
1.48949 1.390355093229229e-02
1.50150 1.383516344752854e-02
1.51351 1.376725267330370e-02
1.52553 1.369982137736554e-02
1.53754 1.363286862873213e-02
1.54955 1.356638966531863e-02
1.56156 1.350037582321461e-02
1.57357 1.343481452779620e-02
1.58559 1.336968934597399e-02
1.59760 1.330498009802008e-02
1.60961 1.324066302660039e-02
1.62162 1.317671101986830e-02
1.63363 1.311309388476516e-02
1.64565 1.304977866602978e-02
1.65766 1.298673000584951e-02
1.66967 1.292391053859842e-02
1.68168 1.286128131470619e-02
1.69369 1.279880224739010e-02
1.70571 1.273643257576409e-02
1.71772 1.267413133771414e-02
1.72973 1.261185784589861e-02
1.74174 1.254957216029410e-02
1.75375 1.248723555085901e-02
1.76577 1.242481094412498e-02
1.77778 1.236226334784493e-02
1.78979 1.229956024822110e-02
1.80180 1.223667197469789e-02
1.81381 1.217357202782766e-02
1.82583 1.211023736629216e-02
1.83784 1.204664864977972e-02
1.84985 1.198279043507030e-02
1.86186 1.191865132335519e-02
1.87387 1.185422405750805e-02
1.88589 1.178950556871734e-02
1.89790 1.172449697257825e-02
1.90991 1.165920351541604e-02
1.92192 1.159363447226139e-02
1.93393 1.152780299851611e-02
1.94595 1.146172593792378e-02
1.95796 1.139542358998947e-02
1.96997 1.132891944046877e-02
1.98198 1.126223985896244e-02
1.99399 1.119541376800671e-02
2.00601 1.112847228833545e-02
2.01802 1.106144836520665e-02
2.03003 1.099437638083277e-02
2.04204 1.092729175802828e-02
2.05405 1.086023056019282e-02
2.06607 1.079322909268383e-02
2.07808 1.072632351050117e-02
2.09009 1.065954943701319e-02
2.10210 1.059294159820084e-02
2.11411 1.052653347659049e-02
2.12613 1.046035698869189e-02
2.13814 1.039444218936123e-02
2.15015 1.032881700607793e-02
2.16216 1.026350700566269e-02
2.17417 1.019853519548336e-02
2.18619 1.013392186069799e-02
2.19820 1.006968443858161e-02
2.21021 1.000583743047963e-02
2.22222 9.942392351433906e-03
2.23423 9.879357717044577e-03
2.24625 9.816739066666743e-03
2.25826 9.754539021602938e-03
2.27027 9.692757376544712e-03
2.28228 9.631391222143694e-03
2.29429 9.570435096259586e-03
2.30631 9.509881161141376e-03
2.31832 9.449719403552244e-03
2.33033 9.389937854650251e-03
2.34234 9.330522826285789e-03
2.35435 9.271459160275376e-03
2.36637 9.212730487157610e-03
2.37838 9.154319490931097e-03
2.39039 9.096208176314582e-03
2.40240 9.038378135152977e-03
2.41441 8.980810808718584e-03
2.42643 8.923487742819917e-03
2.43844 8.866390832828214e-03
2.45045 8.809502555960689e-03
2.46246 8.752806188413943e-03
2.47447 8.696286005218537e-03
2.48649 8.639927460979984e-03
2.49850 8.583717349978922e-03
2.51051 8.527643944419346e-03
2.52252 8.471697109932973e-03
2.53453 8.415868397767100e-03
2.54655 8.360151113397211e-03
2.55856 8.304540361610685e-03
2.57057 8.249033068400809e-03
2.58258 8.193627980286455e-03
2.59459 8.138325641930689e-03
2.60661 8.083128353167169e-03
2.61862 8.028040106755096e-03
2.63063 7.973066508369915e-03
2.64264 7.918214680495604e-03
2.65465 7.863493152015755e-03
2.66667 7.808911735402718e-03
2.67868 7.754481393477695e-03
2.69069 7.700214097760141e-03
2.70270 7.646122680441705e-03
2.71471 7.592220682010965e-03
2.72673 7.538522196520076e-03
2.73874 7.485041716425613e-03
2.75075 7.431793978855485e-03
2.76276 7.378793815052615e-03
2.77477 7.326056004628130e-03
2.78679 7.273595136122885e-03
2.79880 7.221425475229548e-03
2.81081 7.169560841870932e-03
2.82282 7.118014497165225e-03
2.83483 7.066799041139339e-03
2.84685 7.015926321878565e-03
2.85886 6.965407356628052e-03
2.87087 6.915252265190299e-03
2.88288 6.865470215795759e-03
2.89489 6.816069383462789e-03
2.90691 6.767056920709540e-03
2.91892 6.718438940336881e-03
2.93093 6.670220509868123e-03
2.94294 6.622405657110214e-03
2.95495 6.574997386193137e-03
2.96697 6.527997703349382e-03
2.97898 6.481407651615411e-03
2.99099 6.435227353571016e-03
3.00300 6.389456061181207e-03
3.01502 6.344092211768769e-03
3.02703 6.299133489122729e-03
3.03904 6.254576888739500e-03
3.05105 6.210418786197560e-03
3.06306 6.166655007683207e-03
3.07508 6.123280901713303e-03
3.08709 6.080291411139236e-03
3.09910 6.037681144564829e-03
3.11111 5.995444446367106e-03
3.12312 5.953575464572414e-03
3.13514 5.912068215910144e-03
3.14715 5.870916647440220e-03
3.15916 5.830114694228525e-03
3.17117 5.789656332624475e-03
3.18318 5.749535628776028e-03
3.19520 5.709746782099129e-03
3.20721 5.670284163498512e-03
3.21922 5.631142348215622e-03
3.23123 5.592316143254773e-03
3.24324 5.553800609410610e-03
3.25526 5.515591077987796e-03
3.26727 5.477683162366097e-03
3.27928 5.440072764621572e-03
3.29129 5.402756077465510e-03
3.30330 5.365729581807821e-03
3.31532 5.328990040290234e-03
3.32733 5.292534487166345e-03
3.33934 5.256360214931044e-03
3.35135 5.220464758120484e-03
3.36336 5.184845874715844e-03
3.37538 5.149501525590397e-03
3.38739 5.114429852439007e-03
3.39940 5.079629154623761e-03
3.41141 5.045097865358312e-03
3.42342 5.010834527637569e-03
3.43544 4.976837770299358e-03
3.44745 4.943106284580201e-03
3.45946 4.909638801500029e-03
3.47147 4.876434070380111e-03
3.48348 4.843490838765617e-03
3.49550 4.810807833989889e-03
3.50751 4.778383746581368e-03
3.51952 4.746217215677734e-03
3.53153 4.714306816574821e-03
3.54354 4.682651050501165e-03
3.55556 4.651248336673190e-03
3.56757 4.620097006650857e-03
3.57958 4.589195300980285e-03
3.59159 4.558541368078014e-03
3.60360 4.528133265281916e-03
3.61562 4.497968961966619e-03
3.62763 4.468046344596355e-03
3.63964 4.438363223566346e-03
3.65165 4.408917341664658e-03
3.66366 4.379706383970222e-03
3.67568 4.350727988989841e-03
3.68769 4.321979760826614e-03
3.69970 4.293459282165468e-03
3.71171 4.265164127857162e-03
3.72372 4.237091878880991e-03
3.73574 4.209240136468020e-03
3.74775 4.181606536170695e-03
3.75976 4.154188761671409e-03
3.77177 4.126984558131399e-03
3.78378 4.099991744892210e-03
3.79580 4.073208227354893e-03
3.80781 4.046632007876224e-03
3.81982 4.020261195537240e-03
3.83183 3.994094014655999e-03
3.84384 3.968128811934497e-03
3.85586 3.942364062147928e-03
3.86787 3.916798372303382e-03
3.87988 3.891430484214220e-03
3.89189 3.866259275455224e-03
3.90390 3.841283758682604e-03
3.91592 3.816503079321249e-03
3.92793 3.791916511639321e-03
3.93994 3.767523453247527e-03
3.95195 3.743323418076254e-03
3.96396 3.719316027899067e-03
3.97598 3.695501002484880e-03
3.98799 3.671878148473794e-03
4.00000 3.648447347083130e-03
