-8.00000 2.521910641367816e-03
-7.98799 2.582629262762494e-03
-7.97598 2.645006805896599e-03
-7.96396 2.709124246571418e-03
-7.95195 2.775069267379028e-03
-7.93994 2.842936330430406e-03
-7.92793 2.912826598506813e-03
-7.91592 2.984847704202215e-03
-7.90390 3.059113366914281e-03
-7.89189 3.135742855034256e-03
-7.87988 3.214860285788315e-03
-7.86787 3.296593749151470e-03
-7.85586 3.381074237383934e-03
-7.84384 3.468434361448712e-03
-7.83183 3.558806844305934e-03
-7.81982 3.652322803959837e-03
-7.80781 3.749109881240441e-03
-7.79580 3.849290332607001e-03
-7.78378 3.952979298230939e-03
-7.77177 4.060283567650726e-03
-7.75976 4.171301291322178e-03
-7.74775 4.286123212126572e-03
-7.73574 4.404836096329814e-03
-7.72372 4.527529105228832e-03
-7.71171 4.654303844651752e-03
-7.69970 4.785288745470552e-03
-7.68769 4.920658265990389e-03
-7.67568 5.060657190403545e-03
-7.66366 5.205630074228960e-03
-7.65165 5.356055722329356e-03
-7.63964 5.512586540959915e-03
-7.62763 5.676092719057023e-03
-7.61562 5.847711457884057e-03
-7.60360 6.028901850051200e-03
-7.59159 6.221506556339857e-03
-7.57958 6.427822505716044e-03
-7.56757 6.650685515715810e-03
-7.55556 6.893580228320008e-03
-7.54354 7.160800917468829e-03
-7.53153 7.457716843427574e-03
-7.51952 7.791250787304776e-03
-7.50751 8.170795134806327e-03
-7.49550 8.610046336183537e-03
-7.48348 9.130728440691417e-03
-7.47147 9.769622817660239e-03
-7.45946 1.058889626684079e-02
-7.44745 1.168243832467190e-02
-7.43544 1.315864018564001e-02
-7.42342 1.508441566945464e-02
-7.41141 1.742580973375312e-02
-7.39940 2.008919408253423e-02
-7.38739 2.324780624001015e-02
-7.37538 2.949552009139616e-02
-7.36336 4.003357450689971e-02
-7.35135 3.747115424621767e-02
-7.33934 3.544186809848716e-02
-7.32733 3.794041648966089e-02
-7.31532 4.024638936284664e-02
-7.30330 4.189526544760586e-02
-7.29129 4.282055828320822e-02
-7.27928 4.309646417852445e-02
-7.26727 4.288831852007589e-02
-7.25526 4.240445287653256e-02
-7.24324 4.184804040270176e-02
-7.23123 4.137933240142173e-02
-7.21922 4.109518934257806e-02
-7.20721 4.102692253863904e-02
-7.19520 4.115244466128060e-02
-7.18318 4.141608400379136e-02
-7.17117 4.174940054905629e-02
-7.15916 4.208817360495324e-02
-7.14715 4.238324258252985e-02
-7.13514 4.260509454164771e-02
-7.12312 4.274349225317742e-02
-7.11111 4.280396950279644e-02
-7.09910 4.280291523747137e-02
-7.08709 4.276253905052809e-02
-7.07508 4.270651564641493e-02
-7.06306 4.265669025902614e-02
-7.05105 4.263093280913097e-02
-7.03904 4.264204143455923e-02
-7.02703 4.269749132593002e-02
-7.01502 4.279978878636061e-02
-7.00300 4.294721132026486e-02
-6.99099 4.313476747358067e-02
-6.97898 4.335526161601978e-02
-6.96697 4.360037688608264e-02
-6.95495 4.386169547787901e-02
-6.94294 4.413157681074614e-02
-6.93093 4.440382750314718e-02
-6.91892 4.467412617539598e-02
-6.90691 4.494020208989043e-02
-6.89489 4.520179726301366e-02
-6.88288 4.546045958306612e-02
-6.87087 4.571921888381571e-02
-6.85886 4.598219202380590e-02
-6.84685 4.625415178172666e-02
-6.83483 4.654008473097682e-02
-6.82282 4.684476363267233e-02
-6.81081 4.717237530081532e-02
-6.79880 4.752626905076692e-02
-6.78679 4.790890483742181e-02
-6.77477 4.832206779492201e-02
-6.76276 4.876739089707188e-02
-6.75075 4.924725019062798e-02
-6.73874 4.976625725367735e-02
-6.72673 5.033393337348434e-02
-6.71471 5.096963742648998e-02
-6.70270 5.171103619924297e-02
-6.69069 5.262638051783874e-02
-6.67868 5.382710573619758e-02
-6.66667 5.547011712408789e-02
-6.65465 5.773190479286551e-02
-6.64264 6.073985237421371e-02
-6.63063 6.447240237548563e-02
-6.61862 6.868426535583765e-02
-6.60661 7.293549890234965e-02
-6.59459 7.675420725122058e-02
-6.58258 7.985379217540425e-02
-6.57057 8.225683176905355e-02
-6.55856 8.423720670874776e-02
-6.54655 8.613503765504148e-02
-6.53453 8.818450625386004e-02
-6.52252 9.045186345926205e-02
-6.51051 9.287766727865258e-02
-6.49850 9.535680037844420e-02
-6.48649 9.779975308444148e-02
-6.47447 1.001580724812255e-01
-6.46246 1.024240617165474e-01
-6.45045 1.046199874242581e-01
-6.43844 1.067853106765109e-01
-6.42643 1.089629635455796e-01
-6.41441 1.111830903058336e-01
-6.40240 1.134457938050497e-01
-6.39039 1.157102732499301e-01
-6.37838 1.179004204710855e-01
-6.36637 1.199312030993800e-01
-6.35435 1.217468168723452e-01
-6.34234 1.233495383082941e-01
-6.33033 1.247986930751369e-01
-6.31832 1.261755473167291e-01
-6.30631 1.275326513037907e-01
-6.29429 1.288587314556215e-01
-6.28228 1.300820636579882e-01
-6.27027 1.311107098127898e-01
-6.25826 1.318840516784358e-01
-6.24625 1.324039092795979e-01
-6.23423 1.327290726945259e-01
-6.22222 1.329416624388071e-01
-6.21021 1.331090141142777e-01
-6.19820 1.332619891751772e-01
-6.18619 1.333959153587099e-01
-6.17417 1.334866381002118e-01
-6.16216 1.335094064756859e-01
-6.15015 1.334516801394164e-01
-6.13814 1.333170473078318e-01
-6.12613 1.331219946064852e-01
-6.11411 1.328890649200212e-01
-6.10210 1.326397380294777e-01
-6.09009 1.323892707125059e-01
-6.07808 1.321444615572740e-01
-6.06607 1.319042195743904e-01
-6.05405 1.316620850728399e-01
-6.04204 1.314095413338487e-01
-6.03003 1.311390346332852e-01
-6.01802 1.308459697688004e-01
-6.00601 1.305294049897330e-01
-5.99399 1.301915819567876e-01
-5.98198 1.298366951315569e-01
-5.96997 1.294694007338606e-01
-5.95796 1.290935130264037e-01
-5.94595 1.287111894347605e-01
-5.93393 1.283227249190718e-01
-5.92192 1.279269081492134e-01
-5.90991 1.275217683182698e-01
-5.89790 1.271054759863797e-01
-5.88589 1.266771548073624e-01
-5.87387 1.262374043662674e-01
-5.86186 1.257884125654957e-01
-5.84985 1.253336309197760e-01
-5.83784 1.248770793021273e-01
-5.82583 1.244224217402037e-01
-5.81381 1.239719995156418e-01
-5.80180 1.235260154294648e-01
-5.78979 1.230820335471825e-01
-5.77778 1.226348984766662e-01
-5.76577 1.221770992950564e-01
-5.75375 1.216995211337312e-01
-5.74174 1.211924580000665e-01
-5.72973 1.206467162776246e-01
-5.71772 1.200546260648895e-01
-5.70571 1.194107983576719e-01
-5.69369 1.187125521775194e-01
-5.68168 1.179606294192866e-01
-5.66967 1.171666011900054e-01
-5.65766 1.163985818453528e-01
-5.64565 1.159083083450543e-01
-5.63363 1.161281530921743e-01
-5.62162 1.169640951437524e-01
-5.60961 1.170831524288437e-01
-5.59760 1.153195936515568e-01
-5.58559 1.124752977035345e-01
-5.57357 1.100465270128415e-01
-5.56156 1.084125070023233e-01
-5.54955 1.072003351522582e-01
-5.53754 1.061164710945763e-01
-5.52553 1.050728968754793e-01
-5.51351 1.040610142492497e-01
-5.50150 1.030872850698785e-01
-5.48949 1.021591089486880e-01
-5.47748 1.012828452250462e-01
-5.46547 1.004634840932398e-01
-5.45345 9.970457782180477e-02
-5.44144 9.900834728066397e-02
-5.42943 9.837595391803573e-02
-5.41742 9.780790031977545e-02
-5.40541 9.730450321989774e-02
-5.39339 9.686637802221282e-02
-5.38138 9.649487965788855e-02
-5.36937 9.619245550980055e-02
-5.35736 9.596287791808059e-02
-5.34535 9.581133429964464e-02
-5.33333 9.574436222187430e-02
-5.32132 9.576962692211241e-02
-5.30931 9.589555343343349e-02
-5.29730 9.613084884111284e-02
-5.28529 9.648398398333707e-02
-5.27327 9.696274158567969e-02
-5.26126 9.757395678938828e-02
-5.24925 9.832353364339089e-02
-5.23724 9.921666639020026e-02
-5.22523 1.002579080005788e-01
-5.21321 1.014503876261277e-01
-5.20120 1.027933064438212e-01
-5.18919 1.042771638328558e-01
-5.17718 1.058772162441023e-01
-5.16517 1.075472888289686e-01
-5.15315 1.092174961141617e-01
-5.14114 1.107995405212573e-01
-5.12913 1.122011867388320e-01
-5.11712 1.133475095734127e-01
-5.10511 1.142022780046287e-01
-5.09309 1.147808270836816e-01
-5.08108 1.151477071435695e-01
-5.06907 1.153979101881894e-01
-5.05706 1.156269554540780e-01
-5.04505 1.158992724336893e-01
-5.03303 1.162244602953082e-01
-5.02102 1.165482377426373e-01
-5.00901 1.167617246951768e-01
-4.99700 1.167298958028583e-01
-4.98498 1.163354887032963e-01
-4.97297 1.155267184090538e-01
-4.96096 1.143496571414913e-01
-4.94895 1.129474388988359e-01
-4.93694 1.115227350513761e-01
-4.92492 1.102798142042925e-01
-4.91291 1.093733268914237e-01
-4.90090 1.088844248561234e-01
-4.88889 1.088268876318761e-01
-4.87688 1.091705405139059e-01
-4.86486 1.098655544736935e-01
-4.85285 1.108576768367066e-01
-4.84084 1.120934068759433e-01
-4.82883 1.135195304614766e-01
-4.81682 1.150820648728416e-01
-4.80480 1.167275624565115e-01
-4.79279 1.184072120635892e-01
-4.78078 1.200824435634658e-01
-4.76877 1.217299341932033e-01
-4.75676 1.247831239180721e-01
-4.74474 1.337460443405302e-01
-4.73273 1.281051611778450e-01
-4.72072 1.280876108288224e-01
-4.70871 1.296490462561666e-01
-4.69670 1.311514155657373e-01
-4.68468 1.325217772429571e-01
-4.67267 1.336740240988362e-01
-4.66066 1.345355652916995e-01
-4.64865 1.350748678469001e-01
-4.63664 1.353176439810382e-01
-4.62462 1.353437523191802e-01
-4.61261 1.352658198430230e-01
-4.60060 1.351989870370924e-01
-4.58859 1.352341995467713e-01
-4.57658 1.354247251631336e-01
-4.56456 1.358081253262576e-01
-4.55255 1.366589521201445e-01
-4.54054 1.394234209584116e-01
-4.52853 1.456618035757908e-01
-4.51652 1.505504423744183e-01
-4.50450 1.441652789632521e-01
-4.49249 1.406951875040704e-01
-4.48048 1.411403487436677e-01
-4.46847 1.420124357107394e-01
-4.45646 1.429015094318350e-01
-4.44444 1.437624092701544e-01
-4.43243 1.445803289896768e-01
-4.42042 1.453476533426686e-01
-4.40841 1.460666146433094e-01
-4.39640 1.467515471976467e-01
-4.38438 1.474284662342868e-01
-4.37237 1.481310443640899e-01
-4.36036 1.488928691930730e-01
-4.34835 1.497370369308591e-01
-4.33634 1.506654347767628e-01
-4.32432 1.516510133876772e-01
-4.31231 1.526363840781158e-01
-4.30030 1.535408211740958e-01
-4.28829 1.542753209548299e-01
-4.27628 1.547624678741232e-01
-4.26426 1.549558292016066e-01
-4.25225 1.548800943476664e-01
-4.24024 1.554673214509068e-01
-4.22823 1.596435643882940e-01
-4.21622 1.593280368925046e-01
-4.20420 1.545744915617847e-01
-4.19219 1.521581196905803e-01
-4.18018 1.513784469888331e-01
-4.16817 1.508247132680008e-01
-4.15616 1.503279001301983e-01
-4.14414 1.498969000857298e-01
-4.13213 1.495617908605966e-01
-4.12012 1.493642439785866e-01
-4.10811 1.493454868938516e-01
-4.09610 1.495338719060344e-01
-4.08408 1.499371655337531e-01
-4.07207 1.505415273353194e-01
-4.06006 1.513162413380975e-01
-4.04805 1.522218731877153e-01
-4.03604 1.532194140811403e-01
-4.02402 1.542781994179439e-01
-4.01201 1.553803628513850e-01
-4.00000 1.565195471319243e-01
-3.98799 1.576923885129225e-01
-3.97598 1.588836881721833e-01
-3.96396 1.600500864578207e-01
-3.95195 1.611110451930217e-01
-3.93994 1.619575726658846e-01
-3.92793 1.624859282517482e-01
-3.91592 1.626544430953251e-01
-3.90390 1.625503518403882e-01
-3.89189 1.624498261087755e-01
-3.87988 1.628287046763297e-01
-3.86787 1.641066936585255e-01
-3.85586 1.658302832201269e-01
-3.84384 1.666176011833085e-01
-3.83183 1.666058306294446e-01
-3.81982 1.676033821439674e-01
-3.80781 1.702373331030621e-01
-3.79580 1.735720457983142e-01
-3.78378 1.763303265763831e-01
-3.77177 1.779799224969379e-01
-3.75976 1.789747979722443e-01
-3.74775 1.800339897099963e-01
-3.73574 1.814719037732164e-01
-3.72372 1.831967481843393e-01
-3.71171 1.850011563859544e-01
-3.69970 1.867452320179654e-01
-3.68769 1.883947707118020e-01
-3.67568 1.899950355416034e-01
-3.66366 1.916286607853677e-01
-3.65165 1.933760806943698e-01
-3.63964 1.952897799889612e-01
-3.62763 1.973906799866982e-01
-3.61562 1.996854462178669e-01
-3.60360 2.021900480989172e-01
-3.59159 2.049363740744264e-01
-3.57958 2.079447531251735e-01
-3.56757 2.111694304909267e-01
-3.55556 2.144548700492305e-01
-3.54354 2.175522346750261e-01
-3.53153 2.202175037558419e-01
-3.51952 2.223571821261387e-01
-3.50751 2.241472444164176e-01
-3.49550 2.260644503207632e-01
-3.48348 2.288295881013038e-01
-3.47147 2.332849979613179e-01
-3.45946 2.401248153193376e-01
-3.44745 2.496802067428119e-01
-3.43544 2.627329358579938e-01
-3.42342 2.767567462705549e-01
-3.41141 2.836102199498724e-01
-3.39940 2.833047550889328e-01
-3.38739 2.816115191704114e-01
-3.37538 2.895681931649849e-01
-3.36336 2.723459812273711e-01
-3.35135 2.444508624864501e-01
-3.33934 2.295203395689303e-01
-3.32733 2.146359242379413e-01
-3.31532 2.022458263712304e-01
-3.30330 1.931142753000207e-01
-3.29129 1.864937525638109e-01
-3.27928 1.812410185440331e-01
-3.26727 1.765662480816752e-01
-3.25526 1.721252377270289e-01
-3.24324 1.678338841966025e-01
-3.23123 1.637093255192056e-01
-3.21922 1.597910230307665e-01
-3.20721 1.561087415469743e-01
-3.19520 1.526728971138157e-01
-3.18318 1.494762426395975e-01
-3.17117 1.465003076385916e-01
-3.15916 1.437220722741898e-01
-3.14715 1.411185847319399e-01
-3.13514 1.386691414078569e-01
-3.12312 1.363556950287565e-01
-3.11111 1.341623882189513e-01
-3.09910 1.320748921970301e-01
-3.08709 1.300799046573077e-01
-3.07508 1.281649112070493e-01
-3.06306 1.263181822212925e-01
-3.05105 1.245289310370679e-01
-3.03904 1.227875563140621e-01
-3.02703 1.210859016048521e-01
-3.01502 1.194174767700929e-01
-3.00300 1.177775976433623e-01
-2.99099 1.161634142589511e-01
-2.97898 1.145738147388000e-01
-2.96697 1.130092100471473e-01
-2.95495 1.114712213538688e-01
-2.94294 1.099623038650563e-01
-2.93093 1.084853469740287e-01
-2.91892 1.070432902364377e-01
-2.90691 1.056387890214503e-01
-2.89489 1.042739545164336e-01
-2.88288 1.029501820237015e-01
-2.87087 1.016680709027746e-01
-2.85886 1.004274303340119e-01
-2.84685 9.922735804844270e-02
-2.83483 9.806637457109020e-02
-2.82282 9.694259330901625e-02
-2.81081 9.585390670717840e-02
-2.79880 9.479817029746451e-02
-2.78679 9.377336932832057e-02
-2.77477 9.277775632832351e-02
-2.76276 9.180995199764662e-02
-2.75075 9.086900585646393e-02
-2.73874 8.995441679414945e-02
-2.72673 8.906611681968429e-02
-2.71471 8.820442375674861e-02
-2.70270 8.736997028363241e-02
-2.69069 8.656361759065948e-02
-2.67868 8.578636208054941e-02
-2.66667 8.503924307855441e-02
-2.65465 8.432325858213743e-02
-2.64264 8.363929480252000e-02
-2.63063 8.298807376086598e-02
-2.61862 8.237012161041921e-02
-2.60661 8.178575875605423e-02
-2.59459 8.123511132211808e-02
-2.58258 8.071814217607891e-02
-2.57057 8.023469866453434e-02
-2.55856 7.978457356286049e-02
-2.54655 7.936757547376097e-02
-2.53453 7.898360474451256e-02
-2.52252 7.863273017871349e-02
-2.51051 7.831525934851212e-02
-2.49850 7.803179064865619e-02
-2.48649 7.778323029638209e-02
-2.47447 7.757075901884526e-02
-2.46246 7.739575267617545e-02
-2.45045 7.725970627747315e-02
-2.43844 7.716426388726517e-02
-2.42643 7.711144890169773e-02
-2.41441 7.710401221678859e-02
-2.40240 7.714542947619495e-02
-2.39039 7.723869509211466e-02
-2.37838 7.738320965631500e-02
-2.36637 7.757022836335654e-02
-2.35435 7.777922851746222e-02
-2.34234 7.797866926872087e-02
-2.33033 7.813318970646854e-02
-2.31832 7.821527703939270e-02
-2.30631 7.821552278148557e-02
-2.29429 7.814534481071993e-02
-2.28228 7.803041159615194e-02
-2.27027 7.789880856891636e-02
-2.25826 7.777070830825510e-02
-2.24625 7.765422618264151e-02
-2.23423 7.754758425900837e-02
-2.22222 7.744437050915788e-02
-2.21021 7.733833668971281e-02
-2.19820 7.722591445260993e-02
-2.18619 7.710652628274059e-02
-2.17417 7.698168155573744e-02
-2.16216 7.685380724484608e-02
-2.15015 7.672533317006754e-02
-2.13814 7.659817965915802e-02
-2.12613 7.647361483801654e-02
-2.11411 7.635240381159576e-02
-2.10210 7.623517294210143e-02
-2.09009 7.612290225975515e-02
-2.07808 7.601741696335865e-02
-2.06607 7.592168452337390e-02
-2.05405 7.583968604717439e-02
-2.04204 7.577571862281740e-02
-2.03003 7.573328128781469e-02
-2.01802 7.571396851002629e-02
-2.00601 7.571625591072184e-02
-1.99399 7.573267883376397e-02
-1.98198 7.574496472321759e-02
-1.96997 7.574213123084640e-02
-1.95796 7.604678177905881e-02
-1.94595 7.605636667829667e-02
-1.93393 7.524430112634738e-02
-1.92192 7.484401646707736e-02
-1.90991 7.444205648070523e-02
-1.89790 7.399592257682518e-02
-1.88589 7.352584989045750e-02
-1.87387 7.305546118768246e-02
-1.86186 7.260515810835065e-02
-1.84985 7.218738531632049e-02
-1.83784 7.180634639424462e-02
-1.82583 7.146090771539529e-02
-1.81381 7.114800562254141e-02
-1.80180 7.086485882731854e-02
-1.78979 7.060976623852190e-02
-1.77778 7.038204578853306e-02
-1.76577 7.018169069741020e-02
-1.75375 7.000904881680076e-02
-1.74174 6.986461842099970e-02
-1.72973 6.974898109448817e-02
-1.71772 6.966288805480945e-02
-1.70571 6.960746124315964e-02
-1.69369 6.958426343441204e-02
-1.68168 6.959471864456374e-02
-1.66967 6.963851034475911e-02
-1.65766 6.971208551083513e-02
-1.64565 6.982590144226411e-02
-1.63363 6.994160295822237e-02
-1.62162 7.001959528339878e-02
-1.60961 7.012458995772806e-02
-1.59760 7.023195168810614e-02
-1.58559 7.034205760730862e-02
-1.57357 7.045490213612771e-02
-1.56156 7.056821854599610e-02
-1.54955 7.067934524272336e-02
-1.53754 7.078697933908869e-02
-1.52553 7.089149180347631e-02
-1.51351 7.099395198160637e-02
-1.50150 7.109478047588554e-02
-1.48949 7.119290707760975e-02
-1.47748 7.128587384132433e-02
-1.46547 7.137080639530931e-02
-1.45345 7.144575826299013e-02
-1.44144 7.151076955552574e-02
-1.42943 7.156815520955487e-02
-1.41742 7.162195477387046e-02
-1.40541 7.167688957128406e-02
-1.39339 7.173734847279976e-02
-1.38138 7.180679688078631e-02
-1.36937 7.188770621778968e-02
-1.35736 7.198183869412193e-02
-1.34535 7.209062449631372e-02
-1.33333 7.221543053634621e-02
-1.32132 7.235764926693397e-02
-1.30931 7.251864119782912e-02
-1.29730 7.269960716276433e-02
-1.28529 7.290145776003019e-02
-1.27327 7.312471825023653e-02
-1.26126 7.336948083930468e-02
-1.24925 7.363540103491867e-02
-1.23724 7.392172893937825e-02
-1.22523 7.422736545966513e-02
-1.21321 7.455093432250416e-02
-1.20120 7.489104726617229e-02
-1.18919 7.528832309783143e-02
-1.17718 7.634051933825060e-02
-1.16517 7.689965893255285e-02
-1.15315 7.646348084569848e-02
-1.14114 7.677731605988683e-02
-1.12913 7.718021215997162e-02
-1.11712 7.758946874029261e-02
-1.10511 7.800366381458697e-02
-1.09309 7.842216172963022e-02
-1.08108 7.884454743025202e-02
-1.06907 7.927061254796645e-02
-1.05706 7.970033475337669e-02
-1.04505 8.013385179388822e-02
-1.03303 8.057143204216967e-02
-1.02102 8.101344343972351e-02
-1.00901 8.146032272765845e-02
-0.99700 8.191254682346551e-02
-0.98498 8.237060812698355e-02
-0.97297 8.283499540835243e-02
-0.96096 8.330618172774294e-02
-0.94895 8.378462054549063e-02
-0.93694 8.427075079543814e-02
-0.92492 8.476501126721644e-02
-0.91291 8.526786704038919e-02
-0.90090 8.577993997911292e-02
-0.88889 8.630365406827753e-02
-0.87688 8.685546649159236e-02
-0.86486 8.749762846236682e-02
-0.85285 8.829495487733091e-02
-0.84084 8.909415834389606e-02
-0.82883 8.961405521111827e-02
-0.81682 8.994611849727011e-02
-0.80480 9.038230769285979e-02
-0.79279 9.097100073415133e-02
-0.78078 9.163359852833440e-02
-0.76877 9.233287119730889e-02
-0.75676 9.306460388469748e-02
-0.74474 9.383136361129366e-02
-0.73273 9.463623340343207e-02
-0.72072 9.548208179228529e-02
-0.70871 9.637138808945639e-02
-0.69670 9.730609195209322e-02
-0.68468 9.828744860576938e-02
-0.67267 9.931589816686716e-02
-0.66066 1.003909591597562e-01
-0.64865 1.015111572273978e-01
-0.63664 1.026740011094963e-01
-0.62462 1.038760216628646e-01
-0.61261 1.051129111039719e-01
-0.60060 1.063798985800383e-01
-0.58859 1.076727869110538e-01
-0.57658 1.089903928055476e-01
-0.56456 1.103381159512716e-01
-0.55255 1.117280365768554e-01
-0.54054 1.131672286920509e-01
-0.52853 1.146365431368545e-01
-0.51652 1.160862865842040e-01
-0.50450 1.174722860287827e-01
-0.49249 1.188040677299882e-01
-0.48048 1.201476115999797e-01
-0.46847 1.215792986666214e-01
-0.45646 1.231469392270277e-01
-0.44444 1.248707356442882e-01
-0.43243 1.267633848786559e-01
-0.42042 1.288413871750581e-01
-0.40841 1.311236423220073e-01
-0.39640 1.336257440568538e-01
-0.38438 1.363553582416912e-01
-0.37237 1.393095478303305e-01
-0.36036 1.424736787239728e-01
-0.34835 1.458217795685578e-01
-0.33634 1.493184767569352e-01
-0.32432 1.529228724609267e-01
-0.31231 1.565959911154958e-01
-0.30030 1.603181977836689e-01
-0.28829 1.641340301513543e-01
-0.27628 1.682532958412852e-01
-0.26426 1.732117881279288e-01
-0.25225 1.799267230346922e-01
-0.24024 1.891406192460390e-01
-0.22823 1.999881594354832e-01
-0.21622 2.092654441954674e-01
-0.20420 2.137215340553882e-01
-0.19219 2.134405812768841e-01
-0.18018 2.115555877479978e-01
-0.16817 2.109035936304626e-01
-0.15616 2.122146389010993e-01
-0.14414 2.147974676166984e-01
-0.13213 2.176607202571727e-01
-0.12012 2.200290538510705e-01
-0.10811 2.214743168519341e-01
-0.09610 2.219498619707458e-01
-0.08408 2.217645344467632e-01
-0.07207 2.215010243393419e-01
-0.06006 2.217093658869109e-01
-0.04805 2.224249454756498e-01
-0.03604 2.236598277662025e-01
-0.02402 2.245947491164597e-01
-0.01201 2.231387783541935e-01
0.00000 2.219032382174973e-01
0.01201 2.280242623731514e-01
0.02402 2.273007132524293e-01
0.03604 2.166675647874797e-01
0.04805 2.099437809848040e-01
0.06006 2.049993459689999e-01
0.07207 2.006696562064002e-01
0.08408 1.967917764671707e-01
0.09610 1.930719167700666e-01
0.10811 1.893337081558014e-01
0.12012 1.854885825490348e-01
0.13213 1.815293606418105e-01
0.14414 1.774896556968824e-01
0.15616 1.733273661250133e-01
0.16817 1.689178405940683e-01
0.18018 1.642875079782335e-01
0.19219 1.597407211332374e-01
0.20420 1.554246392637632e-01
0.21622 1.509210595285654e-01
0.22823 1.458988088617321e-01
0.24024 1.409549876250084e-01
0.25225 1.369408972950191e-01
0.26426 1.337364401717982e-01
0.27628 1.305425902195197e-01
0.28829 1.270732955503439e-01
0.30030 1.237768055956471e-01
0.31231 1.210971849274116e-01
0.32432 1.189949692939868e-01
0.33634 1.171097249970092e-01
0.34835 1.150731462415011e-01
0.36036 1.126131115466327e-01
0.37237 1.095044396473803e-01
0.38438 1.055262098687047e-01
0.39640 1.004876282765199e-01
0.40841 9.429922204387606e-02
0.42042 8.703904123019729e-02
0.43243 7.897228337864269e-02
0.44444 7.058012792545731e-02
0.45646 3.443012774529496e-01
0.46847 5.586662596631640e-02
0.48048 4.719389272011600e-02
0.49249 4.115759362169111e-02
0.50450 3.618084025464351e-02
0.51652 3.220908242208108e-02
0.52853 2.912598918583262e-02
0.54054 2.678842595702083e-02
0.55255 2.505121255045848e-02
0.56456 2.378163970899207e-02
0.57658 2.286620947106399e-02
0.58859 2.221238635459850e-02
0.60060 2.174752348615372e-02
0.61261 2.141638684537673e-02
0.62462 2.117815126968323e-02
0.63664 2.100339128775323e-02
0.64865 2.087136420171163e-02
0.66066 2.076772779995259e-02
0.67267 2.068272786948852e-02
0.68468 2.060982304063843e-02
0.69670 2.054467972993998e-02
0.70871 2.048445941110313e-02
0.72072 2.042732496462221e-02
0.73273 2.037210469529190e-02
0.74474 2.031806640083576e-02
0.75676 2.026476658144753e-02
0.76877 2.021195020998471e-02
0.78078 2.015948423345126e-02
0.79279 2.010731348416494e-02
0.80480 2.005543145456759e-02
0.81682 2.000386092357194e-02
0.82883 1.995264110709588e-02
0.84084 1.990181912433925e-02
0.85285 1.985144431668742e-02
0.86486 1.980156445414821e-02
0.87688 1.975222319707961e-02
0.88889 1.970345840251763e-02
0.90090 1.965530101061816e-02
0.91291 1.960777434201008e-02
0.92492 1.956089369799278e-02
0.93694 1.951466619403238e-02
0.94895 1.946909078079683e-02
0.96096 1.942415842132283e-02
0.97297 1.937985240134188e-02
0.98498 1.933614875459230e-02
0.99700 1.929301678756496e-02
1.00901 1.925041968948651e-02
1.02102 1.920831521400023e-02
1.03303 1.916665641930208e-02
1.04505 1.912539245363838e-02
1.05706 1.908446937319129e-02
1.06907 1.904383097954318e-02
1.08108 1.900341966416092e-02
1.09309 1.896317724769755e-02
1.10511 1.892304580238269e-02
1.11712 1.888296844636466e-02
1.12913 1.884289009957476e-02
1.14114 1.880275819149972e-02
1.15315 1.876252331216290e-02
1.16517 1.872213979861572e-02
1.17718 1.868156625031667e-02
1.18919 1.864076596790994e-02
1.20120 1.859970731109577e-02
1.21321 1.855836397249323e-02
1.22523 1.851671516561913e-02
1.23724 1.847474572632658e-02
1.24925 1.843244612824968e-02
1.26126 1.838981241397053e-02
1.27327 1.834684604474710e-02
1.28529 1.830355367270322e-02
1.29730 1.825994684036941e-02
1.30931 1.821604161336793e-02
1.32132 1.817185815284338e-02
1.33333 1.812742023494476e-02
1.34535 1.808275472525871e-02
1.35736 1.803789101656888e-02
1.36937 1.799286043867170e-02
1.38138 1.794769564920897e-02
1.39339 1.790243001458327e-02
1.40541 1.785709699000339e-02
1.41742 1.781172950756606e-02
1.42943 1.776635938102089e-02
1.44144 1.772101673549344e-02
1.45345 1.767572946996276e-02
1.46547 1.763052275971349e-02
1.47748 1.758541860531651e-02
1.48949 1.754043543394851e-02
1.50150 1.749558775804833e-02
1.51351 1.745088589544091e-02
1.52553 1.740633575414871e-02
1.53754 1.736193868416942e-02
1.54955 1.731769139754096e-02
1.56156 1.727358595705231e-02
1.57357 1.722960983300582e-02
1.58559 1.718574602650568e-02
1.59760 1.714197325685001e-02
1.60961 1.709826620975325e-02
1.62162 1.705459584233116e-02
1.63363 1.701092974005330e-02
1.64565 1.696723252021648e-02
1.65766 1.692346627592433e-02
1.66967 1.687959105408084e-02
1.68168 1.683556536052291e-02
1.69369 1.679134668513438e-02
1.70571 1.674689203960297e-02
1.71772 1.670215850040272e-02
1.72973 1.665710374960978e-02
1.74174 1.661168660628340e-02
1.75375 1.656586754136689e-02
1.76577 1.651960916937904e-02
1.77778 1.647287671056884e-02
1.78979 1.642563841769022e-02
1.80180 1.637786596210931e-02
1.81381 1.632953477457702e-02
1.82583 1.628062433667387e-02
1.83784 1.623111841965265e-02
1.84985 1.618100526815740e-02
1.86186 1.613027772707139e-02
1.87387 1.607893331053450e-02
1.88589 1.602697421295722e-02
1.89790 1.597440726263581e-02
1.90991 1.592124381932986e-02
1.92192 1.586749961788830e-02
1.93393 1.581319456069548e-02
1.94595 1.575835246234442e-02
1.95796 1.570300075052276e-02
1.96997 1.564717012761208e-02
1.98198 1.559089419794481e-02
1.99399 1.553420906603301e-02
2.00601 1.547715291137367e-02
2.01802 1.541976554564479e-02
2.03003 1.536208795823348e-02
2.04204 1.530416185608123e-02
2.05405 1.524602920379436e-02
2.06607 1.518773176985024e-02
2.07808 1.512931068453659e-02
2.09009 1.507080601499570e-02
2.10210 1.501225636241285e-02
2.11411 1.495369848599525e-02
2.12613 1.489516695793991e-02
2.13814 1.483669385309497e-02
2.15015 1.477830847648602e-02
2.16216 1.472003713131434e-02
2.17417 1.466190292944902e-02
2.18619 1.460392564583434e-02
2.19820 1.454612161762946e-02
2.21021 1.448850368829619e-02
2.22222 1.443108119626070e-02
2.23423 1.437386000720482e-02
2.24625 1.431684258849924e-02
2.25826 1.426002812378037e-02
2.27027 1.420341266520328e-02
2.28228 1.414698932047691e-02
2.29429 1.409074847141334e-02
2.30631 1.403467802040042e-02
2.31832 1.397876366094193e-02
2.33033 1.392298916820292e-02
2.34234 1.386733670535060e-02
2.35435 1.381178714139459e-02
2.36637 1.375632037620299e-02
2.37838 1.370091566840146e-02
2.39039 1.364555196194989e-02
2.40240 1.359020820733110e-02
2.41441 1.353486367347611e-02
2.42643 1.347949824678602e-02
2.43844 1.342409271388686e-02
2.45045 1.336862902506651e-02
2.46246 1.331309053568537e-02
2.47447 1.325746222322071e-02
2.48649 1.320173087799131e-02
2.49850 1.314588526600944e-02
2.51051 1.308991626281477e-02
2.52252 1.303381695755379e-02
2.53453 1.297758272697382e-02
2.54655 1.292121127939633e-02
2.55856 1.286470266911559e-02
2.57057 1.280805928203151e-02
2.58258 1.275128579366403e-02
2.59459 1.269438910100921e-02
2.60661 1.263737822997861e-02
2.61862 1.258026422041234e-02
2.63063 1.252305999087038e-02
2.64264 1.246578018558341e-02
2.65465 1.240844100608396e-02
2.66667 1.235106003013986e-02
2.67868 1.229365602067475e-02
2.69069 1.223624872738670e-02
2.70270 1.217885868376427e-02
2.71471 1.212150700215439e-02
2.72673 1.206421516945788e-02
2.73874 1.200700484591887e-02
2.75075 1.194989766933826e-02
2.76276 1.189291506687901e-02
2.77477 1.183607807644772e-02
2.78679 1.177940717943510e-02
2.79880 1.172292214638066e-02
2.81081 1.166664189689896e-02
2.82282 1.161058437496796e-02
2.83483 1.155476644043947e-02
2.84685 1.149920377738936e-02
2.85886 1.144391081968579e-02
2.87087 1.138890069391871e-02
2.88288 1.133418517960748e-02
2.89489 1.127977468638820e-02
2.90691 1.122567824767900e-02
2.91892 1.117190353013495e-02
2.93093 1.111845685803384e-02
2.94294 1.106534325158205e-02
2.95495 1.101256647799869e-02
2.96697 1.096012911412387e-02
2.97898 1.090803261920799e-02
2.99099 1.085627741646928e-02
3.00300 1.080486298196020e-02
3.01502 1.075378793925678e-02
3.02703 1.070305015847896e-02
3.03904 1.065264685816434e-02
3.05105 1.060257470854918e-02
3.06306 1.055282993486089e-02
3.07508 1.050340841929106e-02
3.08709 1.045430580039799e-02
3.09910 1.040551756878005e-02
3.11111 1.035703915796401e-02
3.12312 1.030886602956479e-02
3.13514 1.026099375189223e-02
3.14715 1.021341807130470e-02
3.15916 1.016613497573776e-02
3.17117 1.011914074996492e-02
3.18318 1.007243202227726e-02
3.19520 1.002600580239619e-02
3.20721 9.979859510557540e-03
3.21922 9.933990997824639e-03
3.23123 9.888398557801504e-03
3.24324 9.843080930022664e-03
3.25526 9.798037295394376e-03
3.26727 9.753267264149922e-03
3.27928 9.708770856860546e-03
3.29129 9.664548479111534e-03
3.30330 9.620600890510086e-03
3.31532 9.576929168738061e-03
3.32733 9.533534669397293e-03
3.33934 9.490418982419271e-03
3.35135 9.447583885823892e-03
3.36336 9.405031297614008e-03
3.37538 9.362763226585179e-03
3.38739 9.320781722811930e-03
3.39940 9.279088828545910e-03
3.41141 9.237686530226285e-03
3.42342 9.196576712260556e-03
3.43544 9.155761113185425e-03
3.44745 9.115241284762352e-03
3.45946 9.075018554503586e-03
3.47147 9.035093992060848e-03
3.48348 8.995468379842810e-03
3.49550 8.956142188159509e-03
3.50751 8.917115555122354e-03
3.51952 8.878388271459150e-03
3.53153 8.839959770334839e-03
3.54354 8.801829122201189e-03
3.55556 8.763995034633916e-03
3.56757 8.726455857053346e-03
3.57958 8.689209590166339e-03
3.59159 8.652253899912700e-03
3.60360 8.615586135649307e-03
3.61562 8.579203352260647e-03
3.62763 8.543102335844509e-03
3.63964 8.507279632588072e-03
3.65165 8.471731580421138e-03
3.66366 8.436454343011114e-03
3.67568 8.401443945647964e-03
3.68769 8.366696312556656e-03
3.69970 8.332207305170028e-03
3.71171 8.297972760895587e-03
3.72372 8.263988531915914e-03
3.73574 8.230250523573627e-03
3.74775 8.196754731907556e-03
3.75976 8.163497279927278e-03
3.77177 8.130474452237245e-03
3.78378 8.097682727649533e-03
3.79580 8.065118809455209e-03
3.80781 8.032779653057568e-03
3.81982 8.000662490706358e-03
3.83183 7.968764853109093e-03
3.84384 7.937084587734258e-03
3.85586 7.905619873660183e-03
3.86787 7.874369232862831e-03
3.87988 7.843331537875078e-03
3.89189 7.812506015788522e-03
3.90390 7.781892248606741e-03
3.91592 7.751490169995169e-03
3.92793 7.721300058507391e-03
3.93994 7.691322527400657e-03
3.95195 7.661558511183710e-03
3.96396 7.632009249068528e-03
3.97598 7.602676265523011e-03
3.98799 7.573561348144710e-03
4.00000 7.544666523096015e-03
