-8.00000 8.511625121982102e-04
-7.98799 8.707715696987905e-04
-7.97598 8.908290816841484e-04
-7.96396 9.113479920984837e-04
-7.95195 9.323415844801825e-04
-7.93994 9.538234359913628e-04
-7.92793 9.758073672244473e-04
-7.91592 9.983073900224773e-04
-7.90390 1.021337655936478e-03
-7.89189 1.044912408268980e-03
-7.87988 1.069045940900319e-03
-7.86787 1.093752567247089e-03
-7.85586 1.119046602744623e-03
-7.84384 1.144942364164150e-03
-7.83183 1.171454188858356e-03
-7.81982 1.198596476666853e-03
-7.80781 1.226383756698379e-03
-7.79580 1.254830780534761e-03
-7.78378 1.283952642572107e-03
-7.77177 1.313764927230948e-03
-7.75976 1.344283881639810e-03
-7.74775 1.375526611147173e-03
-7.73574 1.407511293681260e-03
-7.72372 1.440257407615842e-03
-7.71171 1.473785966504766e-03
-7.69970 1.508119752951594e-03
-7.68769 1.543283543163554e-03
-7.67568 1.579304313622995e-03
-7.66366 1.616211422036045e-03
-7.65165 1.654036756494814e-03
-7.63964 1.692814849704560e-03
-7.62763 1.732582959034389e-03
-7.61562 1.773381117552908e-03
-7.60360 1.815252165206734e-03
-7.59159 1.858241771670618e-03
-7.57958 1.902398461940874e-03
-7.56757 1.947773651900752e-03
-7.55556 1.994421694794489e-03
-7.54354 2.042399934004620e-03
-7.53153 2.091768758276800e-03
-7.51952 2.142591668992564e-03
-7.50751 2.194935398701621e-03
-7.49550 2.248870160085945e-03
-7.48348 2.304470132821929e-03
-7.47147 2.361814271370840e-03
-7.45946 2.420987388493116e-03
-7.44745 2.482081204714819e-03
-7.43544 2.545194686681714e-03
-7.42342 2.610432674447033e-03
-7.41141 2.677901783828431e-03
-7.39940 2.747703155860208e-03
-7.38739 2.819922926788282e-03
-7.37538 2.894623015943463e-03
-7.36336 2.971836188883506e-03
-7.35135 3.051569325430698e-03
-7.33934 3.133816753381400e-03
-7.32733 3.218581774659283e-03
-7.31532 3.305900710787880e-03
-7.30330 3.395862137523100e-03
-7.29129 3.488616084691721e-03
-7.27928 3.584373891723696e-03
-7.26727 3.683407663910553e-03
-7.25526 3.786067216251825e-03
-7.24324 3.892842220274242e-03
-7.23123 4.004512060142208e-03
-7.21922 4.122455493465677e-03
-7.20721 4.249253865191559e-03
-7.19520 4.389838067419772e-03
-7.18318 4.553611163652217e-03
-7.17117 4.758173042014664e-03
-7.15916 5.035296610890648e-03
-7.14715 5.439377851695126e-03
-7.13514 6.057614360895958e-03
-7.12312 7.019773105431078e-03
-7.11111 8.502084159267400e-03
-7.09910 1.070960279282935e-02
-7.08709 1.380659729717402e-02
-7.07508 1.777919558024213e-02
-7.06306 2.230157885786876e-02
-7.05105 2.677169355543276e-02
-7.03904 3.059728096881623e-02
-7.02703 3.353700909573853e-02
-7.01502 3.578128562941473e-02
-7.00300 3.771985785295064e-02
-6.99099 3.965735631498976e-02
-6.97898 4.170639482499966e-02
-6.96697 4.384322399735135e-02
-6.95495 4.599871744251600e-02
-6.94294 4.811704707213445e-02
-6.93093 5.018268996420356e-02
-6.91892 5.222723500220239e-02
-6.90691 5.431888808414936e-02
-6.89489 5.653787041781035e-02
-6.88288 5.894618658190667e-02
-6.87087 6.156311318286786e-02
-6.85886 6.435686563932617e-02
-6.84685 6.725734715339839e-02
-6.83483 7.018385823617693e-02
-6.82282 7.307001806947198e-02
-6.81081 7.586690984975597e-02
-6.79880 7.852127846800314e-02
-6.78679 8.094919233141640e-02
-6.77477 8.303532101914407e-02
-6.76276 8.467055610141186e-02
-6.75075 8.580798853969077e-02
-6.73874 8.649812405892175e-02
-6.72673 8.687676756108564e-02
-6.71471 8.711248570881598e-02
-6.70270 8.734645388416756e-02
-6.69069 8.765694946235557e-02
-6.67868 8.805929917941725e-02
-6.66667 8.852981894239526e-02
-6.65465 8.903404057430110e-02
-6.64264 8.954537782691609e-02
-6.63063 9.005110711041639e-02
-6.61862 9.054985720870766e-02
-6.60661 9.104641222179326e-02
-6.59459 9.154764162435465e-02
-6.58258 9.206067398000368e-02
-6.57057 9.259264193944870e-02
-6.55856 9.315071298625152e-02
-6.54655 9.374132487206024e-02
-6.53453 9.436815845906207e-02
-6.52252 9.502914277237985e-02
-6.51051 9.571352746537466e-02
-6.49850 9.640057455030314e-02
-6.48649 9.706144177827131e-02
-6.47447 9.766510443201071e-02
-6.46246 9.818761797120769e-02
-6.45045 9.862191773072446e-02
-6.43844 9.898343572017605e-02
-6.42643 9.930644104769558e-02
-6.41441 9.962875009669751e-02
-6.40240 9.996873062918780e-02
-6.39039 1.003058048902864e-01
-6.37838 1.005783531155089e-01
-6.36637 1.007060511254362e-01
-6.35435 1.006286131392844e-01
-6.34234 1.003392978633223e-01
-6.33033 9.989104098582476e-02
-6.31832 9.936886464951031e-02
-6.30631 9.884431501000297e-02
-6.29429 9.833998071365319e-02
-6.28228 9.782532933716270e-02
-6.27027 9.724411318846088e-02
-6.25826 9.655364449900672e-02
-6.24625 9.575104695341412e-02
-6.23423 9.487326357514039e-02
-6.22222 9.397589184815602e-02
-6.21021 9.310727334635766e-02
-6.19820 9.229265326766652e-02
-6.18619 9.153321087353357e-02
-6.17417 9.081535996694595e-02
-6.16216 9.012239738549775e-02
-6.15015 8.944272422892281e-02
-6.13814 8.877281779750697e-02
-6.12613 8.811601557579510e-02
-6.11411 8.747922684445503e-02
-6.10210 8.686947551185990e-02
-6.09009 8.629146508253316e-02
-6.07808 8.574661596649519e-02
-6.06607 8.523345149641288e-02
-6.05405 8.474886010555488e-02
-6.04204 8.428963837346257e-02
-6.03003 8.385378721287547e-02
-6.01802 8.344122472454699e-02
-6.00601 8.305381312475507e-02
-5.99399 8.269480147920663e-02
-5.98198 8.236791576686639e-02
-5.96997 8.207637084950969e-02
-5.95796 8.182204937456693e-02
-5.94595 8.160501843663368e-02
-5.93393 8.142346554719354e-02
-5.92192 8.127405418487871e-02
-5.90991 8.115263895256668e-02
-5.89790 8.105524404926660e-02
-5.88589 8.097919108011686e-02
-5.87387 8.092425287066035e-02
-5.86186 8.089369775784075e-02
-5.84985 8.089506669689409e-02
-5.83784 8.094049537232237e-02
-5.82583 8.104636981387868e-02
-5.81381 8.123211399850178e-02
-5.80180 8.151798667944801e-02
-5.78979 8.192194505329370e-02
-5.77778 8.245593046105951e-02
-5.76577 8.312232454034338e-02
-5.75375 8.391172629366063e-02
-5.74174 8.480342301151723e-02
-5.72973 8.576965996460542e-02
-5.71772 8.678369129610281e-02
-5.70571 8.782946844786288e-02
-5.69369 8.890823715770259e-02
-5.68168 9.003596634858896e-02
-5.66967 9.122854601821359e-02
-5.65766 9.248313408019079e-02
-5.64565 9.377543719765304e-02
-5.63363 9.504888013009334e-02
-5.62162 9.609707726911972e-02
-5.60961 9.647582587315728e-02
-5.59760 9.584154226712720e-02
-5.58559 9.434848742633245e-02
-5.57357 9.240195896623192e-02
-5.56156 9.026283327171492e-02
-5.54955 8.805755829887089e-02
-5.53754 8.588813013800210e-02
-5.52553 8.383165856720533e-02
-5.51351 8.192017975436047e-02
-5.50150 8.015018023581476e-02
-5.48949 7.850374689804945e-02
-5.47748 7.696356818234570e-02
-5.46547 7.551782915807867e-02
-5.45345 7.415850136380669e-02
-5.44144 7.287802270876806e-02
-5.42943 7.166762903845601e-02
-5.41742 7.051815479040913e-02
-5.40541 6.942247720419467e-02
-5.39339 6.837827566903741e-02
-5.38138 6.739005617318336e-02
-5.36937 6.646994800867072e-02
-5.35736 6.563727093388315e-02
-5.34535 6.491716093385863e-02
-5.33333 6.433864026414465e-02
-5.32132 6.393249317234913e-02
-5.30931 6.372923963593193e-02
-5.29730 6.375744278054207e-02
-5.28529 6.404256832758326e-02
-5.27327 6.460662584460442e-02
-5.26126 6.546880339511524e-02
-5.24925 6.664715044604248e-02
-5.23724 6.816094132207930e-02
-5.22523 7.003261611457189e-02
-5.21321 7.228733826903201e-02
-5.20120 7.494777443007132e-02
-5.18919 7.802248877911339e-02
-5.17718 8.148892011304966e-02
-5.16517 8.527588914105662e-02
-5.15315 8.925416590600695e-02
-5.14114 9.324408924422747e-02
-5.12913 9.704456432199662e-02
-5.11712 1.004786371818539e-01
-5.10511 1.034412692195696e-01
-5.09309 1.059305133457948e-01
-5.08108 1.080476737585391e-01
-5.06907 1.099639647202718e-01
-5.05706 1.118646897184200e-01
-5.04505 1.138900072994075e-01
-5.03303 1.160906252653932e-01
-5.02102 1.184097635405875e-01
-5.00901 1.206949573805391e-01
-4.99700 1.227377333106934e-01
-4.98498 1.243338083050352e-01
-4.97297 1.253483228478286e-01
-4.96096 1.257628441164201e-01
-4.94895 1.256825892614736e-01
-4.93694 1.252987114095764e-01
-4.92492 1.248236270128142e-01
-4.91291 1.244306049562002e-01
-4.90090 1.242222733900260e-01
-4.88889 1.242326546574511e-01
-4.87688 1.244495767606389e-01
-4.86486 1.248394553397122e-01
-4.85285 1.253630760025646e-01
-4.84084 1.259807084904543e-01
-4.82883 1.266508732482149e-01
-4.81682 1.273279845048629e-01
-4.80480 1.279620999086432e-01
-4.79279 1.285016083042705e-01
-4.78078 1.288980974938733e-01
-4.76877 1.291119660398557e-01
-4.75676 1.291172790355819e-01
-4.74474 1.289046574128660e-01
-4.73273 1.284814941166976e-01
-4.72072 1.278694157749484e-01
-4.70871 1.270995435955730e-01
-4.69670 1.262066127757187e-01
-4.68468 1.252232549183594e-01
-4.67267 1.241756603366524e-01
-4.66066 1.230814371847832e-01
-4.64865 1.219498873330967e-01
-4.63664 1.207843005625533e-01
-4.62462 1.195854071571869e-01
-4.61261 1.183549453004260e-01
-4.60060 1.170984198073340e-01
-4.58859 1.158264910374023e-01
-4.57658 1.145555367341221e-01
-4.56456 1.133256125841684e-01
-4.55255 1.124125596235553e-01
-4.54054 1.131394765839232e-01
-4.52853 1.169432857552127e-01
-4.51652 1.196669631609472e-01
-4.50450 1.123461030595672e-01
-4.49249 1.076890182012757e-01
-4.48048 1.066354844349647e-01
-4.46847 1.060696134054304e-01
-4.45646 1.056378913428027e-01
-4.44444 1.053085549785456e-01
-4.43243 1.050729325715677e-01
-4.42042 1.049222913292024e-01
-4.40841 1.048475616242818e-01
-4.39640 1.048399177671403e-01
-4.38438 1.048913068665095e-01
-4.37237 1.049948629786618e-01
-4.36036 1.051451602992086e-01
-4.34835 1.053382735018159e-01
-4.33634 1.055716356657775e-01
-4.32432 1.058437106989796e-01
-4.31231 1.061535239237480e-01
-4.30030 1.065001181639669e-01
-4.28829 1.068820202675832e-01
-4.27628 1.072968118527890e-01
-4.26426 1.077408959267099e-01
-4.25225 1.082095363717786e-01
-4.24024 1.086972197739016e-01
-4.22823 1.091983498652403e-01
-4.21622 1.097082368338619e-01
-4.20420 1.102242912430127e-01
-4.19219 1.107472806076154e-01
-4.18018 1.112824615009523e-01
-4.16817 1.118403672322991e-01
-4.15616 1.124370169312128e-01
-4.14414 1.130933241168012e-01
-4.13213 1.138335322167860e-01
-4.12012 1.146826050574726e-01
-4.10811 1.156626673535877e-01
-4.09610 1.167888340118189e-01
-4.08408 1.180650814372998e-01
-4.07207 1.194811583642880e-01
-4.06006 1.210118081024472e-01
-4.04805 1.226195928944364e-01
-4.03604 1.242621008846927e-01
-4.02402 1.259029989811824e-01
-4.01201 1.275242313917831e-01
-4.00000 1.291342414396023e-01
-3.98799 1.307658990268014e-01
-3.97598 1.324598626338113e-01
-3.96396 1.342355366990363e-01
-3.95195 1.360609325379066e-01
-3.93994 1.378394025779136e-01
-3.92793 1.394294122624114e-01
-3.91592 1.407036694223882e-01
-3.90390 1.416511678273849e-01
-3.89189 1.425435560100901e-01
-3.87988 1.441097348626302e-01
-3.86787 1.471527098518972e-01
-3.85586 1.507825824225504e-01
-3.84384 1.520215805011681e-01
-3.83183 1.505731937921619e-01
-3.81982 1.493065169749013e-01
-3.80781 1.491969699491033e-01
-3.79580 1.493281085342197e-01
-3.78378 1.489631822477566e-01
-3.77177 1.480644170540634e-01
-3.75976 1.469873944887317e-01
-3.74775 1.461009504912588e-01
-3.73574 1.455826198146887e-01
-3.72372 1.454142926526808e-01
-3.71171 1.454819664555149e-01
-3.69970 1.456785394288198e-01
-3.68769 1.459604776059488e-01
-3.67568 1.463504884987462e-01
-3.66366 1.469017353407291e-01
-3.65165 1.476512333527040e-01
-3.63964 1.485896966291527e-01
-3.62763 1.496633372637821e-01
-3.61562 1.508056074225731e-01
-3.60360 1.519795609127329e-01
-3.59159 1.532011536735849e-01
-3.57958 1.545196868826696e-01
-3.56757 1.559587460588716e-01
-3.55556 1.574572256744853e-01
-3.54354 1.588649651350426e-01
-3.53153 1.600171256855767e-01
-3.51952 1.608502097025124e-01
-3.50751 1.614823808782561e-01
-3.49550 1.622047831761786e-01
-3.48348 1.634048193276025e-01
-3.47147 1.654795513603925e-01
-3.45946 1.686997396982020e-01
-3.44745 1.729929666677172e-01
-3.43544 1.780907726127773e-01
-3.42342 1.828769591221230e-01
-3.41141 1.852409256970660e-01
-3.39940 1.844109054069935e-01
-3.38739 1.819441045206299e-01
-3.37538 1.833940757110602e-01
-3.36336 1.746510979004681e-01
-3.35135 1.617606035690244e-01
-3.33934 1.542549730052137e-01
-3.32733 1.470436767523444e-01
-3.31532 1.411862430734088e-01
-3.30330 1.369416339773123e-01
-3.29129 1.339023838575056e-01
-3.27928 1.315119007185020e-01
-3.26727 1.293961887112602e-01
-3.25526 1.273968905474959e-01
-3.24324 1.254803156424590e-01
-3.23123 1.236598061419893e-01
-3.21922 1.219562530048499e-01
-3.20721 1.203823709234213e-01
-3.19520 1.189391979388099e-01
-3.18318 1.176187471325590e-01
-3.17117 1.164087603150332e-01
-3.15916 1.152968764507237e-01
-3.14715 1.142730310178153e-01
-3.13514 1.133300983305127e-01
-3.12312 1.124633773743010e-01
-3.11111 1.116695908703949e-01
-3.09910 1.109458747441919e-01
-3.08709 1.102890012994591e-01
-3.07508 1.096949115906232e-01
-3.06306 1.091585455968474e-01
-3.05105 1.086740037714017e-01
-3.03904 1.082490273449615e-01
-3.02703 1.083932595579070e-01
-3.01502 1.119427941935565e-01
-3.00300 1.145874554312164e-01
-2.99099 1.093925561674444e-01
-2.97898 1.066805322348306e-01
-2.96697 1.062064919723679e-01
-2.95495 1.059305279438816e-01
-2.94294 1.056742644476489e-01
-2.93093 1.054371608325661e-01
-2.91892 1.052223040002294e-01
-2.90691 1.050332907015325e-01
-2.89489 1.048739169045303e-01
-2.88288 1.047479242333906e-01
-2.87087 1.046588101296251e-01
-2.85886 1.046097069770287e-01
-2.84685 1.046033274109465e-01
-2.83483 1.046419678789753e-01
-2.82282 1.047275601151428e-01
-2.81081 1.048617598876810e-01
-2.79880 1.050460632726169e-01
-2.78679 1.052819419001134e-01
-2.77477 1.055709895853739e-01
-2.76276 1.059150738803304e-01
-2.75075 1.063164898074169e-01
-2.73874 1.067781258923172e-01
-2.72673 1.073036874180960e-01
-2.71471 1.078980955837154e-01
-2.70270 1.085682978174177e-01
-2.69069 1.093248294337678e-01
-2.67868 1.101843863491523e-01
-2.66667 1.111732665586392e-01
-2.65465 1.123409750114017e-01
-2.64264 1.140159612011841e-01
-2.63063 1.183877258128119e-01
-2.61862 1.280892096788393e-01
-2.60661 1.335241902666539e-01
-2.59459 1.285577175703103e-01
-2.58258 1.255624010072751e-01
-2.57057 1.269272357984714e-01
-2.55856 1.290998644773746e-01
-2.54655 1.310826350669260e-01
-2.53453 1.328322448054481e-01
-2.52252 1.344360558819886e-01
-2.51051 1.360062739436795e-01
-2.49850 1.376393380102580e-01
-2.48649 1.393987819997779e-01
-2.47447 1.413222215073500e-01
-2.46246 1.434400884495471e-01
-2.45045 1.457904883485364e-01
-2.43844 1.484217826322498e-01
-2.42643 1.513846672106348e-01
-2.41441 1.547209119667181e-01
-2.40240 1.584534251189889e-01
-2.39039 1.625750073359369e-01
-2.37838 1.670290736743582e-01
-2.36637 1.716824532959741e-01
-2.35435 1.763070121789367e-01
-2.34234 1.805987630303949e-01
-2.33033 1.842516412824741e-01
-2.31832 1.870661942126832e-01
-2.30631 1.890368885377438e-01
-2.29429 1.903611010607575e-01
-2.28228 1.913572708043704e-01
-2.27027 1.923371428700342e-01
-2.25826 1.935019239952768e-01
-2.24625 1.949080366052729e-01
-2.23423 1.964999146698262e-01
-2.22222 1.981733152421829e-01
-2.21021 1.998305947330379e-01
-2.19820 2.014089911571972e-01
-2.18619 2.028836721803570e-01
-2.17417 2.042571504021718e-01
-2.16216 2.055461191437067e-01
-2.15015 2.067719666335997e-01
-2.13814 2.079570186499895e-01
-2.12613 2.091264120393670e-01
-2.11411 2.103148132922855e-01
-2.10210 2.115769124779928e-01
-2.09009 2.129999451175722e-01
-2.07808 2.147150356671508e-01
-2.06607 2.169022996917566e-01
-2.05405 2.197847555787155e-01
-2.04204 2.236141036062888e-01
-2.03003 2.286709634471915e-01
-2.01802 2.353033173675030e-01
-2.00601 2.439230707817798e-01
-1.99399 2.546927309782798e-01
-1.98198 2.667951356807345e-01
-1.96997 2.791963432076617e-01
-1.95796 3.109591509646182e-01
-1.94595 3.250894355245392e-01
-1.93393 2.899726195966256e-01
-1.92192 2.818291477382860e-01
-1.90991 2.753791509957818e-01
-1.89790 2.673393458854483e-01
-1.88589 2.580516396268189e-01
-1.87387 2.482377528414607e-01
-1.86186 2.387045850621318e-01
-1.84985 2.300101062670134e-01
-1.83784 2.223610668359232e-01
-1.82583 2.157096214934031e-01
-1.81381 2.099018713931383e-01
-1.80180 2.047797659962578e-01
-1.78979 2.002178083795962e-01
-1.77778 1.961204270792566e-01
-1.76577 1.924116239804678e-01
-1.75375 1.890370845689956e-01
-1.74174 1.859858867570022e-01
-1.72973 1.833279982873269e-01
-1.71772 1.812578990588960e-01
-1.70571 1.801377758207693e-01
-1.69369 1.804890540503908e-01
-1.68168 1.827173973712506e-01
-1.66967 1.865480050915891e-01
-1.65766 1.913601680603381e-01
-1.64565 2.090170612358349e-01
-1.63363 2.201370576521531e-01
-1.62162 2.024704919725780e-01
-1.60961 2.007195427976123e-01
-1.59760 1.982592504883586e-01
-1.58559 1.955206340378727e-01
-1.57357 1.933098081077400e-01
-1.56156 1.915174091446818e-01
-1.54955 1.898034958231648e-01
-1.53754 1.879725516786158e-01
-1.52553 1.859958958327036e-01
-1.51351 1.839438647042055e-01
-1.50150 1.819181604360518e-01
-1.48949 1.800006046358195e-01
-1.47748 1.782287896431289e-01
-1.46547 1.765989776792916e-01
-1.45345 1.750844115062390e-01
-1.44144 1.736540911664710e-01
-1.42943 1.722831636720832e-01
-1.41742 1.709545683226057e-01
-1.40541 1.696563969151049e-01
-1.39339 1.683793307938369e-01
-1.38138 1.671159319109182e-01
-1.36937 1.658612968986894e-01
-1.35736 1.646138409017479e-01
-1.34535 1.633754229675188e-01
-1.33333 1.621507627007389e-01
-1.32132 1.609465073521499e-01
-1.30931 1.597702908659139e-01
-1.29730 1.586299127919436e-01
-1.28529 1.575326075555882e-01
-1.27327 1.564843662167780e-01
-1.26126 1.554893528710473e-01
-1.24925 1.545495192724317e-01
-1.23724 1.536645055311772e-01
-1.22523 1.528318365344831e-01
-1.21321 1.520473380469851e-01
-1.20120 1.513060497903431e-01
-1.18919 1.506930338726819e-01
-1.17718 1.514929102858255e-01
-1.16517 1.512310091235680e-01
-1.15315 1.488232544892553e-01
-1.14114 1.480257030408478e-01
-1.12913 1.474129806028353e-01
-1.11712 1.468052541815974e-01
-1.10511 1.461981131649268e-01
-1.09309 1.455892836694525e-01
-1.08108 1.449774323685105e-01
-1.06907 1.443621378300969e-01
-1.05706 1.437438337862013e-01
-1.04505 1.431237344231709e-01
-1.03303 1.425037487365378e-01
-1.02102 1.418863859078602e-01
-1.00901 1.412746496291596e-01
-0.99700 1.406719177574721e-01
-0.98498 1.400818047095699e-01
-0.97297 1.395080067143526e-01
-0.96096 1.389541332294895e-01
-0.94895 1.384235305565346e-01
-0.93694 1.379191055201310e-01
-0.92492 1.374431581051315e-01
-0.91291 1.369972369173983e-01
-0.90090 1.365821733278785e-01
-0.88889 1.362005358331274e-01
-0.87688 1.358758576553832e-01
-0.86486 1.357027896315865e-01
-0.85285 1.357787429905832e-01
-0.84084 1.358550574480067e-01
-0.82883 1.354797538538379e-01
-0.81682 1.347891502080724e-01
-0.80480 1.342359188421375e-01
-0.79279 1.338873164312677e-01
-0.78078 1.336099352824425e-01
-0.76877 1.333362994283507e-01
-0.75676 1.330521005049702e-01
-0.74474 1.327551590725004e-01
-0.73273 1.324459226361303e-01
-0.72072 1.321266542180055e-01
-0.70871 1.318014101504195e-01
-0.69670 1.314759403977724e-01
-0.68468 1.311574595692677e-01
-0.67267 1.308542859056981e-01
-0.66066 1.305753566806277e-01
-0.64865 1.303296401881119e-01
-0.63664 1.301254773482261e-01
-0.62462 1.299699021051651e-01
-0.61261 1.298680281446235e-01
-0.60060 1.298227288188321e-01
-0.58859 1.298352267487923e-01
-0.57658 1.299076340819523e-01
-0.56456 1.300471242650469e-01
-0.55255 1.302656359048057e-01
-0.54054 1.305640458961971e-01
-0.52853 1.309038474874385e-01
-0.51652 1.312016299552488e-01
-0.50450 1.313777270718171e-01
-0.49249 1.314212914404640e-01
-0.48048 1.313949696285071e-01
-0.46847 1.313746428923024e-01
-0.45646 1.313988108047970e-01
-0.44444 1.314714243773943e-01
-0.43243 1.315903250671759e-01
-0.42042 1.317638818303531e-01
-0.40841 1.320104447134616e-01
-0.39640 1.323516689179465e-01
-0.38438 1.328067226873562e-01
-0.37237 1.333883840572190e-01
-0.36036 1.341004540468105e-01
-0.34835 1.349363186576480e-01
-0.33634 1.358788895886987e-01
-0.32432 1.369023512991685e-01
-0.31231 1.379767562309592e-01
-0.30030 1.390787246299501e-01
-0.28829 1.402157569527949e-01
-0.27628 1.414737628491693e-01
-0.26426 1.430846954938550e-01
-0.25225 1.454472084629325e-01
-0.24024 1.488874119432767e-01
-0.22823 1.530260155609266e-01
-0.21622 1.564522925526086e-01
-0.20420 1.577879498287690e-01
-0.19219 1.572149158134526e-01
-0.18018 1.562248570317258e-01
-0.16817 1.560160389979114e-01
-0.15616 1.567620113832095e-01
-0.14414 1.580326331608900e-01
-0.13213 1.592936424711206e-01
-0.12012 1.600989779231856e-01
-0.10811 1.601840524582427e-01
-0.09610 1.595734473548253e-01
-0.08408 1.586155651322406e-01
-0.07207 1.578594204066894e-01
-0.06006 1.576109623549995e-01
-0.04805 1.574275437263367e-01
-0.03604 1.568812093607506e-01
-0.02402 1.551641897322481e-01
-0.01201 1.507131215533388e-01
0.00000 1.467826521223959e-01
0.01201 1.508591624115612e-01
0.02402 1.482032383831864e-01
0.03604 1.355511536846883e-01
0.04805 1.270809610113018e-01
0.06006 1.205719229997639e-01
0.07207 1.148277642974048e-01
0.08408 1.097015576009222e-01
0.09610 1.049046644837423e-01
0.10811 1.002453960905639e-01
0.12012 9.559096101159907e-02
0.13213 9.087074750955502e-02
0.14414 8.607412660266246e-02
0.15616 8.118071777875661e-02
0.16817 7.614577037277705e-02
0.18018 7.104208366202726e-02
0.19219 6.613704380358468e-02
0.20420 6.159076443736980e-02
0.21622 5.714439247069013e-02
0.22823 5.250950150150624e-02
0.24024 4.797265978408754e-02
0.25225 4.409371785989778e-02
0.26426 4.094895977584462e-02
0.27628 3.816479652968709e-02
0.28829 3.552567785914153e-02
0.30030 3.315971539333576e-02
0.31231 3.123415471007086e-02
0.32432 2.973255890776108e-02
0.33634 2.851609520038076e-02
0.34835 2.746202846789517e-02
0.36036 2.651612140430389e-02
0.37237 2.567160816071526e-02
0.38438 2.493549634086134e-02
0.39640 2.430928507657502e-02
0.40841 2.378411697516472e-02
0.42042 2.334386794474210e-02
0.43243 2.297059671697478e-02
0.44444 2.264881776922871e-02
0.45646 2.236765498000633e-02
0.46847 2.211833783718040e-02
0.48048 2.189699453335603e-02
0.49249 2.169916986218227e-02
0.50450 2.152116889822524e-02
0.51652 2.135944820257423e-02
0.52853 2.121071734004212e-02
0.54054 2.107209708904664e-02
0.55255 2.094120795950105e-02
0.56456 2.081616782568151e-02
0.57658 2.069552930597012e-02
0.58859 2.057819499522525e-02
0.60060 2.046333609191408e-02
0.61261 2.035032547160765e-02
0.62462 2.023868692909147e-02
0.63664 2.012805822640653e-02
0.64865 2.001816462480575e-02
0.66066 1.990879992711439e-02
0.67267 1.979981274059204e-02
0.68468 1.969109631276813e-02
0.69670 1.958258079685404e-02
0.70871 1.947422717037742e-02
0.72072 1.936602228725612e-02
0.73273 1.925797471839235e-02
0.74474 1.915011115330324e-02
0.75676 1.904247321366382e-02
0.76877 1.893511458186724e-02
0.78078 1.882809838253496e-02
0.79279 1.872149477811298e-02
0.80480 1.861537875507526e-02
0.81682 1.850982808733817e-02
0.82883 1.840492146995805e-02
0.84084 1.830073682016397e-02
0.85285 1.819734974504033e-02
0.86486 1.809483217624261e-02
0.87688 1.799325117236556e-02
0.88889 1.789266788924204e-02
0.90090 1.779313671771044e-02
0.91291 1.769470458738135e-02
0.92492 1.759741043375626e-02
0.93694 1.750128482477497e-02
0.94895 1.740634974155426e-02
0.96096 1.731261850677094e-02
0.97297 1.722009585287800e-02
0.98498 1.712877812115281e-02
0.99700 1.703865358148610e-02
1.00901 1.694970286185290e-02
1.02102 1.686189947557597e-02
1.03303 1.677521043381304e-02
1.04505 1.668959693018133e-02
1.05706 1.660501508408015e-02
1.06907 1.652141672909151e-02
1.08108 1.643875023282579e-02
1.09309 1.635696133473511e-02
1.10511 1.627599398873469e-02
1.11712 1.619579119794405e-02
1.12913 1.611629582947768e-02
1.14114 1.603745139796572e-02
1.15315 1.595920280735738e-02
1.16517 1.588149704153896e-02
1.17718 1.580428379536814e-02
1.18919 1.572751603887257e-02
1.20120 1.565115050856423e-02
1.21321 1.557514812106685e-02
1.22523 1.549947430552385e-02
1.23724 1.542409925253064e-02
1.24925 1.534899807860315e-02
1.26126 1.527415090643584e-02
1.27327 1.519954286240273e-02
1.28529 1.512516399390016e-02
1.29730 1.505100911020460e-02
1.30931 1.497707755151340e-02
1.32132 1.490337289173714e-02
1.33333 1.482990258141195e-02
1.34535 1.475667753778992e-02
1.35736 1.468371168973856e-02
1.36937 1.461102148553364e-02
1.38138 1.453862537195800e-02
1.39339 1.446654325332235e-02
1.40541 1.439479593910375e-02
1.41742 1.432340458885227e-02
1.42943 1.425239016285397e-02
1.44144 1.418177288676014e-02
1.45345 1.411157173800723e-02
1.46547 1.404180396136649e-02
1.47748 1.397248462038463e-02
1.48949 1.390362619081891e-02
1.50150 1.383523820144026e-02
1.51351 1.376732692678949e-02
1.52553 1.369989513563639e-02
1.53754 1.363294189802001e-02
1.54955 1.356646245285668e-02
1.56156 1.350044813719921e-02
1.57357 1.343488637733205e-02
1.58559 1.336976074100317e-02
1.59760 1.330505104923668e-02
1.60961 1.324073354535223e-02
1.62162 1.317678111804754e-02
1.63363 1.311316357468965e-02
1.64565 1.304984796031712e-02
1.65766 1.298679891728591e-02
1.66967 1.292397908000440e-02
1.68168 1.286134949880122e-02
1.69369 1.279887008665821e-02
1.70571 1.273650008232241e-02
1.71772 1.267419852318632e-02
1.72973 1.261192472129489e-02
1.74174 1.254963873589965e-02
1.75375 1.248730183613203e-02
1.76577 1.242487694760588e-02
1.77778 1.236232907707774e-02
1.78979 1.229962570968794e-02
1.80180 1.223673717376727e-02
1.81381 1.217363696871708e-02
1.82583 1.211030205204525e-02
1.83784 1.204671308225800e-02
1.84985 1.198285461495938e-02
1.86186 1.191871525018501e-02
1.87387 1.185428772968669e-02
1.88589 1.178956898357752e-02
1.89790 1.172456012643576e-02
1.90991 1.165926640363894e-02
1.92192 1.159369708934883e-02
1.93393 1.152786533818551e-02
1.94595 1.146178799320498e-02
1.95796 1.139548535332444e-02
1.96997 1.132898090381532e-02
1.98198 1.126230101390057e-02
1.99399 1.119547460584611e-02
2.00601 1.112853280022251e-02
2.01802 1.106150854222991e-02
2.03003 1.099443621412512e-02
2.04204 1.092735123886488e-02
2.05405 1.086028968008361e-02
2.06607 1.079328784345944e-02
2.07808 1.072638188439140e-02
2.09009 1.065960742671738e-02
2.10210 1.059299919694931e-02
2.11411 1.052659067819676e-02
2.12613 1.046041378759521e-02
2.13814 1.039449858065930e-02
2.15015 1.032887298554974e-02
2.16216 1.026356256978165e-02
2.17417 1.019859034142084e-02
2.18619 1.013397658631776e-02
2.19820 1.006973874242560e-02
2.21021 1.000589131174556e-02
2.22222 9.942445809945619e-03
2.23423 9.879410753215580e-03
2.24625 9.816791681458052e-03
2.25826 9.754591216475914e-03
2.27027 9.692809153409868e-03
2.28228 9.631442583306393e-03
2.29429 9.570486044363556e-03
2.30631 9.509931699110959e-03
2.31832 9.449769534534296e-03
2.33033 9.389987581956539e-03
2.34234 9.330572153336714e-03
2.35435 9.271508090545780e-03
2.36637 9.212779024125357e-03
2.37838 9.154367638029045e-03
2.39039 9.096255936886496e-03
2.40240 9.038425512413829e-03
2.41441 8.980857805719609e-03
2.42643 8.923534362418686e-03
2.43844 8.866437077663943e-03
2.45045 8.809548428434849e-03
2.46246 8.752851690676199e-03
2.47447 8.696331139157945e-03
2.48649 8.639972228221292e-03
2.49850 8.583761751883743e-03
2.51051 8.527687982091971e-03
2.52252 8.471740784230398e-03
2.53453 8.415911709312961e-03
2.54655 8.360194062599137e-03
2.55856 8.304582948680632e-03
2.57057 8.249075293377893e-03
2.58258 8.193669843061762e-03
2.59459 8.138367142273577e-03
2.60661 8.083169490752549e-03
2.61862 8.028080881191188e-03
2.63063 7.973106919226040e-03
2.64264 7.918254727329523e-03
2.65465 7.863532834400140e-03
2.66667 7.808951052950391e-03
2.67868 7.754520345865275e-03
2.69069 7.700252684749796e-03
2.70270 7.646160901900750e-03
2.71471 7.592258537929119e-03
2.72673 7.538559687024184e-03
2.73874 7.485078841791760e-03
2.75075 7.431830739518407e-03
2.76276 7.378830211612413e-03
2.77477 7.326092037854305e-03
2.78679 7.273630806955771e-03
2.79880 7.221460784779240e-03
2.81081 7.169595791413872e-03
2.82282 7.118049088138599e-03
2.83483 7.066833275133510e-03
2.84685 7.015960200627739e-03
2.85886 6.965440881999435e-03
2.87087 6.915285439171992e-03
2.88288 6.865503040483652e-03
2.89489 6.816101861046710e-03
2.90691 6.767089053458925e-03
2.91892 6.718470730586227e-03
2.93093 6.670251960002458e-03
2.94294 6.622436769550827e-03
2.95495 6.575028163383782e-03
2.96697 6.528028147743146e-03
2.97898 6.481437765662445e-03
2.99099 6.435257139707263e-03
3.00300 6.389485521818267e-03
3.01502 6.344121349284998e-03
3.02703 6.299162305855668e-03
3.03904 6.254605386979668e-03
3.05105 6.210446968183661e-03
3.06306 6.166682875598738e-03
3.07508 6.123308457684549e-03
3.08709 6.080318657234622e-03
3.09910 6.037708082795554e-03
3.11111 5.995471078688986e-03
3.12312 5.953601792888844e-03
3.13514 5.912094242076066e-03
3.14715 5.870942373266973e-03
3.15916 5.830140121489457e-03
3.17117 5.789681463061179e-03
3.18318 5.749560464105065e-03
3.19520 5.709771324019081e-03
3.20721 5.670308413697261e-03
3.21922 5.631166308377683e-03
3.23123 5.592339815068564e-03
3.24324 5.553823994575546e-03
3.25526 5.515614178221063e-03
3.26727 5.477705979409032e-03
3.27928 5.440095300245527e-03
3.29129 5.402778333477134e-03
3.30330 5.365751560053683e-03
3.31532 5.329011742660745e-03
3.32733 5.292555915598902e-03
3.33934 5.256381371412415e-03
3.35135 5.220485644688373e-03
3.36336 5.184866493459678e-03
3.37538 5.149521878651309e-03
3.38739 5.114449942009053e-03
3.39940 5.079648982944425e-03
3.41141 5.045117434718301e-03
3.42342 5.010853840369994e-03
3.43544 4.976856828778341e-03
3.44745 4.943125091216979e-03
3.45946 4.909657358738635e-03
3.47147 4.876452380692698e-03
3.48348 4.843508904647522e-03
3.49550 4.810825657954512e-03
3.50751 4.778401331154934e-03
3.51952 4.746234563394048e-03
3.53153 4.714323929970066e-03
3.54354 4.682667932108832e-03
3.55556 4.651264989019221e-03
3.56757 4.620113432249039e-03
3.57958 4.589211502327978e-03
3.59159 4.558557347652260e-03
3.60360 4.528149025535964e-03
3.61562 4.497984505326925e-03
3.62763 4.468061673460057e-03
3.63964 4.438378340299267e-03
3.65165 4.408932248599826e-03
3.66366 4.379721083406928e-03
3.67568 4.350742483193216e-03
3.68769 4.321994052027736e-03
3.69970 4.293473372561960e-03
3.71171 4.265178019614271e-03
3.72372 4.237105574133100e-03
3.73574 4.209253637320587e-03
3.74775 4.181619844702531e-03
3.75976 4.154201879937301e-03
3.77177 4.126997488164981e-03
3.78378 4.100004488709064e-03
3.79580 4.073220786955801e-03
3.80781 4.046644385250537e-03
3.81982 4.020273392666287e-03
3.83183 3.994106033516498e-03
3.84384 3.968140654501902e-03
3.85586 3.942375730399668e-03
3.86787 3.916809868221934e-03
3.87988 3.891441809789990e-03
3.89189 3.866270432689165e-03
3.90390 3.841294749588577e-03
3.91592 3.816513905928057e-03
3.92793 3.791927175992431e-03
3.93994 3.767533957410445e-03
3.95195 3.743333764131559e-03
3.96396 3.719326217949119e-03
3.97598 3.695511038652207e-03
3.98799 3.671888032901208e-03
4.00000 3.648457081933613e-03
