-8.00000 8.511500917974036e-04
-7.98799 8.707589070487882e-04
-7.97598 8.908161704682463e-04
-7.96396 9.113348258813150e-04
-7.95195 9.323281567490357e-04
-7.93994 9.538097402004517e-04
-7.92793 9.757933968403362e-04
-7.91592 9.982931385685936e-04
-7.90390 1.021323117034423e-03
-7.89189 1.044897575674208e-03
-7.87988 1.069030808529682e-03
-7.86787 1.093737129195783e-03
-7.85586 1.119030853290201e-03
-7.84384 1.144926297755502e-03
-7.83183 1.171437800087927e-03
-7.81982 1.198579760224832e-03
-7.80781 1.226366707308182e-03
-7.79580 1.254813392869838e-03
-7.78378 1.283934911154889e-03
-7.77177 1.313746846315641e-03
-7.75976 1.344265445081693e-03
-7.74775 1.375507812262019e-03
-7.73574 1.407492125099483e-03
-7.72372 1.440237861136839e-03
-7.71171 1.473766032957654e-03
-7.69970 1.508099422068994e-03
-7.68769 1.543262803475117e-03
-7.67568 1.579283152374892e-03
-7.66366 1.616189825141459e-03
-7.65165 1.654014708518598e-03
-7.63964 1.692792333882626e-03
-7.62763 1.732559957325325e-03
-7.61562 1.773357610716265e-03
-7.60360 1.815228132899919e-03
-7.59159 1.858217192555258e-03
-7.57958 1.902373313790247e-03
-7.56757 1.947747911702462e-03
-7.55556 1.994395338845900e-03
-7.54354 2.042372938000297e-03
-7.53153 2.091741097384278e-03
-7.51952 2.142563317902235e-03
-7.50751 2.194906331618598e-03
-7.49550 2.248840350612286e-03
-7.48348 2.304439553670906e-03
-7.47147 2.361782893882473e-03
-7.45946 2.420955182002463e-03
-7.44745 2.482048135964498e-03
-7.43544 2.545160719631768e-03
-7.42342 2.610397770931039e-03
-7.41141 2.677865905412892e-03
-7.39940 2.747666266891172e-03
-7.38739 2.819884997985014e-03
-7.37538 2.894584027249522e-03
-7.36336 2.971796129997704e-03
-7.35135 3.051528192874459e-03
-7.33934 3.133774544173708e-03
-7.32733 3.218538478241195e-03
-7.31532 3.305856301964013e-03
-7.30330 3.395816573100299e-03
-7.29129 3.488569304947336e-03
-7.27928 3.584325825295932e-03
-7.26727 3.683358232061285e-03
-7.25526 3.786016330365414e-03
-7.24324 3.892789764698663e-03
-7.23123 4.004457849554073e-03
-7.21922 4.122399186914687e-03
-7.20721 4.249194803553552e-03
-7.19520 4.389774972966119e-03
-7.18318 4.553541601806256e-03
-7.17117 4.758092517321862e-03
-7.15916 5.035197201692759e-03
-7.14715 5.439246430274895e-03
-7.13514 6.057430675090649e-03
-7.12312 7.019508317310017e-03
-7.11111 8.501701420686314e-03
-7.09910 1.070906406900898e-02
-7.08709 1.380588252370759e-02
-7.07508 1.777833198271487e-02
-7.06306 2.230065669831078e-02
-7.05105 2.677083640334341e-02
-7.03904 3.059657670595669e-02
-7.02703 3.353646028196412e-02
-7.01502 3.578082648029041e-02
-7.00300 3.771941383466216e-02
-6.99099 3.965688681967251e-02
-6.97898 4.170589562386997e-02
-6.96697 4.384270915556122e-02
-6.95495 4.599820289970508e-02
-6.94294 4.811654136089979e-02
-6.93093 5.018218985178348e-02
-6.91892 5.222672509210005e-02
-6.90691 5.431834466288389e-02
-6.89489 5.653726900349486e-02
-6.88288 5.894551116684058e-02
-6.87087 6.156236374415175e-02
-6.85886 6.435605988491183e-02
-6.84685 6.725651438140490e-02
-6.83483 7.018302816747318e-02
-6.82282 7.306921241097931e-02
-6.81081 7.586614373934178e-02
-6.79880 7.852057103232697e-02
-6.78679 8.094857624381399e-02
-6.77477 8.303483957111747e-02
-6.76276 8.467024595251044e-02
-6.75075 8.580785908939044e-02
-6.73874 8.649814852004285e-02
-6.72673 8.687689244641084e-02
-6.71471 8.711265224296447e-02
-6.70270 8.734661794602115e-02
-6.69069 8.765709021411440e-02
-6.67868 8.805941556961677e-02
-6.66667 8.852992003390686e-02
-6.65465 8.903413652309686e-02
-6.64264 8.954547507554657e-02
-6.63063 9.005120768265887e-02
-6.61862 9.054996016932708e-02
-6.60661 9.104651543874503e-02
-6.59459 9.154774289269271e-02
-6.58258 9.206077142794167e-02
-6.57057 9.259273408644170e-02
-6.55856 9.315079889202459e-02
-6.54655 9.374140464400925e-02
-6.53453 9.436823409482757e-02
-6.52252 9.502921900877130e-02
-6.51051 9.571361209804920e-02
-6.49850 9.640067769369522e-02
-6.48649 9.706157381703695e-02
-6.47447 9.766527294505421e-02
-6.46246 9.818782455044388e-02
-6.45045 9.862215612725084e-02
-6.43844 9.898369278930053e-02
-6.42643 9.930670117131013e-02
-6.41441 9.962900204992185e-02
-6.40240 9.996897385561371e-02
-6.39039 1.003060512848410e-01
-6.37838 1.005786220556585e-01
-6.36637 1.007063594351536e-01
-6.35435 1.006289654784882e-01
-6.34234 1.003396835616345e-01
-6.33033 9.989143955948115e-02
-6.31832 9.936925660979551e-02
-6.30631 9.884469121717025e-02
-6.29429 9.834034483931686e-02
-6.28228 9.782569279057250e-02
-6.27027 9.724448656908768e-02
-6.25826 9.655403113412070e-02
-6.24625 9.575144182651391e-02
-6.23423 9.487365704912705e-02
-6.22222 9.397627492145393e-02
-6.21021 9.310764120496812e-02
-6.19820 9.229300585397830e-02
-6.18619 9.153355122589385e-02
-6.17417 9.081569192117581e-02
-6.16216 9.012272387433794e-02
-6.15015 8.944304660887266e-02
-6.13814 8.877313601724370e-02
-6.12613 8.811632877047806e-02
-6.11411 8.747953398278024e-02
-6.10210 8.686977586810081e-02
-6.09009 8.629175844980290e-02
-6.07808 8.574690263213985e-02
-6.06607 8.523373205991343e-02
-6.05405 8.474913523825708e-02
-6.04204 8.428990860698481e-02
-6.03003 8.385405281154720e-02
-6.01802 8.344148566015842e-02
-6.00601 8.305406914043428e-02
-5.99399 8.269505220978855e-02
-5.98198 8.236816087686319e-02
-5.96997 8.207661015406424e-02
-5.95796 8.182228291917791e-02
-5.94595 8.160524652369662e-02
-5.93393 8.142368870837424e-02
-5.92192 8.127427310637471e-02
-5.90991 8.115285436509108e-02
-5.89790 8.105545659676716e-02
-5.88589 8.097940118205103e-02
-5.87387 8.092446059343011e-02
-5.86186 8.089390271269237e-02
-5.84985 8.089526798424711e-02
-5.83784 8.094069159486210e-02
-5.82583 8.104655918024789e-02
-5.81381 8.123229453260651e-02
-5.80180 8.151815653391450e-02
-5.78979 8.192210289770176e-02
-5.77778 8.245607587773715e-02
-5.76577 8.312245831970670e-02
-5.75375 8.391185049264216e-02
-5.74174 8.480354064881934e-02
-5.72973 8.576977430965144e-02
-5.71772 8.678380488860490e-02
-5.70571 8.782958223556754e-02
-5.69369 8.890835034287167e-02
-5.68168 9.003607749803616e-02
-5.66967 9.122865549653901e-02
-5.65766 9.248324602321277e-02
-5.64565 9.377555529913337e-02
-5.63363 9.504900044429829e-02
-5.62162 9.609721373793478e-02
-5.60961 9.647604802591739e-02
-5.59760 9.584190357072737e-02
-5.58559 9.434893763652424e-02
-5.57357 9.240241894166464e-02
-5.56156 9.026327594029103e-02
-5.54955 8.805798490125059e-02
-5.53754 8.588854040868656e-02
-5.52553 8.383205046514834e-02
-5.51351 8.192055322860257e-02
-5.50150 8.015053689036265e-02
-5.48949 7.850408858977834e-02
-5.47748 7.696389630814629e-02
-5.46547 7.551814466093498e-02
-5.45345 7.415880501897980e-02
-5.44144 7.287831533636878e-02
-5.42943 7.166791151188354e-02
-5.41742 7.051842788174768e-02
-5.40541 6.942274137386202e-02
-5.39339 6.837853089334930e-02
-5.38138 6.739030185752627e-02
-5.36937 6.647018299078646e-02
-5.35736 6.563749355610174e-02
-5.34535 6.491736915507106e-02
-5.33333 6.433883178553289e-02
-5.32132 6.393266555821021e-02
-5.30931 6.372939041692358e-02
-5.29730 6.375756952850681e-02
-5.28529 6.404266868907549e-02
-5.27327 6.460669751876298e-02
-5.26126 6.546884404987237e-02
-5.24925 6.664715759700497e-02
-5.23724 6.816091225779504e-02
-5.22523 7.003254802769192e-02
-5.21321 7.228722879945455e-02
-5.20120 7.494762276982005e-02
-5.18919 7.802229726770087e-02
-5.17718 8.148869588578599e-02
-5.16517 8.527564503488770e-02
-5.15315 8.925391973532067e-02
-5.14114 9.324386094779175e-02
-5.12913 9.704437133060348e-02
-5.11712 1.004784893175004e-01
-5.10511 1.034411649804653e-01
-5.09309 1.059304391774248e-01
-5.08108 1.080476069315450e-01
-5.06907 1.099638792551423e-01
-5.05706 1.118645640109131e-01
-5.04505 1.138898318658075e-01
-5.03303 1.160904089125040e-01
-5.02102 1.184095358187667e-01
-5.00901 1.206947648340782e-01
-4.99700 1.227376282138533e-01
-4.98498 1.243338321335611e-01
-4.97297 1.253484910596325e-01
-4.96096 1.257631401328591e-01
-4.94895 1.256829714229000e-01
-4.93694 1.252991292897500e-01
-4.92492 1.248240383468599e-01
-4.91291 1.244309853660725e-01
-4.90090 1.242226166721587e-01
-4.88889 1.242329668500308e-01
-4.87688 1.244498690285228e-01
-4.86486 1.248397390722632e-01
-4.85285 1.253633608363762e-01
-4.84084 1.259810022597860e-01
-4.82883 1.266511825591125e-01
-4.81682 1.273283151117426e-01
-4.80480 1.279624566537070e-01
-4.79279 1.285019947398936e-01
-4.78078 1.288985154325759e-01
-4.76877 1.291124152568244e-01
-4.75676 1.291177572632151e-01
-4.74474 1.289051606602178e-01
-4.73273 1.284820172461736e-01
-4.72072 1.278699531961512e-01
-4.70871 1.271000899089330e-01
-4.69670 1.262071632228791e-01
-4.68468 1.252238055633748e-01
-4.67267 1.241762079889342e-01
-4.66066 1.230819791517079e-01
-4.64865 1.219504211316402e-01
-4.63664 1.207848237132530e-01
-4.62462 1.195859171360752e-01
-4.61261 1.183554396560703e-01
-4.60060 1.170988963873621e-01
-4.58859 1.158269482236618e-01
-4.57658 1.145559731496440e-01
-4.56456 1.133260200062000e-01
-4.55255 1.124128973791517e-01
-4.54054 1.131397650405215e-01
-4.52853 1.169438291117125e-01
-4.51652 1.196677624958254e-01
-4.50450 1.123460437409002e-01
-4.49249 1.076892047842218e-01
-4.48048 1.066357756449390e-01
-4.46847 1.060699067535275e-01
-4.45646 1.056381754993768e-01
-4.44444 1.053088301967181e-01
-4.43243 1.050731998350910e-01
-4.42042 1.049225516439945e-01
-4.40841 1.048478159951591e-01
-4.39640 1.048401671896226e-01
-4.38438 1.048915523221415e-01
-4.37237 1.049951054336973e-01
-4.36036 1.051454007024569e-01
-4.34835 1.053385127753106e-01
-4.33634 1.055718746824652e-01
-4.32432 1.058439502446186e-01
-4.31231 1.061537646448368e-01
-4.30030 1.065003605086786e-01
-4.28829 1.068822644312088e-01
-4.27628 1.072970577420836e-01
-4.26426 1.077411431580281e-01
-4.25225 1.082097843155618e-01
-4.24024 1.086974676528724e-01
-4.22823 1.091985969059264e-01
-4.21622 1.097084824615270e-01
-4.20420 1.102245352998104e-01
-4.19219 1.107475235641304e-01
-4.18018 1.112827046237478e-01
-4.16817 1.118406126661748e-01
-4.15616 1.124372676560726e-01
-4.14414 1.130935837467034e-01
-4.13213 1.138338046241479e-01
-4.12012 1.146828938295186e-01
-4.10811 1.156629751216286e-01
-4.09610 1.167891617368870e-01
-4.08408 1.180654277868788e-01
-4.07207 1.194815193697294e-01
-4.06006 1.210121773309939e-01
-4.04805 1.226199623694197e-01
-4.03604 1.242624628804950e-01
-4.02402 1.259033485320528e-01
-4.01201 1.275245688651767e-01
-4.00000 1.291345739791318e-01
-3.98799 1.307662394474888e-01
-3.97598 1.324602249473784e-01
-3.96396 1.342359289917080e-01
-3.95195 1.360613487373097e-01
-3.93994 1.378398044087536e-01
-3.92793 1.394296386105998e-01
-3.91592 1.407031584292531e-01
-3.90390 1.416486949704934e-01
-3.89189 1.425361120369002e-01
-3.87988 1.440887235964473e-01
-3.86787 1.471343436495025e-01
-3.85586 1.508305406886999e-01
-3.84384 1.520785149853252e-01
-3.83183 1.505594523560279e-01
-3.81982 1.492816931578876e-01
-3.80781 1.491871944012322e-01
-3.79580 1.493239812871188e-01
-3.78378 1.489608027544564e-01
-3.77177 1.480627843277554e-01
-3.75976 1.469864862395158e-01
-3.74775 1.461012670061393e-01
-3.73574 1.455845502507639e-01
-3.72372 1.454176975565113e-01
-3.71171 1.454860999206742e-01
-3.69970 1.456823388229329e-01
-3.68769 1.459630573453273e-01
-3.67568 1.463515166440585e-01
-3.66366 1.469014667817820e-01
-3.65165 1.476502440739454e-01
-3.63964 1.485885523828273e-01
-3.62763 1.496623994431114e-01
-3.61562 1.508050191729933e-01
-3.60360 1.519793324097769e-01
-3.59159 1.532012462095499e-01
-3.57958 1.545200436118542e-01
-3.56757 1.559592746280867e-01
-3.55556 1.574577751640740e-01
-3.54354 1.588653455765343e-01
-3.53153 1.600171864757537e-01
-3.51952 1.608499375242697e-01
-3.50751 1.614819434593617e-01
-3.49550 1.622044745782756e-01
-3.48348 1.634049401465354e-01
-3.47147 1.654803150134368e-01
-3.45946 1.687013688062768e-01
-3.44745 1.729962599070505e-01
-3.43544 1.780945681922149e-01
-3.42342 1.828733881469817e-01
-3.41141 1.852403100171676e-01
-3.39940 1.844127103910065e-01
-3.38739 1.819453682371944e-01
-3.37538 1.833939929823257e-01
-3.36336 1.746405791029984e-01
-3.35135 1.617590004059202e-01
-3.33934 1.542533196958596e-01
-3.32733 1.470422871255305e-01
-3.31532 1.411853100213490e-01
-3.30330 1.369411209820698e-01
-3.29129 1.339021378613264e-01
-3.27928 1.315117786557463e-01
-3.26727 1.293961048962762e-01
-3.25526 1.273968041203258e-01
-3.24324 1.254802079189430e-01
-3.23123 1.236596674629186e-01
-3.21922 1.219560775191046e-01
-3.20721 1.203821552100347e-01
-3.19520 1.189389412640944e-01
-3.18318 1.176184520992046e-01
-3.17117 1.164084331187438e-01
-3.15916 1.152965264375687e-01
-3.14715 1.142726696589697e-01
-3.13514 1.133297379521261e-01
-3.12312 1.124630299837456e-01
-3.11111 1.116692672914718e-01
-3.09910 1.109455841167511e-01
-3.08709 1.102887508830800e-01
-3.07508 1.096947067614894e-01
-3.06306 1.091583899319594e-01
-3.05105 1.086738990420719e-01
-3.03904 1.082489651423994e-01
-3.02703 1.083931954337830e-01
-3.01502 1.119433498195812e-01
-3.00300 1.145879788997123e-01
-2.99099 1.093919659396984e-01
-2.97898 1.066805249107964e-01
-2.96697 1.062066738874024e-01
-2.95495 1.059307357776623e-01
-2.94294 1.056744871410989e-01
-2.93093 1.054373927131727e-01
-2.91892 1.052225400426050e-01
-2.90691 1.050335266539454e-01
-2.89489 1.048741493837133e-01
-2.88288 1.047481507654202e-01
-2.87087 1.046590291439315e-01
-2.85886 1.046099177622164e-01
-2.84685 1.046035300416198e-01
-2.83483 1.046421631226251e-01
-2.82282 1.047277493276612e-01
-2.81081 1.048619449053792e-01
-2.79880 1.050462463077477e-01
-2.78679 1.052821254458344e-01
-2.77477 1.055711763349135e-01
-2.76276 1.059152666642721e-01
-2.75075 1.063166915538503e-01
-2.73874 1.067783396201617e-01
-2.72673 1.073039162894029e-01
-2.71471 1.078983430711717e-01
-2.70270 1.085685680835986e-01
-2.69069 1.093251280344373e-01
-2.67868 1.101847212847314e-01
-2.66667 1.111736496439469e-01
-2.65465 1.123414357894707e-01
-2.64264 1.140167727950002e-01
-2.63063 1.183901281894432e-01
-2.61862 1.280927185066293e-01
-2.60661 1.335239218250960e-01
-2.59459 1.285557964741347e-01
-2.58258 1.255624043651164e-01
-2.57057 1.269280099314251e-01
-2.55856 1.291006507861169e-01
-2.54655 1.310833509835068e-01
-2.53453 1.328329075773122e-01
-2.52252 1.344366992761981e-01
-2.51051 1.360069314620366e-01
-2.49850 1.376400334578820e-01
-2.48649 1.393995287174382e-01
-2.47447 1.413230279329337e-01
-2.46246 1.434409645375434e-01
-2.45045 1.457914483922917e-01
-2.43844 1.484228435316642e-01
-2.42643 1.513858443303689e-01
-2.41441 1.547222153732575e-01
-2.40240 1.584548569439869e-01
-2.39039 1.625765581133890e-01
-2.37838 1.670307149186707e-01
-2.36637 1.716841275730195e-01
-2.35435 1.763086285998954e-01
-2.34234 1.806002088705409e-01
-2.33033 1.842528131464746e-01
-2.31832 1.870670370668990e-01
-2.30631 1.890374200538707e-01
-2.29429 1.903614038414296e-01
-2.28228 1.913574547839021e-01
-2.27027 1.923372991913073e-01
-2.25826 1.935020948644071e-01
-2.24625 1.949082122088949e-01
-2.23423 1.965000507909913e-01
-2.22222 1.981733565532816e-01
-2.21021 1.998304915912706e-01
-2.19820 2.014087059273079e-01
-2.18619 2.028831775678761e-01
-2.17417 2.042564243138358e-01
-2.16216 2.055451395277778e-01
-2.15015 2.067707079189877e-01
-2.13814 2.079554501281874e-01
-2.12613 2.091244979890940e-01
-2.11411 2.103125144931036e-01
-2.10210 2.115741886381623e-01
-2.09009 2.129967574315890e-01
-2.07808 2.147113481783706e-01
-2.06607 2.168980776956599e-01
-2.05405 2.197799601664275e-01
-2.04204 2.236086858493818e-01
-2.03003 2.286648685585661e-01
-2.01802 2.352965008468049e-01
-2.00601 2.439154776665232e-01
-1.99399 2.546841473395652e-01
-1.98198 2.667849724501111e-01
-1.96997 2.791851713305014e-01
-1.95796 3.109565522152165e-01
-1.94595 3.250593156243206e-01
-1.93393 2.899459951633105e-01
-1.92192 2.818046352750168e-01
-1.90991 2.753531154201589e-01
-1.89790 2.673124239263451e-01
-1.88589 2.580247881455105e-01
-1.87387 2.482121662669374e-01
-1.86186 2.386815504615401e-01
-1.84985 2.299908972250114e-01
-1.83784 2.223469278952628e-01
-1.82583 2.157018399110242e-01
-1.81381 2.099019652699631e-01
-1.80180 2.047898965626709e-01
-1.78979 2.002415853304598e-01
-1.77778 1.961642003608899e-01
-1.76577 1.924859242091907e-01
-1.75375 1.891568974585132e-01
-1.74174 1.861672824527229e-01
-1.72973 1.835785847342427e-01
-1.71772 1.815599111929398e-01
-1.70571 1.804223168995675e-01
-1.69369 1.806106956952745e-01
-1.68168 1.824990284052429e-01
-1.66967 1.859721472532838e-01
-1.65766 1.907083347537549e-01
-1.64565 2.086546562989859e-01
-1.63363 2.201208304150812e-01
-1.62162 2.026914375679255e-01
-1.60961 2.010010827365486e-01
-1.59760 1.985047937608007e-01
-1.58559 1.956987974568963e-01
-1.57357 1.934226990246286e-01
-1.56156 1.915807284682392e-01
-1.54955 1.898344855139001e-01
-1.53754 1.879845057896528e-01
-1.52553 1.859973100060914e-01
-1.51351 1.839396044153381e-01
-1.50150 1.819108749507945e-01
-1.48949 1.799917388766503e-01
-1.47748 1.782191664123396e-01
-1.46547 1.765890967188177e-01
-1.45345 1.750745951086250e-01
-1.44144 1.736445538755525e-01
-1.42943 1.722740461836292e-01
-1.41742 1.709459556465834e-01
-1.40541 1.696483305753769e-01
-1.39339 1.683718191345225e-01
-1.38138 1.671089594644350e-01
-1.36937 1.658548325033699e-01
-1.35736 1.646078441711070e-01
-1.34535 1.633698490956816e-01
-1.33333 1.621455659180232e-01
-1.32132 1.609416434266797e-01
-1.30931 1.597657189439339e-01
-1.29730 1.586255967310373e-01
-1.28529 1.575285168303075e-01
-1.27327 1.564804764720545e-01
-1.26126 1.554856462170423e-01
-1.24925 1.545459844099651e-01
-1.23724 1.536611377591029e-01
-1.22523 1.528286376395229e-01
-1.21321 1.520443160268384e-01
-1.20120 1.513031756390068e-01
-1.18919 1.506804350255231e-01
-1.17718 1.513195111022524e-01
-1.16517 1.510133019396379e-01
-1.15315 1.488014246270046e-01
-1.14114 1.480240396235704e-01
-1.12913 1.474117980792030e-01
-1.11712 1.468044433251544e-01
-1.10511 1.461976980288543e-01
-1.09309 1.455892845361949e-01
-1.08108 1.449778647629240e-01
-1.06907 1.443630117567755e-01
-1.05706 1.437451531473402e-01
-1.04505 1.431254966341039e-01
-1.03303 1.425059445469452e-01
-1.02102 1.418889994275622e-01
-1.00901 1.412776585497007e-01
-0.99700 1.406752937549753e-01
-0.98498 1.400855140104935e-01
-0.97297 1.395120108033346e-01
-0.96096 1.389583896768730e-01
-0.94895 1.384279939420684e-01
-0.93694 1.379237284286043e-01
-0.92492 1.374478921695236e-01
-0.91291 1.370020338944254e-01
-0.90090 1.365869864249887e-01
-0.88889 1.362053241779128e-01
-0.87688 1.358806063241172e-01
-0.86486 1.357075310861055e-01
-0.85285 1.357834384774341e-01
-0.84084 1.358594415357435e-01
-0.82883 1.354836834748025e-01
-0.81682 1.347928470564673e-01
-0.80480 1.342395296611718e-01
-0.79279 1.338907897008834e-01
-0.78078 1.336132237317978e-01
-0.76877 1.333394038214420e-01
-0.75676 1.330550403588784e-01
-0.74474 1.327579611306096e-01
-0.73273 1.324486186582333e-01
-0.72072 1.321292798601870e-01
-0.70871 1.318040037487493e-01
-0.69670 1.314785416079419e-01
-0.68468 1.311601078933523e-01
-0.67267 1.308570191478631e-01
-0.66066 1.305782093820489e-01
-0.64865 1.303326420998919e-01
-0.63664 1.301286520185669e-01
-0.62462 1.299732657685899e-01
-0.61261 1.298715898551301e-01
-0.60060 1.298264965233429e-01
-0.58859 1.298392364077609e-01
-0.57658 1.299120404671685e-01
-0.56456 1.300523820597870e-01
-0.55255 1.302726607901239e-01
-0.54054 1.305740026716905e-01
-0.52853 1.309172946203562e-01
-0.51652 1.312175408464780e-01
-0.50450 1.313935764647009e-01
-0.49249 1.314345261280060e-01
-0.48048 1.314045081775733e-01
-0.46847 1.313810113348091e-01
-0.45646 1.314031790331125e-01
-0.44444 1.314747320369322e-01
-0.43243 1.315930496473443e-01
-0.42042 1.317661931650974e-01
-0.40841 1.320123871509966e-01
-0.39640 1.323532535943201e-01
-0.38438 1.328079567437813e-01
-0.37237 1.333892762287022e-01
-0.36036 1.341010145884025e-01
-0.34835 1.349365587973648e-01
-0.33634 1.358788217659642e-01
-0.32432 1.369019907469591e-01
-0.31231 1.379761249575496e-01
-0.30030 1.390778606271826e-01
-0.28829 1.402147337000219e-01
-0.27628 1.414727226284054e-01
-0.26426 1.430838844020943e-01
-0.25225 1.454469420556688e-01
-0.24024 1.488878238143476e-01
-0.22823 1.530266661815647e-01
-0.21622 1.564522930531854e-01
-0.20420 1.577868677474216e-01
-0.19219 1.572132646882902e-01
-0.18018 1.562233730418786e-01
-0.16817 1.560148595629672e-01
-0.15616 1.567606697043810e-01
-0.14414 1.580304205860465e-01
-0.13213 1.592898393222449e-01
-0.12012 1.600929786254465e-01
-0.10811 1.601755089455384e-01
-0.09610 1.595625150697070e-01
-0.08408 1.586044204894707e-01
-0.07207 1.578580318195389e-01
-0.06006 1.576327139706962e-01
-0.04805 1.574568084767222e-01
-0.03604 1.568893609682021e-01
-0.02402 1.551545221951679e-01
-0.01201 1.506992727707610e-01
0.00000 1.467737918397541e-01
0.01201 1.508558776095568e-01
0.02402 1.481924789048579e-01
0.03604 1.355423115050070e-01
0.04805 1.270758993407125e-01
0.06006 1.205683147643846e-01
0.07207 1.148251608078589e-01
0.08408 1.096994718703192e-01
0.09610 1.049027261444160e-01
0.10811 1.002433756262684e-01
0.12012 9.558872910869226e-02
0.13213 9.086827085535833e-02
0.14414 8.607142264196931e-02
0.15616 8.117779447209983e-02
0.16817 7.614265451892725e-02
0.18018 7.103892204187615e-02
0.19219 6.613404358006490e-02
0.20420 6.158792102042531e-02
0.21622 5.714147501732413e-02
0.22823 5.250648867739334e-02
0.24024 4.796989978227481e-02
0.25225 4.409146149721205e-02
0.26426 4.094706184422536e-02
0.27628 3.816302092032292e-02
0.28829 3.552401400028582e-02
0.30030 3.315829095491959e-02
0.31231 3.123302118642326e-02
0.32432 2.973165178445825e-02
0.33634 2.851532209734652e-02
0.34835 2.746133401308904e-02
0.36036 2.651549016508299e-02
0.37237 2.567104280300645e-02
0.38438 2.493500039704227e-02
0.39640 2.430885607793313e-02
0.40841 2.378374655747994e-02
0.42042 2.334354495387032e-02
0.43243 2.297031046341171e-02
0.44444 2.264855991912408e-02
0.45646 2.236742086759297e-02
0.46847 2.211812171755070e-02
0.48048 2.189679474151547e-02
0.49249 2.169898408474390e-02
0.50450 2.152099492458060e-02
0.51652 2.135928392322184e-02
0.52853 2.121056084957231e-02
0.54054 2.107194677210429e-02
0.55255 2.094106251769746e-02
0.56456 2.081602625386389e-02
0.57658 2.069539084283172e-02
0.58859 2.057805906932584e-02
0.60060 2.046320227440826e-02
0.61261 2.035019343918239e-02
0.62462 2.023855643653323e-02
0.63664 2.012792908683410e-02
0.64865 2.001803669554148e-02
0.66066 1.990867309954492e-02
0.67267 1.979968693279948e-02
0.68468 1.969097146407086e-02
0.69670 1.958245686366422e-02
0.70871 1.947410412297286e-02
0.72072 1.936590010719559e-02
0.73273 1.925785339639237e-02
0.74474 1.914999068745388e-02
0.75676 1.904235360790105e-02
0.76877 1.893499584464593e-02
0.78078 1.882798052566460e-02
0.79279 1.872137781573025e-02
0.80480 1.861526270273534e-02
0.81682 1.850971296121250e-02
0.82883 1.840480728612945e-02
0.84084 1.830062359401251e-02
0.85285 1.819723749071472e-02
0.86486 1.809472090621290e-02
0.87688 1.799314089705331e-02
0.88889 1.789255861672430e-02
0.90090 1.779302845349411e-02
0.91291 1.769459733424418e-02
0.92492 1.759730419165071e-02
0.93694 1.750117959079087e-02
0.94895 1.740624550993601e-02
0.96096 1.731251526898480e-02
0.97297 1.721999359772471e-02
0.98498 1.712867683492059e-02
0.99700 1.703855324813908e-02
1.00901 1.694960346324969e-02
1.02102 1.686180099171315e-02
1.03303 1.677511284308837e-02
1.04505 1.668950020967132e-02
1.05706 1.660491920982704e-02
1.06907 1.652132167639454e-02
1.08108 1.643865597653199e-02
1.09309 1.635686784952516e-02
1.10511 1.627590124939955e-02
1.11712 1.619569917964845e-02
1.12913 1.611620450800698e-02
1.14114 1.603736074995301e-02
1.15315 1.595911281048814e-02
1.16517 1.588140767473096e-02
1.17718 1.580419503892499e-02
1.18919 1.572742787460939e-02
1.20120 1.565106291990477e-02
1.21321 1.557506109311158e-02
1.22523 1.549938782508921e-02
1.23724 1.542401330815980e-02
1.24925 1.534891266054940e-02
1.26126 1.527406600661970e-02
1.27327 1.519945847434462e-02
1.28529 1.512508011263044e-02
1.29730 1.505092573215336e-02
1.30931 1.497699467438233e-02
1.32132 1.490329051435625e-02
1.33333 1.482982070358389e-02
1.34535 1.475659616012480e-02
1.35736 1.468363081348223e-02
1.36937 1.461094111239238e-02
1.38138 1.453854550392255e-02
1.39339 1.446646389249411e-02
1.40541 1.439471708752587e-02
1.41742 1.432332624834819e-02
1.42943 1.425231233487581e-02
1.44144 1.418169557224906e-02
1.45345 1.411149493726774e-02
1.46547 1.404172767395625e-02
1.47748 1.397240884502121e-02
1.48949 1.390355092530452e-02
1.50150 1.383516344260524e-02
1.51351 1.376725267045500e-02
1.52553 1.369982137659646e-02
1.53754 1.363286863004283e-02
1.54955 1.356638966870466e-02
1.56156 1.350037582866712e-02
1.57357 1.343481453530228e-02
1.58559 1.336968935551688e-02
1.59760 1.330498010957947e-02
1.60961 1.324066304015267e-02
1.62162 1.317671103538686e-02
1.63363 1.311309390222068e-02
1.64565 1.304977868539049e-02
1.65766 1.298673002708145e-02
1.66967 1.292391056166574e-02
1.68168 1.286128133957140e-02
1.69369 1.279880227401432e-02
1.70571 1.273643260410734e-02
1.71772 1.267413136773551e-02
1.72973 1.261185787755653e-02
1.74174 1.254957219354658e-02
1.75375 1.248723558566380e-02
1.76577 1.242481098043979e-02
1.77778 1.236226338562760e-02
1.78979 1.229956028742976e-02
1.80180 1.223667201529111e-02
1.81381 1.217357206976458e-02
1.82583 1.211023740953261e-02
1.83784 1.204664869428430e-02
1.84985 1.198279048080049e-02
1.86186 1.191865137027339e-02
1.87387 1.185422410557765e-02
1.88589 1.178950561790274e-02
1.89790 1.172449702284487e-02
1.90991 1.165920356673032e-02
1.92192 1.159363452459082e-02
1.93393 1.152780305182914e-02
1.94595 1.146172599218982e-02
1.95796 1.139542364517882e-02
1.96997 1.132891949655258e-02
1.98198 1.126223991591259e-02
1.99399 1.119541382579579e-02
2.00601 1.112847234693660e-02
2.01802 1.106144842459355e-02
2.03003 1.099437644097946e-02
2.04204 1.092729181890909e-02
2.05405 1.086023062178228e-02
2.06607 1.079322915495654e-02
2.07808 1.072632357343168e-02
2.09009 1.065954950057595e-02
2.10210 1.059294166237005e-02
2.11411 1.052653354134003e-02
2.12613 1.046035705399522e-02
2.13814 1.039444225519132e-02
2.15015 1.032881707240717e-02
2.16216 1.026350707246284e-02
2.17417 1.019853526272550e-02
2.18619 1.013392192835247e-02
2.19820 1.006968450661799e-02
2.21021 1.000583749886670e-02
2.22222 9.942392420139674e-03
2.23423 9.879357786036243e-03
2.24625 9.816739135910732e-03
2.25826 9.754539091064929e-03
2.27027 9.692757446189677e-03
2.28228 9.631391291935933e-03
2.29429 9.570435166162806e-03
2.30631 9.509881231118756e-03
2.31832 9.449719473566509e-03
2.33033 9.389937924663772e-03
2.34234 9.330522896260665e-03
2.35435 9.271459230173548e-03
2.36637 9.212730556940956e-03
2.37838 9.154319560561557e-03
2.39039 9.096208245754260e-03
2.40240 9.038378204364267e-03
2.41441 8.980810877664280e-03
2.42643 8.923487811463328e-03
2.43844 8.866390901133281e-03
2.45045 8.809502623892093e-03
2.46246 8.752806255937213e-03
2.47447 8.696286072300149e-03
2.48649 8.639927527587458e-03
2.49850 8.583717416080898e-03
2.51051 8.527644009985687e-03
2.52252 8.471697174934813e-03
2.53453 8.415868462176916e-03
2.54655 8.360151177188881e-03
2.55856 8.304540424759517e-03
2.57057 8.249033130883585e-03
2.58258 8.193628042081451e-03
2.59459 8.138325703017693e-03
2.60661 8.083128413527475e-03
2.61862 8.028040166371502e-03
2.63063 7.973066567226707e-03
2.64264 7.918214738578542e-03
2.65465 7.863493209312025e-03
2.66667 7.808911791900907e-03
2.67868 7.754481449167733e-03
2.69069 7.700214152633263e-03
2.70270 7.646122734490383e-03
2.71471 7.592220735228855e-03
2.72673 7.538522248901946e-03
2.73874 7.485041767967281e-03
2.75075 7.431794029553752e-03
2.76276 7.378793864905190e-03
2.77477 7.326056053633567e-03
2.78679 7.273595184280508e-03
2.79880 7.221425522539389e-03
2.81081 7.169560888333660e-03
2.82282 7.118014542782088e-03
2.83483 7.066799085912103e-03
2.84685 7.015926365809459e-03
2.85886 6.965407399719709e-03
2.87087 6.915252307445720e-03
2.88288 6.865470257218264e-03
2.89489 6.816069424055977e-03
2.90691 6.767056960477259e-03
2.91892 6.718438979283197e-03
2.93093 6.670220547997300e-03
2.94294 6.622405694426691e-03
2.95495 6.574997422701514e-03
2.96697 6.527997739054409e-03
2.97898 6.481407686521983e-03
2.99099 6.435227387684169e-03
3.00300 6.389456094506117e-03
3.01502 6.344092244310756e-03
3.02703 6.299133520887263e-03
3.03904 6.254576919732204e-03
3.05105 6.210418816424222e-03
3.06306 6.166655037149793e-03
3.07508 6.123280930425961e-03
3.08709 6.080291439104309e-03
3.09910 6.037681171788870e-03
3.11111 5.995444472856881e-03
3.12312 5.953575490334917e-03
3.13514 5.912068240952607e-03
3.14715 5.870916671770111e-03
3.15916 5.830114717853566e-03
3.17117 5.789656355552635e-03
3.18318 5.749535651015532e-03
3.19520 5.709746803658457e-03
3.20721 5.670284184386393e-03
3.21922 5.631142368441035e-03
3.23123 5.592316162826939e-03
3.24324 5.553800628338984e-03
3.25526 5.515591096282055e-03
3.26727 5.477683180036132e-03
3.27928 5.440072781677471e-03
3.29129 5.402756093917545e-03
3.30330 5.365729597666431e-03
3.31532 5.328990055566007e-03
3.32733 5.292534501869996e-03
3.33934 5.256360229073403e-03
3.35135 5.220464771712468e-03
3.36336 5.184845887768440e-03
3.37538 5.149501538114640e-03
3.38739 5.114429864445959e-03
3.39940 5.079629166124494e-03
3.41141 5.045097876363878e-03
3.42342 5.010834538158987e-03
3.43544 4.976837780347594e-03
3.44745 4.943106294166148e-03
3.45946 4.909638810634490e-03
3.47147 4.876434079073778e-03
3.48348 4.843490847029059e-03
3.49550 4.810807841833538e-03
3.50751 4.778383754015502e-03
3.51952 4.746217222712469e-03
3.53153 4.714306823220092e-03
3.54354 4.682651056766722e-03
3.55556 4.651248342568589e-03
3.56757 4.620097012185452e-03
3.57958 4.589195306163217e-03
3.59159 4.558541372918212e-03
3.60360 4.528133269788087e-03
3.61562 4.497968966147251e-03
3.62763 4.468046348459710e-03
3.63964 4.438363227120462e-03
3.65165 4.408917344917348e-03
3.66366 4.379706386929079e-03
3.67568 4.350727991662234e-03
3.68769 4.321979763219699e-03
3.69970 4.293459284286193e-03
3.71171 4.265164129712276e-03
3.72372 4.237091880477048e-03
3.73574 4.209240137811405e-03
3.74775 4.181606537267631e-03
3.75976 4.154188762527985e-03
3.77177 4.126984558753597e-03
3.78378 4.099991745285940e-03
3.79580 4.073208227526036e-03
3.80781 4.046632007830693e-03
3.81982 4.020261195281045e-03
3.83183 3.994094014195338e-03
3.84384 3.968128811275868e-03
3.85586 3.942364061298271e-03
3.86787 3.916798371270252e-03
3.87988 3.891430483006006e-03
3.89189 3.866259274081425e-03
3.90390 3.841283757154174e-03
3.91592 3.816503077651026e-03
3.92793 3.791916509842557e-03
3.93994 3.767523451342555e-03
3.95195 3.743323416085307e-03
3.96396 3.719316025849297e-03
3.97598 3.695501000409617e-03
3.98799 3.671878146414097e-03
4.00000 3.648447345089698e-03
