     0   -10.27133945    -3.81536203    -3.81536200    -3.81536198    -1.64571954    -1.64571954     5.53748864     5.53748864     5.53748864
     1   -10.25193726    -3.81692368    -3.81552721    -3.81292184    -1.64736326    -1.64511868     5.50941601     5.53009983     5.55575305
     2   -10.19696006    -3.82158679    -3.81332605    -3.80829538    -1.65228695    -1.64331748     5.47218188     5.50953818     5.56517032
     3   -10.11548448    -3.82928831    -3.80867144    -3.80156171    -1.66046843    -1.64031998     5.42848206     5.48027244     5.56760802
     4   -10.02070258    -3.83993259    -3.80148716    -3.79278387    -1.67187135    -1.63613239     5.38294192     5.44865502     5.56522430
     5    -9.92738020    -3.85340355    -3.79171356    -3.78200336    -1.68644596    -1.63076243     5.34142223     5.42148746     5.56007651
     6    -9.84901335    -3.86957859    -3.77931197    -3.76923615    -1.70413030    -1.62421868     5.30997989     5.40444952     5.55390846
     7    -9.79531397    -3.88834158    -3.76426763    -3.75447075    -1.72485235    -1.61651002     5.29377202     5.40080852     5.54803713
     8    -9.77061653    -3.90959279    -3.74659085    -3.73766901    -1.74853347    -1.60764533     5.29613915     5.41079845     5.54330050
     9    -9.77354471    -3.93325440    -3.72631663    -3.71877012    -1.77509236    -1.59763356     5.31802404     5.43185434     5.54006191
    10    -9.79789042    -3.95927140    -3.70350273    -3.69769791    -1.80444795    -1.58648408     5.35780487     5.45957441     5.53827221
    11    -9.83431490    -3.98760820    -3.67822640    -3.67437070    -1.83651951    -1.57420727     5.41154691     5.48902523     5.53758286
    12    -9.87233385    -4.01824207    -3.65057967    -3.64871243    -1.87122346    -1.56081525     5.47360910     5.51593997     5.53749091
    13    -9.90211464    -4.05115448    -3.62066325    -3.62066322    -1.90846765    -1.54632242     5.53748864     5.53748864     5.53748864
    14    -9.91579603    -4.08632180    -3.59018783    -3.58857903    -1.94814493    -1.53074596     5.53718956     5.55251453     5.59675510
    15    -9.90822794    -4.12370673    -3.55728032    -3.55442176    -1.99012737    -1.51410581     5.53640757     5.56131673     5.64592076
    16    -9.87716251    -4.16325174    -3.52196523    -3.51827022    -2.03426242    -1.49642452     5.53517725     5.56515734     5.68111389
    17    -9.82300119    -4.20487514    -3.48429458    -3.48017956    -2.08037122    -1.47772670     5.53371666     5.56568800     5.70046394
    18    -9.74823460    -4.24847008    -3.44434175    -3.44017587    -2.12824938    -1.45803832     5.53234679     5.56445171     5.70416080
    19    -9.65671837    -4.29390613    -3.40219258    -3.39825493    -2.17766952    -1.43738612     5.53139088     5.56255508     5.69420724
    20    -9.55291873    -4.34103294    -3.35793335    -3.35438731    -2.22838517    -1.41579697     5.53108043     5.56054277     5.67393176
    21    -9.44123898    -4.38968523    -3.31163436    -3.30853238    -2.28013507    -1.39329775     5.53149148     5.55845357     5.64736264
    22    -9.32550553    -4.43968885    -3.26332950    -3.26066108    -2.33264685    -1.36991538     5.53252628     5.55600117     5.61857714
    23    -9.20865348    -4.49086733    -3.21300301    -3.21077567    -2.38563950    -1.34567735     5.53394347     5.55280616     5.59113175
    24    -9.09261389    -4.54304871    -3.16060100    -3.15890753    -2.43882385    -1.32061237     5.53542727     5.54860796     5.56765496
    25    -8.97837403    -4.59607230    -3.10606463    -3.10509431    -2.49190109    -1.29475112     5.53667650     5.54340369     5.54964666
    26    -8.86616133    -4.64979479    -3.04935994    -3.04935993    -2.54455961    -1.26812689     5.53748864     5.53748864     5.53748864
    27    -8.75569413    -4.70409513    -2.99170901    -2.99049140    -2.59647081    -1.24077588     5.53063424     5.53140244     5.53781484
    28    -8.64644465    -4.75887755    -2.93213081    -2.92950325    -2.64728467    -1.21273708     5.52580826     5.52792112     5.53776638
    29    -8.53787018    -4.81407219    -2.87060626    -2.86647466    -2.69662574    -1.18405194     5.52134502     5.52794242     5.53755970
    30    -8.42958353    -4.86963299    -2.80711506    -2.80151203    -2.74409006    -1.15476360     5.51849307     5.52941491     5.53739885
    31    -8.32145040    -4.92553294    -2.78924317    -2.74164187    -2.73473986    -1.12491619     5.51748421     5.53145867     5.53734392
    32    -8.21361608    -4.98175683    -2.83161930    -2.67418156    -2.66629113    -1.09455407     5.51827138     5.53359216     5.53735439
    33    -8.10647531    -5.03829215    -2.87072143    -2.60474342    -2.59629831    -1.06372137     5.52055677     5.53505221     5.53791823
    34    -8.00060528    -5.09511878    -2.90602227    -2.53335462    -2.52488544    -1.03246182     5.52386348     5.53496715     5.53977668
    35    -7.89668287    -5.15219859    -2.93696565    -2.46006294    -2.45216189    -1.00081899     5.52762831     5.53439292     5.54177914
    36    -7.79540408    -5.20946605    -2.96296796    -2.38493871    -2.37821783    -0.96883681     5.53129285     5.53408549     5.54303323
    37    -7.69741809    -5.26682143    -2.98341921    -2.30807576    -2.30312117    -0.93656038     5.53437532     5.53442760     5.54295477
    38    -7.60328191    -5.32412807    -2.99768297    -2.22959092    -2.22691596    -0.90403677     5.53558183     5.53651475     5.54114900
    39    -7.51343691    -5.38121490    -3.00509457    -2.14962197    -2.14962197    -0.87131558     5.53748864     5.53748864     5.53748864
    40    -7.42820453    -5.43788475    -3.00495710    -2.07123564    -2.06832351    -0.83844919     5.53217414     5.53721194     5.53989553
    41    -7.34779785    -5.49392786    -2.99653535    -1.99173291    -1.98586116    -0.80549253     5.52573349     5.53572809     5.54242786
    42    -7.27234504    -5.54913888    -2.97904893    -1.91107416    -1.90240430    -0.77250233     5.51895386     5.53320033     5.54468184
    43    -7.20192145    -5.60333484    -2.95166753    -1.82921204    -1.81811832    -0.73953620     5.51275572     5.52990644     5.54631532
    44    -7.13658645    -5.65637090    -2.91351354    -1.74610192    -1.73315725    -0.70665152     5.50803311     5.52623342     5.54711541
    45    -7.07642002    -5.70815120    -2.86367913    -1.66171476    -1.64765803    -0.67390447     5.50549199     5.52266403     5.54703009
    46    -7.02155233    -5.75863276    -2.80126532    -1.57605125    -1.56173714    -0.64134948     5.50551955     5.51974568     5.54616108
    47    -6.97217863    -5.80782138    -2.72544882    -1.48915572    -1.47549037    -0.60903904     5.50811124     5.51803556     5.54472453
    48    -6.92855309    -5.85576029    -2.63557659    -1.40112781    -1.38899602    -0.57702414     5.51287091     5.51802267     5.54299290
    49    -6.89095885    -5.90251325    -2.53128003    -1.31213017    -1.30232093    -0.54535504     5.51908422     5.52003621     5.54123371
    50    -6.85965805    -5.94814528    -2.41259087    -1.22239064    -1.21552899    -0.51408246     5.52415781     5.52585047     5.53965950
    51    -6.83483162    -5.99270458    -2.28003385    -1.13219816    -1.12869063    -0.48325867     5.53015957     5.53224630     5.53839846
    52    -6.81652260    -6.03620883    -2.13466961    -1.04189228    -1.04189227    -0.45293839     5.53748864     5.53748864     5.53748864
    53    -6.80459635    -6.07863846    -1.97806784    -0.95524433    -0.95184726    -0.42317925     5.53689181     5.54106551     5.54531268
    54    -6.79872649    -6.11993732    -1.81220376    -0.86888687    -0.86245262    -0.39404157     5.53651767     5.54281175     5.55262801
    55    -6.79840830    -6.16002006    -1.63928776    -0.78299234    -0.77409214    -0.36558752     5.53624449     5.54292177     5.55841804
    56    -6.80299490    -6.19878426    -1.46155299    -0.69776526    -0.68712438    -0.33787984     5.53591884     5.54191073     5.56183609
    57    -6.81174717    -6.23612476    -1.28103578    -0.61343927    -0.60186704    -0.31098028     5.53533734     5.54053210     5.56237729
    58    -6.82388762    -6.27194746    -1.09938622    -0.53027227    -0.51858741    -0.28494801     5.53437392     5.53951319     5.56000262
    59    -6.83864989    -6.30618045    -0.91774208    -0.44854040    -0.43749996    -0.25983836     5.53333411     5.53905990     5.55518471
    60    -6.85531829    -6.33878016    -0.73668878    -0.36853201    -0.35877132    -0.23570205     5.53273852     5.53896169     5.54885916
    61    -6.87325485    -6.36973151    -0.55631415    -0.29054205    -0.28253151    -0.21258501     5.53285083     5.53900618     5.54228379
    62    -6.89191335    -6.39904164    -0.37634994    -0.21486775    -0.20888955    -0.19052874     5.53363478     5.53682743     5.53903052
    63    -6.91084138    -6.42672885    -0.19637720    -0.16957087    -0.14180547    -0.13795102     5.53372456     5.53486480     5.53888026
    64    -6.92967231    -6.45280931    -0.14974915    -0.07164896    -0.06983506    -0.01605567     5.53384020     5.53624162     5.53840536
    65    -6.94811012    -6.47728484    -0.13109625    -0.00468855    -0.00468855     0.16465140     5.53748864     5.53748864     5.53748864
    66    -6.96591106    -6.50013504    -0.11364794     0.05730433     0.05878909     0.34531799     5.53609037     5.53841434     5.54434187
    67    -6.98286632    -6.52131571    -0.09743946     0.11591803     0.11850119     0.52496200     5.53428867     5.53893464     5.55344962
    68    -6.99878964    -6.54076368    -0.08250638     0.17088744     0.17416954     0.70204094     5.53229256     5.53906339     5.56337539
    69    -7.01351204    -6.55840687    -0.06888394     0.22191516     0.22552195     0.87451778     5.53041316     5.53888544     5.57243349
    70    -7.02688360    -6.57417686    -0.05660603     0.26868296     0.27229460     1.03997152     5.52899591     5.53852395     5.57899309
    71    -7.03877990    -6.58802102    -0.04570401     0.31086607     0.31423521     1.19572160     5.52833294     5.53810826     5.58179876
    72    -7.04910949    -6.59991169    -0.03620568     0.34814851     0.35110666     1.33894257     5.52858163     5.53774651     5.58024731
    73    -7.05781845    -6.60985038    -0.02813446     0.38023758     0.38269087     1.46676076     5.52971338     5.53750637     5.57456027
    74    -7.06488961    -6.61786626    -0.02150906     0.40687620     0.40879238     1.57634243     5.53150723     5.53740696     5.56580205
    75    -7.07033561    -6.62400918    -0.01634356     0.42785202     0.42924182     1.66499667     5.53359127     5.53742295     5.55571789
    76    -7.07418731    -6.62833845    -0.01264779     0.44300282     0.44389892     1.73031600     5.53552303     5.53749854     5.54640144
    77    -7.07648003    -6.63090960    -0.01042805     0.45221844     0.45265568     1.77036023     5.53689467     5.53756250     5.53984723
    78    -7.07724090    -6.63176192    -0.00968778     0.45543977     0.45543977     1.78385660     5.53748864     5.53748864     5.53748864
    79    -7.07560422    -6.63040210    -0.01212112     0.43262756     0.45547153     1.80831092     5.53682129     5.53740420     5.53776766
    80    -7.07069634    -6.62631943    -0.01941796     0.36858337     0.45556315     1.87721965     5.53550332     5.53716996     5.53797879
    81    -7.06252359    -6.61950453    -0.03156805     0.27316836     0.45570387     1.98054111     5.53358594     5.53683760     5.53823723
    82    -7.05109592    -6.60994249    -0.04855192     0.15628401     0.45587681     2.10808994     5.53130900     5.53647688     5.53855474
    83    -7.03642641    -6.59761426    -0.07033787     0.02537846     0.45606058     2.25205723     5.52899411     5.53615661     5.53891170
    84    -7.01853112    -6.58249851    -0.11455220    -0.09687875     0.45623185     2.40704743     5.52698653     5.53592739     5.53927326
    85    -6.99742993    -6.56457417    -0.26025141    -0.12810905     0.45636860     2.56941365     5.52560721     5.53581218     5.53959406
    86    -6.97314832    -6.54382337    -0.40956862    -0.16394295     0.45645399     2.73667717     5.52511090     5.53580783     5.53982145
    87    -6.94572038    -6.52023427    -0.56103949    -0.20427346     0.45648005     2.90715720     5.52565432     5.53589795     5.53989864
    88    -6.91519278    -6.49380339    -0.71363246    -0.24897251     0.45645071     3.07975268     5.52727947     5.53607295     5.53976675
    89    -6.88162906    -6.46453704    -0.86659998    -0.29789173     0.45638309     3.25380223     5.52991486     5.53635065     5.53936483
    90    -6.84511389    -6.43245139    -1.01939125    -0.35086328     0.45630663     3.42896903     5.53339440     5.53678960     5.53862829
    91    -6.80575640    -6.39757126    -1.17159986    -0.40770042     0.45625946     3.60511841     5.53748864     5.53748864     5.53748864
    92    -6.76369217    -6.35992771    -1.32293065    -0.46819723     0.45628248     3.78217462     5.53587959     5.53856916     5.54193913
    93    -6.71908351    -6.31955490    -1.47317653    -0.53212758     0.45641154     3.95995869     5.53375491     5.54014173     5.54648501
    94    -6.67211814    -6.27648676    -1.62219994    -0.59924316     0.45666920     4.13802182     5.53111961     5.54226276     5.55087398
    95    -6.62300644    -6.23075423    -1.76991596    -0.66927096     0.45705746     4.31549763     5.52806823     5.54489135     5.55485786
    96    -6.57197797    -6.18238355    -1.91627596    -0.74191034     0.45755323     4.49100063     5.52481656     5.54785735     5.55818150
    97    -6.51927783    -6.13139589    -2.06125170    -0.81683026     0.45810794     4.66259528     5.52171062     5.55085150     5.56057767
    98    -6.46516370    -6.07780802    -2.20482057    -0.89366660     0.45865199     4.82785234     5.51920238     5.55344423     5.56177782
    99    -6.40990399    -6.02163356    -2.34695299    -0.97202014     0.45910404     4.98399506     5.51779142     5.55513484     5.56154100
   100    -6.35377747    -5.96288393    -2.48760296    -1.05145501     0.45938397     5.12812293     5.51794190     5.55542569     5.55969595
   101    -6.29707476    -5.90156834    -2.62670236    -1.13149776     0.45942743     5.25748549     5.51999086     5.55391024     5.55618653
   102    -6.24010150    -5.83769272    -2.76415940    -1.21163716     0.45919930     5.36976851     5.52406673     5.55035930     5.55110916
   103    -6.18318320    -5.77125773    -2.89986120    -1.29132455     0.45870334     5.46335019     5.53003565     5.54473199     5.54478802
   104    -6.12667139    -5.70225687    -3.03368006    -1.36997487     0.45798577     5.53748864     5.53748864     5.53748864     5.53748864
   105    -6.07095055    -5.63067552    -3.16548265    -1.44696851     0.45713145     5.52901847     5.52994393     5.54577562     5.59241184
   106    -6.01644519    -5.55649180    -3.29514089    -1.52165366     0.45625276     5.52014140     5.52273426     5.55408378     5.62929666
   107    -5.96362594    -5.47967957    -3.42254319    -1.59334971     0.45547288     5.51172932     5.51649025     5.56154919     5.65014115
   108    -5.91301355    -5.40021331    -3.54760421    -1.66135155     0.45490581     5.50463916     5.51175363     5.56738367     5.65755121
   109    -5.86517939    -5.31807423    -3.67027161    -1.72493561     0.45463698     5.49958699     5.50890240     5.57099498     5.65447484
   110    -5.82074079    -5.23325634    -3.79052847    -1.78336823     0.45470774     5.49704368     5.50809844     5.57207797     5.64392346
   111    -5.78034997    -5.14577166    -3.90839072    -1.83591749     0.45510665     5.49717460     5.50926915     5.57065823     5.62871777
   112    -5.74467546    -5.05565316    -4.02389983    -1.88186941     0.45576969     5.49984011     5.51213033     5.56707626     5.61128714
   113    -5.71437559    -4.96295485    -4.13711175    -1.92054911     0.45658939     5.50466333     5.51625148     5.56191007     5.59353766
   114    -5.69006522    -4.86774856    -4.24808399    -1.95134650     0.45743177     5.51115833     5.52115693     5.55584473     5.57679068
   115    -5.67227818    -4.77011731    -4.35686288    -1.97374489     0.45815823     5.51889408     5.52644543     5.54951186     5.56178528
   116    -5.66142953    -4.67014620    -4.46347323    -1.98734965     0.45864865     5.52764845     5.53189350     5.54334149     5.54874123
   117    -5.65778314    -4.56791194    -4.56791194    -1.99191276     0.45882171     5.53748864     5.53748864     5.53748864     5.53748864
   118    -5.65898214    -4.64013145    -4.49550801    -1.98937293     0.45725978     5.52801262     5.53648714     5.54501963     5.54979972
   119    -5.66262510    -4.71234759    -4.42231655    -1.98193397     0.45256324     5.52400857     5.53567865     5.55493933     5.57155286
   120    -5.66877298    -4.78376411    -4.34836708    -1.96987439     0.44472553     5.52381357     5.53550889     5.56703747     5.60011498
   121    -5.67750963    -4.85356231    -4.27360124    -1.95348127     0.43374502     5.52497918     5.53692961     5.58092354     5.63094571
   122    -5.68897725    -4.92095157    -4.19793001    -1.93305966     0.41962289     5.52598400     5.53979673     5.59540192     5.65913433
   123    -5.70338696    -4.98521084    -4.12130434    -1.90895002     0.40237312     5.52692661     5.54241532     5.60825520     5.68066136
   124    -5.72099207    -5.04571938    -4.04377671    -1.88154441     0.38204400     5.52796547     5.54326009     5.61636225     5.69348460
   125    -5.74202412    -5.10198017    -3.96553551    -1.85129296     0.35874540     5.52868296     5.54175753     5.61630432     5.69799097
   126    -5.76660724    -5.15363881    -3.88690361    -1.81869654     0.33267210     5.52789744     5.53865642     5.60587502     5.69608597
   127    -5.79467846    -5.20049616    -3.80830417    -1.78428600     0.30411205     5.52364026     5.53615885     5.58599770     5.68932012
   128    -5.82594366    -5.24250875    -3.73020682    -1.74859261     0.27343159     5.51598000     5.53483668     5.56100413     5.67831153
   129    -5.85988654    -5.27977291    -3.65307223    -1.71211717     0.24103817     5.50582167     5.53296402     5.53849667     5.66357992
   130    -5.89582543    -5.31249662    -3.57731189    -1.67530640     0.20733144     5.49222310     5.52250246     5.53405759     5.64601443
   131    -5.93299409    -5.34096942    -3.50327278    -1.63854441     0.17266135     5.47932126     5.51838045     5.53369848     5.62671854
   132    -5.97061855    -5.36553816    -3.43124796    -1.60216257     0.13731128     5.47378721     5.52004807     5.53403217     5.60671949
   133    -6.00797171    -5.38658823    -3.36150641    -1.56646484     0.10151526     5.47849026     5.52481359     5.53498530     5.58679600
   134    -6.04440178    -5.40452421    -3.29433249    -1.53175964     0.06550575     5.49364050     5.53042699     5.53634152     5.56746741
   135    -6.07933982    -5.41974569    -3.23006505    -1.49838653     0.02957656     5.51773940     5.53515135     5.53746487     5.54908566
   136    -6.11229531    -5.43262017    -3.16912750    -1.46672846    -0.00586047     5.53190645     5.53714251     5.53843830     5.54811244
   137    -6.14284710    -5.44346055    -3.11204181    -1.43720481    -0.04024591     5.51599728     5.53456447     5.54056619     5.58144309
   138    -6.17063406    -5.45251490    -3.05942154    -1.41024670    -0.07288374     5.50097032     5.53067323     5.54171900     5.61432657
   139    -6.19534701    -5.45997167    -3.01194404    -1.38626089    -0.10299381     5.48597490     5.52795229     5.54194806     5.64376435
   140    -6.21672199    -5.46597684    -2.97030783    -1.36559245    -0.12979236     5.47050636     5.52881889     5.54140109     5.66753580
   141    -6.23453487    -5.47065471    -2.93518530    -1.34849762    -0.15257601     5.45514761     5.53410781     5.54040368     5.68443669
   142    -6.24859779    -5.47412277    -2.90718037    -1.33513554    -0.17078359     5.44121427     5.53914562     5.54311312     5.69441904
   143    -6.25875849    -5.47649461    -2.88679565    -1.32558102    -0.18401999     5.43009315     5.53836610     5.55315665     5.69865734
   144    -6.26490275    -5.47787041    -2.87440839    -1.31985262    -0.19204301     5.42291026     5.53795028     5.56132818     5.69941615
   145    -6.26695901    -5.47832051    -2.87025282    -1.31794479    -0.19472955     5.42041880     5.53787117     5.56448099     5.69926635
   146    -6.22392545    -5.40648699    -2.97280213    -1.38395612    -0.23982785     5.35373992     5.53788075     5.56735289     5.72092313
   147    -6.18054352    -5.33564384    -3.07272445    -1.44921883    -0.28612722     5.27263258     5.53787279     5.56935125     5.72873744
   148    -6.13690388    -5.26627284    -3.17003086    -1.51358859    -0.33358657     5.17742366     5.53784748     5.57018267     5.72415107
   149    -6.09311875    -5.19884042    -3.26472768    -1.57693117    -0.38216378     5.06879003     5.53780645     5.56957482     5.70894438
   150    -6.04932535    -5.13378590    -3.35681355    -1.63912192    -0.43181578     4.94778318     5.53775266     5.56730566     5.68511082
   151    -6.00568978    -5.07150855    -3.44627695    -1.70004530    -0.48249862     4.81580529     5.53769015     5.56322080     5.65476087
   152    -5.96241140    -5.01235338    -3.53309444    -1.75959411    -0.53416753     4.67455451     5.53762378     5.55724800     5.62003363
   153    -5.91972753    -4.95659624    -3.61722966    -1.81766887    -0.58677705     4.52594706     5.53755877     5.54940953     5.58301370
   154    -5.87791850    -4.90442869    -3.69863345    -1.87417706    -0.64028099     4.37202276     5.53750027     5.53983169     5.54565515
   155    -5.83731268    -4.85594371    -3.77724488    -1.92903244    -0.69463259     4.21484082     5.50971547     5.52875057     5.53745295
   156    -5.79829120    -4.81112356    -3.85299332    -1.98215434    -0.74978451     4.05637369     5.47670163     5.51651291     5.53742057
   157    -5.76129172    -4.76983143    -3.92580137    -2.03346716    -0.80568884     3.89840729     5.44783050     5.50357083     5.53740559
   158    -5.72681041    -4.73180853    -3.99558842    -2.08289990    -0.86229721     3.74245604     5.42400431     5.49046915     5.53740894
   159    -5.69540121    -4.69667833    -4.06227455    -2.13038585    -0.91956070     3.58969976     5.40580169     5.47782440     5.53742988
   160    -5.66767085    -4.66395911    -4.12578453    -2.17586250    -0.97742993     3.44094817     5.39348350     5.46629491     5.53746602
   161    -5.64426850    -4.63308522    -4.18605164    -2.21927160    -1.03585498     3.29663548     5.38701213     5.45654267     5.53751351
   162    -5.62586888    -4.60343658    -4.24302091    -2.26055934    -1.09478548     3.15684436     5.38608230     5.44918880     5.53756738
   163    -5.61314841    -4.57437457    -4.29665174    -2.29967676    -1.15417053     3.02135501     5.39016079     5.44476629     5.53762196
   164    -5.60675559    -4.54528131    -4.34691958    -2.33658014    -1.21395876     2.88971210     5.39853258     5.44367469     5.53767147
   165    -5.60727799    -4.51559883    -4.39381568    -2.37123154    -1.27409832     2.76130012     5.41035204     5.44614121     5.53771056
   166    -5.61520993    -4.48487403    -4.43733445    -2.40359920    -1.33453693     2.63541810     5.42470321     5.45218719     5.53773488
   167    -5.63092537    -4.47768404    -4.45256962    -2.43365792    -1.39522192     2.51134527     5.44068647     5.46158447     5.53774155
   168    -5.65465977    -4.51455646    -4.41880270    -2.46138927    -1.45610031     2.38839281     5.45755708     5.47377589     5.53772941
   169    -5.68650301    -4.54825972    -4.38320865    -2.48678156    -1.51711889     2.26593969     5.47485854     5.48781438     5.53769920
   170    -5.72640345    -4.57881793    -4.34582707    -2.50982966    -1.57822432     2.14345369     5.49235362     5.50251248     5.53765341
   171    -5.77418136    -4.60631040    -4.30674253    -2.53053458    -1.63936327     2.02050097     5.50977667     5.51677213     5.53759605
   172    -5.82954934    -4.63082813    -4.26610569    -2.54890291    -1.70048253     1.89674814     5.52671406     5.52978050     5.53753215
   173    -5.89213673    -4.65246959    -4.22411572    -2.56494609    -1.76152914     1.77196056     5.53746722     5.54101363     5.54266439
   174    -5.96151536    -4.67133843    -4.18100323    -2.57867974    -1.82245060     1.64599956     5.53740667     5.55018108     5.55714002
   175    -6.03722385    -4.68754165    -4.13701615    -2.59012298    -1.88319489     1.51881975     5.53735519     5.55717750     5.56974067
   176    -6.11878824    -4.70118779    -4.09240870    -2.59929782    -1.94371071     1.39046685     5.53731638     5.56204660     5.58019244
   177    -6.20573691    -4.71238522    -4.04743331    -2.60622881    -2.00394753     1.26107506     5.53729235     5.56495142     5.58835926
   178    -6.29760855    -4.72124027    -4.00233515    -2.61094284    -2.06385571     1.13086305     5.53728366     5.56614638     5.59423421
   179    -6.39395254    -4.72785542    -3.95734867    -2.61346914    -2.12338656     1.00012747     5.53728934     5.56594871     5.59791694
   180    -6.49432242    -4.73232731    -3.91269596    -2.61383949    -2.18249240     0.86923324     5.53730717     5.56470860     5.59958342
   181    -6.59826378    -4.73474484    -3.86858643    -2.61208858    -2.24112660     0.73860046     5.53733398     5.56277800     5.59945355
   182    -6.70529903    -4.73518732    -3.82521761    -2.60825444    -2.29924355     0.60868817     5.53736611     5.56047947     5.59776127
   183    -6.81491204    -4.73372283    -3.78277680    -2.60237893    -2.35679868     0.47997602     5.53739986     5.55807705     5.59473044
   184    -6.92653623    -4.73040695    -3.74144312    -2.59450817    -2.41374844     0.35294524     5.53743186     5.55575214     5.59055819
   185    -7.03954928    -4.72528212    -3.70138996    -2.58469294    -2.47005019     0.22806029     5.53745939     5.55358779     5.58540584
   186    -7.15327737    -4.71837765    -3.66278729    -2.57298895    -2.52566221     0.10575317     5.53748062     5.55156432     5.57939639
   187    -7.26701066    -4.70971056    -3.62580371    -2.58054366    -2.55945696    -0.01358863     5.53749464     5.54956848     5.57261685
   188    -7.38003039    -4.69928735    -3.59060815    -2.63465446    -2.54416284    -0.12962923     5.53750149     5.54741674     5.56512334
   189    -7.49164617    -4.68710672    -3.55737083    -2.68795533    -2.52717745    -0.24208656     5.53750195     5.54489172     5.55694724
   190    -7.60124072    -4.67316304    -3.52626366    -2.74040772    -2.50857650    -0.35072960     5.53749742     5.54178803     5.54810136
   191    -7.70831758    -4.65745057    -3.49745990    -2.79197381    -2.48844027    -0.45537172     5.53748963     5.53796140     5.53858708
   192    -7.81254645    -4.63996815    -3.47113298    -2.84261649    -2.46685337    -0.55586130     5.52840592     5.53337123     5.53748037
   193    -7.91380055    -4.62072407    -3.44745469    -2.89229942    -2.44390445    -0.65207119     5.51758138     5.52810463     5.53747135
   194    -8.01218050    -4.59974086    -3.42659233    -2.94098702    -2.41968597    -0.74388849     5.50619506     5.52237209     5.53746391
   195    -8.10802012    -4.57705961    -3.40870505    -2.98864451    -2.39429394    -0.83120616     5.49443205     5.51647523     5.53745897
   196    -8.20187123    -4.55274356    -3.39393906    -3.03523800    -2.36782775    -0.91391758     5.48261916     5.51076001     5.53745696
   197    -8.29446596    -4.52688060    -3.38242190    -3.08073447    -2.34039007    -0.99191490     5.47123662     5.50557336     5.53745781
   198    -8.38665777    -4.49958445    -3.37425562    -3.12510188    -2.31208671    -1.06509153     5.46089433     5.50123362     5.53746104
   199    -8.47934418    -4.47099436    -3.36950941    -3.16830919    -2.28302656    -1.13334853     5.45227686     5.49801355     5.53746590
   200    -8.57337675    -4.44127324    -3.36821206    -3.21032639    -2.25332153    -1.19660411     5.44606862     5.49613023     5.53747148
   201    -8.66946559    -4.41060431    -3.37034491    -3.25112457    -2.22308648    -1.25480505     5.44287155     5.49573679     5.53747689
   202    -8.76808743    -4.37918640    -3.37583635    -3.29067589    -2.19243912    -1.30793841     5.44312622     5.49691377     5.53748141
   203    -8.86940676    -4.34722840    -3.38455862    -3.32895363    -2.16149981    -1.35604156     5.44704678     5.49965937     5.53748456
   204    -8.97321967    -4.31494300    -3.39632766    -3.36593218    -2.13039135    -1.39920917     5.45457959     5.50387797     5.53748623
   205    -9.07892865    -4.28254064    -3.41090633    -3.40158704    -2.09923866    -1.43759587     5.46539475     5.50936591     5.53748660
   206    -9.18555428    -4.25022374    -3.43589479    -3.42801084    -2.06816837    -1.47141416     5.47891772     5.51579299     5.53748616
   207    -9.29178641    -4.21818206    -3.46883309    -3.44731984    -2.03730835    -1.50092795     5.49440302     5.52268065     5.53748560
   208    -9.39607326    -4.18658931    -3.50038063    -3.46848515    -2.00678716    -1.52644264     5.51104191     5.52938304     5.53748568
   209    -9.49674244    -4.15560126    -3.53051717    -3.49114296    -1.97673347    -1.54829307     5.52808070     5.53508883     5.53748708
   210    -9.59214381    -4.12535551    -3.55922345    -3.51492458    -1.94727540    -1.56683084     5.53749033     5.53887088     5.54491237
   211    -9.68080005    -4.09597265    -3.58648121    -3.53946574    -1.91853994    -1.58241215     5.53749566     5.53980274     5.56110870
   212    -9.76154898    -4.06755860    -3.61227320    -3.56441403    -1.89065226    -1.59538720     5.53712940     5.53750297     5.57638942
   213    -9.83365987    -4.04020790    -3.63658314    -3.58943432    -1.86373513    -1.60609158     5.53044415     5.53751182     5.59055889
   214    -9.89690748    -4.01400728    -3.65939572    -3.61421232    -1.83790830    -1.61483989     5.51981825     5.53752150     5.60344760
   215    -9.95159036    -3.98903931    -3.68069664    -3.63845652    -1.81328793    -1.62192149     5.50585154     5.53753110     5.61487670
   216    -9.99848569    -3.96538557    -3.70047258    -3.66189917    -1.78998602    -1.62759803     5.48963846     5.53753962     5.62464388
   217   -10.03874073    -3.94312923    -3.71871122    -3.68429652    -1.76810982    -1.63210254     5.47265817     5.53754611     5.63252204
   218   -10.07371094    -3.92235656    -3.73540125    -3.70542868    -1.74776127    -1.63563967     5.45660608     5.53754984     5.63826383
   219   -10.10476502    -3.90315757    -3.75053237    -3.72509939    -1.72903641    -1.63838671     5.44318992     5.53755032     5.64160922
   220   -10.13308540    -3.88562565    -3.76409531    -3.74313551    -1.71202479    -1.64049525     5.43391921     5.53754744     5.64229604
   221   -10.15949759    -3.86985619    -3.77608180    -3.75938625    -1.69680882    -1.64209313     5.42992005     5.53754149     5.64007463
   222   -10.18435914    -3.85594451    -3.78648458    -3.77372228    -1.68346315    -1.64328667     5.43180446     5.53753309     5.63472844
   223   -10.20753038    -3.84398296    -3.79529739    -3.78603448    -1.67205409    -1.64416284     5.43961462     5.53752316     5.62610190
   224   -10.22843371    -3.83405729    -3.80251499    -3.79623307    -1.66263893    -1.64479140     5.45284822     5.53751281     5.61413608
   225   -10.24619091    -3.82624187    -3.80813308    -3.80424778    -1.65526543    -1.64522680     5.47055565     5.53750320     5.59891113
   226   -10.25981243    -3.82059013    -3.81214837    -3.81003311    -1.64997133    -1.64550974     5.49148607     5.53749543     5.58069179
   227   -10.26840227    -3.81709352    -3.81455847    -3.81360583    -1.64678387    -1.64566846     5.51425279     5.53749039     5.55996911
   228   -10.27133945    -3.81536203    -3.81536200    -3.81536198    -1.64571954    -1.64571954     5.53748864     5.53748864     5.53748864
   229   -10.26300311    -3.81700292    -3.81463155    -3.81366889    -1.64622633    -1.64622631     5.51185451     5.53680686     5.55763986
   230   -10.23909926    -3.82017153    -3.81225031    -3.81052844    -1.64773964    -1.64773956     5.48175100     5.53491808     5.57224288
   231   -10.20277734    -3.82524914    -3.80806417    -3.80569860    -1.65023833    -1.65023812     5.44947658     5.53224296     5.58172602
   232   -10.15875074    -3.83223064    -3.80203810    -3.79919693    -1.65368700    -1.65368663     5.41859535     5.52934799     5.58666613
   233   -10.11255874    -3.84103605    -3.79417814    -3.79107081    -1.65803588    -1.65803538     5.39348479     5.52681564     5.58762995
   234   -10.06967090    -3.85155561    -3.78451565    -3.78137477    -1.66322057    -1.66322008     5.37856265     5.52514342     5.58515061
   235   -10.03457613    -3.86366348    -3.77310547    -3.77016796    -1.66916181    -1.66916155     5.37740581     5.52468224     5.57975936
   236   -10.01002244    -3.87722829    -3.76002634    -3.75751470    -1.67576538    -1.67576520     5.39198536     5.52560805     5.57202053
   237    -9.99655927    -3.89212307    -3.74538108    -3.74348589    -1.68292147    -1.68292077     5.42219781     5.52791773     5.56254909
   238    -9.99247380    -3.90823251    -3.72929612    -3.72816105    -1.69050359    -1.69050262     5.46579142     5.53144284     5.55200825
   239    -9.99412010    -3.92545579    -3.71192028    -3.71163066    -1.69836895    -1.69836849     5.51868517     5.53587691     5.54109093
   240    -9.99654852    -3.94370399    -3.69399878    -3.69342280    -1.70635923    -1.70635771     5.53049046     5.54081284     5.57558523
   241    -9.99428659    -3.96289275    -3.67538570    -3.67399098    -1.71429848    -1.71429276     5.52086578     5.54578717     5.63074967
   242    -9.98211577    -3.98293171    -3.65593060    -3.65382747    -1.72199225    -1.72197948     5.51280535     5.55032754     5.67874641
   243    -9.95572132    -4.00371233    -3.63579395    -3.63314764    -1.72922883    -1.72920589     5.50679333     5.55399924     5.71508403
   244    -9.91214362    -4.02509556    -3.61515945    -3.61217701    -1.73577900    -1.73574313     5.50318075     5.55644683     5.73664590
   245    -9.85000815    -4.04690053    -3.59423524    -3.59114897    -1.74139671    -1.74134637     5.50216365     5.55742717     5.74190720
   246    -9.76954751    -4.06889554    -3.57325405    -3.57030274    -1.74582051    -1.74575650     5.50376966     5.55683074     5.73094997
   247    -9.67245081    -4.09079273    -3.55247183    -3.54988133    -1.74877591    -1.74870245     5.50785400     5.55468955     5.70531273
   248    -9.56158593    -4.11224801    -3.53216469    -3.53012937    -1.74997892    -1.74990456     5.51410548     5.55117127     5.66772024
   249    -9.44064261    -4.13286755    -3.51262371    -3.51129061    -1.74914093    -1.74907902     5.52206289     5.54656069     5.62174020
   250    -9.31374206    -4.15222124    -3.49414769    -3.49360464    -1.74597506    -1.74594339     5.53114188     5.54123121     5.57140958
   251    -9.18505342    -4.16986255    -3.47730289    -3.47703394    -1.74022332    -1.74020385     5.52086653     5.53560986     5.54067170
   252    -9.05844970    -4.18535225    -3.46260385    -3.46156745    -1.73166013    -1.73156803     5.47401549     5.53013989     5.54994081
   253    -8.93722786    -4.19828205    -3.44970752    -3.44800942    -1.72001910    -1.71983576     5.43424491     5.52524478     5.55824873
   254    -8.82390789    -4.20829333    -3.43878966    -3.43658591    -1.70509790    -1.70481173     5.40420914     5.52129644     5.56496058
   255    -8.72011760    -4.21508607    -3.42999615    -3.42747787    -1.68673449    -1.68634505     5.38568052     5.51858967     5.56955932
   256    -8.62656185    -4.21841487    -3.42343810    -3.42081358    -1.66481391    -1.66433520     5.37947298     5.51732342     5.57169027
   257    -8.54306908    -4.21807140    -3.41918828    -3.41666434    -1.63927326    -1.63873539     5.38543628     5.51758908     5.57119254
   258    -8.46870364    -4.21385575    -3.41727921    -3.41504379    -1.61010443    -1.60955298     5.40251703     5.51936550     5.56811350
   259    -8.40192996    -4.20554118    -3.41770322    -3.41591084    -1.57735430    -1.57684704     5.42888051     5.52252050     5.56270440
   260    -8.34081294    -4.19283824    -3.42041435    -3.41917559    -1.54112244    -1.54072374     5.46208392     5.52681901     5.55539772
   261    -8.28323861    -4.17536346    -3.42533176    -3.42470746    -1.50155667    -1.50133008     5.49928771     5.53193808     5.54676914
   262    -8.22713814    -4.15261728    -3.43234441    -3.43234441    -1.45884697    -1.45884697     5.53748864     5.53748864     5.53748864
   263    -8.17069830    -4.12397424    -3.44190240    -3.44131620    -1.41348244    -1.41321824     5.52826612     5.54304357     5.57375576
   264    -8.11254106    -4.08868822    -3.45318419    -3.45209143    -1.36546544    -1.36492268     5.51979655     5.54817050     5.60545057
   265    -8.05185549    -4.04591524    -3.46598707    -3.46449986    -1.31504065    -1.31423226     5.51270914     5.55246699     5.63041408
   266    -7.98846745    -3.99475624    -3.48010901    -3.47836146    -1.26246451    -1.26143167     5.50752386     5.55559482     5.64710738
   267    -7.92283670    -3.93432150    -3.49535346    -3.49349043    -1.20800219    -1.20681222     5.50461728     5.55730986     5.65469702
   268    -7.85597872    -3.86381518    -3.51153258    -3.50969866    -1.15192547    -1.15066673     5.50419898     5.55748390     5.65308162
   269    -7.78931866    -3.78263388    -3.52846917    -3.52679849    -1.09451132    -1.09328561     5.50629875     5.55611591     5.64286131
   270    -7.72449668    -3.69046758    -3.54599654    -3.54460394    -1.03604071    -1.03495411     5.51076477     5.55333107     5.62525600
   271    -7.66315450    -3.58745724    -3.56392280    -3.56289154    -0.97679770    -0.97595057     5.51727250     5.54936784     5.60198172
   272    -7.60673798    -3.58226311    -3.58166329    -3.47374244    -0.91706839    -0.91654573     5.52534427     5.54455455     5.57509672
   273    -7.55634691    -3.60069788    -3.60054815    -3.35058999    -0.85713978    -0.85700275     5.53437946     5.53927876     5.54683005
   274    -7.51265185    -3.61947997    -3.61918821    -3.21903143    -0.79757785    -0.79729839     5.51940566     5.53395298     5.54369459
   275    -7.47588080    -3.63831226    -3.63761884    -3.08049024    -0.73852140    -0.73782869     5.49487433     5.52898062     5.55257230
   276    -7.44586409    -3.65691348    -3.65588541    -2.93646166    -0.68007913    -0.67901135     5.47496485     5.52472573     5.56031648
   277    -7.42211644    -3.67516445    -3.67389023    -2.78838616    -0.62249345    -0.62112149     5.46096407     5.52148851     5.56630993
   278    -7.40393455    -3.69295819    -3.69154087    -2.63754581    -0.56600459    -0.56442686     5.45363350     5.51948791     5.57006910
   279    -7.39049227    -3.71019966    -3.70874916    -2.48500263    -0.51085145    -0.50918630     5.45316780     5.51885120     5.57128996
   280    -7.38092272    -3.72680532    -3.72543053    -2.33158334    -0.45727202    -0.45564827     5.45919775     5.51960987     5.56987916
   281    -7.37438251    -3.74270248    -3.74150364    -2.17790660    -0.40550336    -0.40404983     5.47083739     5.52170074     5.56596573
   282    -7.37009781    -3.75782839    -3.75689032    -2.02444364    -0.35578100    -0.35461588     5.48677168     5.52497146     5.55989108
   283    -7.36739424    -3.77212927    -3.77151575    -1.87160140    -0.30833780    -0.30755873     5.50537865     5.52918977     5.55217751
   284    -7.36571351    -3.78555913    -3.78530887    -1.71981806    -0.26340232    -0.26307805     5.52487720     5.53405612     5.54347877
   285    -7.36461928    -3.79820301    -3.79807856    -1.56966215    -0.22136100    -0.22119673     5.53451814     5.53921957     5.54348997
   286    -7.36379442    -3.81013655    -3.80965350    -1.42192769    -0.18258265    -0.18193436     5.52602129     5.54429662     5.55960968
   287    -7.36303137    -3.82105365    -3.82025405    -1.27771848    -0.14690634    -0.14581703     5.51865137     5.54889230     5.57195594
   288    -7.36221714    -3.83090491    -3.82985335    -1.13851336    -0.11448418    -0.11303240     5.51295335     5.55262229     5.57970956
   289    -7.36131454    -3.83964794    -3.83842660    -1.00620274    -0.08545726    -0.08375123     5.50931258     5.55513384     5.58261078
   290    -7.36034152    -3.84724776    -3.84595032    -0.88308402    -0.05995582    -0.05812506     5.50793114     5.55612289     5.58100806
   291    -7.35935083    -3.85367697    -3.85240174    -0.77180313    -0.03809899    -0.03628413     5.50882278     5.55534764     5.57584201
   292    -7.35841173    -3.85891577    -3.85775858    -0.67523105    -0.01999427    -0.01833586     5.51182559     5.55266809     5.56852331
   293    -7.35759533    -3.86295174    -3.86199904    -0.59627224    -0.00573663    -0.00436386     5.51663027     5.54826006     5.56055312
   294    -7.35696417    -3.86577938    -3.86510205    -0.53761529     0.00459269     0.00557246     5.52282088     5.54312297     5.55277675
   295    -7.35656585    -3.86739955    -3.86704785    -0.50145519     0.01092773     0.01143764     5.52992690     5.53903214     5.54514756
   296    -7.35642977    -3.86781866    -3.86781865    -0.48923405     0.01321947     0.01321947     5.53748864     5.53748864     5.53748864
   297    -7.35425545    -3.86941085    -3.86619082    -0.52894810     0.01285639     0.05456905     5.53471623     5.53725613     5.54023017
   298    -7.34775644    -3.87417480    -3.86131502    -0.62347354     0.01176852     0.15405412     5.53216298     5.53651609     5.54268395
   299    -7.33700204    -3.88209416    -3.85319246    -0.74149391     0.00995914     0.28050906     5.52999287     5.53518622     5.54462813
   300    -7.32209942    -3.89313654    -3.84182919    -0.86863598     0.00743390     0.41978311     5.52806791     5.53335855     5.54590014
   301    -7.30318289    -3.90725375    -3.82723442    -0.99910867     0.00420080     0.56634140     5.52540211     5.53186508     5.54641052
   302    -7.28040156    -3.92437961    -3.80942114    -1.13029318     0.00027027     0.71781149     5.52066507     5.53180306     5.54615344
   303    -7.25390778    -3.94442775    -3.78840682    -1.26083153    -0.00434481     0.87302996     5.51372912     5.53301309     5.54522087
   304    -7.22384806    -3.96729015    -3.76421406    -1.38994433    -0.00962908     1.03132684     5.50477311     5.53497154     5.54384008
   305    -7.19035782    -3.99283658    -3.73687120    -1.51716142    -0.01556471     1.19223672     5.49393174     5.53695858     5.54258000
   306    -7.15356072    -4.02091516    -3.70641270    -1.64220138    -0.02213147     1.35537525     5.48140113     5.53737126     5.54294340
   307    -7.11357226    -4.05135429    -3.67287930    -1.76490772    -0.02930675     1.52038919     5.46747851     5.53607379     5.54497444
   308    -7.07050705    -4.08396544    -3.63631810    -1.88520728    -0.03706567     1.68694259     5.45255544     5.53452908     5.54711900
   309    -7.02448846    -4.11854652    -3.59678221    -2.00307735    -0.04538116     1.85472142     5.43708669     5.53326381     5.54876702
   310    -6.97565932    -4.15488529    -3.55433045    -2.11851704    -0.05422395     2.02344584     5.42154661     5.53244378     5.54969136
   311    -6.92419239    -4.19276218    -3.50902681    -2.23152205    -0.06356263     2.19288250     5.40638410     5.53210898     5.54982794
   312    -6.87029920    -4.23195214    -3.46093995    -2.34206314    -0.07336358     2.36285101     5.39198565     5.53222598     5.54923382
   313    -6.81423696    -4.27222526    -3.41014276    -2.45006945    -0.08359088     2.53321949     5.37865527     5.53271331     5.54806378
   314    -6.75631298    -4.31334607    -3.35671213    -2.55541711    -0.09420618     2.70388558     5.36661632     5.53346172     5.54654092
   315    -6.69688711    -4.35507204    -3.30072886    -2.65792324    -0.10516847     2.87474116     5.35603686     5.53435133     5.54492020
   316    -6.63637290    -4.39715158    -3.24227803    -2.75734478    -0.11643389     3.04562104     5.34707458     5.53526379     5.54345040
   317    -6.57523838    -4.43932261    -3.18144965    -2.85338058    -0.12795548     3.21623893     5.33993279     5.53608831     5.54234187
   318    -6.51400724    -4.48131267    -3.11834049    -2.94567447    -0.13968293     3.38611725     5.33491593     5.53672807     5.54174003
   319    -6.45326078    -4.52284185    -3.05309740    -3.03377649    -0.15156238     3.55451975     5.33247308     5.53713191     5.54168438
   320    -6.39364007    -4.56363013    -3.11739160    -2.98567111    -0.16353613     3.72039868     5.33322035     5.53733362     5.54207090
   321    -6.33584659    -4.60341032    -3.19583190    -2.91636326    -0.17554236     3.88236956     5.33793522     5.53740791     5.54270581
   322    -6.28063851    -4.64194795    -3.26860445    -2.84523450    -0.18751487     4.03872923     5.34751545     5.53740787     5.54338180
   323    -6.22881846    -4.67906836    -3.33507844    -2.77243204    -0.19938253     4.18753538     5.36289081     5.53736821     5.54388928
   324    -6.18120890    -4.71468957    -3.39455655    -2.69811593    -0.21106883     4.32676793     5.38487121     5.53732091     5.54401568
   325    -6.13861202    -4.74885648    -3.44627881    -2.62246220    -0.22249107     4.45458415     5.41392021     5.53729532     5.54356214
   326    -6.10175513    -4.78176787    -3.48944501    -2.54566450    -0.23355939     4.56964425     5.44987637     5.53731192     5.54236939
   327    -6.07122725    -4.81378444    -3.52326122    -2.46793548    -0.24417560     4.67141457     5.49171349     5.53737822     5.54034515
   328    -6.04741869    -4.84540591    -3.54701200    -2.38950807    -0.25423165     4.76029728     5.53748864     5.53748864     5.53748864
   329    -6.03047800    -4.87721239    -3.56015093    -2.31063677    -0.26360795     4.83748245     5.53390946     5.53762794     5.58457905
   330    -6.02029824    -4.90977840    -3.56239120    -2.23159887    -0.27217135     4.90458354     5.52983752     5.53777646     5.63014259
   331    -6.01653682    -4.94358232    -3.55377195    -2.15269581    -0.27977309     4.96325103     5.52562093     5.53791533     5.67160079
   332    -6.01866269    -4.97893861    -3.53468010    -2.07425447    -0.28624661     5.01492951     5.52170896     5.53803062     5.70697137
   333    -6.02601823    -5.01597127    -3.50582277    -1.99662849    -0.29140563     5.06079435     5.51861790     5.53811572     5.73500467
   334    -6.03788150    -5.05462981    -3.46816202    -1.92019908    -0.29504274     5.10180882     5.51687901     5.53817216     5.75517367
   335    -6.05351878    -5.09473361    -3.42283396    -1.84537527    -0.29692900     5.13882309     5.51696846     5.53820957     5.76758804
   336    -6.07222275    -5.13602569    -3.37107261    -1.77259255    -0.29681536     5.17265929     5.51922021     5.53824690     5.77288240
   337    -6.09333650    -5.17822046    -3.31414962    -1.70230927    -0.29443663     5.20415639     5.52371880     5.53832315     5.77210236
   338    -6.11626606    -5.22103742    -3.25333169    -1.63499936    -0.28951944     5.23417090     5.53011668     5.53858310     5.76659179
   339    -6.14048502    -5.26421942    -3.18985057    -1.57114042    -0.28179507     5.26354184     5.53622710     5.54060654     5.75786835
   340    -6.16553398    -5.30753805    -3.12487939    -1.51119602    -0.27101807     5.29303350     5.53754004     5.54787439     5.74745447
   341    -6.19101724    -5.35079021    -3.05951016    -1.45559227    -0.25699050     5.32326911     5.53775633     5.55534937     5.73660256
   342    -6.21659778    -5.39379001    -2.99473088    -1.40469028    -0.23959022     5.35466476     5.53783559     5.56075561     5.72585265
   343    -6.24199150    -5.43635943    -2.93140376    -1.35875782    -0.21879937     5.38736857     5.53786823     5.56319860     5.71449103
   344    -6.26696112    -5.47832036    -2.87024813    -1.31794540    -0.19472790     5.42120476     5.53787122     5.56271343     5.70024413
   345    -6.26490333    -5.47787161    -2.87440377    -1.31985440    -0.19204086     5.42374003     5.53775443     5.55977530     5.70033188
   346    -6.25875613    -5.47649838    -2.88679190    -1.32558253    -0.18401842     5.43113082     5.53657988     5.55311636     5.69944378
   347    -6.24859267    -5.47412896    -2.90717772    -1.33513542    -0.17078364     5.44261970     5.53237593     5.54784577     5.69504900
   348    -6.23452855    -5.47066192    -2.93518339    -1.34849550    -0.15257798     5.45686862     5.52639555     5.54593978     5.68489068
   349    -6.21671644    -5.46598326    -2.97030616    -1.36558913    -0.12979560     5.47211705     5.52316857     5.54518957     5.66778609
   350    -6.19534345    -5.45997606    -3.01194242    -1.38625777    -0.10299711     5.48683330     5.52467039     5.54433391     5.64380138
   351    -6.17063251    -5.45251709    -3.05942022    -1.41024479    -0.07288600     5.50089854     5.52965939     5.54293249     5.61419836
   352    -6.14284674    -5.44346119    -3.11204117    -1.43720418    -0.04024680     5.51556040     5.53483880     5.54090424     5.58126749
   353    -6.11229530    -5.43262020    -3.16912745    -1.46672843    -0.00586053     5.53174144     5.53741419     5.53839956     5.54804452
   354    -6.07933981    -5.41974580    -3.23006481    -1.49838645     0.02957635     5.51790958     5.53545618     5.53664652     5.54942899
   355    -6.04440180    -5.40452481    -3.29433112    -1.53175943     0.06550476     5.49410202     5.53092130     5.53467125     5.56818185
   356    -6.00797169    -5.38658966    -3.36150363    -1.56646482     0.10151383     5.47921195     5.52479436     5.53350287     5.58757603
   357    -5.97061801    -5.36554095    -3.43124468    -1.60216273     0.13731048     5.47469977     5.51925472     5.53333147     5.60730093
   358    -5.93299242    -5.34097415    -3.50327055    -1.63854384     0.17266215     5.48038137     5.51668916     5.53404957     5.62699806
   359    -5.89582241    -5.31250357    -3.57731173    -1.67530360     0.20733384     5.49334799     5.51969116     5.53572098     5.64603601
   360    -5.85988271    -5.27978172    -3.65307383    -1.71211116     0.24104110     5.50643268     5.52940644     5.54158272     5.66343806
   361    -5.82594004    -5.24251834    -3.73020879    -1.74858389     0.27343368     5.51592858     5.53412674     5.56199389     5.67808028
   362    -5.79467587    -5.20050508    -3.80830528    -1.78427653     0.30411257     5.52335734     5.53607758     5.58661078     5.68906868
   363    -5.76660580    -5.15364574    -3.88690379    -1.81868859     0.33267137     5.52766255     5.53876524     5.60616662     5.69591886
   364    -5.74202340    -5.10198426    -3.96553586    -1.85128778     0.35874432     5.52871167     5.54178855     5.61624960     5.69798556
   365    -5.72099162    -5.04572040    -4.04377854    -1.88154174     0.38204334     5.52837598     5.54295957     5.61614883     5.69358843
   366    -5.70338669    -4.98520917    -4.12130814    -1.90894864     0.40237307     5.52776149     5.54157978     5.60815700     5.68076075
   367    -5.68897729    -4.92094808    -4.19793510    -1.93305848     0.41962318     5.52715756     5.53845009     5.59552743     5.65918207
   368    -5.67750997    -4.85355820    -4.27360632    -1.95347997     0.43374531     5.52610809     5.53555457     5.58112752     5.63098760
   369    -5.66877337    -4.78376064    -4.34837098    -1.96987328     0.44472563     5.52444881     5.53472664     5.56705059     5.60024848
   370    -5.66262532    -4.71234555    -4.42231870    -1.98193336     0.45256321     5.52431362     5.53539454     5.55460689     5.57186411
   371    -5.65898218    -4.64013084    -4.49550863    -1.98937278     0.45725974     5.52817825     5.53640184     5.54448861     5.55025034
   372    -5.65778314    -4.56791194    -4.56791194    -1.99191276     0.45882171     5.53748864     5.53748864     5.53748864     5.53748864
   373    -5.65650808    -4.57083929    -4.56648446    -1.99107071     0.45578454     5.52703849     5.53764997     5.53839152     5.54851383
   374    -5.65268731    -4.57958836    -4.56220417    -1.98859813     0.44671296     5.51740757     5.53846772     5.54074428     5.55984878
   375    -5.64633393    -4.59406201    -4.55507737    -1.98465410     0.43172840     5.50881305     5.53962240     5.54479472     5.57121464
   376    -5.63746923    -4.61410430    -4.54511386    -1.97949860     0.41103850     5.50144003     5.54083169     5.55068796     5.58233052
   377    -5.62612191    -4.63950864    -4.53232607    -1.97348544     0.38494378     5.49543706     5.54185746     5.55842938     5.59293370
   378    -5.61232708    -4.67002769    -4.51672782    -1.96705347     0.35384493     5.49091242     5.54252696     5.56781234     5.60281829
   379    -5.59612522    -4.70538402    -4.49833296    -1.96071681     0.31824886     5.48793129     5.54274256     5.57831946     5.61191182
   380    -5.57756105    -4.74528050    -4.47715397    -1.95505441     0.27877178     5.48651390     5.54248155     5.58897568     5.62041331
   381    -5.55668265    -4.78940966    -4.45320063    -1.95069900     0.23613773     5.48663485     5.54178838     5.59823529     5.62891067
   382    -5.53354076    -4.83746149    -4.42647882    -1.94832469     0.19117086     5.48822363     5.54076155     5.60439472     5.63798541
   383    -5.50818851    -4.88912954    -4.39698973    -1.94863222     0.14478045     5.49116648     5.53953689     5.60666221     5.64717320
   384    -5.48068156    -4.94411522    -4.36472943    -1.95233025     0.09793766     5.49530971     5.53826927     5.60528148     5.65488114
   385    -5.45107860    -5.00213054    -4.32968892    -1.96011154     0.05164371     5.50046460     5.53711435     5.60075871     5.65921012
   386    -5.41944231    -5.06289942    -4.29185480    -1.97262319     0.00689002     5.50641367     5.53621206     5.59354431     5.65832771
   387    -5.38584042    -5.12615808    -4.25121037    -1.99043166    -0.03538776     5.51291852     5.53567310     5.58405864     5.65049916
   388    -5.35034699    -5.19165444    -4.20773724    -2.01398545    -0.07435798     5.51972869     5.53556927     5.57274537     5.63408924
   389    -5.31304442    -5.25914612    -4.16141737    -2.04358004    -0.10933784     5.52659142     5.53592819     5.56009334     5.60759112
   390    -5.32841024    -5.27401316    -4.11223520    -2.07933126    -0.13982835     5.53326177     5.53673253     5.54663428     5.56967182
   391    -5.39920858    -5.23336540    -4.06017984    -2.12116259    -0.16553339     5.51922178     5.53292675     5.53792338     5.53951267
   392    -5.47133284    -5.19119820    -4.00524702    -2.16880980    -0.18635970     5.45540036     5.51953259     5.53940725     5.54514421
   393    -5.54456981    -5.14762635    -3.94744063    -2.22184216    -0.20239850     5.37767216     5.50699020     5.54106578     5.54999190
   394    -5.61871123    -5.10277026    -3.88677352    -2.27969650    -0.21389299     5.28583063     5.49578771     5.54276706     5.55393314
   395    -5.69355169    -5.05675570    -3.82326762    -2.34171764    -0.22119824     5.18000703     5.48633858     5.54437766     5.55689156
   396    -5.76888772    -5.00971254    -3.75695304    -2.40719913    -0.22474036     5.06066383     5.47896160     5.54577413     5.55883903
   397    -5.84451713    -4.96177348    -3.68786638    -2.47541930    -0.22497981     4.92857284     5.47386664     5.54685308     5.55979502
   398    -5.92023864    -4.91307304    -3.61604824    -2.54567006    -0.22238204     4.78477926     5.47114726     5.54753913     5.55982340
   399    -5.99585178    -4.86374702    -3.54154005    -2.61727764    -0.21739625     4.63055381     5.47078033     5.54779009     5.55902678
   400    -6.07115693    -4.81393239    -3.46438067    -2.68961609    -0.21044155     4.46733584     5.47263262     5.54759924     5.55753872
   401    -6.14595565    -4.76376787    -3.38460298    -2.76211472    -0.20189947     4.29667082     5.47647364     5.54699464     5.55551443
   402    -6.22005111    -4.71339492    -3.30223090    -2.83426112    -0.19211100     4.12014577     5.48199364     5.54603566     5.55312022
   403    -6.29324867    -4.66295918    -3.21727728    -2.90560113    -0.18137675     3.93932652     5.48882535     5.54480732     5.55052282
   404    -6.36535644    -4.61261208    -3.12974289    -2.97573664    -0.16995916     3.75570014     5.49656784     5.54341275     5.54787903
   405    -6.43618595    -4.56251233    -3.04432253    -3.03961673    -0.15808567     3.57062562     5.50481080     5.54196440     5.54532678
   406    -6.50555266    -4.51282702    -3.11106179    -2.94687881    -0.14595238     3.38529518     5.51315777     5.54057422     5.54297868
   407    -6.57327651    -4.46373210    -3.17570283    -2.85150201    -0.13372767     3.20070768     5.52124660     5.53934337     5.54091851
   408    -6.63918225    -4.41541191    -3.23803340    -2.75345821    -0.12155555     3.01765488     5.52876624     5.53835229     5.53920104
   409    -6.70309976    -4.36805784    -3.29787700    -2.65272299    -0.10955874     2.83672025     5.53546881     5.53765278     5.53785404
   410    -6.76486422    -4.32186596    -3.35508842    -2.54928133    -0.09784125     2.65828937     5.53688113     5.53726379     5.54117668
   411    -6.82431623    -4.27703394    -3.40954952    -2.44313286    -0.08649071     2.48257004     5.53626451     5.53717182     5.54578439
   412    -6.88130187    -4.23375750    -3.46116540    -2.33429612    -0.07558031     2.30962003     5.53596774     5.53733543     5.54925581
   413    -6.93567275    -4.19222659    -3.50986059    -2.22281159    -0.06517051     2.13937994     5.53593901     5.53769245     5.55161720
   414    -6.98728610    -4.15262194    -3.55557571    -2.10874320    -0.05531061     1.97170852     5.53611550     5.53816870     5.55294706
   415    -7.03600491    -4.11511203    -3.59826433    -1.99217847    -0.04604017     1.80641834     5.53642876     5.53868665     5.55336393
   416    -7.08169811    -4.07985091    -3.63789022    -1.87322805    -0.03739035     1.64330965     5.53681061     5.53917356     5.55301326
   417    -7.12424091    -4.04697680    -3.67442495    -1.75202523    -0.02938520     1.48220143     5.53719907     5.53956828     5.55205449
   418    -7.16351518    -4.01661168    -3.70784594    -1.62872745    -0.02204288     1.32295911     5.53754338     5.53982633     5.55064938
   419    -7.19940994    -3.98886156    -3.73813483    -1.50352173    -0.01537680     1.16552008     5.53780773     5.53992300     5.54895238
   420    -7.23182198    -3.96381736    -3.76527626    -1.37663847    -0.00939669     1.00992026     5.53797310     5.53985432     5.54710359
   421    -7.26065647    -3.94155619    -3.78925705    -1.24838074    -0.00410948     0.85632890     5.53803699     5.53963598     5.54522461
   422    -7.28582764    -3.92214271    -3.81006561    -1.11918455     0.00047991     0.70510749     5.53801130     5.53930031     5.54341695
   423    -7.30725950    -3.90563053    -3.82769169    -0.98974578     0.00436796     0.55692937     5.53791857     5.53889190     5.54176268
   424    -7.32488646    -3.89206337    -3.84212626    -0.86130488     0.00755214     0.41305267     5.53778735     5.53846223     5.54032637
   425    -7.33865396    -3.88147599    -3.85336164    -0.73634973     0.01003054     0.27600876     5.53764756     5.53806413     5.53915714
   426    -7.34851899    -3.87389492    -3.86139158    -0.62053542     0.01180180     0.15150678     5.53752697     5.53774696     5.53828956
   427    -7.35445051    -3.86933886    -3.86621144    -0.52799393     0.01286494     0.05372905     5.53745417     5.53755082     5.53773983
   428    -7.35642977    -3.86781866    -3.86781865    -0.48923405     0.01321947     0.01321947     5.53748864     5.53748864     5.53748864
   429    -7.35425544    -3.86940903    -3.86619268    -0.52894811     0.01285641     0.05456907     5.53471642     5.53725609     5.54023000
   430    -7.34775649    -3.87417316    -3.86131678    -0.62347373     0.01176848     0.15405466     5.53216497     5.53651542     5.54268249
   431    -7.33700239    -3.88209274    -3.85319407    -0.74149461     0.00995902     0.28051116     5.53000239     5.53518141     5.54462269
   432    -7.32210051    -3.89313529    -3.84183063    -0.86863764     0.00743371     0.41978831     5.52810162     5.53333660     5.54588631
   433    -7.30318512    -3.90725256    -3.82723566    -0.99911180     0.00420056     0.56635134     5.52547991     5.53181054     5.54638296
   434    -7.28040510    -3.92437831    -3.80942220    -1.13029835     0.00027002     0.71782737     5.52077126     5.53173564     5.54610752
   435    -7.25391235    -3.94442620    -3.78840771    -1.26083929    -0.00434505     0.87305194     5.51384892     5.53295013     5.54515394
   436    -7.22385286    -3.96728826    -3.76421484    -1.38995502    -0.00962928     1.03135365     5.50489725     5.53492475     5.54375049
   437    -7.19036168    -3.99283434    -3.73687191    -1.51717506    -0.01556486     1.19226561     5.49404931     5.53694397     5.54246426
   438    -7.15356238    -4.02091266    -3.70641335    -1.64221753    -0.02213157     1.35540245     5.48150075     5.53736848     5.54283544
   439    -7.11357073    -4.05135166    -3.67287991    -1.76492557    -0.02930680     1.52041072     5.46755096     5.53605991     5.54490867
   440    -7.07050185    -4.08396283    -3.63631865    -1.88522577    -0.03706569     1.68695528     5.45259558     5.53451829     5.54708820
   441    -7.02447979    -4.11854406    -3.59678268    -2.00309543    -0.04538116     1.85472373     5.43709424     5.53326282     5.54876557
   442    -6.97564801    -4.15488307    -3.55433081    -2.11853391    -0.05422394     2.02343833     5.42152596     5.53245336     5.54971364
   443    -6.92417967    -4.19276026    -3.50902707    -2.23153721    -0.06356263     2.19286776     5.40634334     5.53212652     5.54986668
   444    -6.87028649    -4.23195055    -3.46094013    -2.34207639    -0.07336361     2.36283306     5.39193523     5.53224712     5.54928023
   445    -6.81422559    -4.27222406    -3.41014293    -2.45008071    -0.08359096     2.53320287     5.37860621     5.53273316     5.54810853
   446    -6.75630403    -4.31334535    -3.35671236    -2.55542622    -0.09420632     2.70387444     5.36657823     5.53347605     5.54657562
   447    -6.69688133    -4.35507191    -3.30072920    -2.65792992    -0.10516865     2.87473848     5.35601581     5.53435757     5.54493899
   448    -6.63637071    -4.39715211    -3.24227838    -2.75734871    -0.11643409     3.04562823     5.34707115     5.53526202     5.54345124
   449    -6.57523986    -4.43932377    -3.18144959    -2.85338174    -0.12795567     3.21625593     5.33994083     5.53608165     5.54232740
   450    -6.51401215    -4.48131424    -3.11833830    -2.94567434    -0.13968309     3.38614295     5.33492258     5.53672136     5.54171869
   451    -6.45326858    -4.52284347    -3.05305245    -3.03381588    -0.15156248     3.55455258     5.33246042     5.53712803     5.54167206
   452    -6.39364993    -4.56363134    -3.11737304    -2.98568160    -0.16353615     3.72043713     5.33316877     5.53733235     5.54208833
   453    -6.33585746    -4.60341072    -3.19581611    -2.91636966    -0.17554232     3.88241240     5.33782818     5.53740884     5.54277092
   454    -6.28064918    -4.64194736    -3.26859049    -2.84523916    -0.18751478     4.03877516     5.34734480     5.53741147     5.54350361
   455    -6.22882780    -4.67906694    -3.33506716    -2.77243537    -0.19938242     4.18758223     5.36266165     5.53737512     5.54406452
   456    -6.18121602    -4.71468779    -3.39454859    -2.69811811    -0.21106873     4.32681179     5.38460485     5.53733093     5.54422762
   457    -6.13861655    -4.74885490    -3.44627415    -2.62246342    -0.22249099     4.45461941     5.41365353     5.53730688     5.54378142
   458    -6.10175729    -4.78176691    -3.48944298    -2.54566502    -0.23355935     4.56966570     5.44965625     5.53732241     5.54255722
   459    -6.07122780    -4.81378414    -3.52326075    -2.46793560    -0.24417558     4.67142148     5.49158645     5.53738466     5.54045873
   460    -6.04741869    -4.84540591    -3.54701200    -2.38950807    -0.25423165     4.76029728     5.53748864     5.53748864     5.53748864
   461    -6.03047843    -4.87721206    -3.56015058    -2.31063686    -0.26360793     4.83749159     5.53376862     5.53762044     5.58471808
   462    -6.02029966    -4.90977716    -3.56239018    -2.23159917    -0.27217130     4.90462092     5.52954919     5.53776206     5.63040735
   463    -6.01653922    -4.94357990    -3.55377037    -2.15269634    -0.27977299     4.96332969     5.52520570     5.53789619     5.67195534
   464    -6.01866559    -4.97893513    -3.53467840    -2.07425519    -0.28624644     5.01504774     5.52121753     5.53800996     5.70736351
   465    -6.02602097    -5.01596715    -3.50582146    -1.99662931    -0.29140541     5.06093096     5.51812855     5.53809718     5.73537386
   466    -6.03788356    -5.05462552    -3.46816150    -1.92019994    -0.29504249     5.10192473     5.51648862     5.53815926     5.75545891
   467    -6.05352001    -5.09472947    -3.42283442    -1.84537610    -0.29692878     5.13886929     5.51677778     5.53820563     5.76773463
   468    -6.07222337    -5.13602186    -3.37107399    -1.77259332    -0.29681521     5.17258916     5.51931542     5.53825615     5.77284684
   469    -6.09333686    -5.17821695    -3.31415173    -1.70230994    -0.29443663     5.20393813     5.52415042     5.53835651     5.77185527
   470    -6.11626643    -5.22103425    -3.25333431    -1.63499990    -0.28951969     5.23379524     5.53084487     5.53870360     5.76611936
   471    -6.14048541    -5.26421672    -3.18985356    -1.57114076    -0.28179564     5.26302219     5.53654495     5.54150433     5.75717396
   472    -6.16553415    -5.30753602    -3.12488272    -1.51119610    -0.27101900     5.29239920     5.53756140     5.54938184     5.74656246
   473    -6.19101685    -5.35078901    -3.05951388    -1.45559207    -0.25699180     5.32255559     5.53775877     5.55710207     5.73556418
   474    -6.21659661    -5.39378962    -2.99473504    -1.40468985    -0.23959181     5.35390487     5.53783577     5.56262423     5.72474747
   475    -6.24198965    -5.43635956    -2.93140829    -1.35875723    -0.21880108     5.38658756     5.53786819     5.56506282     5.71341179
   476    -6.26695901    -5.47832051    -2.87025282    -1.31794479    -0.19472955     5.42041880     5.53787117     5.56448099     5.69926635
   477    -6.26696112    -5.47832036    -2.87024813    -1.31794540    -0.19472790     5.42120476     5.53787122     5.56271343     5.70024413
   478    -6.30906933    -5.54979591    -2.76632700    -1.25213591    -0.15138562     5.47280306     5.53784573     5.55939396     5.66427465
   479    -6.35071219    -5.62129784    -2.65981801    -1.18590608    -0.10929252     5.50981602     5.53780678     5.55421333     5.61560573
   480    -6.39184792    -5.69237224    -2.55071469    -1.11942562    -0.06848486     5.52079751     5.53657761     5.53775791     5.57698795
   481    -6.43244506    -5.76258372    -2.43901711    -1.05287432    -0.02899767     5.44647478     5.53770315     5.54053809     5.57498921
   482    -6.47248013    -5.83152111    -2.32473384    -0.98644190     0.00913525     5.34642175     5.53764722     5.54068905     5.57734437
   483    -6.51193512    -5.89880229    -2.20788358    -0.92032758     0.04588139     5.22949500     5.53759458     5.53945534     5.57513441
   484    -6.55079463    -5.96407816    -2.08849629    -0.85473966     0.08120957     5.09751186     5.53754930     5.53825940     5.56783043
   485    -6.58904271    -6.02703569    -1.96661419    -0.78989491     0.11508997     4.95192677     5.53751465     5.53753068     5.55649010
   486    -6.62665923    -6.08740022    -1.84229266    -0.72601786     0.14749416     4.79427981     5.53739813     5.53749285     5.54249848
   487    -6.66361575    -6.14493718    -1.71560136    -0.66334003     0.17839510     4.62623394     5.52724790     5.53748483     5.53785996
   488    -6.69987119    -6.19945291    -1.58662580    -0.60209899     0.20776720     4.44954111     5.51201547     5.53749021     5.53883773
   489    -6.73536746    -6.25079501    -1.45546983    -0.54253730     0.23558633     4.26599208     5.49789976     5.53750735     5.54020257
   490    -6.77002545    -6.29885164    -1.32225940    -0.48490137     0.26182979     4.07736547     5.48578413     5.53753349     5.54179416
   491    -6.80374203    -6.34355001    -1.18714816    -0.42944006     0.28647637     3.88538277     5.47631730     5.53756510     5.54343796
   492    -6.83638837    -6.38485358    -1.05032570    -0.37640321     0.30950635     3.69167318     5.46990733     5.53759821     5.54496165
   493    -6.86781010    -6.42275818    -0.91202942    -0.32603984     0.33090145     3.49775170     5.46672704     5.53762883     5.54621067
   494    -6.89782933    -6.45728701    -0.77256187    -0.27859627     0.35064489     3.30501323     5.46672942     5.53765336     5.54706171
   495    -6.92624853    -6.48848488    -0.63231617    -0.23431386     0.36872133     3.11474599     5.46967121     5.53766899     5.54743349
   496    -6.95285588    -6.51641212    -0.49181458    -0.19342664     0.38511689     2.92816889     5.47514330     5.53767396     5.54729361
   497    -6.97743160    -6.54113869    -0.35176807    -0.15615858     0.39981912     2.74650004     5.48260626     5.53766779     5.54666100
   498    -6.99975483    -6.56273869    -0.21317166    -0.12272030     0.41281699     2.57106943     5.49142920     5.53765128     5.54560358
   499    -7.01961068    -6.58128584    -0.09332665    -0.07743771     0.42410087     2.40349739     5.50093044     5.53762644     5.54423137
   500    -7.03679695    -6.59684968    -0.06810744     0.05326709     0.43366249     2.24597512     5.51041827     5.53759624     5.54268538
   501    -7.05113055    -6.60949276    -0.04725924     0.17577739     0.44149494     2.10169594     5.51923018     5.53756428     5.54112356
   502    -7.06245317    -6.61926854    -0.03090268     0.28521336     0.44759258     1.97546369     5.52676913     5.53753435     5.53970496
   503    -7.07063621    -6.62621987    -0.01914254     0.37444387     0.45195111     1.87432242     5.53253559     5.53751001     5.53857342
   504    -7.07558484    -6.63037800    -0.01205538     0.43419811     0.45456745     1.80746057     5.53615608     5.53749414     5.53784067
   505    -7.07724090    -6.63176192    -0.00968778     0.45543977     0.45543977     1.78385660     5.53748864     5.53748864     5.53748864
