-8.00000 8.161851403658170e-02
-7.98799 8.219612494182114e-02
-7.97598 8.278253579090722e-02
-7.96396 8.337831283227658e-02
-7.95195 8.398408615029669e-02
-7.93994 8.460054831697046e-02
-7.92793 8.522844985783026e-02
-7.91592 8.586859164364884e-02
-7.90390 8.652181443070157e-02
-7.89189 8.718898585525689e-02
-7.87988 8.787098524057556e-02
-7.86787 8.856868660086126e-02
-7.85586 8.928294023760990e-02
-7.84384 9.001455333899192e-02
-7.83183 9.076427003911748e-02
-7.81982 9.153275150341855e-02
-7.80781 9.232055681199090e-02
-7.79580 9.312812574177017e-02
-7.78378 9.395576501337732e-02
-7.77177 9.480364015717778e-02
-7.75976 9.567177581948831e-02
-7.74775 9.656006798848138e-02
-7.73574 9.746831214706848e-02
-7.72372 9.839625160895353e-02
-7.71171 9.934365011762926e-02
-7.69970 1.003103920806066e-01
-7.68769 1.012966125541809e-01
-7.67568 1.023028573972763e-01
-7.66366 1.033302721296073e-01
-7.65165 1.043808163232697e-01
-7.63964 1.054574992061955e-01
-7.62763 1.065646318080745e-01
-7.61562 1.077080914233161e-01
-7.60360 1.088955951679730e-01
-7.59159 1.101369809343602e-01
-7.57958 1.114444973081191e-01
-7.56757 1.128331132140902e-01
-7.55556 1.143208825871075e-01
-7.54354 1.159294560470524e-01
-7.53153 1.176849494293459e-01
-7.51952 1.196196210247944e-01
-7.50751 1.217753458737908e-01
-7.49550 1.242111104879637e-01
-7.48348 1.270191673477316e-01
-7.47147 1.303567898407714e-01
-7.45946 1.344939135720652e-01
-7.44745 1.398419323475282e-01
-7.43544 1.468695797536676e-01
-7.42342 1.558332542009248e-01
-7.41141 1.664931415647901e-01
-7.39940 1.783052080757282e-01
-7.38739 1.918707820425946e-01
-7.37538 2.177813672707217e-01
-7.36336 2.600640298794167e-01
-7.35135 2.496950540772597e-01
-7.33934 2.419795374291089e-01
-7.32733 2.520934784180561e-01
-7.31532 2.613696028467547e-01
-7.30330 2.679388902519484e-01
-7.29129 2.715518666628155e-01
-7.27928 2.725401427519493e-01
-7.26727 2.716015173649884e-01
-7.25526 2.695962176125757e-01
-7.24324 2.673493517316561e-01
-7.23123 2.655008496890915e-01
-7.21922 2.644287049420123e-01
-7.20721 2.642474391238771e-01
-7.19520 2.648642804215289e-01
-7.18318 2.660662425546114e-01
-7.17117 2.676125833040496e-01
-7.15916 2.693151679168752e-01
-7.14715 2.710986707398632e-01
-7.13514 2.730392869915982e-01
-7.12312 2.753830528801544e-01
-7.11111 2.785396074216652e-01
-7.09910 2.830244692583200e-01
-7.08709 2.892887931993216e-01
-7.07508 2.974050380293047e-01
-7.06306 3.067638989174335e-01
-7.05105 3.161422204721782e-01
-7.03904 3.243167521562861e-01
-7.02703 3.308003000177354e-01
-7.01502 3.360164201652541e-01
-7.00300 3.407980915233562e-01
-6.99099 3.457763661520559e-01
-6.97898 3.511558518465655e-01
-6.96697 3.568430180293413e-01
-6.95495 3.626502566695747e-01
-6.94294 3.684285209269269e-01
-6.93093 3.741299466404805e-01
-6.91892 3.798252426411236e-01
-6.90691 3.856813651633292e-01
-6.89489 3.919049041583488e-01
-6.88288 3.986683898708405e-01
-6.87087 4.060452319765407e-01
-6.85886 4.139804738797069e-01
-6.84685 4.223139412120309e-01
-6.83483 4.308448552072326e-01
-6.82282 4.393943940099401e-01
-6.81081 4.478156504075917e-01
-6.79880 4.559398932505379e-01
-6.78679 4.635113962466134e-01
-6.77477 4.701914628236383e-01
-6.76276 4.756667026217189e-01
-6.75075 4.798073947260805e-01
-6.73874 4.827686755557040e-01
-6.72673 4.849624498532400e-01
-6.71471 4.869227432348661e-01
-6.70270 4.891608256187340e-01
-6.69069 4.921020548788422e-01
-6.67868 4.961244663816358e-01
-6.66667 5.016343599833907e-01
-6.65465 5.090689864715831e-01
-6.64264 5.187428820280615e-01
-6.63063 5.305641199823465e-01
-6.61862 5.438014560112777e-01
-6.60661 5.571559083732667e-01
-6.59459 5.692371529074415e-01
-6.58258 5.792105002253920e-01
-6.57057 5.871681991805110e-01
-6.55856 5.939556756368005e-01
-6.54655 6.006130475430720e-01
-6.53453 6.078509632305286e-01
-6.52252 6.158540294929236e-01
-6.51051 6.243976657985632e-01
-6.49850 6.330843618085624e-01
-6.48649 6.415351109545807e-01
-6.47447 6.494874923603632e-01
-6.46246 6.568280493464234e-01
-6.45045 6.635948658251594e-01
-6.43844 6.699595233056286e-01
-6.42643 6.761740437612634e-01
-6.41441 6.824700890970753e-01
-6.40240 6.889283298829506e-01
-6.39039 6.953779041492882e-01
-6.37838 7.014029859610809e-01
-6.36637 7.064934693467869e-01
-6.35435 7.102867274716059e-01
-6.34234 7.127659959936702e-01
-6.33033 7.142803819487095e-01
-6.31832 7.153522685840603e-01
-6.30631 7.163783603509909e-01
-6.29429 7.174085585393691e-01
-6.28228 7.181404200300721e-01
-6.27027 7.181256520590403e-01
-6.25826 7.170492238259653e-01
-6.24625 7.149066503163791e-01
-6.23423 7.119887344709611e-01
-6.22222 7.087147479062248e-01
-6.21021 7.054367871070215e-01
-6.19820 7.023247006276040e-01
-6.18619 6.993655071589702e-01
-6.17417 6.964405470020736e-01
-6.16216 6.934188182507862e-01
-6.15015 6.902216205499432e-01
-6.13814 6.868442151284415e-01
-6.12613 6.833428602957096e-01
-6.11411 6.798043073836924e-01
-6.10210 6.763136514360938e-01
-6.09009 6.729309879396652e-01
-6.07808 6.696812591377603e-01
-6.06607 6.665566555568213e-01
-6.05405 6.635276602674718e-01
-6.04204 6.605574882819479e-01
-6.03003 6.576150824137856e-01
-6.01802 6.546834271757426e-01
-6.00601 6.517620005539918e-01
-5.99399 6.488640257213754e-01
-5.98198 6.460103806377453e-01
-5.96997 6.432224446615696e-01
-5.95796 6.405159232886752e-01
-5.94595 6.378970396554990e-01
-5.93393 6.353616785134687e-01
-5.92192 6.328973272901240e-01
-5.90991 6.304871118613640e-01
-5.89790 6.281149253503294e-01
-5.88589 6.257705871939375e-01
-5.87387 6.234540944877117e-01
-5.86186 6.211782636849573e-01
-5.84985 6.189693320958485e-01
-5.83784 6.168653374581639e-01
-5.82583 6.149122959648082e-01
-5.81381 6.131583711866682e-01
-5.80180 6.116464207113383e-01
-5.78979 6.104055934332550e-01
-5.77778 6.094430830808261e-01
-5.76577 6.087377172033359e-01
-5.75375 6.082376428579005e-01
-5.74174 6.078646131762308e-01
-5.72973 6.075266641131154e-01
-5.71772 6.071385461873465e-01
-5.70571 6.066448293940083e-01
-5.69369 6.060354101927909e-01
-5.68168 6.053428718814157e-01
-5.66967 6.046393570387603e-01
-5.65766 6.041700938092075e-01
-5.64565 6.048281813159545e-01
-5.63363 6.081209849120340e-01
-5.62162 6.132505592439959e-01
-5.60961 6.142356263315084e-01
-5.59760 6.059422424415786e-01
-5.58559 5.917269164452589e-01
-5.57357 5.781019380617370e-01
-5.56156 5.670544843376107e-01
-5.54955 5.574473527594538e-01
-5.53754 5.483924635074960e-01
-5.52553 5.397255570740782e-01
-5.51351 5.314867058139362e-01
-5.50150 5.236972600556861e-01
-5.48949 5.163511930687410e-01
-5.47748 5.094392707700898e-01
-5.46547 5.029580324978506e-01
-5.45345 4.969057725192957e-01
-5.44144 4.912758059702725e-01
-5.42943 4.860539063046321e-01
-5.41742 4.812215113209677e-01
-5.40541 4.767627335490346e-01
-5.39339 4.726721231700957e-01
-5.38138 4.689607421821716e-01
-5.36937 4.656593308707473e-01
-5.35736 4.628184338365837e-01
-5.34535 4.605060081445880e-01
-5.33333 4.588032787383801e-01
-5.32132 4.577995927337397e-01
-5.30931 4.575869309327368e-01
-5.29730 4.582546979984208e-01
-5.28529 4.598854959696038e-01
-5.27327 4.625527444440303e-01
-5.26126 4.663210427597230e-01
-5.24925 4.712496951286558e-01
-5.23724 4.773983907134132e-01
-5.22523 4.848314789941038e-01
-5.21321 4.936142779946062e-01
-5.20120 5.037933334368957e-01
-5.18919 5.153553351668043e-01
-5.17718 5.281685135015731e-01
-5.16517 5.419244037535198e-01
-5.15315 5.561104523181709e-01
-5.14114 5.700452778055081e-01
-5.12913 5.829912339619160e-01
-5.11712 5.943255498138010e-01
-5.10511 6.037161967509613e-01
-5.09309 6.112322573690714e-01
-5.08108 6.173346983604576e-01
-5.06907 6.227379857175436e-01
-5.05706 6.281839398486210e-01
-5.04505 6.342002237941855e-01
-5.03303 6.409147747867251e-01
-5.02102 6.479748865594623e-01
-5.00901 6.545963293916056e-01
-4.99700 6.597502466571218e-01
-4.98498 6.624665142568920e-01
-4.97297 6.621771154979990e-01
-4.96096 6.589669423425948e-01
-4.94895 6.536022987844995e-01
-4.93694 6.473023411367568e-01
-4.92492 6.413572023186046e-01
-4.91291 6.367768528148173e-01
-4.90090 6.341160530012541e-01
-4.88889 6.335007832144905e-01
-4.87688 6.347753053618516e-01
-4.86486 6.376605914944251e-01
-4.85285 6.418556568018512e-01
-4.84084 6.470724185033714e-01
-4.82883 6.530310282070918e-01
-4.81682 6.594478351561979e-01
-4.80480 6.660355206759230e-01
-4.79279 6.725197764781138e-01
-4.78078 6.786667322008261e-01
-4.76877 6.843109066589013e-01
-4.75676 6.938627403282751e-01
-4.74474 7.213494995314057e-01
-4.73273 7.027997454408655e-01
-4.72072 7.013556600632477e-01
-4.70871 7.044784217771806e-01
-4.69670 7.071402504997275e-01
-4.68468 7.091934735296698e-01
-4.67267 7.104355004620868e-01
-4.66066 7.106860728754282e-01
-4.64865 7.098726622652641e-01
-4.63664 7.080854998746403e-01
-4.62462 7.055758488302565e-01
-4.61261 7.026982100939546e-01
-4.60060 6.998232680804400e-01
-4.58859 6.972585353561276e-01
-4.57658 6.952077723496211e-01
-4.56456 6.938792078839682e-01
-4.55255 6.947463488999437e-01
-4.54054 7.052735546996242e-01
-4.52853 7.335370071744309e-01
-4.51652 7.552290851563491e-01
-4.50450 7.193271101189669e-01
-4.49249 6.984840137209470e-01
-4.48048 6.979223258189516e-01
-4.46847 6.997906985539099e-01
-4.45646 7.020167207120522e-01
-4.44444 7.043854998410151e-01
-4.43243 7.068301311626198e-01
-4.42042 7.093080194928560e-01
-4.40841 7.118085030036109e-01
-4.39640 7.143608038133269e-01
-4.38438 7.170331763083833e-01
-4.37237 7.199202579591947e-01
-4.36036 7.231182642788583e-01
-4.34835 7.266914490287277e-01
-4.33634 7.306374391798827e-01
-4.32432 7.348621050405697e-01
-4.31231 7.391747094861524e-01
-4.30030 7.433100064951903e-01
-4.28829 7.469761227576854e-01
-4.27628 7.499177616891631e-01
-4.26426 7.519778668654629e-01
-4.25225 7.532268696602606e-01
-4.24024 7.566661666952039e-01
-4.22823 7.717465123069794e-01
-4.21622 7.723557431183252e-01
-4.20420 7.585801892164272e-01
-4.19219 7.523811674843248e-01
-4.18018 7.515179971408448e-01
-4.16817 7.514395569818690e-01
-4.15616 7.516307373298187e-01
-4.14414 7.521611968065585e-01
-4.13213 7.531743167553511e-01
-4.12012 7.548524594997399e-01
-4.10811 7.573729563358984e-01
-4.09610 7.608611617929087e-01
-4.08408 7.653577251180105e-01
-4.07207 7.708082605370556e-01
-4.06006 7.770751705747198e-01
-4.04805 7.839670719142592e-01
-4.03604 7.912798520933149e-01
-4.02402 7.988414713119738e-01
-4.01201 8.065483852522753e-01
-4.00000 8.143768256629810e-01
-3.98799 8.223525711464601e-01
-3.97598 8.304743751633122e-01
-3.96396 8.386105995859844e-01
-3.95195 8.464180820689224e-01
-3.93994 8.533492779947092e-01
-3.92793 8.587994034461980e-01
-3.91592 8.623981292015728e-01
-3.90390 8.644127993661840e-01
-3.89189 8.662525292987155e-01
-3.87988 8.708321268796576e-01
-3.86787 8.811076209090318e-01
-3.85586 8.940763303974734e-01
-3.84384 8.993817030662156e-01
-3.83183 8.967825436395512e-01
-3.81982 8.977476146692916e-01
-3.80781 9.060410877355136e-01
-3.79580 9.169173892982149e-01
-3.78378 9.250070820922849e-01
-3.77177 9.286042903157781e-01
-3.75976 9.298227650304282e-01
-3.74775 9.315914417282292e-01
-3.73574 9.351935357489635e-01
-3.72372 9.402989977828771e-01
-3.71171 9.460629445511162e-01
-3.69970 9.518703402680085e-01
-3.68769 9.575537798785870e-01
-3.67568 9.633162829858536e-01
-3.66366 9.695289694832770e-01
-3.65165 9.765135202338872e-01
-3.63964 9.844010748468723e-01
-3.62763 9.931262468059008e-01
-3.61562 1.002548780628968e+00
-3.60360 1.012616673591486e+00
-3.59159 1.023435586573082e+00
-3.57958 1.035140824636047e+00
-3.56757 1.047602113943505e+00
-3.55556 1.060165092985023e+00
-3.54354 1.071700133661746e+00
-3.53153 1.081075184596349e+00
-3.51952 1.087863720656394e+00
-3.50751 1.092887115864644e+00
-3.49550 1.098285355958361e+00
-3.48348 1.107158203057574e+00
-3.47147 1.122977515025575e+00
-3.45946 1.148462686626287e+00
-3.44745 1.184472544337961e+00
-3.43544 1.232851574578209e+00
-3.42342 1.283838306057151e+00
-3.41141 1.308463787087439e+00
-3.39940 1.305199636913489e+00
-3.38739 1.294805150470377e+00
-3.37538 1.321784550505547e+00
-3.36336 1.251429178958440e+00
-3.35135 1.139994815116855e+00
-3.33934 1.079197993216622e+00
-3.32733 1.019179168611112e+00
-3.31532 9.695216628977212e-01
-3.30330 9.330723147239424e-01
-3.29129 9.067237714303269e-01
-3.27928 8.858584504128922e-01
-3.26727 8.673040913485826e-01
-3.25526 8.496829400731517e-01
-3.24324 8.326629758178131e-01
-3.23123 8.163172312371865e-01
-3.21922 8.008038084596224e-01
-3.20721 7.862365736297029e-01
-3.19520 7.726483625104933e-01
-3.18318 7.600009258247988e-01
-3.17117 7.482135802391137e-01
-3.15916 7.371915463830653e-01
-3.14715 7.268446884463925e-01
-3.13514 7.170955076102208e-01
-3.12312 7.078795515122454e-01
-3.11111 6.991422281420612e-01
-3.09910 6.908349727060348e-01
-3.08709 6.829122833323624e-01
-3.07508 6.753300782729827e-01
-3.06306 6.680452785535217e-01
-3.05105 6.610165163450991e-01
-3.03904 6.542388075723441e-01
-3.02703 6.488966021207775e-01
-3.01502 6.516710085169147e-01
-3.00300 6.523796137401736e-01
-2.99099 6.346500370963513e-01
-2.97898 6.228500008505572e-01
-2.96697 6.164070847000821e-01
-2.95495 6.105146946918476e-01
-2.94294 6.047622319205690e-01
-2.93093 5.991595354781243e-01
-2.91892 5.937245369207782e-01
-2.90691 5.884749356487819e-01
-2.89489 5.834267315051652e-01
-2.88288 5.785931622633010e-01
-2.87087 5.739840697885950e-01
-2.85886 5.696056880094880e-01
-2.84685 5.654608056728880e-01
-2.83483 5.615492306154810e-01
-2.82282 5.578684697113426e-01
-2.81081 5.544145375826089e-01
-2.79880 5.511828143691928e-01
-2.78679 5.481688849425760e-01
-2.77477 5.453693062145659e-01
-2.76276 5.427822648978057e-01
-2.75075 5.404081088047152e-01
-2.73874 5.382497725669335e-01
-2.72673 5.363131984565612e-01
-2.71471 5.346080084188083e-01
-2.70270 5.331489220387410e-01
-2.69069 5.319586279815647e-01
-2.67868 5.310726555565330e-01
-2.66667 5.305459856450213e-01
-2.65465 5.304800123979310e-01
-2.64264 5.315339241215832e-01
-2.63063 5.380895459700140e-01
-2.61862 5.554152218651119e-01
-2.60661 5.643138649600424e-01
-2.59459 5.525119926701060e-01
-2.58258 5.447603455690867e-01
-2.57057 5.458368821346546e-01
-2.55856 5.486337546514320e-01
-2.54655 5.511542741963505e-01
-2.53453 5.533116744754853e-01
-2.52252 5.552815059000621e-01
-2.51051 5.572900298733604e-01
-2.49850 5.595330045362495e-01
-2.48649 5.621413650817653e-01
-2.47447 5.651950654878080e-01
-2.46246 5.687603005089218e-01
-2.45045 5.729189719806804e-01
-2.43844 5.777739254917627e-01
-2.42643 5.834338325591687e-01
-2.41441 5.899917979415342e-01
-2.40240 5.975054413465309e-01
-2.39039 6.059702631122760e-01
-2.37838 6.152704177463135e-01
-2.36637 6.251087088537538e-01
-2.35435 6.349574180619617e-01
-2.34234 6.440992798618775e-01
-2.33033 6.518000169640480e-01
-2.31832 6.575661067716335e-01
-2.30631 6.613548325631949e-01
-2.29429 6.636015744385848e-01
-2.28228 6.650332227000391e-01
-2.27027 6.663715946665131e-01
-2.25826 6.680899266691239e-01
-2.24625 6.703300247000644e-01
-2.23423 6.729753694843597e-01
-2.22222 6.757959797866107e-01
-2.21021 6.785756073668217e-01
-2.19820 6.811770455522416e-01
-2.18619 6.835493467442056e-01
-2.17417 6.857035911017533e-01
-2.16216 6.876826065760699e-01
-2.15015 6.895389579086064e-01
-2.13814 6.913258182189548e-01
-2.12613 6.931004203474889e-01
-2.11411 6.949382578025248e-01
-2.10210 6.969556360812359e-01
-2.09009 6.993367551677653e-01
-2.07808 7.023583756843383e-01
-2.06607 7.064011165920789e-01
-2.05405 7.119366466635876e-01
-2.04204 7.194971626134542e-01
-2.03003 7.296753891503613e-01
-2.01802 7.432060388480868e-01
-2.00601 7.609582358619444e-01
-1.99399 7.832673262494209e-01
-1.98198 8.083778187640140e-01
-1.96997 8.340859021126265e-01
-1.95796 9.012861345516515e-01
-1.94595 9.306778364511332e-01
-1.93393 8.544869140897308e-01
-1.92192 8.361330390680657e-01
-1.90991 8.214250247210511e-01
-1.89790 8.033362911154327e-01
-1.88589 7.826078344330650e-01
-1.87387 7.607876868869397e-01
-1.86186 7.396030228586241e-01
-1.84985 7.202482497123058e-01
-1.83784 7.031672880731844e-01
-1.82583 6.882599039713505e-01
-1.81381 6.751989450914839e-01
-1.80180 6.636487248294534e-01
-1.78979 6.533450881625128e-01
-1.77778 6.440917050779513e-01
-1.76577 6.357383722475071e-01
-1.75375 6.281817408544451e-01
-1.74174 6.214012046734083e-01
-1.72973 6.155220987569047e-01
-1.71772 6.108879244542585e-01
-1.70571 6.081244429390524e-01
-1.69369 6.081149602780955e-01
-1.68168 6.115944482811796e-01
-1.66967 6.183384300577649e-01
-1.65766 6.277258983707229e-01
-1.64565 6.636713314538040e-01
-1.63363 6.867430692297294e-01
-1.62162 6.518170528707979e-01
-1.60961 6.484626323653859e-01
-1.59760 6.435164157238353e-01
-1.58559 6.379692827296362e-01
-1.57357 6.334970860802525e-01
-1.56156 6.298980002799918e-01
-1.54955 6.264853500099749e-01
-1.53754 6.228557563965332e-01
-1.52553 6.189434557650922e-01
-1.51351 6.148853053116915e-01
-1.50150 6.108817622828426e-01
-1.48949 6.070910170210545e-01
-1.47748 6.035797310579842e-01
-1.46547 6.003311872248766e-01
-1.45345 5.972856640225410e-01
-1.44144 5.943810540657207e-01
-1.42943 5.915744738740482e-01
-1.41742 5.888438941962236e-01
-1.40541 5.861797248112712e-01
-1.39339 5.835766357419163e-01
-1.38138 5.810303534421967e-01
-1.36937 5.785387429680230e-01
-1.35736 5.761042142437088e-01
-1.34535 5.737350874226674e-01
-1.33333 5.714452146082630e-01
-1.32132 5.692523629041304e-01
-1.30931 5.671761441909506e-01
-1.29730 5.652359768603709e-01
-1.28529 5.634492235346849e-01
-1.27327 5.618295441131106e-01
-1.26126 5.603855840263567e-01
-1.24925 5.591201944396978e-01
-1.23724 5.580303320625764e-01
-1.22523 5.571076270987635e-01
-1.21321 5.563394391730325e-01
-1.20120 5.557113985877421e-01
-1.18919 5.554950145102991e-01
-1.17718 5.597656146219182e-01
-1.16517 5.606783600187862e-01
-1.15315 5.547977006408336e-01
-1.14114 5.540353838909627e-01
-1.12913 5.538733143037148e-01
-1.11712 5.537425574846178e-01
-1.10511 5.536300709845082e-01
-1.09309 5.535291880367160e-01
-1.08108 5.534357971888200e-01
-1.06907 5.533482438626279e-01
-1.05706 5.532671552573351e-01
-1.04505 5.531952133490026e-01
-1.03303 5.531368957136017e-01
-1.02102 5.530981938848387e-01
-1.00901 5.530863108866616e-01
-0.99700 5.531093363549499e-01
-0.98498 5.531758994445257e-01
-0.97297 5.532948046901086e-01
-0.96096 5.534746617062573e-01
-0.94895 5.537235241426834e-01
-0.93694 5.540485557723656e-01
-0.92492 5.544557423309421e-01
-0.91291 5.549496848515905e-01
-0.90090 5.555340623657061e-01
-0.88889 5.562214846070953e-01
-0.87688 5.571086882813311e-01
-0.86486 5.585722473524477e-01
-0.85285 5.610019989014661e-01
-0.84084 5.634405271350277e-01
-0.82883 5.641396310155844e-01
-0.81682 5.636471403883576e-01
-0.80480 5.637458484124914e-01
-0.79279 5.647160473328797e-01
-0.78078 5.660552864509202e-01
-0.76877 5.675172434240163e-01
-0.75676 5.690610918286616e-01
-0.74474 5.706906135722127e-01
-0.73273 5.724163634148389e-01
-0.72072 5.742518420882269e-01
-0.70871 5.762129175308136e-01
-0.69670 5.783171645317075e-01
-0.68468 5.805829633602362e-01
-0.67267 5.830283775734600e-01
-0.66066 5.856698585365265e-01
-0.64865 5.885208504429871e-01
-0.63664 5.915903986850473e-01
-0.62462 5.948819082371785e-01
-0.61261 5.983923420425521e-01
-0.60060 6.021127359325676e-01
-0.58859 6.060325841402956e-01
-0.57658 6.101524863051250e-01
-0.56456 6.145035633638779e-01
-0.55255 6.191471320284857e-01
-0.54054 6.241066522651210e-01
-0.52853 6.292450341803432e-01
-0.51652 6.342401136743688e-01
-0.50450 6.387941128079312e-01
-0.49249 6.429136538570411e-01
-0.48048 6.469276795003567e-01
-0.46847 6.512236938245181e-01
-0.45646 6.560253527261658e-01
-0.44444 6.614012298947132e-01
-0.43243 6.673843771571007e-01
-0.42042 6.740409551904607e-01
-0.40841 6.814649676983698e-01
-0.39640 6.897473526717736e-01
-0.38438 6.989501871531757e-01
-0.37237 7.090906724978251e-01
-0.36036 7.201325894562473e-01
-0.34835 7.319844693287594e-01
-0.33634 7.445052995539408e-01
-0.32432 7.575197340356329e-01
-0.31231 7.708498247698155e-01
-0.30030 7.843892316404144e-01
-0.28829 7.982879499462637e-01
-0.27628 8.133546332342015e-01
-0.26426 8.316807565566049e-01
-0.25225 8.568509297001481e-01
-0.24024 8.917738398741437e-01
-0.22823 9.330600026565310e-01
-0.21622 9.681481312636837e-01
-0.20420 9.843958426325388e-01
-0.19219 9.824147256523967e-01
-0.18018 9.747056079158898e-01
-0.16817 9.722905808533778e-01
-0.15616 9.777413453884252e-01
-0.14414 9.881002698751781e-01
-0.13213 9.992887445005201e-01
-0.12012 1.008063498943119e+00
-0.10811 1.012600379109464e+00
-0.09610 1.012809329226663e+00
-0.08408 1.010320938809808e+00
-0.07207 1.007989370214348e+00
-0.06006 1.008084741168987e+00
-0.04805 1.009842894446183e+00
-0.03604 1.012450316743795e+00
-0.02402 1.011821502192889e+00
-0.01201 9.985503659798308e-01
0.00000 9.869829159094957e-01
0.01201 1.013505085873806e+00
0.02402 1.006036876553360e+00
0.03604 9.488563251119246e-01
0.04805 9.117770144421621e-01
0.06006 8.839674297656330e-01
0.07207 8.595409526635899e-01
0.08408 8.377142493777072e-01
0.09610 8.170278237318823e-01
0.10811 7.965684926276363e-01
0.12012 7.758046708257870e-01
0.13213 7.545738009952563e-01
0.14414 7.329560100424574e-01
0.15616 7.107847635683863e-01
0.16817 6.875969307330483e-01
0.18018 6.636177450078543e-01
0.19219 6.402956193546340e-01
0.20420 6.183926105920942e-01
0.21622 5.961361298679383e-01
0.22823 5.719558617704074e-01
0.24024 5.482175531392939e-01
0.25225 5.285959760198439e-01
0.26426 5.128825293657495e-01
0.27628 4.979307973402802e-01
0.28829 4.824502316663684e-01
0.30030 4.680417834209779e-01
0.31231 4.563721431140479e-01
0.32432 4.472893060732092e-01
0.33634 4.394331652343046e-01
0.34835 4.314523446913854e-01
0.36036 4.224213019143950e-01
0.37237 4.116503821892811e-01
0.38438 3.984902449531775e-01
0.39640 3.823709105553889e-01
0.40841 3.630057750110056e-01
0.42042 3.405965424960025e-01
0.43243 3.159030752284586e-01
0.44444 2.903384025779125e-01
0.45646 1.111197725660320e+00
0.46847 2.456561571426016e-01
0.48048 2.194602650743546e-01
0.49249 2.012245890472313e-01
0.50450 1.862110155376850e-01
0.51652 1.742484937391846e-01
0.52853 1.649809850265610e-01
0.54054 1.579727902252234e-01
0.55255 1.527830670935527e-01
0.56456 1.490094219082110e-01
0.57658 1.463080330190604e-01
0.58859 1.443987471301716e-01
0.60060 1.430616961757368e-01
0.61261 1.421297304181066e-01
0.62462 1.414792953607562e-01
0.63664 1.410213192969315e-01
0.64865 1.406929986497233e-01
0.66066 1.404509031831715e-01
0.67267 1.402655024017165e-01
0.68468 1.401170125081083e-01
0.69670 1.399923598142515e-01
0.70871 1.398830255456297e-01
0.72072 1.397835510417556e-01
0.73273 1.396905182423551e-01
0.74474 1.396018620014899e-01
0.75676 1.395164090854650e-01
0.76877 1.394335698370046e-01
0.78078 1.393531318360728e-01
0.79279 1.392751214762792e-01
0.80480 1.391997107465719e-01
0.81682 1.391271541388764e-01
0.82883 1.390577456753289e-01
0.84084 1.389917894168855e-01
0.85285 1.389295790573868e-01
0.86486 1.388713837039511e-01
0.87688 1.388174379433455e-01
0.88889 1.387679349571130e-01
0.90090 1.387230218841509e-01
0.91291 1.386827969118141e-01
0.92492 1.386473077560939e-01
0.93694 1.386165513028432e-01
0.94895 1.385904742491915e-01
0.96096 1.385689746232822e-01
0.97297 1.385519040819227e-01
0.98498 1.385390708966206e-01
0.99700 1.385302435432135e-01
1.00901 1.385251548117115e-01
1.02102 1.385235063527757e-01
1.03303 1.385249735765373e-01
1.04505 1.385292108188523e-01
1.05706 1.385358566899751e-01
1.06907 1.385445395212369e-01
1.08108 1.385548828267495e-01
1.09309 1.385665106994786e-01
1.10511 1.385790530642349e-01
1.11712 1.385921507142159e-01
1.12913 1.386054600626286e-01
1.14114 1.386186575465789e-01
1.15315 1.386314436267602e-01
1.16517 1.386435463334019e-01
1.17718 1.386547243163795e-01
1.18919 1.386647693652203e-01
1.20120 1.386735083728642e-01
1.21321 1.386808047253536e-01
1.22523 1.386865591080103e-01
1.23724 1.386907097270097e-01
1.24925 1.386932319534719e-01
1.26126 1.386941374051529e-01
1.27327 1.386934724884356e-01
1.28529 1.386913164304983e-01
1.29730 1.386877788381876e-01
1.30931 1.386829968261682e-01
1.32132 1.386771317622882e-01
1.33333 1.386703656827314e-01
1.34535 1.386628974333701e-01
1.35736 1.386549385967489e-01
1.36937 1.386467092662939e-01
1.38138 1.386384337306280e-01
1.39339 1.386303361312912e-01
1.40541 1.386226361567028e-01
1.41742 1.386155448338938e-01
1.42943 1.386092604774054e-01
1.44144 1.386039648518251e-01
1.45345 1.385998196007802e-01
1.46547 1.385969629908730e-01
1.47748 1.385955070140999e-01
1.48949 1.385955348868116e-01
1.50150 1.385970989773400e-01
1.51351 1.386002191881034e-01
1.52553 1.386048818114177e-01
1.53754 1.386110388714626e-01
1.54955 1.386186079579796e-01
1.56156 1.386274725504139e-01
1.57357 1.386374828244308e-01
1.58559 1.386484569261543e-01
1.59760 1.386601826931552e-01
1.60961 1.386724197952619e-01
1.62162 1.386849022627436e-01
1.63363 1.386973413643983e-01
1.64565 1.387094287936335e-01
1.65766 1.387208401168043e-01
1.66967 1.387312384349226e-01
1.68168 1.387402782074073e-01
1.69369 1.387476091848325e-01
1.70571 1.387528803966690e-01
1.71772 1.387557441398019e-01
1.72973 1.387558599141491e-01
1.74174 1.387528982529723e-01
1.75375 1.387465443974540e-01
1.76577 1.387365017677585e-01
1.77778 1.387224951860727e-01
1.78979 1.387042738109751e-01
1.80180 1.386816137468395e-01
1.81381 1.386543202967978e-01
1.82583 1.386222298329706e-01
1.83784 1.385852112631597e-01
1.84985 1.385431670789020e-01
1.86186 1.384960339756243e-01
1.87387 1.384437830415345e-01
1.88589 1.383864195177459e-01
1.89790 1.383239821378905e-01
1.90991 1.382565420610368e-01
1.92192 1.381842014170311e-01
1.93393 1.381070914883439e-01
1.94595 1.380253705570711e-01
1.95796 1.379392214498436e-01
1.96997 1.378488488170032e-01
1.98198 1.377544761854444e-01
1.99399 1.376563428269913e-01
2.00601 1.375547004860230e-01
2.01802 1.374498100112893e-01
2.03003 1.373419379374448e-01
2.04204 1.372313530617860e-01
2.05405 1.371183230610082e-01
2.06607 1.370031111915329e-01
2.07808 1.368859731151084e-01
2.09009 1.367671538890084e-01
2.10210 1.366468851572704e-01
2.11411 1.365253825760903e-01
2.12613 1.364028435027727e-01
2.13814 1.362794449735767e-01
2.15015 1.361553419914811e-01
2.16216 1.360306661403547e-01
2.17417 1.359055245373555e-01
2.18619 1.357799991306401e-01
2.19820 1.356541463447236e-01
2.21021 1.355279970711538e-01
2.22222 1.354015569976068e-01
2.23423 1.352748072641535e-01
2.24625 1.351477054313233e-01
2.25826 1.350201867407693e-01
2.27027 1.348921656458646e-01
2.28228 1.347635375864588e-01
2.29429 1.346341809793561e-01
2.30631 1.345039593938410e-01
2.31832 1.343727238798225e-01
2.33033 1.342403154148826e-01
2.34234 1.341065674357254e-01
2.35435 1.339713084192166e-01
2.36637 1.338343644783752e-01
2.37838 1.336955619393188e-01
2.39039 1.335547298662458e-01
2.40240 1.334117025030403e-01
2.41441 1.332663216019734e-01
2.42643 1.331184386122126e-01
2.43844 1.329679167034040e-01
2.45045 1.328146326024048e-01
2.46246 1.326584782242876e-01
2.47447 1.324993620819446e-01
2.48649 1.323372104619589e-01
2.49850 1.321719683578193e-01
2.51051 1.320036001549920e-01
2.52252 1.318320900657758e-01
2.53453 1.316574423152127e-01
2.54655 1.314796810825579e-01
2.55856 1.312988502058891e-01
2.57057 1.311150126603252e-01
2.58258 1.309282498229784e-01
2.59459 1.307386605401737e-01
2.60661 1.305463600145894e-01
2.61862 1.303514785317942e-01
2.63063 1.301541600471628e-01
2.64264 1.299545606553242e-01
2.65465 1.297528469651442e-01
2.66667 1.295491944037444e-01
2.67868 1.293437854732409e-01
2.69069 1.291368079837354e-01
2.70270 1.289284532856329e-01
2.71471 1.287189145236095e-01
2.72673 1.285083849335221e-01
2.73874 1.282970562022762e-01
2.75075 1.280851169091609e-01
2.76276 1.278727510654561e-01
2.77477 1.276601367672477e-01
2.78679 1.274474449743743e-01
2.79880 1.272348384263194e-01
2.81081 1.270224707036720e-01
2.82282 1.268104854415541e-01
2.83483 1.265990156991738e-01
2.84685 1.263881834874499e-01
2.85886 1.261780994544858e-01
2.87087 1.259688627265874e-01
2.88288 1.257605609005321e-01
2.89489 1.255532701809442e-01
2.90691 1.253470556549187e-01
2.91892 1.251419716944943e-01
2.93093 1.249380624762134e-01
2.94294 1.247353626058329e-01
2.95495 1.245338978352829e-01
2.96697 1.243336858582063e-01
2.97898 1.241347371698587e-01
2.99099 1.239370559768102e-01
3.00300 1.237406411417484e-01
3.01502 1.235454871487584e-01
3.02703 1.233515850747064e-01
3.03904 1.231589235528079e-01
3.05105 1.229674897150702e-01
3.06306 1.227772701010740e-01
3.07508 1.225882515214767e-01
3.08709 1.224004218656520e-01
3.09910 1.222137708440324e-01
3.11111 1.220282906569480e-01
3.12312 1.218439765830587e-01
3.13514 1.216608274818258e-01
3.14715 1.214788462058459e-01
3.15916 1.212980399202603e-01
3.17117 1.211184203278336e-01
3.18318 1.209400037996476e-01
3.19520 1.207628114126706e-01
3.20721 1.205868688967129e-01
3.21922 1.204122064944602e-01
3.23123 1.202388587393704e-01
3.24324 1.200668641572175e-01
3.25526 1.198962648979546e-01
3.26727 1.197271063053446e-01
3.27928 1.195594364324628e-01
3.29129 1.193933055117008e-01
3.30330 1.192287653883065e-01
3.31532 1.190658689267604e-01
3.32733 1.189046693994354e-01
3.33934 1.187452198669997e-01
3.35135 1.185875725599159e-01
3.36336 1.184317782701639e-01
3.37538 1.182778857619780e-01
3.38739 1.181259412099485e-01
3.39940 1.179759876723007e-01
3.41141 1.178280646065429e-01
3.42342 1.176822074339765e-01
3.43544 1.175384471587998e-01
3.44745 1.173968100467193e-01
3.45946 1.172573173671245e-01
3.47147 1.171199852019935e-01
3.48348 1.169848243237889e-01
3.49550 1.168518401436879e-01
3.50751 1.167210327305815e-01
3.51952 1.165923969003796e-01
3.53153 1.164659223742895e-01
3.54354 1.163415940038980e-01
3.55556 1.162193920600986e-01
3.56757 1.160992925821610e-01
3.57958 1.159812677825642e-01
3.59159 1.158652865025974e-01
3.60360 1.157513147131919e-01
3.61562 1.156393160549800e-01
3.62763 1.155292524111883e-01
3.63964 1.154210845066683e-01
3.65165 1.153147725261456e-01
3.66366 1.152102767446273e-01
3.67568 1.151075581628549e-01
3.68769 1.150065791407141e-01
3.69970 1.149073040216187e-01
3.71171 1.148096997410674e-01
3.72372 1.147137364128252e-01
3.73574 1.146193878865033e-01
3.74775 1.145266322706946e-01
3.75976 1.144354524162595e-01
3.77177 1.143458363548505e-01
3.78378 1.142577776882943e-01
3.79580 1.141712759250221e-01
3.80781 1.140863367603380e-01
3.81982 1.140029722979383e-01
3.83183 1.139212012107315e-01
3.84384 1.138410488396530e-01
3.85586 1.137625472298197e-01
3.86787 1.136857351040031e-01
3.87988 1.136106577740365e-01
3.89189 1.135373669913758e-01
3.90390 1.134659207386216e-01
3.91592 1.133963829643707e-01
3.92793 1.133288232642793e-01
3.93994 1.132633165117156e-01
3.95195 1.131999424418094e-01
3.96396 1.131387851931133e-01
3.97598 1.130799328114317e-01
3.98799 1.130234767206756e-01
4.00000 1.129695111658472e-01
