gG 78
X 39
W 28
K 83
gG 68
L 48
U 28
W 56
L 48
K 0
U 28
X 0

0.0 0.0 0.0
0.0 0.01282051282051282 0.0
0.0 0.02564102564102564 0.0
0.0 0.038461538461538464 0.0
0.0 0.05128205128205128 0.0
0.0 0.0641025641025641 0.0
0.0 0.07692307692307693 0.0
0.0 0.08974358974358974 0.0
0.0 0.10256410256410256 0.0
0.0 0.11538461538461538 0.0
0.0 0.1282051282051282 0.0
0.0 0.14102564102564102 0.0
0.0 0.15384615384615385 0.0
0.0 0.16666666666666666 0.0
0.0 0.1794871794871795 0.0
0.0 0.1923076923076923 0.0
0.0 0.20512820512820512 0.0
0.0 0.21794871794871795 0.0
0.0 0.23076923076923075 0.0
0.0 0.24358974358974358 0.0
0.0 0.2564102564102564 0.0
0.0 0.2692307692307692 0.0
0.0 0.28205128205128205 0.0
0.0 0.2948717948717949 0.0
0.0 0.3076923076923077 0.0
0.0 0.3205128205128205 0.0
0.0 0.3333333333333333 0.0
0.0 0.34615384615384615 0.0
0.0 0.358974358974359 0.0
0.0 0.3717948717948718 0.0
0.0 0.3846153846153846 0.0
0.0 0.3974358974358974 0.0
0.0 0.41025641025641024 0.0
0.0 0.4230769230769231 0.0
0.0 0.4358974358974359 0.0
0.0 0.4487179487179487 0.0
0.0 0.4615384615384615 0.0
0.0 0.47435897435897434 0.0
0.0 0.48717948717948717 0.0
0.0 0.5 0.0
0.0 0.5128205128205128 0.0
0.0 0.5256410256410257 0.0
0.0 0.5384615384615384 0.0
0.0 0.5512820512820512 0.0
0.0 0.5641025641025641 0.0
0.0 0.5769230769230769 0.0
0.0 0.5897435897435898 0.0
0.0 0.6025641025641025 0.0
0.0 0.6153846153846154 0.0
0.0 0.6282051282051282 0.0
0.0 0.641025641025641 0.0
0.0 0.6538461538461539 0.0
0.0 0.6666666666666666 0.0
0.0 0.6794871794871795 0.0
0.0 0.6923076923076923 0.0
0.0 0.7051282051282051 0.0
0.0 0.717948717948718 0.0
0.0 0.7307692307692307 0.0
0.0 0.7435897435897436 0.0
0.0 0.7564102564102564 0.0
0.0 0.7692307692307692 0.0
0.0 0.782051282051282 0.0
0.0 0.7948717948717948 0.0
0.0 0.8076923076923077 0.0
0.0 0.8205128205128205 0.0
0.0 0.8333333333333333 0.0
0.0 0.8461538461538461 0.0
0.0 0.8589743589743589 0.0
0.0 0.8717948717948718 0.0
0.0 0.8846153846153846 0.0
0.0 0.8974358974358974 0.0
0.0 0.9102564102564102 0.0
0.0 0.923076923076923 0.0
0.0 0.9358974358974359 0.0
0.0 0.9487179487179487 0.0
0.0 0.9615384615384615 0.0
0.0 0.9743589743589743 0.0
0.0 0.9871794871794871 0.0
0.0 1.0 0.0
0.012820512820512775 1.0 0.0
0.025641025641025605 1.0 0.0
0.03846153846153849 1.0 0.0
0.05128205128205132 1.0 0.0
0.0641025641025641 1.0 0.0
0.07692307692307687 1.0 0.0
0.0897435897435897 1.0 0.0
0.10256410256410259 1.0 0.0
0.11538461538461542 1.0 0.0
0.1282051282051282 1.0 0.0
0.14102564102564097 1.0 0.0
0.1538461538461538 1.0 0.0
0.16666666666666669 1.0 0.0
0.17948717948717952 1.0 0.0
0.1923076923076923 1.0 0.0
0.20512820512820507 1.0 0.0
0.217948717948718 1.0 0.0
0.23076923076923078 1.0 0.0
0.2435897435897436 1.0 0.0
0.2564102564102564 1.0 0.0
0.26923076923076916 1.0 0.0
0.282051282051282 1.0 0.0
0.29487179487179493 1.0 0.0
0.3076923076923077 1.0 0.0
0.3205128205128205 1.0 0.0
0.33333333333333326 1.0 0.0
0.3461538461538462 1.0 0.0
0.35897435897435903 1.0 0.0
0.3717948717948718 1.0 0.0
0.3846153846153846 1.0 0.0
0.39743589743589736 1.0 0.0
0.4102564102564102 1.0 0.0
0.42307692307692313 1.0 0.0
0.4358974358974359 1.0 0.0
0.4487179487179487 1.0 0.0
0.46153846153846145 1.0 0.0
0.4743589743589744 1.0 0.0
0.4871794871794872 1.0 0.0
0.5 1.0 0.0
0.5089285714285714 0.9910714285714286 2.7755575615628914e-17
0.5178571428571428 0.9821428571428572 -5.551115123125783e-17
0.5267857142857143 0.9732142857142857 -2.7755575615628914e-17
0.5357142857142857 0.9642857142857143 0.0
0.5446428571428572 0.9553571428571428 5.551115123125783e-17
0.5535714285714286 0.9464285714285714 -2.7755575615628914e-17
0.5625 0.9375 0.0
0.5714285714285714 0.9285714285714286 2.7755575615628914e-17
0.5803571428571428 0.9196428571428572 5.551115123125783e-17
0.5892857142857143 0.9107142857142857 -2.7755575615628914e-17
0.5982142857142857 0.9017857142857143 0.0
0.6071428571428572 0.8928571428571428 5.551115123125783e-17
0.6160714285714286 0.8839285714285714 -5.551115123125783e-17
0.625 0.875 0.0
0.6339285714285714 0.8660714285714286 2.7755575615628914e-17
0.6428571428571428 0.8571428571428572 5.551115123125783e-17
0.6517857142857143 0.8482142857142857 -2.7755575615628914e-17
0.6607142857142857 0.8392857142857143 0.0
0.6696428571428571 0.8303571428571429 2.7755575615628914e-17
0.6785714285714286 0.8214285714285714 -5.551115123125783e-17
0.6875 0.8125 0.0
0.6964285714285714 0.8035714285714286 2.7755575615628914e-17
0.7053571428571428 0.7946428571428572 5.551115123125783e-17
0.7142857142857143 0.7857142857142857 -2.7755575615628914e-17
0.7232142857142857 0.7767857142857143 0.0
0.7321428571428571 0.7678571428571429 2.7755575615628914e-17
0.7410714285714286 0.7589285714285714 -5.551115123125783e-17
0.75 0.75 0.0
0.7409638554216867 0.7409638554216867 0.0
0.7319277108433735 0.7319277108433735 0.0
0.7228915662650602 0.7228915662650602 0.0
0.713855421686747 0.713855421686747 0.0
0.7048192771084337 0.7048192771084337 0.0
0.6957831325301205 0.6957831325301205 0.0
0.6867469879518072 0.6867469879518072 0.0
0.677710843373494 0.677710843373494 0.0
0.6686746987951807 0.6686746987951807 0.0
0.6596385542168675 0.6596385542168675 0.0
0.6506024096385542 0.6506024096385542 0.0
0.641566265060241 0.641566265060241 0.0
0.6325301204819277 0.6325301204819277 0.0
0.6234939759036144 0.6234939759036144 0.0
0.6144578313253012 0.6144578313253012 0.0
0.6054216867469879 0.6054216867469879 0.0
0.5963855421686747 0.5963855421686747 0.0
0.5873493975903614 0.5873493975903614 0.0
0.5783132530120482 0.5783132530120482 0.0
0.5692771084337349 0.5692771084337349 0.0
0.5602409638554217 0.5602409638554217 0.0
0.5512048192771084 0.5512048192771084 0.0
0.5421686746987951 0.5421686746987951 0.0
0.5331325301204819 0.5331325301204819 0.0
0.5240963855421688 0.5240963855421688 0.0
0.5150602409638554 0.5150602409638554 0.0
0.5060240963855422 0.5060240963855422 0.0
0.49698795180722893 0.49698795180722893 0.0
0.4879518072289157 0.4879518072289157 0.0
0.4789156626506024 0.4789156626506024 0.0
0.46987951807228917 0.46987951807228917 0.0
0.4608433734939759 0.4608433734939759 0.0
0.45180722891566266 0.45180722891566266 0.0
0.4427710843373494 0.4427710843373494 0.0
0.43373493975903615 0.43373493975903615 0.0
0.4246987951807229 0.4246987951807229 0.0
0.41566265060240964 0.41566265060240964 0.0
0.4066265060240964 0.4066265060240964 0.0
0.39759036144578314 0.39759036144578314 0.0
0.3885542168674699 0.3885542168674699 0.0
0.3795180722891566 0.3795180722891566 0.0
0.3704819277108434 0.3704819277108434 0.0
0.3614457831325301 0.3614457831325301 0.0
0.35240963855421686 0.35240963855421686 0.0
0.3433734939759036 0.3433734939759036 0.0
0.33433734939759036 0.33433734939759036 0.0
0.3253012048192771 0.3253012048192771 0.0
0.3162650602409639 0.3162650602409639 0.0
0.30722891566265065 0.30722891566265065 0.0
0.2981927710843374 0.2981927710843374 0.0
0.28915662650602414 0.28915662650602414 0.0
0.2801204819277109 0.2801204819277109 0.0
0.27108433734939763 0.27108433734939763 0.0
0.2620481927710844 0.2620481927710844 0.0
0.2530120481927711 0.2530120481927711 0.0
0.24397590361445787 0.24397590361445787 0.0
0.2349397590361446 0.2349397590361446 0.0
0.22590361445783136 0.22590361445783136 0.0
0.2168674698795181 0.2168674698795181 0.0
0.20783132530120485 0.20783132530120485 0.0
0.1987951807228916 0.1987951807228916 0.0
0.18975903614457834 0.18975903614457834 0.0
0.1807228915662651 0.1807228915662651 0.0
0.17168674698795183 0.17168674698795183 0.0
0.16265060240963858 0.16265060240963858 0.0
0.15361445783132532 0.15361445783132532 0.0
0.14457831325301207 0.14457831325301207 0.0
0.13554216867469882 0.13554216867469882 0.0
0.12650602409638556 0.12650602409638556 0.0
0.1174698795180723 0.1174698795180723 0.0
0.10843373493975905 0.10843373493975905 0.0
0.0993975903614458 0.0993975903614458 0.0
0.09036144578313254 0.09036144578313254 0.0
0.08132530120481929 0.08132530120481929 0.0
0.07228915662650603 0.07228915662650603 0.0
0.06325301204819278 0.06325301204819278 0.0
0.054216867469879526 0.054216867469879526 0.0
0.04518072289156627 0.04518072289156627 0.0
0.03614457831325302 0.03614457831325302 0.0
0.027108433734939763 0.027108433734939763 0.0
0.01807228915662651 0.01807228915662651 0.0
0.009036144578313254 0.009036144578313254 0.0
0.0 0.0 0.0
0.007352941176470588 0.007352941176470588 0.007352941176470588
0.014705882352941176 0.014705882352941176 0.014705882352941176
0.022058823529411763 0.022058823529411763 0.022058823529411763
0.029411764705882353 0.029411764705882353 0.029411764705882353
0.03676470588235294 0.03676470588235294 0.03676470588235294
0.044117647058823525 0.044117647058823525 0.044117647058823525
0.051470588235294115 0.051470588235294115 0.051470588235294115
0.058823529411764705 0.058823529411764705 0.058823529411764705
0.0661764705882353 0.0661764705882353 0.0661764705882353
0.07352941176470588 0.07352941176470588 0.07352941176470588
0.08088235294117647 0.08088235294117647 0.08088235294117647
0.08823529411764705 0.08823529411764705 0.08823529411764705
0.09558823529411764 0.09558823529411764 0.09558823529411764
0.10294117647058823 0.10294117647058823 0.10294117647058823
0.11029411764705882 0.11029411764705882 0.11029411764705882
0.11764705882352941 0.11764705882352941 0.11764705882352941
0.125 0.125 0.125
0.1323529411764706 0.1323529411764706 0.1323529411764706
0.13970588235294118 0.13970588235294118 0.13970588235294118
0.14705882352941177 0.14705882352941177 0.14705882352941177
0.15441176470588236 0.15441176470588236 0.15441176470588236
0.16176470588235295 0.16176470588235295 0.16176470588235295
0.16911764705882354 0.16911764705882354 0.16911764705882354
0.1764705882352941 0.1764705882352941 0.1764705882352941
0.1838235294117647 0.1838235294117647 0.1838235294117647
0.19117647058823528 0.19117647058823528 0.19117647058823528
0.19852941176470587 0.19852941176470587 0.19852941176470587
0.20588235294117646 0.20588235294117646 0.20588235294117646
0.21323529411764705 0.21323529411764705 0.21323529411764705
0.22058823529411764 0.22058823529411764 0.22058823529411764
0.22794117647058823 0.22794117647058823 0.22794117647058823
0.23529411764705882 0.23529411764705882 0.23529411764705882
0.2426470588235294 0.2426470588235294 0.2426470588235294
0.25 0.25 0.25
0.25735294117647056 0.25735294117647056 0.25735294117647056
0.2647058823529412 0.2647058823529412 0.2647058823529412
0.27205882352941174 0.27205882352941174 0.27205882352941174
0.27941176470588236 0.27941176470588236 0.27941176470588236
0.2867647058823529 0.2867647058823529 0.2867647058823529
0.29411764705882354 0.29411764705882354 0.29411764705882354
0.3014705882352941 0.3014705882352941 0.3014705882352941
0.3088235294117647 0.3088235294117647 0.3088235294117647
0.3161764705882353 0.3161764705882353 0.3161764705882353
0.3235294117647059 0.3235294117647059 0.3235294117647059
0.33088235294117646 0.33088235294117646 0.33088235294117646
0.3382352941176471 0.3382352941176471 0.3382352941176471
0.34558823529411764 0.34558823529411764 0.34558823529411764
0.3529411764705882 0.3529411764705882 0.3529411764705882
0.3602941176470588 0.3602941176470588 0.3602941176470588
0.3676470588235294 0.3676470588235294 0.3676470588235294
0.375 0.375 0.375
0.38235294117647056 0.38235294117647056 0.38235294117647056
0.3897058823529412 0.3897058823529412 0.3897058823529412
0.39705882352941174 0.39705882352941174 0.39705882352941174
0.40441176470588236 0.40441176470588236 0.40441176470588236
0.4117647058823529 0.4117647058823529 0.4117647058823529
0.41911764705882354 0.41911764705882354 0.41911764705882354
0.4264705882352941 0.4264705882352941 0.4264705882352941
0.4338235294117647 0.4338235294117647 0.4338235294117647
0.4411764705882353 0.4411764705882353 0.4411764705882353
0.4485294117647059 0.4485294117647059 0.4485294117647059
0.45588235294117646 0.45588235294117646 0.45588235294117646
0.4632352941176471 0.4632352941176471 0.4632352941176471
0.47058823529411764 0.47058823529411764 0.47058823529411764
0.4779411764705882 0.4779411764705882 0.4779411764705882
0.4852941176470588 0.4852941176470588 0.4852941176470588
0.4926470588235294 0.4926470588235294 0.4926470588235294
0.5 0.5 0.5
0.49479166666666663 0.5104166666666666 0.49479166666666663
0.48958333333333337 0.5208333333333334 0.48958333333333337
0.484375 0.53125 0.484375
0.47916666666666663 0.5416666666666666 0.47916666666666663
0.47395833333333337 0.5520833333333334 0.47395833333333337
0.46875 0.5625 0.46875
0.46354166666666663 0.5729166666666666 0.46354166666666663
0.45833333333333337 0.5833333333333334 0.45833333333333337
0.453125 0.59375 0.453125
0.44791666666666663 0.6041666666666666 0.44791666666666663
0.44270833333333337 0.6145833333333334 0.44270833333333337
0.4375 0.625 0.4375
0.43229166666666663 0.6354166666666666 0.43229166666666663
0.42708333333333337 0.6458333333333334 0.42708333333333337
0.421875 0.65625 0.421875
0.41666666666666663 0.6666666666666666 0.41666666666666663
0.41145833333333337 0.6770833333333334 0.41145833333333337
0.40625 0.6875 0.40625
0.40104166666666663 0.6979166666666666 0.40104166666666663
0.39583333333333337 0.7083333333333334 0.39583333333333337
0.390625 0.71875 0.390625
0.38541666666666663 0.7291666666666666 0.38541666666666663
0.38020833333333337 0.7395833333333334 0.38020833333333337
0.375 0.75 0.375
0.36979166666666663 0.7604166666666666 0.36979166666666663
0.36458333333333337 0.7708333333333334 0.36458333333333337
0.359375 0.78125 0.359375
0.35416666666666663 0.7916666666666666 0.35416666666666663
0.34895833333333337 0.8020833333333334 0.34895833333333337
0.34375 0.8125 0.34375
0.33854166666666663 0.8229166666666666 0.33854166666666663
0.33333333333333337 0.8333333333333334 0.33333333333333337
0.328125 0.84375 0.328125
0.32291666666666663 0.8541666666666666 0.32291666666666663
0.31770833333333337 0.8645833333333334 0.31770833333333337
0.3125 0.875 0.3125
0.30729166666666663 0.8854166666666666 0.30729166666666663
0.30208333333333337 0.8958333333333334 0.30208333333333337
0.296875 0.90625 0.296875
0.29166666666666663 0.9166666666666666 0.29166666666666663
0.28645833333333337 0.9270833333333334 0.28645833333333337
0.28125 0.9375 0.28125
0.27604166666666663 0.9479166666666666 0.27604166666666663
0.27083333333333337 0.9583333333333334 0.27083333333333337
0.265625 0.96875 0.265625
0.26041666666666663 0.9791666666666666 0.26041666666666663
0.25520833333333337 0.9895833333333334 0.25520833333333337
0.25 1.0 0.25
0.2589285714285714 1.0 0.2410714285714286
0.26785714285714296 1.0 0.23214285714285715
0.27678571428571436 1.0 0.22321428571428575
0.28571428571428564 1.0 0.21428571428571425
0.29464285714285704 1.0 0.20535714285714285
0.3035714285714286 1.0 0.1964285714285714
0.3125 1.0 0.1875
0.3214285714285714 1.0 0.1785714285714286
0.3303571428571428 1.0 0.1696428571428572
0.33928571428571436 1.0 0.16071428571428575
0.34821428571428564 1.0 0.15178571428571425
0.35714285714285704 1.0 0.1428571428571428
0.3660714285714286 1.0 0.13392857142857145
0.375 1.0 0.125
0.3839285714285714 1.0 0.1160714285714286
0.3928571428571428 1.0 0.10714285714285715
0.40178571428571436 1.0 0.09821428571428575
0.41071428571428575 1.0 0.08928571428571436
0.41964285714285704 1.0 0.08035714285714285
0.4285714285714285 0.9999999999999999 0.07142857142857145
0.4375 1.0 0.0625
0.4464285714285714 1.0 0.0535714285714286
0.4553571428571428 1.0 0.04464285714285715
0.46428571428571436 1.0 0.035714285714285754
0.47321428571428575 1.0 0.026785714285714357
0.48214285714285704 1.0 0.01785714285714285
0.4910714285714285 0.9999999999999999 0.008928571428571452
0.5 1.0 0.0
0.5 0.9910714285714286 0.008928571428571425
0.5 0.9821428571428572 0.01785714285714282
0.49999999999999994 0.9732142857142856 0.0267857142857143
0.5 0.9642857142857144 0.0357142857142857
0.5 0.9553571428571428 0.04464285714285718
0.5 0.9464285714285714 0.053571428571428575
0.5 0.9375 0.0625
0.5 0.9285714285714286 0.0714285714285714
0.5 0.9196428571428572 0.08035714285714282
0.49999999999999994 0.9107142857142856 0.0892857142857143
0.5 0.9017857142857144 0.0982142857142857
0.5 0.8928571428571428 0.10714285714285718
0.5 0.8839285714285714 0.11607142857142858
0.5 0.875 0.125
0.5 0.8660714285714286 0.1339285714285714
0.5 0.8571428571428572 0.14285714285714282
0.49999999999999994 0.8482142857142856 0.1517857142857143
0.5 0.8392857142857144 0.1607142857142857
0.49999999999999994 0.8303571428571428 0.1696428571428571
0.5 0.8214285714285714 0.17857142857142858
0.5 0.8125 0.1875
0.5 0.8035714285714286 0.1964285714285714
0.5 0.7946428571428572 0.20535714285714282
0.49999999999999994 0.7857142857142856 0.2142857142857143
0.5 0.7767857142857144 0.2232142857142857
0.49999999999999994 0.7678571428571428 0.2321428571428571
0.5 0.7589285714285714 0.24107142857142858
0.5 0.75 0.25
0.5 0.7410714285714286 0.2589285714285714
0.5 0.7321428571428572 0.2678571428571428
0.5 0.7232142857142858 0.2767857142857142
0.5 0.7142857142857144 0.2857142857142857
0.5 0.7053571428571428 0.2946428571428572
0.5 0.6964285714285714 0.3035714285714286
0.5 0.6875 0.3125
0.5 0.6785714285714286 0.3214285714285714
0.5 0.6696428571428572 0.3303571428571428
0.5 0.6607142857142858 0.3392857142857142
0.5 0.6517857142857144 0.3482142857142857
0.49999999999999994 0.6428571428571428 0.3571428571428571
0.5 0.6339285714285714 0.3660714285714286
0.5 0.625 0.375
0.5 0.6160714285714286 0.3839285714285714
0.5 0.6071428571428572 0.3928571428571428
0.5 0.5982142857142858 0.4017857142857142
0.5 0.5892857142857144 0.4107142857142857
0.49999999999999994 0.5803571428571428 0.4196428571428571
0.5 0.5714285714285714 0.4285714285714286
0.5 0.5625 0.4375
0.5 0.5535714285714286 0.4464285714285714
0.5 0.5446428571428572 0.4553571428571428
0.5 0.5357142857142858 0.4642857142857142
0.5 0.5267857142857144 0.4732142857142857
0.49999999999999994 0.5178571428571428 0.4821428571428571
0.5 0.5089285714285714 0.4910714285714286
0.5 0.5 0.5
0.5052083333333333 0.5052083333333333 0.4895833333333333
0.5104166666666667 0.5104166666666667 0.4791666666666667
0.515625 0.515625 0.46875
0.5208333333333333 0.5208333333333333 0.4583333333333333
0.5260416666666667 0.5260416666666667 0.4479166666666667
0.53125 0.53125 0.4375
0.5364583333333333 0.5364583333333333 0.4270833333333333
0.5416666666666667 0.5416666666666667 0.4166666666666667
0.546875 0.546875 0.40625
0.5520833333333333 0.5520833333333333 0.3958333333333333
0.5572916666666667 0.5572916666666667 0.3854166666666667
0.5625 0.5625 0.375
0.5677083333333333 0.5677083333333333 0.3645833333333333
0.5729166666666667 0.5729166666666667 0.3541666666666667
0.578125 0.578125 0.34375
0.5833333333333333 0.5833333333333333 0.3333333333333333
0.5885416666666667 0.5885416666666667 0.3229166666666667
0.59375 0.59375 0.3125
0.5989583333333333 0.5989583333333333 0.3020833333333333
0.6041666666666667 0.6041666666666667 0.2916666666666667
0.609375 0.609375 0.28125
0.6145833333333333 0.6145833333333333 0.2708333333333333
0.6197916666666667 0.6197916666666667 0.2604166666666667
0.625 0.625 0.25
0.6302083333333334 0.6302083333333334 0.23958333333333337
0.6354166666666667 0.6354166666666667 0.22916666666666669
0.640625 0.640625 0.21875
0.6458333333333334 0.6458333333333334 0.20833333333333337
0.6510416666666667 0.6510416666666667 0.19791666666666669
0.65625 0.65625 0.1875
0.6614583333333334 0.6614583333333334 0.17708333333333337
0.6666666666666667 0.6666666666666667 0.16666666666666669
0.671875 0.671875 0.15625
0.6770833333333334 0.6770833333333334 0.14583333333333337
0.6822916666666667 0.6822916666666667 0.13541666666666669
0.6875 0.6875 0.125
0.6927083333333334 0.6927083333333334 0.11458333333333337
0.6979166666666667 0.6979166666666667 0.10416666666666669
0.703125 0.703125 0.09375
0.7083333333333334 0.7083333333333334 0.08333333333333337
0.7135416666666667 0.7135416666666667 0.07291666666666669
0.71875 0.71875 0.0625
0.7239583333333334 0.7239583333333334 0.05208333333333337
0.7291666666666667 0.7291666666666667 0.041666666666666685
0.734375 0.734375 0.03125
0.7395833333333334 0.7395833333333334 0.02083333333333337
0.7447916666666667 0.7447916666666667 0.010416666666666685
0.75 0.75 0.0
0.25 1.0 0.25
0.2410714285714286 1.0 0.2410714285714286
0.23214285714285715 1.0 0.23214285714285715
0.22321428571428575 1.0 0.22321428571428575
0.21428571428571425 1.0 0.21428571428571425
0.20535714285714285 1.0 0.20535714285714285
0.1964285714285714 1.0 0.1964285714285714
0.1875 1.0 0.1875
0.1785714285714286 1.0 0.1785714285714286
0.1696428571428572 1.0 0.1696428571428572
0.16071428571428575 1.0 0.16071428571428575
0.15178571428571425 1.0 0.15178571428571425
0.14285714285714285 1.0 0.14285714285714285
0.1339285714285714 1.0 0.1339285714285714
0.125 1.0 0.125
0.1160714285714286 1.0 0.1160714285714286
0.1071428571428572 1.0 0.1071428571428572
0.09821428571428575 1.0 0.09821428571428575
0.08928571428571436 1.0 0.08928571428571436
0.08035714285714285 1.0 0.08035714285714285
0.0714285714285714 1.0 0.0714285714285714
0.0625 1.0 0.0625
0.0535714285714286 1.0 0.0535714285714286
0.044642857142857206 1.0 0.044642857142857206
0.035714285714285754 1.0 0.035714285714285754
0.026785714285714357 1.0 0.026785714285714357
0.01785714285714285 1.0 0.01785714285714285
0.008928571428571397 1.0 0.008928571428571397
0.0 1.0 0.0
