  300.00 -8.00000  2.00218e+09  2.00218e+09  2.00218e+09  1.40803e+08  1.40803e+08 -1.40803e+08
  300.00 -7.97595  1.97468e+09  1.97468e+09  1.97468e+09  1.52757e+08  1.52757e+08 -1.52757e+08
  300.00 -7.95190  1.95395e+09  1.95395e+09  1.95395e+09  1.60639e+08  1.60639e+08 -1.60639e+08
  300.00 -7.92786  1.93958e+09  1.93958e+09  1.93958e+09  1.65134e+08  1.65134e+08 -1.65134e+08
  300.00 -7.90381  1.93019e+09  1.93019e+09  1.93019e+09  1.66964e+08  1.66964e+08 -1.66964e+08
  300.00 -7.87976  1.92336e+09  1.92336e+09  1.92336e+09  1.66837e+08  1.66837e+08 -1.66837e+08
  300.00 -7.85571  1.91578e+09  1.91579e+09  1.91579e+09  1.65426e+08  1.65426e+08 -1.65426e+08
  300.00 -7.83166  1.90351e+09  1.90351e+09  1.90351e+09  1.63376e+08  1.63375e+08 -1.63376e+08
  300.00 -7.80762  1.88244e+09  1.88244e+09  1.88244e+09  1.61321e+08  1.61321e+08 -1.61321e+08
  300.00 -7.78357  1.84898e+09  1.84898e+09  1.84898e+09  1.59893e+08  1.59892e+08 -1.59892e+08
  300.00 -7.75952  1.80086e+09  1.80086e+09  1.80086e+09  1.59698e+08  1.59698e+08 -1.59698e+08
  300.00 -7.73547  1.73780e+09  1.73780e+09  1.73781e+09  1.61261e+08  1.61261e+08 -1.61261e+08
  300.00 -7.71142  1.66224e+09  1.66224e+09  1.66224e+09  1.64927e+08  1.64927e+08 -1.64927e+08
  300.00 -7.68737  1.57952e+09  1.57952e+09  1.57952e+09  1.70755e+08  1.70755e+08 -1.70755e+08
  300.00 -7.66333  1.49779e+09  1.49779e+09  1.49779e+09  1.78456e+08  1.78456e+08 -1.78456e+08
  300.00 -7.63928  1.42750e+09  1.42750e+09  1.42750e+09  1.87437e+08  1.87437e+08 -1.87437e+08
  300.00 -7.61523  1.38102e+09  1.38102e+09  1.38102e+09  1.96952e+08  1.96952e+08 -1.96952e+08
  300.00 -7.59118  1.37277e+09  1.37277e+09  1.37277e+09  2.06318e+08  2.06318e+08 -2.06318e+08
  300.00 -7.56713  1.42092e+09  1.42092e+09  1.42092e+09  2.15065e+08  2.15065e+08 -2.15065e+08
  300.00 -7.54309  1.55121e+09  1.55121e+09  1.55121e+09  2.22939e+08  2.22939e+08 -2.22939e+08
  300.00 -7.51904  1.80319e+09  1.80319e+09  1.80319e+09  2.29798e+08  2.29798e+08 -2.29798e+08
  300.00 -7.49499  2.23679e+09  2.23679e+09  2.23679e+09  2.35551e+08  2.35551e+08 -2.35551e+08
  300.00 -7.47094  2.93124e+09  2.93124e+09  2.93124e+09  2.40433e+08  2.40433e+08 -2.40433e+08
  300.00 -7.44689  3.95860e+09  3.95860e+09  3.95860e+09  2.45824e+08  2.45824e+08 -2.45824e+08
  300.00 -7.42285  5.31655e+09  5.31655e+09  5.31655e+09  2.54938e+08  2.54938e+08 -2.54938e+08
  300.00 -7.39880  6.84373e+09  6.84373e+09  6.84373e+09  2.71229e+08  2.71229e+08 -2.71229e+08
  300.00 -7.37475  8.20558e+09  8.20558e+09  8.20558e+09  2.93275e+08  2.93275e+08 -2.93275e+08
  300.00 -7.35070  9.03451e+09  9.03451e+09  9.03451e+09  3.10350e+08  3.10350e+08 -3.10350e+08
  300.00 -7.32665  9.16405e+09  9.16405e+09  9.16405e+09  3.10403e+08  3.10403e+08 -3.10403e+08
  300.00 -7.30261  8.74687e+09  8.74687e+09  8.74687e+09  2.94958e+08  2.94957e+08 -2.94957e+08
  300.00 -7.27856  8.12461e+09  8.12461e+09  8.12461e+09  2.77140e+08  2.77139e+08 -2.77139e+08
  300.00 -7.25451  7.57586e+09  7.57586e+09  7.57586e+09  2.67358e+08  2.67358e+08 -2.67357e+08
  300.00 -7.23046  7.18090e+09  7.18090e+09  7.18090e+09  2.65611e+08  2.65611e+08 -2.65610e+08
  300.00 -7.20641  6.87681e+09  6.87681e+09  6.87681e+09  2.63426e+08  2.63426e+08 -2.63425e+08
  300.00 -7.18236  6.59992e+09  6.59992e+09  6.59992e+09  2.51756e+08  2.51756e+08 -2.51756e+08
  300.00 -7.15832  6.38257e+09  6.38257e+09  6.38257e+09  2.28791e+08  2.28791e+08 -2.28790e+08
  300.00 -7.13427  6.33780e+09  6.33780e+09  6.33780e+09  2.00833e+08  2.00833e+08 -2.00833e+08
  300.00 -7.11022  6.56915e+09  6.56915e+09  6.56915e+09  1.76805e+08  1.76805e+08 -1.76805e+08
  300.00 -7.08617  7.08737e+09  7.08737e+09  7.08737e+09  1.62973e+08  1.62973e+08 -1.62973e+08
  300.00 -7.06212  7.78732e+09  7.78732e+09  7.78732e+09  1.60890e+08  1.60890e+08 -1.60890e+08
  300.00 -7.03808  8.50040e+09  8.50040e+09  8.50040e+09  1.67536e+08  1.67537e+08 -1.67537e+08
  300.00 -7.01403  9.07867e+09  9.07867e+09  9.07867e+09  1.77049e+08  1.77050e+08 -1.77050e+08
  300.00 -6.98998  9.43831e+09  9.43831e+09  9.43831e+09  1.83029e+08  1.83029e+08 -1.83029e+08
  300.00 -6.96593  9.56190e+09  9.56190e+09  9.56190e+09  1.79972e+08  1.79972e+08 -1.79972e+08
  300.00 -6.94188  9.49460e+09  9.49460e+09  9.49460e+09  1.64101e+08  1.64101e+08 -1.64101e+08
  300.00 -6.91784  9.32208e+09  9.32208e+09  9.32208e+09  1.34425e+08  1.34426e+08 -1.34426e+08
  300.00 -6.89379  9.12140e+09  9.12140e+09  9.12140e+09  9.35193e+07  9.35196e+07 -9.35198e+07
  300.00 -6.86974  8.92017e+09  8.92017e+09  8.92017e+09  4.69739e+07  4.69741e+07 -4.69743e+07
  300.00 -6.84569  8.69235e+09  8.69236e+09  8.69235e+09  1.61726e+06  1.61743e+06 -1.61769e+06
  300.00 -6.82164  8.38271e+09  8.38271e+09  8.38271e+09 -3.64066e+07 -3.64064e+07  3.64062e+07
  300.00 -6.79760  7.94297e+09  7.94297e+09  7.94297e+09 -6.28629e+07 -6.28628e+07  6.28626e+07
  300.00 -6.77355  7.37217e+09  7.37217e+09  7.37217e+09 -7.61283e+07 -7.61283e+07  7.61280e+07
  300.00 -6.74950  6.74081e+09  6.74081e+09  6.74081e+09 -7.75313e+07 -7.75313e+07  7.75310e+07
  300.00 -6.72545  6.16963e+09  6.16963e+09  6.16963e+09 -7.07551e+07 -7.07551e+07  7.07549e+07
  300.00 -6.70140  5.77409e+09  5.77409e+09  5.77409e+09 -6.05612e+07 -6.05612e+07  6.05611e+07
  300.00 -6.67735  5.61836e+09  5.61836e+09  5.61836e+09 -5.19282e+07 -5.19283e+07  5.19282e+07
  300.00 -6.65331  5.69681e+09  5.69681e+09  5.69681e+09 -4.96388e+07 -4.96389e+07  4.96388e+07
  300.00 -6.62926  5.93859e+09  5.93859e+09  5.93859e+09 -5.73179e+07 -5.73181e+07  5.73180e+07
  300.00 -6.60521  6.24271e+09  6.24271e+09  6.24271e+09 -7.53433e+07 -7.53434e+07  7.53434e+07
  300.00 -6.58116  6.53082e+09  6.53082e+09  6.53082e+09 -9.90362e+07 -9.90364e+07  9.90364e+07
  300.00 -6.55711  6.76222e+09  6.76222e+09  6.76222e+09 -1.20011e+08 -1.20011e+08  1.20011e+08
  300.00 -6.53307  6.90132e+09  6.90132e+09  6.90132e+09 -1.31015e+08 -1.31015e+08  1.31015e+08
  300.00 -6.50902  6.90409e+09  6.90409e+09  6.90409e+09 -1.30262e+08 -1.30262e+08  1.30262e+08
  300.00 -6.48497  6.75079e+09  6.75079e+09  6.75080e+09 -1.20799e+08 -1.20799e+08  1.20799e+08
  300.00 -6.46092  6.47078e+09  6.47078e+09  6.47079e+09 -1.05794e+08 -1.05794e+08  1.05794e+08
  300.00 -6.43687  6.12042e+09  6.12042e+09  6.12042e+09 -8.58056e+07 -8.58056e+07  8.58057e+07
  300.00 -6.41283  5.74246e+09  5.74246e+09  5.74246e+09 -6.10384e+07 -6.10383e+07  6.10384e+07
  300.00 -6.38878  5.35268e+09  5.35268e+09  5.35268e+09 -3.48613e+07 -3.48613e+07  3.48613e+07
  300.00 -6.36473  4.95841e+09  4.95841e+09  4.95841e+09 -1.37745e+07 -1.37744e+07  1.37745e+07
  300.00 -6.34068  4.57271e+09  4.57271e+09  4.57271e+09 -3.43204e+06 -3.43198e+06  3.43201e+06
  300.00 -6.31663  4.20222e+09  4.20222e+09  4.20222e+09 -4.61011e+06 -4.61005e+06  4.61005e+06
  300.00 -6.29259  3.83600e+09  3.83600e+09  3.83600e+09 -1.30664e+07 -1.30664e+07  1.30663e+07
  300.00 -6.26854  3.46148e+09  3.46148e+09  3.46148e+09 -2.32696e+07 -2.32696e+07  2.32695e+07
  300.00 -6.24449  3.08392e+09  3.08392e+09  3.08392e+09 -3.17192e+07 -3.17192e+07  3.17191e+07
  300.00 -6.22044  2.71981e+09  2.71981e+09  2.71981e+09 -3.66427e+07 -3.66426e+07  3.66426e+07
  300.00 -6.19639  2.37923e+09  2.37923e+09  2.37923e+09 -3.66651e+07 -3.66651e+07  3.66651e+07
  300.00 -6.17234  2.06284e+09  2.06284e+09  2.06284e+09 -3.14253e+07 -3.14253e+07  3.14253e+07
  300.00 -6.14830  1.76882e+09  1.76882e+09  1.76882e+09 -2.24251e+07 -2.24251e+07  2.24251e+07
  300.00 -6.12425  1.49519e+09  1.49519e+09  1.49519e+09 -1.21955e+07 -1.21955e+07  1.21955e+07
  300.00 -6.10020  1.23840e+09  1.23840e+09  1.23840e+09 -2.89497e+06 -2.89498e+06  2.89499e+06
  300.00 -6.07615  9.95469e+08  9.95469e+08  9.95469e+08  4.26451e+06  4.26448e+06 -4.26447e+06
  300.00 -6.05210  7.68479e+08  7.68479e+08  7.68479e+08  8.89052e+06  8.89049e+06 -8.89048e+06
  300.00 -6.02806  5.64743e+08  5.64743e+08  5.64743e+08  1.11320e+07  1.11320e+07 -1.11320e+07
  300.00 -6.00401  3.91655e+08  3.91655e+08  3.91655e+08  1.14241e+07  1.14241e+07 -1.14241e+07
  300.00 -5.97996  2.51878e+08  2.51878e+08  2.51878e+08  1.02690e+07  1.02690e+07 -1.02690e+07
  300.00 -5.95591  1.43572e+08  1.43572e+08  1.43572e+08  8.10938e+06  8.10936e+06 -8.10936e+06
  300.00 -5.93186  6.44731e+07  6.44731e+07  6.44731e+07  5.33149e+06  5.33148e+06 -5.33148e+06
  300.00 -5.90782  1.54162e+07  1.54162e+07  1.54162e+07  2.35668e+06  2.35667e+06 -2.35667e+06
  300.00 -5.88377  2.93631e+05  2.93632e+05  2.93633e+05 -2.79251e+05 -2.79251e+05  2.79251e+05
  300.00 -5.85972  2.29771e+07  2.29771e+07  2.29771e+07 -1.93613e+06 -1.93612e+06  1.93612e+06
  300.00 -5.83567  8.46369e+07  8.46369e+07  8.46369e+07 -1.96860e+06 -1.96860e+06  1.96860e+06
  300.00 -5.81162  1.84742e+08  1.84742e+08  1.84742e+08  1.57163e+05  1.57164e+05 -1.57165e+05
  300.00 -5.78758  3.25681e+08  3.25682e+08  3.25682e+08  4.80455e+06  4.80454e+06 -4.80454e+06
  300.00 -5.76353  5.17525e+08  5.17525e+08  5.17525e+08  1.21570e+07  1.21570e+07 -1.21570e+07
  300.00 -5.73948  7.78928e+08  7.78928e+08  7.78928e+08  2.21455e+07  2.21455e+07 -2.21455e+07
  300.00 -5.71543  1.13281e+09  1.13281e+09  1.13281e+09  3.42323e+07  3.42322e+07 -3.42322e+07
  300.00 -5.69138  1.59953e+09  1.59953e+09  1.59953e+09  4.71969e+07  4.71968e+07 -4.71968e+07
  300.00 -5.66733  2.19283e+09  2.19283e+09  2.19283e+09  5.92115e+07  5.92114e+07 -5.92114e+07
  300.00 -5.64329  2.91712e+09  2.91712e+09  2.91712e+09  6.82187e+07  6.82186e+07 -6.82186e+07
  300.00 -5.61924  3.75105e+09  3.75105e+09  3.75106e+09  7.22829e+07  7.22828e+07 -7.22828e+07
  300.00 -5.59519  4.61406e+09  4.61406e+09  4.61406e+09  7.01308e+07  7.01306e+07 -7.01307e+07
  300.00 -5.57114  5.36670e+09  5.36670e+09  5.36670e+09  6.23598e+07  6.23597e+07 -6.23598e+07
  300.00 -5.54709  5.87623e+09  5.87623e+09  5.87623e+09  5.15289e+07  5.15288e+07 -5.15289e+07
  300.00 -5.52305  6.07857e+09  6.07857e+09  6.07857e+09  4.04200e+07  4.04200e+07 -4.04201e+07
  300.00 -5.49900  5.98156e+09  5.98155e+09  5.98155e+09  3.09550e+07  3.09549e+07 -3.09550e+07
  300.00 -5.47495  5.63620e+09  5.63620e+09  5.63620e+09  2.40905e+07  2.40905e+07 -2.40906e+07
  300.00 -5.45090  5.10585e+09  5.10585e+09  5.10585e+09  1.97733e+07  1.97732e+07 -1.97734e+07
  300.00 -5.42685  4.44289e+09  4.44289e+09  4.44289e+09  1.71089e+07  1.71089e+07 -1.71090e+07
  300.00 -5.40281  3.67905e+09  3.67904e+09  3.67904e+09  1.48882e+07  1.48881e+07 -1.48882e+07
  300.00 -5.37876  2.83522e+09  2.83522e+09  2.83522e+09  1.21980e+07  1.21979e+07 -1.21980e+07
  300.00 -5.35471  1.94769e+09  1.94769e+09  1.94769e+09  8.81268e+06  8.81262e+06 -8.81268e+06
  300.00 -5.33066  1.09571e+09  1.09571e+09  1.09571e+09  5.20006e+06  5.20003e+06 -5.20007e+06
  300.00 -5.30661  4.08407e+08  4.08407e+08  4.08407e+08  2.15762e+06  2.15760e+06 -2.15762e+06
  300.00 -5.28257  3.48000e+07  3.48000e+07  3.47999e+07  3.26067e+05  3.26063e+05 -3.26069e+05
  300.00 -5.25852  8.05031e+07  8.05031e+07  8.05031e+07 -5.21684e+04 -5.21639e+04  5.21722e+04
  300.00 -5.23447  5.38638e+08  5.38638e+08  5.38638e+08  1.04837e+06  1.04838e+06 -1.04836e+06
  300.00 -5.21042  1.25521e+09  1.25521e+09  1.25521e+09  3.77175e+06  3.77177e+06 -3.77174e+06
  300.00 -5.18637  1.96427e+09  1.96427e+09  1.96427e+09  8.32749e+06  8.32752e+06 -8.32749e+06
  300.00 -5.16232  2.40142e+09  2.40142e+09  2.40142e+09  1.43931e+07  1.43932e+07 -1.43931e+07
  300.00 -5.13828  2.44515e+09  2.44515e+09  2.44515e+09  2.07088e+07  2.07088e+07 -2.07088e+07
  300.00 -5.11423  2.17494e+09  2.17494e+09  2.17494e+09  2.57169e+07  2.57170e+07 -2.57170e+07
  300.00 -5.09018  1.78152e+09  1.78152e+09  1.78152e+09  2.86652e+07  2.86652e+07 -2.86652e+07
  300.00 -5.06613  1.41820e+09  1.41820e+09  1.41820e+09  2.96793e+07  2.96793e+07 -2.96794e+07
  300.00 -5.04208  1.13549e+09  1.13549e+09  1.13549e+09  2.88151e+07  2.88151e+07 -2.88151e+07
  300.00 -5.01804  9.20408e+08  9.20408e+08  9.20408e+08  2.56649e+07  2.56648e+07 -2.56649e+07
  300.00 -4.99399  7.63123e+08  7.63123e+08  7.63122e+08  2.01715e+07  2.01715e+07 -2.01715e+07
  300.00 -4.96994  6.86235e+08  6.86235e+08  6.86235e+08  1.30916e+07  1.30915e+07 -1.30915e+07
  300.00 -4.94589  7.34487e+08  7.34487e+08  7.34486e+08  4.69318e+06  4.69313e+06 -4.69316e+06
  300.00 -4.92184  9.64615e+08  9.64615e+08  9.64615e+08 -6.62864e+06 -6.62870e+06  6.62868e+06
  300.00 -4.89780  1.43706e+09  1.43706e+09  1.43706e+09 -2.34457e+07 -2.34457e+07  2.34457e+07
  300.00 -4.87375  2.18014e+09  2.18014e+09  2.18014e+09 -4.67386e+07 -4.67387e+07  4.67387e+07
  300.00 -4.84970  3.14816e+09  3.14816e+09  3.14816e+09 -7.38523e+07 -7.38525e+07  7.38525e+07
  300.00 -4.82565  4.22144e+09  4.22144e+09  4.22144e+09 -9.84274e+07 -9.84276e+07  9.84276e+07
  300.00 -4.80160  5.25664e+09  5.25664e+09  5.25664e+09 -1.13108e+08 -1.13108e+08  1.13108e+08
  300.00 -4.77756  6.15192e+09  6.15192e+09  6.15192e+09 -1.13864e+08 -1.13865e+08  1.13864e+08
  300.00 -4.75351  6.87948e+09  6.87948e+09  6.87948e+09 -1.02605e+08 -1.02605e+08  1.02605e+08
  300.00 -4.72946  7.46701e+09  7.46701e+09  7.46701e+09 -8.56098e+07 -8.56099e+07  8.56098e+07
  300.00 -4.70541  7.95579e+09  7.95579e+09  7.95579e+09 -6.84871e+07 -6.84872e+07  6.84870e+07
  300.00 -4.68136  8.38001e+09  8.38001e+09  8.38001e+09 -5.23227e+07 -5.23228e+07  5.23226e+07
  300.00 -4.65731  8.77709e+09  8.77709e+09  8.77709e+09 -3.43924e+07 -3.43924e+07  3.43922e+07
  300.00 -4.63327  9.19717e+09  9.19717e+09  9.19717e+09 -1.16876e+07 -1.16877e+07  1.16875e+07
  300.00 -4.60922  9.68730e+09  9.68730e+09  9.68730e+09  1.58211e+07  1.58211e+07 -1.58212e+07
  300.00 -4.58517  1.02633e+10  1.02633e+10  1.02633e+10  4.40772e+07  4.40771e+07 -4.40772e+07
  300.00 -4.56112  1.08952e+10  1.08952e+10  1.08952e+10  6.62236e+07  6.62235e+07 -6.62235e+07
  300.00 -4.53707  1.15209e+10  1.15209e+10  1.15209e+10  7.66770e+07  7.66770e+07 -7.66769e+07
  300.00 -4.51303  1.20823e+10  1.20823e+10  1.20823e+10  7.61742e+07  7.61742e+07 -7.61741e+07
  300.00 -4.48898  1.25421e+10  1.25421e+10  1.25421e+10  7.03760e+07  7.03760e+07 -7.03759e+07
  300.00 -4.46493  1.28566e+10  1.28566e+10  1.28566e+10  6.40503e+07  6.40503e+07 -6.40501e+07
  300.00 -4.44088  1.29750e+10  1.29750e+10  1.29750e+10  5.96031e+07  5.96031e+07 -5.96030e+07
  300.00 -4.41683  1.28812e+10  1.28812e+10  1.28812e+10  5.81374e+07  5.81375e+07 -5.81375e+07
  300.00 -4.39279  1.26040e+10  1.26040e+10  1.26040e+10  5.95786e+07  5.95787e+07 -5.95788e+07
  300.00 -4.36874  1.21876e+10  1.21876e+10  1.21876e+10  6.27148e+07  6.27150e+07 -6.27151e+07
  300.00 -4.34469  1.16599e+10  1.16599e+10  1.16599e+10  6.58351e+07  6.58353e+07 -6.58354e+07
  300.00 -4.32064  1.10306e+10  1.10306e+10  1.10306e+10  6.73344e+07  6.73346e+07 -6.73347e+07
  300.00 -4.29659  1.03171e+10  1.03171e+10  1.03171e+10  6.60965e+07  6.60967e+07 -6.60967e+07
  300.00 -4.27255  9.57114e+09  9.57114e+09  9.57114e+09  6.24211e+07  6.24212e+07 -6.24211e+07
  300.00 -4.24850  8.87120e+09  8.87120e+09  8.87120e+09  5.90633e+07  5.90634e+07 -5.90629e+07
  300.00 -4.22445  8.29136e+09  8.29136e+09  8.29136e+09  5.84245e+07  5.84245e+07 -5.84232e+07
  300.00 -4.20040  7.87598e+09  7.87598e+09  7.87598e+09  5.78544e+07  5.78544e+07 -5.78513e+07
  300.00 -4.17635  7.63328e+09  7.63328e+09  7.63328e+09  5.40406e+07  5.40405e+07 -5.40334e+07
  300.00 -4.15230  7.54616e+09  7.54616e+09  7.54616e+09  4.81041e+07  4.81040e+07 -4.80875e+07
  300.00 -4.12826  7.58452e+09  7.58452e+09  7.58452e+09  4.25138e+07  4.25137e+07 -4.24757e+07
  300.00 -4.10421  7.69956e+09  7.69956e+09  7.69956e+09  3.90524e+07  3.90524e+07 -3.89650e+07
  300.00 -4.08016  7.81410e+09  7.81410e+09  7.81410e+09  3.94622e+07  3.94622e+07 -3.92632e+07
  300.00 -4.05611  7.83574e+09  7.83574e+09  7.83574e+09  4.50404e+07  4.50404e+07 -4.45964e+07
  300.00 -4.03206  7.69493e+09  7.69493e+09  7.69493e+09  5.50499e+07  5.50499e+07 -5.40876e+07
  300.00 -4.00802  7.38094e+09  7.38094e+09  7.38094e+09  6.59347e+07  6.59348e+07 -6.39276e+07
  300.00 -3.98397  6.94804e+09  6.94804e+09  6.94804e+09  7.29937e+07  7.29937e+07 -6.90075e+07
  300.00 -3.95992  6.49574e+09  6.49572e+09  6.49572e+09  7.39908e+07  7.39908e+07 -6.65591e+07
  300.00 -3.93587  6.14527e+09  6.14522e+09  6.14522e+09  7.15109e+07  7.15109e+07 -5.87463e+07
  300.00 -3.91182  6.01549e+09  6.01540e+09  6.01540e+09  7.12632e+07  7.12632e+07 -5.14707e+07
  300.00 -3.88778  6.18453e+09  6.18441e+09  6.18441e+09  7.75703e+07  7.75703e+07 -5.03114e+07
  300.00 -3.86373  6.64576e+09  6.64565e+09  6.64565e+09  8.97023e+07  8.97023e+07 -5.67037e+07
  300.00 -3.83968  7.28934e+09  7.28922e+09  7.28922e+09  1.01560e+08  1.01560e+08 -6.67424e+07
  300.00 -3.81563  7.92657e+09  7.92634e+09  7.92634e+09  1.05550e+08  1.05550e+08 -7.38298e+07
  300.00 -3.79158  8.35891e+09  8.35853e+09  8.35853e+09  9.77394e+07  9.77394e+07 -7.29318e+07
  300.00 -3.76754  8.46455e+09  8.46411e+09  8.46411e+09  7.95512e+07  7.95512e+07 -6.28073e+07
  300.00 -3.74349  8.22406e+09  8.22377e+09  8.22377e+09  5.49051e+07  5.49052e+07 -4.57718e+07
  300.00 -3.71944  7.68459e+09  7.68455e+09  7.68455e+09  2.72424e+07  2.72424e+07 -2.51609e+07
  300.00 -3.69539  6.93513e+09  6.93529e+09  6.93529e+09  3.50542e+04  3.50854e+04 -3.36989e+06
  300.00 -3.67134  6.08239e+09  6.08264e+09  6.08264e+09 -2.22415e+07 -2.22415e+07  1.63547e+07
  300.00 -3.64729  5.20747e+09  5.20776e+09  5.20776e+09 -3.52435e+07 -3.52435e+07  2.85609e+07
  300.00 -3.62325  4.34431e+09  4.34454e+09  4.34454e+09 -3.69463e+07 -3.69463e+07  2.91369e+07
  300.00 -3.59920  3.49869e+09  3.49880e+09  3.49880e+09 -2.94203e+07 -2.94203e+07  2.00432e+07
  300.00 -3.57515  2.68252e+09  2.68253e+09  2.68253e+09 -1.85175e+07 -1.85175e+07  8.65946e+06
  300.00 -3.55110  1.93816e+09  1.93811e+09  1.93811e+09 -1.04842e+07 -1.04842e+07  1.79395e+06
  300.00 -3.52705  1.33052e+09  1.33043e+09  1.33043e+09 -7.90509e+06 -7.90510e+06  9.73189e+05
  300.00 -3.50301  8.97999e+08  8.97872e+08  8.97872e+08 -9.01494e+06 -9.01494e+06  3.39954e+06
  300.00 -3.47896  6.11151e+08  6.11033e+08  6.11033e+08 -1.06057e+07 -1.06057e+07  5.80701e+06
  300.00 -3.45491  3.95907e+08  3.95839e+08  3.95839e+08 -1.05376e+07 -1.05376e+07  6.46747e+06
  300.00 -3.43086  2.05895e+08  2.05862e+08  2.05862e+08 -8.27298e+06 -8.27297e+06  5.19940e+06
  300.00 -3.40681  6.55495e+07  6.55137e+07  6.55136e+07 -4.57984e+06 -4.57984e+06  2.85015e+06
  300.00 -3.38277  7.35387e+06  7.32084e+06  7.32083e+06 -1.25046e+06 -1.25046e+06  7.41206e+05
  300.00 -3.35872  3.37567e+04  2.20520e+04  2.20519e+04 -2.41820e+04 -2.41819e+04  1.93713e+04
  300.00 -3.33467  1.22304e+06  1.22901e+06  1.22901e+06  6.65261e+04  6.65251e+04 -1.86348e+05
  300.00 -3.31062  2.47621e+07  2.47723e+07  2.47723e+07  1.55244e+06  1.55244e+06 -1.88040e+06
  300.00 -3.28657  1.00363e+08  1.00369e+08  1.00369e+08  4.55291e+06  4.55290e+06 -4.91530e+06
  300.00 -3.26253  2.22056e+08  2.22059e+08  2.22059e+08  6.82004e+06  6.82003e+06 -7.09524e+06
  300.00 -3.23848  3.68647e+08  3.68647e+08  3.68647e+08  6.55356e+06  6.55355e+06 -6.72578e+06
  300.00 -3.21443  5.29841e+08  5.29840e+08  5.29840e+08  3.57997e+06  3.57996e+06 -3.67773e+06
  300.00 -3.19038  6.99244e+08  6.99244e+08  6.99244e+08 -1.09380e+06 -1.09380e+06  1.04023e+06
  300.00 -3.16633  8.61864e+08  8.61863e+08  8.61863e+08 -5.92957e+06 -5.92957e+06  5.89967e+06
  300.00 -3.14228  9.94653e+08  9.94653e+08  9.94653e+08 -9.48266e+06 -9.48265e+06  9.46488e+06
  300.00 -3.11824  1.07609e+09  1.07609e+09  1.07609e+09 -1.09428e+07 -1.09428e+07  1.09316e+07
  300.00 -3.09419  1.09523e+09  1.09523e+09  1.09523e+09 -1.02876e+07 -1.02876e+07  1.02808e+07
  300.00 -3.07014  1.05495e+09  1.05495e+09  1.05495e+09 -8.01728e+06 -8.01726e+06  8.01402e+06
  300.00 -3.04609  9.69337e+08  9.69337e+08  9.69337e+08 -4.78119e+06 -4.78118e+06  4.78102e+06
  300.00 -3.02204  8.58025e+08  8.58025e+08  8.58025e+08 -1.16719e+06 -1.16718e+06  1.16948e+06
  300.00 -2.99800  7.40792e+08  7.40792e+08  7.40792e+08  2.33340e+06  2.33340e+06 -2.32952e+06
  300.00 -2.97395  6.33292e+08  6.33292e+08  6.33292e+08  5.31818e+06  5.31817e+06 -5.31366e+06
  300.00 -2.94990  5.43779e+08  5.43779e+08  5.43779e+08  7.48373e+06  7.48372e+06 -7.47942e+06
  300.00 -2.92585  4.73354e+08  4.73354e+08  4.73354e+08  8.62837e+06  8.62837e+06 -8.62492e+06
  300.00 -2.90180  4.19084e+08  4.19083e+08  4.19083e+08  8.64960e+06  8.64960e+06 -8.64742e+06
  300.00 -2.87776  3.76614e+08  3.76614e+08  3.76613e+08  7.54587e+06  7.54588e+06 -7.54510e+06
  300.00 -2.85371  3.41787e+08  3.41787e+08  3.41787e+08  5.42196e+06  5.42198e+06 -5.42252e+06
  300.00 -2.82966  3.11708e+08  3.11707e+08  3.11707e+08  2.48131e+06  2.48135e+06 -2.48291e+06
  300.00 -2.80561  2.85231e+08  2.85231e+08  2.85230e+08 -1.02143e+06 -1.02138e+06  1.01926e+06
  300.00 -2.78156  2.62864e+08  2.62864e+08  2.62864e+08 -4.86735e+06 -4.86729e+06  4.86516e+06
  300.00 -2.75752  2.46261e+08  2.46261e+08  2.46261e+08 -8.96240e+06 -8.96232e+06  8.96080e+06
  300.00 -2.73347  2.37630e+08  2.37630e+08  2.37630e+08 -1.33823e+07 -1.33822e+07  1.33819e+07
  300.00 -2.70942  2.39278e+08  2.39278e+08  2.39278e+08 -1.83421e+07 -1.83419e+07  1.83438e+07
  300.00 -2.68537  2.53198e+08  2.53198e+08  2.53198e+08 -2.40671e+07 -2.40670e+07  2.40721e+07
  300.00 -2.66132  2.80184e+08  2.80184e+08  2.80184e+08 -3.05352e+07 -3.05351e+07  3.05454e+07
  300.00 -2.63727  3.18374e+08  3.18375e+08  3.18375e+08 -3.71353e+07 -3.71351e+07  3.71535e+07
  300.00 -2.61323  3.63308e+08  3.63310e+08  3.63309e+08 -4.25475e+07 -4.25472e+07  4.25779e+07
  300.00 -2.58918  4.11314e+08  4.11316e+08  4.11316e+08 -4.51130e+07 -4.51128e+07  4.51623e+07
  300.00 -2.56513  4.62240e+08  4.62243e+08  4.62243e+08 -4.33665e+07 -4.33663e+07  4.34445e+07
  300.00 -2.54108  5.20327e+08  5.20330e+08  5.20330e+08 -3.65082e+07 -3.65080e+07  3.66300e+07
  300.00 -2.51703  5.94811e+08  5.94814e+08  5.94814e+08 -2.46464e+07 -2.46463e+07  2.48368e+07
  300.00 -2.49299  6.97520e+08  6.97521e+08  6.97521e+08 -8.59774e+06 -8.59771e+06  8.89681e+06
  300.00 -2.46894  8.37642e+08  8.37637e+08  8.37637e+08  1.02296e+07  1.02296e+07 -9.75763e+06
  300.00 -2.44489  1.01499e+09  1.01497e+09  1.01497e+09  2.95867e+07  2.95865e+07 -2.88436e+07
  300.00 -2.42084  1.21236e+09  1.21233e+09  1.21233e+09  4.62939e+07  4.62937e+07 -4.51400e+07
  300.00 -2.39679  1.39234e+09  1.39230e+09  1.39230e+09  5.70191e+07  5.70188e+07 -5.52716e+07
  300.00 -2.37275  1.50756e+09  1.50750e+09  1.50750e+09  5.98795e+07  5.98791e+07 -5.73212e+07
  300.00 -2.34870  1.52546e+09  1.52539e+09  1.52539e+09  5.56643e+07  5.56639e+07 -5.20563e+07
  300.00 -2.32465  1.44986e+09  1.44977e+09  1.44977e+09  4.74039e+07  4.74036e+07 -4.24850e+07
  300.00 -2.30060  1.31643e+09  1.31633e+09  1.31633e+09  3.85498e+07  3.85495e+07 -3.20077e+07
  300.00 -2.27655  1.16517e+09  1.16505e+09  1.16505e+09  3.13866e+07  3.13864e+07 -2.28077e+07
  300.00 -2.25251  1.01882e+09  1.01868e+09  1.01868e+09  2.67299e+07  2.67297e+07 -1.55600e+07
  300.00 -2.22846  8.83149e+08  8.82983e+08  8.82984e+08  2.44914e+07  2.44913e+07 -1.00239e+07
  300.00 -2.20441  7.57600e+08  7.57390e+08  7.57390e+08  2.42608e+07  2.42607e+07 -5.63955e+06
  300.00 -2.18036  6.42113e+08  6.41831e+08  6.41831e+08  2.55880e+07  2.55879e+07 -1.80134e+06
  300.00 -2.15631  5.38711e+08  5.38317e+08  5.38317e+08  2.80933e+07  2.80932e+07  2.06403e+06
  300.00 -2.13226  4.51937e+08  4.51376e+08  4.51376e+08  3.16024e+07  3.16023e+07  6.48828e+06
  300.00 -2.10822  3.88287e+08  3.87495e+08  3.87495e+08  3.63763e+07  3.63763e+07  1.20391e+07
  300.00 -2.08417  3.52529e+08  3.51432e+08  3.51432e+08  4.32446e+07  4.32446e+07  1.95034e+07
  300.00 -2.06012  3.40592e+08  3.39121e+08  3.39121e+08  5.31306e+07  5.31305e+07  2.98500e+07
  300.00 -2.03607  3.30156e+08  3.28256e+08  3.28256e+08  6.53547e+07  6.53547e+07  4.31416e+07
  300.00 -2.01202  2.78836e+08  2.76492e+08  2.76492e+08  7.47823e+07  7.47823e+07  5.58052e+07
  300.00 -1.98798  1.60182e+08  1.57449e+08  1.57449e+08  6.99059e+07  6.99059e+07  5.76599e+07
  300.00 -1.96393  3.83091e+07  3.53008e+07  3.53007e+07  3.57253e+07  3.57253e+07  3.31129e+07
  300.00 -1.93988  7.27731e+07  6.95576e+07  6.95576e+07 -3.75123e+07 -3.75123e+07 -2.99094e+07
  300.00 -1.91583  3.72974e+08  3.69447e+08  3.69447e+08 -1.45355e+08 -1.45355e+08 -1.28385e+08
  300.00 -1.89178  8.63454e+08  8.59363e+08  8.59363e+08 -2.67312e+08 -2.67312e+08 -2.41546e+08
  300.00 -1.86774  1.34155e+09  1.33673e+09  1.33673e+09 -3.74199e+08 -3.74199e+08 -3.40638e+08
  300.00 -1.84369  1.64098e+09  1.63558e+09  1.63558e+09 -4.40775e+08 -4.40775e+08 -4.02275e+08
  300.00 -1.81964  1.71521e+09  1.70969e+09  1.70969e+09 -4.54920e+08 -4.54920e+08 -4.15733e+08
  300.00 -1.79559  1.60392e+09  1.59887e+09  1.59887e+09 -4.17910e+08 -4.17910e+08 -3.82158e+08
  300.00 -1.77154  1.37076e+09  1.36676e+09  1.36676e+09 -3.39840e+08 -3.39840e+08 -3.10510e+08
  300.00 -1.74749  1.07396e+09  1.07134e+09  1.07134e+09 -2.36060e+08 -2.36060e+08 -2.14736e+08
  300.00 -1.72345  7.65740e+08  7.64500e+08  7.64500e+08 -1.25505e+08 -1.25505e+08 -1.12391e+08
  300.00 -1.69940  4.96287e+08  4.96034e+08  4.96034e+08 -2.81823e+07 -2.81823e+07 -2.22044e+07
  300.00 -1.67535  3.04502e+08  3.04527e+08  3.04527e+08  4.10234e+07  4.10234e+07  4.18470e+07
  300.00 -1.65130  1.99113e+08  1.98628e+08  1.98628e+08  7.97279e+07  7.97279e+07  7.74678e+07
  300.00 -1.62725  1.57323e+08  1.55784e+08  1.55784e+08  9.71390e+07  9.71390e+07  9.30131e+07
  300.00 -1.60321  1.49221e+08  1.46502e+08  1.46501e+08  1.03534e+08  1.03534e+08  9.75045e+07
  300.00 -1.57916  1.57913e+08  1.54236e+08  1.54236e+08  1.03858e+08  1.03858e+08  9.49269e+07
  300.00 -1.55511  1.78350e+08  1.74085e+08  1.74085e+08  1.00042e+08  1.00042e+08  8.67871e+07
  300.00 -1.53106  2.08273e+08  2.03791e+08  2.03790e+08  9.37741e+07  9.37740e+07  7.48168e+07
  300.00 -1.50701  2.43576e+08  2.39177e+08  2.39177e+08  8.69091e+07  8.69091e+07  6.12768e+07
  300.00 -1.48297  2.78849e+08  2.74746e+08  2.74746e+08  8.10054e+07  8.10054e+07  4.83179e+07
  300.00 -1.45892  3.08799e+08  3.05092e+08  3.05092e+08  7.66139e+07  7.66139e+07  3.71121e+07
  300.00 -1.43487  3.28033e+08  3.24716e+08  3.24716e+08  7.30104e+07  7.30104e+07  2.75819e+07
  300.00 -1.41082  3.30741e+08  3.27736e+08  3.27736e+08  6.88191e+07  6.88191e+07  1.91020e+07
  300.00 -1.38677  3.12116e+08  3.09335e+08  3.09335e+08  6.29975e+07  6.29975e+07  1.14632e+07
  300.00 -1.36273  2.71083e+08  2.68472e+08  2.68472e+08  5.53111e+07  5.53111e+07  5.14473e+06
  300.00 -1.33868  2.12375e+08  2.09926e+08  2.09926e+08  4.61209e+07  4.61209e+07  7.99629e+05
  300.00 -1.31463  1.46157e+08  1.43889e+08  1.43889e+08  3.60099e+07  3.60099e+07 -1.34909e+06
  300.00 -1.29058  8.48413e+07  8.27775e+07  8.27774e+07  2.56456e+07  2.56455e+07 -1.66275e+06
  300.00 -1.26653  3.85697e+07  3.67283e+07  3.67283e+07  1.57818e+07  1.57818e+07 -8.55934e+05
  300.00 -1.24248  1.18284e+07  1.02233e+07  1.02233e+07  7.18381e+06  7.18380e+06  3.17596e+05
  300.00 -1.21844  2.86522e+06  1.50312e+06  1.50311e+06  4.49141e+05  4.49137e+05  1.27694e+06
  300.00 -1.19439  5.77607e+06  4.63844e+06  4.63845e+06 -4.16593e+06 -4.16593e+06  1.67916e+06
  300.00 -1.17034  1.36888e+07  1.27262e+07  1.27263e+07 -6.78999e+06 -6.78999e+06  1.41427e+06
  300.00 -1.14629  2.13367e+07  2.05216e+07  2.05216e+07 -7.78761e+06 -7.78761e+06  6.32320e+05
  300.00 -1.12224  2.60766e+07  2.54257e+07  2.54257e+07 -7.61022e+06 -7.61022e+06 -3.72100e+05
  300.00 -1.09820  2.74894e+07  2.70145e+07  2.70145e+07 -6.74055e+06 -6.74055e+06 -1.37395e+06
  300.00 -1.07415  2.63949e+07  2.60852e+07  2.60853e+07 -5.59305e+06 -5.59305e+06 -2.24501e+06
  300.00 -1.05010  2.39338e+07  2.37683e+07  2.37684e+07 -4.44281e+06 -4.44281e+06 -2.91516e+06
  300.00 -1.02605  2.10056e+07  2.09608e+07  2.09609e+07 -3.43301e+06 -3.43300e+06 -3.35946e+06
  300.00 -1.00200  1.80921e+07  1.81428e+07  1.81428e+07 -2.61372e+06 -2.61372e+06 -3.58019e+06
  300.00 -0.97796  1.53276e+07  1.54459e+07  1.54459e+07 -1.98149e+06 -1.98148e+06 -3.58626e+06
  300.00 -0.95391  1.26670e+07  1.28233e+07  1.28234e+07 -1.50891e+06 -1.50891e+06 -3.38651e+06
  300.00 -0.92986  1.00600e+07  1.02252e+07  1.02252e+07 -1.16315e+06 -1.16314e+06 -3.00190e+06
  300.00 -0.90581  7.56925e+06  7.72036e+06  7.72039e+06 -9.18905e+05 -9.18900e+05 -2.48785e+06
  300.00 -0.88176  5.39166e+06  5.51925e+06  5.51927e+06 -7.67451e+05 -7.67447e+05 -1.94483e+06
  300.00 -0.85772  3.79251e+06  3.89958e+06  3.89960e+06 -7.09254e+05 -7.09251e+05 -1.49011e+06
  300.00 -0.83367  3.02840e+06  3.11584e+06  3.11586e+06 -7.49598e+05 -7.49596e+05 -1.21122e+06
  300.00 -0.80962  3.41871e+06  3.48103e+06  3.48105e+06 -9.48225e+05 -9.48223e+05 -1.16625e+06
  300.00 -0.78557  5.87719e+06  5.91568e+06  5.91571e+06 -1.43800e+06 -1.43800e+06 -1.39168e+06
  300.00 -0.76152  1.28949e+07  1.29207e+07  1.29207e+07 -2.35310e+06 -2.35310e+06 -1.89472e+06
  300.00 -0.73747  2.92055e+07  2.92351e+07  2.92351e+07 -3.76607e+06 -3.76606e+06 -2.69917e+06
  300.00 -0.71343  6.10385e+07  6.10904e+07  6.10905e+07 -5.62332e+06 -5.62331e+06 -3.87698e+06
  300.00 -0.68938  1.13144e+08  1.13232e+08  1.13232e+08 -7.67849e+06 -7.67848e+06 -5.50209e+06
  300.00 -0.66533  1.84062e+08  1.84186e+08  1.84186e+08 -9.48939e+06 -9.48938e+06 -7.54743e+06
  300.00 -0.64128  2.62134e+08  2.62260e+08  2.62260e+08 -1.05146e+07 -1.05146e+07 -9.77584e+06
  300.00 -0.61723  3.25898e+08  3.25962e+08  3.25962e+08 -1.03132e+07 -1.03131e+07 -1.17144e+07
  300.00 -0.59319  3.51207e+08  3.51140e+08  3.51140e+08 -8.82945e+06 -8.82943e+06 -1.28208e+07
  300.00 -0.56914  3.23204e+08  3.23018e+08  3.23018e+08 -6.63468e+06 -6.63467e+06 -1.28207e+07
  300.00 -0.54509  2.46829e+08  2.46674e+08  2.46674e+08 -4.70231e+06 -4.70230e+06 -1.18314e+07
  300.00 -0.52104  1.48032e+08  1.48072e+08  1.48072e+08 -3.49051e+06 -3.49052e+06 -9.92533e+06
  300.00 -0.49699  6.16621e+07  6.18776e+07  6.18776e+07 -2.48148e+06 -2.48148e+06 -6.92350e+06
  300.00 -0.47295  1.18892e+07  1.21217e+07  1.21217e+07 -1.16746e+06 -1.16747e+06 -3.13779e+06
  300.00 -0.44890  2.48420e+05  4.11239e+05  4.11245e+05  2.48978e+05  2.48979e+05  4.08905e+05
  300.00 -0.42485  1.09096e+07  1.10183e+07  1.10183e+07  1.47304e+06  1.47305e+06  2.92789e+06
  300.00 -0.40080  2.64402e+07  2.65214e+07  2.65215e+07  2.53408e+06  2.53410e+06  4.37978e+06
  300.00 -0.37675  3.97483e+07  3.98100e+07  3.98101e+07  3.60951e+06  3.60954e+06  5.17204e+06
  300.00 -0.35271  5.53753e+07  5.54317e+07  5.54319e+07  4.97951e+06  4.97954e+06  5.80801e+06
  300.00 -0.32866  8.61320e+07  8.62382e+07  8.62383e+07  7.10749e+06  7.10754e+06  6.65115e+06
  300.00 -0.30461  1.53844e+08  1.54118e+08  1.54118e+08  1.05718e+07  1.05719e+07  7.73041e+06
  300.00 -0.28056  2.95496e+08  2.96038e+08  2.96038e+08  1.60579e+07  1.60580e+07  8.84192e+06
  300.00 -0.25651  5.74934e+08  5.75554e+08  5.75554e+08  2.47095e+07  2.47095e+07  9.90063e+06
  300.00 -0.23246  1.09731e+09  1.09736e+09  1.09736e+09  3.81438e+07  3.81439e+07  1.05595e+07
  300.00 -0.20842  1.99789e+09  1.99669e+09  1.99669e+09  5.71484e+07  5.71483e+07  9.31355e+06
  300.00 -0.18437  3.39331e+09  3.39078e+09  3.39078e+09  8.04841e+07  8.04839e+07  5.15313e+06
  300.00 -0.16032  5.36452e+09  5.36129e+09  5.36129e+09  1.06359e+08  1.06359e+08  8.39952e+05
  300.00 -0.13627  7.97735e+09  7.97454e+09  7.97454e+09  1.34429e+08  1.34429e+08  2.11868e+06
  300.00 -0.11222  1.12406e+10  1.12396e+10  1.12396e+10  1.64942e+08  1.64941e+08  1.44205e+07
  300.00 -0.08818  1.50542e+10  1.50559e+10  1.50559e+10  1.98064e+08  1.98063e+08  4.09023e+07
  300.00 -0.06413  1.92502e+10  1.92536e+10  1.92536e+10  2.34687e+08  2.34686e+08  8.11284e+07
  300.00 -0.04008  2.36081e+10  2.36112e+10  2.36112e+10  2.73727e+08  2.73726e+08  1.29858e+08
  300.00 -0.01603  2.77434e+10  2.77452e+10  2.77452e+10  3.09654e+08  3.09653e+08  1.77361e+08
  300.00  0.00802  3.10843e+10  3.10853e+10  3.10853e+10  3.38067e+08  3.38066e+08  2.11510e+08
  300.00  0.03206  3.31022e+10  3.31026e+10  3.31026e+10  3.59801e+08  3.59801e+08  2.20428e+08
  300.00  0.05611  3.35614e+10  3.35612e+10  3.35612e+10  3.74309e+08  3.74309e+08  1.99081e+08
  300.00  0.08016  3.25737e+10  3.25726e+10  3.25726e+10  3.76424e+08  3.76424e+08  1.53672e+08
  300.00  0.10421  3.04734e+10  3.04716e+10  3.04716e+10  3.61726e+08  3.61726e+08  9.73146e+07
  300.00  0.12826  2.76189e+10  2.76166e+10  2.76166e+10  3.29792e+08  3.29793e+08  4.37235e+07
  300.00  0.15230  2.42735e+10  2.42712e+10  2.42712e+10  2.84735e+08  2.84736e+08  1.91851e+06
  300.00  0.17635  2.06171e+10  2.06150e+10  2.06150e+10  2.34406e+08  2.34407e+08 -2.62103e+07
  300.00  0.20040  1.68247e+10  1.68230e+10  1.68230e+10  1.87241e+08  1.87242e+08 -4.36903e+07
  300.00  0.22445  1.31338e+10  1.31326e+10  1.31326e+10  1.48708e+08  1.48708e+08 -5.43625e+07
  300.00  0.24850  9.82759e+09  9.82674e+09  9.82674e+09  1.20195e+08  1.20196e+08 -6.06815e+07
  300.00  0.27255  7.13278e+09  7.13222e+09  7.13222e+09  9.97906e+07  9.97910e+07 -6.33549e+07
  300.00  0.29659  5.12912e+09  5.12875e+09  5.12875e+09  8.40060e+07  8.40062e+07 -6.20335e+07
  300.00  0.32064  3.75874e+09  3.75850e+09  3.75850e+09  7.05383e+07  7.05385e+07 -5.72602e+07
  300.00  0.34469  2.88717e+09  2.88702e+09  2.88702e+09  5.93679e+07  5.93681e+07 -5.11966e+07
  300.00  0.36874  2.34216e+09  2.34206e+09  2.34206e+09  5.09442e+07  5.09443e+07 -4.57974e+07
  300.00  0.39279  1.93006e+09  1.92999e+09  1.92999e+09  4.42684e+07  4.42685e+07 -4.10125e+07
  300.00  0.41683  1.46988e+09  1.46984e+09  1.46984e+09  3.67794e+07  3.67795e+07 -3.48060e+07
  300.00  0.44088  8.86303e+08  8.86277e+08  8.86277e+08  2.61142e+07  2.61142e+07 -2.50539e+07
  300.00  0.46493  3.06568e+08  3.06555e+08  3.06555e+08  1.29132e+07  1.29132e+07 -1.24833e+07
  300.00  0.48898  5.81142e+06  5.80637e+06  5.80639e+06  1.25690e+06  1.25691e+06 -1.21510e+06
  300.00  0.51303  1.86688e+08  1.86688e+08  1.86688e+08 -4.90377e+06 -4.90378e+06  4.75121e+06
  300.00  0.53707  8.12974e+08  8.12976e+08  8.12976e+08 -4.38162e+06 -4.38164e+06  4.16672e+06
  300.00  0.56112  1.65782e+09  1.65783e+09  1.65782e+09  1.52138e+06  1.52136e+06 -1.72583e+06
  300.00  0.58517  2.47307e+09  2.47307e+09  2.47307e+09  1.04203e+07  1.04203e+07 -1.05850e+07
  300.00  0.60922  3.10852e+09  3.10852e+09  3.10852e+09  2.02148e+07  2.02148e+07 -2.03355e+07
  300.00  0.63327  3.52710e+09  3.52711e+09  3.52710e+09  2.96528e+07  2.96528e+07 -2.97360e+07
  300.00  0.65731  3.76192e+09  3.76192e+09  3.76192e+09  3.82068e+07  3.82068e+07 -3.82619e+07
  300.00  0.68136  3.86963e+09  3.86963e+09  3.86963e+09  4.57609e+07  4.57609e+07 -4.57965e+07
  300.00  0.70541  3.90278e+09  3.90278e+09  3.90278e+09  5.23787e+07  5.23787e+07 -5.24013e+07
  300.00  0.72946  3.89990e+09  3.89990e+09  3.89990e+09  5.81829e+07  5.81829e+07 -5.81971e+07
  300.00  0.75351  3.88539e+09  3.88539e+09  3.88539e+09  6.33035e+07  6.33035e+07 -6.33123e+07
  300.00  0.77756  3.87279e+09  3.87279e+09  3.87279e+09  6.78568e+07  6.78569e+07 -6.78623e+07
  300.00  0.80160  3.86829e+09  3.86829e+09  3.86829e+09  7.19384e+07  7.19384e+07 -7.19417e+07
  300.00  0.82565  3.87344e+09  3.87344e+09  3.87344e+09  7.56217e+07  7.56217e+07 -7.56237e+07
  300.00  0.84970  3.88695e+09  3.88695e+09  3.88695e+09  7.89598e+07  7.89598e+07 -7.89610e+07
  300.00  0.87375  3.90586e+09  3.90586e+09  3.90586e+09  8.19887e+07  8.19887e+07 -8.19895e+07
  300.00  0.89780  3.92633e+09  3.92633e+09  3.92633e+09  8.47306e+07  8.47306e+07 -8.47310e+07
  300.00  0.92184  3.94417e+09  3.94417e+09  3.94417e+09  8.71971e+07  8.71972e+07 -8.71974e+07
  300.00  0.94589  3.95520e+09  3.95520e+09  3.95520e+09  8.93925e+07  8.93925e+07 -8.93927e+07
  300.00  0.96994  3.95566e+09  3.95566e+09  3.95566e+09  9.13156e+07  9.13156e+07 -9.13157e+07
  300.00  0.99399  3.94241e+09  3.94241e+09  3.94241e+09  9.29620e+07  9.29621e+07 -9.29621e+07
  300.00  1.01804  3.91316e+09  3.91316e+09  3.91316e+09  9.43258e+07  9.43259e+07 -9.43259e+07
  300.00  1.04208  3.86663e+09  3.86663e+09  3.86663e+09  9.54006e+07  9.54007e+07 -9.54007e+07
  300.00  1.06613  3.80260e+09  3.80260e+09  3.80260e+09  9.61812e+07  9.61813e+07 -9.61813e+07
  300.00  1.09018  3.72187e+09  3.72187e+09  3.72187e+09  9.66646e+07  9.66646e+07 -9.66646e+07
  300.00  1.11423  3.62618e+09  3.62618e+09  3.62618e+09  9.68508e+07  9.68508e+07 -9.68508e+07
  300.00  1.13828  3.51806e+09  3.51806e+09  3.51806e+09  9.67440e+07  9.67440e+07 -9.67440e+07
  300.00  1.16232  3.40059e+09  3.40059e+09  3.40059e+09  9.63528e+07  9.63528e+07 -9.63528e+07
  300.00  1.18637  3.27718e+09  3.27718e+09  3.27718e+09  9.56899e+07  9.56899e+07 -9.56900e+07
  300.00  1.21042  3.15137e+09  3.15137e+09  3.15137e+09  9.47721e+07  9.47722e+07 -9.47722e+07
  300.00  1.23447  3.02654e+09  3.02654e+09  3.02654e+09  9.36186e+07  9.36186e+07 -9.36186e+07
  300.00  1.25852  2.90580e+09  2.90580e+09  2.90580e+09  9.22492e+07  9.22492e+07 -9.22492e+07
  300.00  1.28257  2.79180e+09  2.79180e+09  2.79180e+09  9.06828e+07  9.06828e+07 -9.06828e+07
  300.00  1.30661  2.68667e+09  2.68667e+09  2.68667e+09  8.89344e+07  8.89344e+07 -8.89344e+07
  300.00  1.33066  2.59195e+09  2.59195e+09  2.59195e+09  8.70132e+07  8.70132e+07 -8.70132e+07
  300.00  1.35471  2.50858e+09  2.50858e+09  2.50858e+09  8.49203e+07  8.49203e+07 -8.49203e+07
  300.00  1.37876  2.43694e+09  2.43694e+09  2.43694e+09  8.26476e+07  8.26476e+07 -8.26476e+07
  300.00  1.40281  2.37687e+09  2.37687e+09  2.37687e+09  8.01773e+07  8.01773e+07 -8.01773e+07
  300.00  1.42685  2.32775e+09  2.32775e+09  2.32775e+09  7.74822e+07  7.74822e+07 -7.74822e+07
  300.00  1.45090  2.28851e+09  2.28851e+09  2.28851e+09  7.45278e+07  7.45278e+07 -7.45278e+07
  300.00  1.47495  2.25775e+09  2.25775e+09  2.25775e+09  7.12747e+07  7.12747e+07 -7.12747e+07
  300.00  1.49900  2.23379e+09  2.23379e+09  2.23379e+09  6.76824e+07  6.76824e+07 -6.76824e+07
  300.00  1.52305  2.21477e+09  2.21477e+09  2.21477e+09  6.37138e+07  6.37138e+07 -6.37138e+07
  300.00  1.54709  2.19870e+09  2.19870e+09  2.19870e+09  5.93396e+07  5.93396e+07 -5.93396e+07
  300.00  1.57114  2.18357e+09  2.18357e+09  2.18357e+09  5.45427e+07  5.45426e+07 -5.45426e+07
  300.00  1.59519  2.16746e+09  2.16746e+09  2.16746e+09  4.93214e+07  4.93214e+07 -4.93214e+07
  300.00  1.61924  2.14863e+09  2.14863e+09  2.14863e+09  4.36925e+07  4.36925e+07 -4.36925e+07
  300.00  1.64329  2.12557e+09  2.12557e+09  2.12557e+09  3.76923e+07  3.76923e+07 -3.76923e+07
  300.00  1.66733  2.09714e+09  2.09714e+09  2.09714e+09  3.13759e+07  3.13759e+07 -3.13759e+07
  300.00  1.69138  2.06257e+09  2.06257e+09  2.06257e+09  2.48157e+07  2.48157e+07 -2.48157e+07
  300.00  1.71543  2.02152e+09  2.02152e+09  2.02152e+09  1.80977e+07  1.80977e+07 -1.80976e+07
  300.00  1.73948  1.97407e+09  1.97407e+09  1.97407e+09  1.13175e+07  1.13175e+07 -1.13175e+07
  300.00  1.76353  1.92068e+09  1.92068e+09  1.92068e+09  4.57518e+06  4.57517e+06 -4.57517e+06
  300.00  1.78758  1.86217e+09  1.86217e+09  1.86217e+09 -2.02982e+06 -2.02984e+06  2.02984e+06
  300.00  1.81162  1.79958e+09  1.79958e+09  1.79958e+09 -8.40373e+06 -8.40374e+06  8.40374e+06
  300.00  1.83567  1.73417e+09  1.73417e+09  1.73417e+09 -1.44625e+07 -1.44625e+07  1.44625e+07
  300.00  1.85972  1.66724e+09  1.66724e+09  1.66724e+09 -2.01348e+07 -2.01348e+07  2.01348e+07
  300.00  1.88377  1.60011e+09  1.60011e+09  1.60011e+09 -2.53643e+07 -2.53643e+07  2.53643e+07
  300.00  1.90782  1.53399e+09  1.53399e+09  1.53399e+09 -3.01099e+07 -3.01099e+07  3.01099e+07
  300.00  1.93186  1.46994e+09  1.46994e+09  1.46994e+09 -3.43453e+07 -3.43453e+07  3.43453e+07
  300.00  1.95591  1.40882e+09  1.40882e+09  1.40882e+09 -3.80575e+07 -3.80575e+07  3.80575e+07
  300.00  1.97996  1.35127e+09  1.35127e+09  1.35127e+09 -4.12441e+07 -4.12441e+07  4.12441e+07
  300.00  2.00401  1.29765e+09  1.29765e+09  1.29765e+09 -4.39113e+07 -4.39113e+07  4.39113e+07
  300.00  2.02806  1.24812e+09  1.24812e+09  1.24812e+09 -4.60704e+07 -4.60704e+07  4.60704e+07
  300.00  2.05210  1.20259e+09  1.20259e+09  1.20259e+09 -4.77365e+07 -4.77365e+07  4.77365e+07
  300.00  2.07615  1.16079e+09  1.16079e+09  1.16079e+09 -4.89258e+07 -4.89258e+07  4.89258e+07
  300.00  2.10020  1.12227e+09  1.12227e+09  1.12227e+09 -4.96554e+07 -4.96554e+07  4.96554e+07
  300.00  2.12425  1.08644e+09  1.08644e+09  1.08644e+09 -4.99428e+07 -4.99428e+07  4.99428e+07
  300.00  2.14830  1.05263e+09  1.05263e+09  1.05263e+09 -4.98063e+07 -4.98063e+07  4.98063e+07
  300.00  2.17234  1.02011e+09  1.02011e+09  1.02011e+09 -4.92665e+07 -4.92665e+07  4.92665e+07
  300.00  2.19639  9.88166e+08  9.88166e+08  9.88166e+08 -4.83470e+07 -4.83470e+07  4.83470e+07
  300.00  2.22044  9.56083e+08  9.56083e+08  9.56083e+08 -4.70762e+07 -4.70762e+07  4.70762e+07
  300.00  2.24449  9.23239e+08  9.23239e+08  9.23239e+08 -4.54884e+07 -4.54884e+07  4.54884e+07
  300.00  2.26854  8.89116e+08  8.89116e+08  8.89116e+08 -4.36240e+07 -4.36240e+07  4.36240e+07
  300.00  2.29259  8.53333e+08  8.53333e+08  8.53333e+08 -4.15296e+07 -4.15296e+07  4.15296e+07
  300.00  2.31663  8.15665e+08  8.15665e+08  8.15665e+08 -3.92574e+07 -3.92574e+07  3.92574e+07
  300.00  2.34068  7.76052e+08  7.76052e+08  7.76052e+08 -3.68636e+07 -3.68636e+07  3.68636e+07
  300.00  2.36473  7.34600e+08  7.34600e+08  7.34600e+08 -3.44064e+07 -3.44064e+07  3.44064e+07
  300.00  2.38878  6.91562e+08  6.91562e+08  6.91562e+08 -3.19435e+07 -3.19435e+07  3.19435e+07
  300.00  2.41283  6.47319e+08  6.47319e+08  6.47319e+08 -2.95304e+07 -2.95304e+07  2.95304e+07
  300.00  2.43687  6.02350e+08  6.02350e+08  6.02350e+08 -2.72170e+07 -2.72170e+07  2.72170e+07
  300.00  2.46092  5.57191e+08  5.57191e+08  5.57191e+08 -2.50465e+07 -2.50465e+07  2.50465e+07
  300.00  2.48497  5.12400e+08  5.12400e+08  5.12400e+08 -2.30535e+07 -2.30535e+07  2.30535e+07
  300.00  2.50902  4.68524e+08  4.68524e+08  4.68524e+08 -2.12632e+07 -2.12632e+07  2.12632e+07
  300.00  2.53307  4.26059e+08  4.26059e+08  4.26059e+08 -1.96909e+07 -1.96909e+07  1.96909e+07
  300.00  2.55711  3.85432e+08  3.85432e+08  3.85432e+08 -1.83428e+07 -1.83428e+07  1.83428e+07
  300.00  2.58116  3.46982e+08  3.46982e+08  3.46982e+08 -1.72161e+07 -1.72161e+07  1.72161e+07
  300.00  2.60521  3.10947e+08  3.10947e+08  3.10947e+08 -1.63007e+07 -1.63007e+07  1.63007e+07
  300.00  2.62926  2.77470e+08  2.77470e+08  2.77470e+08 -1.55804e+07 -1.55804e+07  1.55804e+07
  300.00  2.65331  2.46598e+08  2.46598e+08  2.46598e+08 -1.50339e+07 -1.50339e+07  1.50339e+07
  300.00  2.67735  2.18298e+08  2.18298e+08  2.18298e+08 -1.46365e+07 -1.46365e+07  1.46365e+07
  300.00  2.70140  1.92472e+08  1.92472e+08  1.92472e+08 -1.43611e+07 -1.43611e+07  1.43611e+07
  300.00  2.72545  1.68969e+08  1.68969e+08  1.68969e+08 -1.41787e+07 -1.41787e+07  1.41787e+07
  300.00  2.74950  1.47610e+08  1.47610e+08  1.47610e+08 -1.40593e+07 -1.40593e+07  1.40593e+07
  300.00  2.77355  1.28199e+08  1.28199e+08  1.28199e+08 -1.39721e+07 -1.39721e+07  1.39721e+07
  300.00  2.79760  1.10538e+08  1.10538e+08  1.10538e+08 -1.38859e+07 -1.38859e+07  1.38859e+07
  300.00  2.82164  9.44482e+07  9.44482e+07  9.44482e+07 -1.37690e+07 -1.37690e+07  1.37690e+07
  300.00  2.84569  7.97712e+07  7.97712e+07  7.97712e+07 -1.35894e+07 -1.35894e+07  1.35894e+07
  300.00  2.86974  6.63844e+07  6.63844e+07  6.63844e+07 -1.33152e+07 -1.33152e+07  1.33152e+07
  300.00  2.89379  5.42043e+07  5.42043e+07  5.42042e+07 -1.29149e+07 -1.29149e+07  1.29149e+07
  300.00  2.91784  4.31904e+07  4.31904e+07  4.31904e+07 -1.23578e+07 -1.23578e+07  1.23578e+07
  300.00  2.94188  3.33460e+07  3.33460e+07  3.33460e+07 -1.16150e+07 -1.16150e+07  1.16150e+07
  300.00  2.96593  2.47155e+07  2.47155e+07  2.47155e+07 -1.06600e+07 -1.06600e+07  1.06600e+07
  300.00  2.98998  1.73799e+07  1.73799e+07  1.73799e+07 -9.46952e+06 -9.46952e+06  9.46952e+06
  300.00  3.01403  1.14499e+07  1.14499e+07  1.14499e+07 -8.02448e+06 -8.02448e+06  8.02448e+06
  300.00  3.03808  7.05648e+06  7.05648e+06  7.05648e+06 -6.31053e+06 -6.31053e+06  6.31053e+06
  300.00  3.06212  4.34051e+06  4.34051e+06  4.34051e+06 -4.31866e+06 -4.31866e+06  4.31866e+06
  300.00  3.08617  3.44212e+06  3.44212e+06  3.44212e+06 -2.04550e+06 -2.04550e+06  2.04550e+06
  300.00  3.11022  4.48985e+06  4.48985e+06  4.48985e+06  5.06632e+05  5.06633e+05 -5.06632e+05
  300.00  3.13427  7.59136e+06  7.59136e+06  7.59136e+06  3.32996e+06  3.32996e+06 -3.32996e+06
  300.00  3.15832  1.28259e+07  1.28259e+07  1.28259e+07  6.41173e+06  6.41173e+06 -6.41173e+06
  300.00  3.18236  2.02398e+07  2.02398e+07  2.02398e+07  9.73490e+06  9.73491e+06 -9.73491e+06
  300.00  3.20641  2.98441e+07  2.98441e+07  2.98441e+07  1.32790e+07  1.32790e+07 -1.32790e+07
  300.00  3.23046  4.16164e+07  4.16164e+07  4.16164e+07  1.70213e+07  1.70213e+07 -1.70213e+07
  300.00  3.25451  5.55049e+07  5.55049e+07  5.55049e+07  2.09377e+07  2.09377e+07 -2.09377e+07
  300.00  3.27856  7.14352e+07  7.14352e+07  7.14352e+07  2.50039e+07  2.50039e+07 -2.50039e+07
  300.00  3.30261  8.93190e+07  8.93190e+07  8.93190e+07  2.91966e+07  2.91967e+07 -2.91967e+07
  300.00  3.32665  1.09063e+08  1.09063e+08  1.09063e+08  3.34947e+07  3.34947e+07 -3.34947e+07
  300.00  3.35070  1.30582e+08  1.30582e+08  1.30582e+08  3.78797e+07  3.78797e+07 -3.78797e+07
  300.00  3.37475  1.53803e+08  1.53803e+08  1.53803e+08  4.23372e+07  4.23372e+07 -4.23372e+07
  300.00  3.39880  1.78680e+08  1.78680e+08  1.78680e+08  4.68570e+07  4.68570e+07 -4.68570e+07
  300.00  3.42285  2.05196e+08  2.05196e+08  2.05196e+08  5.14339e+07  5.14339e+07 -5.14339e+07
  300.00  3.44689  2.33370e+08  2.33370e+08  2.33370e+08  5.60681e+07  5.60681e+07 -5.60681e+07
  300.00  3.47094  2.63261e+08  2.63261e+08  2.63261e+08  6.07653e+07  6.07653e+07 -6.07653e+07
  300.00  3.49499  2.94964e+08  2.94964e+08  2.94964e+08  6.55367e+07  6.55367e+07 -6.55367e+07
  300.00  3.51904  3.28613e+08  3.28613e+08  3.28613e+08  7.03990e+07  7.03990e+07 -7.03990e+07
  300.00  3.54309  3.64376e+08  3.64376e+08  3.64376e+08  7.53746e+07  7.53746e+07 -7.53746e+07
  300.00  3.56713  4.02450e+08  4.02450e+08  4.02450e+08  8.04909e+07  8.04909e+07 -8.04909e+07
  300.00  3.59118  4.43052e+08  4.43052e+08  4.43052e+08  8.57803e+07  8.57803e+07 -8.57803e+07
  300.00  3.61523  4.86414e+08  4.86414e+08  4.86414e+08  9.12801e+07  9.12801e+07 -9.12801e+07
  300.00  3.63928  5.32778e+08  5.32778e+08  5.32778e+08  9.70318e+07  9.70318e+07 -9.70318e+07
  300.00  3.66333  5.82380e+08  5.82380e+08  5.82380e+08  1.03081e+08  1.03081e+08 -1.03081e+08
  300.00  3.68737  6.35448e+08  6.35448e+08  6.35448e+08  1.09477e+08  1.09477e+08 -1.09477e+08
  300.00  3.71142  6.92191e+08  6.92191e+08  6.92191e+08  1.16272e+08  1.16272e+08 -1.16272e+08
  300.00  3.73547  7.52795e+08  7.52795e+08  7.52795e+08  1.23520e+08  1.23520e+08 -1.23520e+08
  300.00  3.75952  8.17414e+08  8.17414e+08  8.17414e+08  1.31279e+08  1.31279e+08 -1.31279e+08
  300.00  3.78357  8.86166e+08  8.86166e+08  8.86166e+08  1.39606e+08  1.39606e+08 -1.39606e+08
  300.00  3.80762  9.59136e+08  9.59136e+08  9.59136e+08  1.48559e+08  1.48559e+08 -1.48559e+08
  300.00  3.83166  1.03637e+09  1.03637e+09  1.03637e+09  1.58195e+08  1.58195e+08 -1.58195e+08
  300.00  3.85571  1.11788e+09  1.11788e+09  1.11788e+09  1.68569e+08  1.68569e+08 -1.68569e+08
  300.00  3.87976  1.20364e+09  1.20364e+09  1.20364e+09  1.79736e+08  1.79736e+08 -1.79736e+08
  300.00  3.90381  1.29362e+09  1.29362e+09  1.29362e+09  1.91746e+08  1.91746e+08 -1.91746e+08
  300.00  3.92786  1.38776e+09  1.38776e+09  1.38776e+09  2.04648e+08  2.04648e+08 -2.04648e+08
  300.00  3.95190  1.48600e+09  1.48600e+09  1.48600e+09  2.18487e+08  2.18487e+08 -2.18487e+08
  300.00  3.97595  1.58829e+09  1.58829e+09  1.58829e+09  2.33307e+08  2.33307e+08 -2.33307e+08
  300.00  4.00000  1.69462e+09  1.69462e+09  1.69462e+09  2.49150e+08  2.49150e+08 -2.49150e+08
