  300.00 -8.00000  1.55457e+20  1.55457e+20  1.55457e+20 -3.00552e+18 -3.00552e+18  3.00552e+18
  300.00 -7.97595  1.57280e+20  1.57280e+20  1.57280e+20 -2.95155e+18 -2.95155e+18  2.95155e+18
  300.00 -7.95190  1.59102e+20  1.59102e+20  1.59102e+20 -2.89148e+18 -2.89148e+18  2.89148e+18
  300.00 -7.92786  1.60926e+20  1.60926e+20  1.60926e+20 -2.82728e+18 -2.82728e+18  2.82728e+18
  300.00 -7.90381  1.62756e+20  1.62756e+20  1.62756e+20 -2.76058e+18 -2.76058e+18  2.76058e+18
  300.00 -7.87976  1.64593e+20  1.64593e+20  1.64593e+20 -2.69267e+18 -2.69267e+18  2.69267e+18
  300.00 -7.85571  1.66438e+20  1.66438e+20  1.66438e+20 -2.62442e+18 -2.62442e+18  2.62442e+18
  300.00 -7.83166  1.68291e+20  1.68291e+20  1.68291e+20 -2.55625e+18 -2.55625e+18  2.55625e+18
  300.00 -7.80762  1.70148e+20  1.70148e+20  1.70148e+20 -2.48819e+18 -2.48819e+18  2.48819e+18
  300.00 -7.78357  1.72003e+20  1.72003e+20  1.72003e+20 -2.41980e+18 -2.41980e+18  2.41980e+18
  300.00 -7.75952  1.73848e+20  1.73848e+20  1.73848e+20 -2.35021e+18 -2.35021e+18  2.35021e+18
  300.00 -7.73547  1.75674e+20  1.75674e+20  1.75674e+20 -2.27809e+18 -2.27809e+18  2.27809e+18
  300.00 -7.71142  1.77472e+20  1.77472e+20  1.77472e+20 -2.20170e+18 -2.20170e+18  2.20170e+18
  300.00 -7.68737  1.79233e+20  1.79233e+20  1.79233e+20 -2.11902e+18 -2.11902e+18  2.11902e+18
  300.00 -7.66333  1.80951e+20  1.80951e+20  1.80951e+20 -2.02798e+18 -2.02798e+18  2.02798e+18
  300.00 -7.63928  1.82627e+20  1.82627e+20  1.82627e+20 -1.92690e+18 -1.92690e+18  1.92690e+18
  300.00 -7.61523  1.84267e+20  1.84267e+20  1.84267e+20 -1.81501e+18 -1.81501e+18  1.81501e+18
  300.00 -7.59118  1.85888e+20  1.85888e+20  1.85888e+20 -1.69309e+18 -1.69309e+18  1.69309e+18
  300.00 -7.56713  1.87517e+20  1.87517e+20  1.87517e+20 -1.56386e+18 -1.56386e+18  1.56386e+18
  300.00 -7.54309  1.89193e+20  1.89193e+20  1.89193e+20 -1.43201e+18 -1.43201e+18  1.43201e+18
  300.00 -7.51904  1.90973e+20  1.90973e+20  1.90973e+20 -1.30353e+18 -1.30353e+18  1.30353e+18
  300.00 -7.49499  1.92931e+20  1.92931e+20  1.92931e+20 -1.18447e+18 -1.18447e+18  1.18447e+18
  300.00 -7.47094  1.95165e+20  1.95165e+20  1.95165e+20 -1.07931e+18 -1.07930e+18  1.07931e+18
  300.00 -7.44689  1.97788e+20  1.97788e+20  1.97788e+20 -9.89534e+17 -9.89533e+17  9.89533e+17
  300.00 -7.42285  2.00905e+20  2.00905e+20  2.00905e+20 -9.13014e+17 -9.13013e+17  9.13014e+17
  300.00 -7.39880  2.04571e+20  2.04571e+20  2.04571e+20 -8.44533e+17 -8.44532e+17  8.44533e+17
  300.00 -7.37475  2.08753e+20  2.08753e+20  2.08753e+20 -7.77621e+17 -7.77620e+17  7.77621e+17
  300.00 -7.35070  2.13311e+20  2.13311e+20  2.13311e+20 -7.07655e+17 -7.07654e+17  7.07655e+17
  300.00 -7.32665  2.18038e+20  2.18038e+20  2.18038e+20 -6.34673e+17 -6.34672e+17  6.34673e+17
  300.00 -7.30261  2.22730e+20  2.22730e+20  2.22730e+20 -5.61745e+17 -5.61744e+17  5.61745e+17
  300.00 -7.27856  2.27271e+20  2.27271e+20  2.27271e+20 -4.90420e+17 -4.90419e+17  4.90420e+17
  300.00 -7.25451  2.31655e+20  2.31655e+20  2.31655e+20 -4.18981e+17 -4.18980e+17  4.18981e+17
  300.00 -7.23046  2.35940e+20  2.35940e+20  2.35940e+20 -3.44243e+17 -3.44242e+17  3.44243e+17
  300.00 -7.20641  2.40171e+20  2.40171e+20  2.40171e+20 -2.64705e+17 -2.64704e+17  2.64704e+17
  300.00 -7.18236  2.44352e+20  2.44352e+20  2.44352e+20 -1.82640e+17 -1.82638e+17  1.82639e+17
  300.00 -7.15832  2.48471e+20  2.48471e+20  2.48471e+20 -1.03336e+17 -1.03334e+17  1.03335e+17
  300.00 -7.13427  2.52551e+20  2.52551e+20  2.52551e+20 -3.20234e+16 -3.20220e+16  3.20227e+16
  300.00 -7.11022  2.56681e+20  2.56681e+20  2.56681e+20  2.91137e+16  2.91150e+16 -2.91144e+16
  300.00 -7.08617  2.60982e+20  2.60982e+20  2.60982e+20  8.18501e+16  8.18514e+16 -8.18508e+16
  300.00 -7.06212  2.65550e+20  2.65550e+20  2.65550e+20  1.30467e+17  1.30468e+17 -1.30467e+17
  300.00 -7.03808  2.70413e+20  2.70413e+20  2.70413e+20  1.79267e+17  1.79268e+17 -1.79267e+17
  300.00 -7.01403  2.75537e+20  2.75537e+20  2.75537e+20  2.30833e+17  2.30834e+17 -2.30833e+17
  300.00 -6.98998  2.80855e+20  2.80855e+20  2.80855e+20  2.85662e+17  2.85663e+17 -2.85662e+17
  300.00 -6.96593  2.86290e+20  2.86290e+20  2.86290e+20  3.42452e+17  3.42453e+17 -3.42452e+17
  300.00 -6.94188  2.91771e+20  2.91771e+20  2.91771e+20  3.98281e+17  3.98282e+17 -3.98281e+17
  300.00 -6.91784  2.97250e+20  2.97250e+20  2.97250e+20  4.48840e+17  4.48841e+17 -4.48840e+17
  300.00 -6.89379  3.02713e+20  3.02713e+20  3.02713e+20  4.89347e+17  4.89348e+17 -4.89347e+17
  300.00 -6.86974  3.08166e+20  3.08166e+20  3.08166e+20  5.16076e+17  5.16077e+17 -5.16076e+17
  300.00 -6.84569  3.13612e+20  3.13612e+20  3.13612e+20  5.27545e+17  5.27545e+17 -5.27545e+17
  300.00 -6.82164  3.19035e+20  3.19035e+20  3.19035e+20  5.24661e+17  5.24661e+17 -5.24661e+17
  300.00 -6.79760  3.24393e+20  3.24393e+20  3.24393e+20  5.10101e+17  5.10102e+17 -5.10101e+17
  300.00 -6.77355  3.29619e+20  3.29619e+20  3.29619e+20  4.87571e+17  4.87572e+17 -4.87571e+17
  300.00 -6.74950  3.34651e+20  3.34651e+20  3.34651e+20  4.61138e+17  4.61139e+17 -4.61138e+17
  300.00 -6.72545  3.39463e+20  3.39463e+20  3.39463e+20  4.34618e+17  4.34619e+17 -4.34618e+17
  300.00 -6.70140  3.44089e+20  3.44089e+20  3.44089e+20  4.11007e+17  4.11008e+17 -4.11007e+17
  300.00 -6.67735  3.48622e+20  3.48622e+20  3.48622e+20  3.91759e+17  3.91760e+17 -3.91759e+17
  300.00 -6.65331  3.53178e+20  3.53178e+20  3.53178e+20  3.75916e+17  3.75916e+17 -3.75916e+17
  300.00 -6.62926  3.57859e+20  3.57859e+20  3.57859e+20  3.59833e+17  3.59833e+17 -3.59833e+17
  300.00 -6.60521  3.62711e+20  3.62711e+20  3.62711e+20  3.38283e+17  3.38283e+17 -3.38283e+17
  300.00 -6.58116  3.67734e+20  3.67734e+20  3.67734e+20  3.06912e+17  3.06912e+17 -3.06911e+17
  300.00 -6.55711  3.72904e+20  3.72904e+20  3.72904e+20  2.64852e+17  2.64852e+17 -2.64852e+17
  300.00 -6.53307  3.78196e+20  3.78196e+20  3.78196e+20  2.15414e+17  2.15414e+17 -2.15414e+17
  300.00 -6.50902  3.83562e+20  3.83562e+20  3.83562e+20  1.63822e+17  1.63821e+17 -1.63821e+17
  300.00 -6.48497  3.88938e+20  3.88938e+20  3.88938e+20  1.14040e+17  1.14039e+17 -1.14039e+17
  300.00 -6.46092  3.94253e+20  3.94253e+20  3.94253e+20  6.79140e+16  6.79135e+16 -6.79135e+16
  300.00 -6.43687  3.99461e+20  3.99461e+20  3.99461e+20  2.70066e+16  2.70061e+16 -2.70061e+16
  300.00 -6.41283  4.04541e+20  4.04541e+20  4.04541e+20 -5.74545e+15 -5.74599e+15  5.74598e+15
  300.00 -6.38878  4.09481e+20  4.09481e+20  4.09481e+20 -2.70190e+16 -2.70195e+16  2.70195e+16
  300.00 -6.36473  4.14270e+20  4.14270e+20  4.14270e+20 -3.59925e+16 -3.59931e+16  3.59931e+16
  300.00 -6.34068  4.18896e+20  4.18896e+20  4.18896e+20 -3.62435e+16 -3.62441e+16  3.62441e+16
  300.00 -6.31663  4.23360e+20  4.23360e+20  4.23360e+20 -3.45424e+16 -3.45430e+16  3.45430e+16
  300.00 -6.29259  4.27661e+20  4.27661e+20  4.27661e+20 -3.71740e+16 -3.71746e+16  3.71746e+16
  300.00 -6.26854  4.31782e+20  4.31782e+20  4.31782e+20 -4.71215e+16 -4.71220e+16  4.71220e+16
  300.00 -6.24449  4.35700e+20  4.35700e+20  4.35700e+20 -6.45316e+16 -6.45321e+16  6.45321e+16
  300.00 -6.22044  4.39400e+20  4.39400e+20  4.39400e+20 -8.83867e+16 -8.83872e+16  8.83871e+16
  300.00 -6.19639  4.42879e+20  4.42879e+20  4.42879e+20 -1.16465e+17 -1.16465e+17  1.16465e+17
  300.00 -6.17234  4.46139e+20  4.46139e+20  4.46139e+20 -1.44802e+17 -1.44802e+17  1.44802e+17
  300.00 -6.14830  4.49178e+20  4.49178e+20  4.49178e+20 -1.68835e+17 -1.68836e+17  1.68836e+17
  300.00 -6.12425  4.51995e+20  4.51995e+20  4.51995e+20 -1.85277e+17 -1.85277e+17  1.85277e+17
  300.00 -6.10020  4.54583e+20  4.54583e+20  4.54583e+20 -1.92842e+17 -1.92842e+17  1.92842e+17
  300.00 -6.07615  4.56933e+20  4.56933e+20  4.56933e+20 -1.91803e+17 -1.91803e+17  1.91803e+17
  300.00 -6.05210  4.59024e+20  4.59024e+20  4.59024e+20 -1.83251e+17 -1.83251e+17  1.83251e+17
  300.00 -6.02806  4.60841e+20  4.60841e+20  4.60841e+20 -1.68564e+17 -1.68564e+17  1.68564e+17
  300.00 -6.00401  4.62376e+20  4.62376e+20  4.62376e+20 -1.49143e+17 -1.49143e+17  1.49143e+17
  300.00 -5.97996  4.63634e+20  4.63634e+20  4.63634e+20 -1.26353e+17 -1.26353e+17  1.26353e+17
  300.00 -5.95591  4.64619e+20  4.64619e+20  4.64619e+20 -1.01561e+17 -1.01561e+17  1.01561e+17
  300.00 -5.93186  4.65334e+20  4.65334e+20  4.65334e+20 -7.61921e+16 -7.61921e+16  7.61924e+16
  300.00 -5.90782  4.65765e+20  4.65765e+20  4.65765e+20 -5.17436e+16 -5.17436e+16  5.17439e+16
  300.00 -5.88377  4.65898e+20  4.65898e+20  4.65898e+20 -2.97833e+16 -2.97832e+16  2.97835e+16
  300.00 -5.85972  4.65719e+20  4.65719e+20  4.65719e+20 -1.19434e+16 -1.19433e+16  1.19436e+16
  300.00 -5.83567  4.65224e+20  4.65224e+20  4.65224e+20  9.91445e+13  9.93799e+13 -9.90526e+13
  300.00 -5.81162  4.64419e+20  4.64419e+20  4.64419e+20  4.69893e+15  4.69925e+15 -4.69889e+15
  300.00 -5.78758  4.63309e+20  4.63309e+20  4.63309e+20  4.10430e+14  4.10823e+14 -4.10419e+14
  300.00 -5.76353  4.61889e+20  4.61889e+20  4.61889e+20 -1.37459e+16 -1.37454e+16  1.37459e+16
  300.00 -5.73948  4.60134e+20  4.60134e+20  4.60134e+20 -3.79687e+16 -3.79682e+16  3.79687e+16
  300.00 -5.71543  4.58003e+20  4.58003e+20  4.58003e+20 -7.14152e+16 -7.14146e+16  7.14152e+16
  300.00 -5.69138  4.55450e+20  4.55450e+20  4.55450e+20 -1.12125e+17 -1.12124e+17  1.12125e+17
  300.00 -5.66733  4.52436e+20  4.52436e+20  4.52436e+20 -1.57216e+17 -1.57215e+17  1.57216e+17
  300.00 -5.64329  4.48930e+20  4.48930e+20  4.48930e+20 -2.03318e+17 -2.03318e+17  2.03318e+17
  300.00 -5.61924  4.44913e+20  4.44913e+20  4.44913e+20 -2.47062e+17 -2.47062e+17  2.47062e+17
  300.00 -5.59519  4.40395e+20  4.40395e+20  4.40395e+20 -2.85480e+17 -2.85479e+17  2.85480e+17
  300.00 -5.57114  4.35449e+20  4.35449e+20  4.35449e+20 -3.16640e+17 -3.16640e+17  3.16640e+17
  300.00 -5.54709  4.30215e+20  4.30215e+20  4.30215e+20 -3.40283e+17 -3.40283e+17  3.40283e+17
  300.00 -5.52305  4.24855e+20  4.24855e+20  4.24855e+20 -3.57429e+17 -3.57428e+17  3.57429e+17
  300.00 -5.49900  4.19520e+20  4.19520e+20  4.19520e+20 -3.69555e+17 -3.69554e+17  3.69555e+17
  300.00 -5.47495  4.14331e+20  4.14331e+20  4.14331e+20 -3.78255e+17 -3.78255e+17  3.78255e+17
  300.00 -5.45090  4.09384e+20  4.09384e+20  4.09384e+20 -3.85076e+17 -3.85076e+17  3.85076e+17
  300.00 -5.42685  4.04749e+20  4.04749e+20  4.04749e+20 -3.91230e+17 -3.91230e+17  3.91230e+17
  300.00 -5.40281  4.00489e+20  4.00489e+20  4.00489e+20 -3.97346e+17 -3.97346e+17  3.97346e+17
  300.00 -5.37876  3.96678e+20  3.96678e+20  3.96678e+20 -4.03433e+17 -4.03433e+17  4.03433e+17
  300.00 -5.35471  3.93409e+20  3.93409e+20  3.93409e+20 -4.09077e+17 -4.09077e+17  4.09077e+17
  300.00 -5.33066  3.90804e+20  3.90804e+20  3.90804e+20 -4.13771e+17 -4.13771e+17  4.13771e+17
  300.00 -5.30661  3.88993e+20  3.88993e+20  3.88993e+20 -4.17191e+17 -4.17191e+17  4.17191e+17
  300.00 -5.28257  3.88099e+20  3.88099e+20  3.88099e+20 -4.19323e+17 -4.19323e+17  4.19323e+17
  300.00 -5.25852  3.88201e+20  3.88201e+20  3.88201e+20 -4.20370e+17 -4.20370e+17  4.20370e+17
  300.00 -5.23447  3.89312e+20  3.89312e+20  3.89312e+20 -4.20506e+17 -4.20507e+17  4.20506e+17
  300.00 -5.21042  3.91352e+20  3.91352e+20  3.91352e+20 -4.19574e+17 -4.19574e+17  4.19574e+17
  300.00 -5.18637  3.94144e+20  3.94144e+20  3.94144e+20 -4.16896e+17 -4.16896e+17  4.16896e+17
  300.00 -5.16232  3.97416e+20  3.97416e+20  3.97416e+20 -4.11360e+17 -4.11360e+17  4.11360e+17
  300.00 -5.13828  4.00846e+20  4.00846e+20  4.00846e+20 -4.01802e+17 -4.01803e+17  4.01802e+17
  300.00 -5.11423  4.04144e+20  4.04144e+20  4.04144e+20 -3.87459e+17 -3.87460e+17  3.87459e+17
  300.00 -5.09018  4.07131e+20  4.07131e+20  4.07131e+20 -3.68115e+17 -3.68115e+17  3.68115e+17
  300.00 -5.06613  4.09770e+20  4.09770e+20  4.09770e+20 -3.43963e+17 -3.43963e+17  3.43962e+17
  300.00 -5.04208  4.12113e+20  4.12113e+20  4.12113e+20 -3.15735e+17 -3.15735e+17  3.15735e+17
  300.00 -5.01804  4.14214e+20  4.14214e+20  4.14214e+20 -2.85336e+17 -2.85337e+17  2.85336e+17
  300.00 -4.99399  4.16097e+20  4.16097e+20  4.16097e+20 -2.56268e+17 -2.56268e+17  2.56268e+17
  300.00 -4.96994  4.17798e+20  4.17798e+20  4.17798e+20 -2.33053e+17 -2.33053e+17  2.33053e+17
  300.00 -4.94589  4.19437e+20  4.19437e+20  4.19437e+20 -2.19968e+17 -2.19968e+17  2.19968e+17
  300.00 -4.92184  4.21226e+20  4.21226e+20  4.21226e+20 -2.20003e+17 -2.20003e+17  2.20003e+17
  300.00 -4.89780  4.23414e+20  4.23414e+20  4.23414e+20 -2.34575e+17 -2.34576e+17  2.34575e+17
  300.00 -4.87375  4.26198e+20  4.26198e+20  4.26198e+20 -2.63788e+17 -2.63788e+17  2.63787e+17
  300.00 -4.84970  4.29677e+20  4.29677e+20  4.29677e+20 -3.06479e+17 -3.06480e+17  3.06479e+17
  300.00 -4.82565  4.33850e+20  4.33850e+20  4.33850e+20 -3.59723e+17 -3.59724e+17  3.59723e+17
  300.00 -4.80160  4.38636e+20  4.38636e+20  4.38636e+20 -4.18501e+17 -4.18501e+17  4.18501e+17
  300.00 -4.77756  4.43918e+20  4.43918e+20  4.43918e+20 -4.76532e+17 -4.76533e+17  4.76532e+17
  300.00 -4.75351  4.49580e+20  4.49580e+20  4.49580e+20 -5.28248e+17 -5.28249e+17  5.28249e+17
  300.00 -4.72946  4.55537e+20  4.55537e+20  4.55537e+20 -5.70922e+17 -5.70923e+17  5.70922e+17
  300.00 -4.70541  4.61737e+20  4.61737e+20  4.61737e+20 -6.05181e+17 -6.05183e+17  6.05182e+17
  300.00 -4.68136  4.68148e+20  4.68148e+20  4.68148e+20 -6.32986e+17 -6.32988e+17  6.32987e+17
  300.00 -4.65731  4.74748e+20  4.74748e+20  4.74748e+20 -6.55029e+17 -6.55030e+17  6.55030e+17
  300.00 -4.63327  4.81536e+20  4.81536e+20  4.81536e+20 -6.69758e+17 -6.69759e+17  6.69759e+17
  300.00 -4.60922  4.88535e+20  4.88535e+20  4.88535e+20 -6.74464e+17 -6.74466e+17  6.74466e+17
  300.00 -4.58517  4.95785e+20  4.95785e+20  4.95785e+20 -6.67463e+17 -6.67465e+17  6.67465e+17
  300.00 -4.56112  5.03321e+20  5.03321e+20  5.03321e+20 -6.49985e+17 -6.49987e+17  6.49987e+17
  300.00 -4.53707  5.11155e+20  5.11155e+20  5.11155e+20 -6.26629e+17 -6.26631e+17  6.26631e+17
  300.00 -4.51303  5.19270e+20  5.19270e+20  5.19270e+20 -6.03001e+17 -6.03003e+17  6.03003e+17
  300.00 -4.48898  5.27633e+20  5.27633e+20  5.27633e+20 -5.82193e+17 -5.82196e+17  5.82196e+17
  300.00 -4.46493  5.36208e+20  5.36208e+20  5.36208e+20 -5.64479e+17 -5.64482e+17  5.64482e+17
  300.00 -4.44088  5.44935e+20  5.44935e+20  5.44935e+20 -5.48956e+17 -5.48958e+17  5.48958e+17
  300.00 -4.41683  5.53736e+20  5.53736e+20  5.53736e+20 -5.34286e+17 -5.34289e+17  5.34289e+17
  300.00 -4.39279  5.62535e+20  5.62535e+20  5.62535e+20 -5.18971e+17 -5.18973e+17  5.18973e+17
  300.00 -4.36874  5.71275e+20  5.71275e+20  5.71275e+20 -5.01797e+17 -5.01799e+17  5.01799e+17
  300.00 -4.34469  5.79909e+20  5.79909e+20  5.79909e+20 -4.82192e+17 -4.82194e+17  4.82195e+17
  300.00 -4.32064  5.88393e+20  5.88393e+20  5.88393e+20 -4.60274e+17 -4.60276e+17  4.60277e+17
  300.00 -4.29659  5.96674e+20  5.96674e+20  5.96674e+20 -4.36843e+17 -4.36844e+17  4.36845e+17
  300.00 -4.27255  6.04702e+20  6.04702e+20  6.04702e+20 -4.13318e+17 -4.13319e+17  4.13320e+17
  300.00 -4.24850  6.12457e+20  6.12457e+20  6.12457e+20 -3.90643e+17 -3.90644e+17  3.90645e+17
  300.00 -4.22445  6.19960e+20  6.19960e+20  6.19960e+20 -3.67453e+17 -3.67454e+17  3.67455e+17
  300.00 -4.20040  6.27269e+20  6.27269e+20  6.27269e+20 -3.42116e+17 -3.42117e+17  3.42118e+17
  300.00 -4.17635  6.34466e+20  6.34466e+20  6.34466e+20 -3.16471e+17 -3.16471e+17  3.16473e+17
  300.00 -4.15230  6.41633e+20  6.41633e+20  6.41633e+20 -2.93319e+17 -2.93319e+17  2.93323e+17
  300.00 -4.12826  6.48842e+20  6.48842e+20  6.48842e+20 -2.73509e+17 -2.73509e+17  2.73516e+17
  300.00 -4.10421  6.56154e+20  6.56154e+20  6.56154e+20 -2.56539e+17 -2.56539e+17  2.56557e+17
  300.00 -4.08016  6.63595e+20  6.63595e+20  6.63595e+20 -2.40956e+17 -2.40956e+17  2.40998e+17
  300.00 -4.05611  6.71144e+20  6.71144e+20  6.71144e+20 -2.24067e+17 -2.24067e+17  2.24172e+17
  300.00 -4.03206  6.78723e+20  6.78723e+20  6.78723e+20 -2.02421e+17 -2.02421e+17  2.02685e+17
  300.00 -4.00802  6.86228e+20  6.86228e+20  6.86228e+20 -1.73398e+17 -1.73398e+17  1.74055e+17
  300.00 -3.98397  6.93557e+20  6.93557e+20  6.93557e+20 -1.37080e+17 -1.37079e+17  1.38691e+17
  300.00 -3.95992  7.00648e+20  7.00648e+20  7.00648e+20 -9.67184e+16 -9.67182e+16  1.00536e+17
  300.00 -3.93587  7.07502e+20  7.07502e+20  7.07502e+20 -5.64902e+16 -5.64899e+16  6.50009e+16
  300.00 -3.91182  7.14206e+20  7.14206e+20  7.14206e+20 -1.78101e+16 -1.78097e+16  3.50963e+16
  300.00 -3.88778  7.20936e+20  7.20936e+20  7.20936e+20  2.22235e+16  2.22240e+16  8.94487e+15
  300.00 -3.86373  7.27905e+20  7.27905e+20  7.27905e+20  6.81955e+16  6.81962e+16 -1.87272e+16
  300.00 -3.83968  7.35279e+20  7.35279e+20  7.35279e+20  1.21722e+17  1.21723e+17 -5.20111e+16
  300.00 -3.81563  7.43108e+20  7.43108e+20  7.43108e+20  1.79385e+17  1.79386e+17 -9.06398e+16
  300.00 -3.79158  7.51312e+20  7.51312e+20  7.51312e+20  2.34952e+17  2.34954e+17 -1.30891e+17
  300.00 -3.76754  7.59722e+20  7.59721e+20  7.59721e+20  2.82849e+17  2.82850e+17 -1.68008e+17
  300.00 -3.74349  7.68142e+20  7.68142e+20  7.68142e+20  3.19731e+17  3.19732e+17 -1.98012e+17
  300.00 -3.71944  7.76394e+20  7.76394e+20  7.76394e+20  3.43524e+17  3.43526e+17 -2.18564e+17
  300.00 -3.69539  7.84320e+20  7.84320e+20  7.84320e+20  3.52376e+17  3.52378e+17 -2.27903e+17
  300.00 -3.67134  7.91810e+20  7.91809e+20  7.91809e+20  3.45543e+17  3.45544e+17 -2.24037e+17
  300.00 -3.64729  7.98801e+20  7.98801e+20  7.98801e+20  3.25162e+17  3.25163e+17 -2.07209e+17
  300.00 -3.62325  8.05258e+20  8.05258e+20  8.05258e+20  2.97048e+17  2.97049e+17 -1.83097e+17
  300.00 -3.59920  8.11139e+20  8.11139e+20  8.11139e+20  2.69370e+17  2.69370e+17 -1.61379e+17
  300.00 -3.57515  8.16374e+20  8.16374e+20  8.16374e+20  2.49059e+17  2.49060e+17 -1.49565e+17
  300.00 -3.55110  8.20883e+20  8.20884e+20  8.20884e+20  2.37929e+17  2.37930e+17 -1.48053e+17
  300.00 -3.52705  8.24628e+20  8.24628e+20  8.24628e+20  2.31613e+17  2.31613e+17 -1.50854e+17
  300.00 -3.50301  8.27675e+20  8.27675e+20  8.27675e+20  2.22698e+17  2.22698e+17 -1.50444e+17
  300.00 -3.47896  8.30194e+20  8.30194e+20  8.30194e+20  2.06103e+17  2.06103e+17 -1.42559e+17
  300.00 -3.45491  8.32314e+20  8.32314e+20  8.32314e+20  1.82117e+17  1.82117e+17 -1.27942e+17
  300.00 -3.43086  8.33989e+20  8.33989e+20  8.33989e+20  1.54035e+17  1.54035e+17 -1.10000e+17
  300.00 -3.40681  8.35043e+20  8.35043e+20  8.35043e+20  1.24321e+17  1.24321e+17 -9.11529e+16
  300.00 -3.38277  8.35410e+20  8.35410e+20  8.35410e+20  9.61310e+16  9.61312e+16 -7.36432e+16
  300.00 -3.35872  8.35292e+20  8.35292e+20  8.35292e+20  7.63710e+16  7.63712e+16 -6.28196e+16
  300.00 -3.33467  8.35096e+20  8.35096e+20  8.35096e+20  7.18888e+16  7.18890e+16 -6.45747e+16
  300.00 -3.31062  8.35226e+20  8.35226e+20  8.35226e+20  8.38266e+16  8.38269e+16 -8.02068e+16
  300.00 -3.28657  8.35894e+20  8.35894e+20  8.35894e+20  1.07255e+17  1.07256e+17 -1.05551e+17
  300.00 -3.26253  8.37102e+20  8.37102e+20  8.37102e+20  1.34269e+17  1.34269e+17 -1.33463e+17
  300.00 -3.23848  8.38760e+20  8.38760e+20  8.38760e+20  1.57201e+17  1.57201e+17 -1.56789e+17
  300.00 -3.21443  8.40800e+20  8.40800e+20  8.40800e+20  1.70839e+17  1.70839e+17 -1.70593e+17
  300.00 -3.19038  8.43191e+20  8.43191e+20  8.43191e+20  1.73344e+17  1.73344e+17 -1.73171e+17
  300.00 -3.16633  8.45901e+20  8.45901e+20  8.45901e+20  1.65941e+17  1.65941e+17 -1.65802e+17
  300.00 -3.14228  8.48874e+20  8.48874e+20  8.48874e+20  1.51766e+17  1.51766e+17 -1.51647e+17
  300.00 -3.11824  8.52027e+20  8.52027e+20  8.52027e+20  1.34511e+17  1.34511e+17 -1.34407e+17
  300.00 -3.09419  8.55261e+20  8.55261e+20  8.55261e+20  1.17407e+17  1.17407e+17 -1.17313e+17
  300.00 -3.07014  8.58476e+20  8.58476e+20  8.58476e+20  1.02815e+17  1.02815e+17 -1.02728e+17
  300.00 -3.04609  8.61587e+20  8.61587e+20  8.61587e+20  9.23459e+16  9.23458e+16 -9.22599e+16
  300.00 -3.02204  8.64529e+20  8.64529e+20  8.64529e+20  8.71618e+16  8.71618e+16 -8.70733e+16
  300.00 -2.99800  8.67267e+20  8.67267e+20  8.67267e+20  8.81439e+16  8.81439e+16 -8.80490e+16
  300.00 -2.97395  8.69792e+20  8.69792e+20  8.69792e+20  9.57719e+16  9.57720e+16 -9.56680e+16
  300.00 -2.94990  8.72121e+20  8.72121e+20  8.72121e+20  1.09827e+17  1.09827e+17 -1.09713e+17
  300.00 -2.92585  8.74284e+20  8.74284e+20  8.74284e+20  1.29131e+17  1.29131e+17 -1.29007e+17
  300.00 -2.90180  8.76314e+20  8.76314e+20  8.76314e+20  1.51501e+17  1.51501e+17 -1.51370e+17
  300.00 -2.87776  8.78236e+20  8.78236e+20  8.78236e+20  1.73984e+17  1.73985e+17 -1.73850e+17
  300.00 -2.85371  8.80070e+20  8.80070e+20  8.80070e+20  1.93286e+17  1.93287e+17 -1.93152e+17
  300.00 -2.82966  8.81823e+20  8.81823e+20  8.81823e+20  2.06241e+17  2.06241e+17 -2.06109e+17
  300.00 -2.80561  8.83501e+20  8.83501e+20  8.83501e+20  2.10159e+17  2.10160e+17 -2.10035e+17
  300.00 -2.78156  8.85105e+20  8.85105e+20  8.85105e+20  2.02969e+17  2.02970e+17 -2.02852e+17
  300.00 -2.75752  8.86647e+20  8.86647e+20  8.86647e+20  1.83116e+17  1.83118e+17 -1.83008e+17
  300.00 -2.73347  8.88143e+20  8.88143e+20  8.88143e+20  1.49344e+17  1.49346e+17 -1.49241e+17
  300.00 -2.70942  8.89623e+20  8.89623e+20  8.89623e+20  1.00503e+17  1.00505e+17 -1.00400e+17
  300.00 -2.68537  8.91125e+20  8.91125e+20  8.91125e+20  3.56015e+16  3.56041e+16 -3.54913e+16
  300.00 -2.66132  8.92694e+20  8.92694e+20  8.92694e+20 -4.57425e+16 -4.57394e+16  4.58711e+16
  300.00 -2.63727  8.94368e+20  8.94368e+20  8.94368e+20 -1.42457e+17 -1.42453e+17  1.42620e+17
  300.00 -2.61323  8.96168e+20  8.96168e+20  8.96168e+20 -2.51095e+17 -2.51090e+17  2.51315e+17
  300.00 -2.58918  8.98093e+20  8.98093e+20  8.98093e+20 -3.65319e+17 -3.65314e+17  3.65629e+17
  300.00 -2.56513  9.00139e+20  9.00139e+20  9.00139e+20 -4.75934e+17 -4.75929e+17  4.76379e+17
  300.00 -2.54108  9.02302e+20  9.02302e+20  9.02302e+20 -5.71755e+17 -5.71750e+17  5.72400e+17
  300.00 -2.51703  9.04599e+20  9.04599e+20  9.04599e+20 -6.41720e+17 -6.41715e+17  6.42657e+17
  300.00 -2.49299  9.07068e+20  9.07068e+20  9.07068e+20 -6.77565e+17 -6.77559e+17  6.78926e+17
  300.00 -2.46894  9.09769e+20  9.09769e+20  9.09769e+20 -6.76001e+17 -6.75996e+17  6.77974e+17
  300.00 -2.44489  9.12762e+20  9.12762e+20  9.12762e+20 -6.39690e+17 -6.39684e+17  6.42539e+17
  300.00 -2.42084  9.16086e+20  9.16086e+20  9.16086e+20 -5.76599e+17 -5.76594e+17  5.80699e+17
  300.00 -2.39679  9.19729e+20  9.19729e+20  9.19729e+20 -4.97881e+17 -4.97876e+17  5.03760e+17
  300.00 -2.37275  9.23612e+20  9.23612e+20  9.23612e+20 -4.14959e+17 -4.14955e+17  4.23355e+17
  300.00 -2.34870  9.27600e+20  9.27600e+20  9.27600e+20 -3.36858e+17 -3.36855e+17  3.48804e+17
  300.00 -2.32465  9.31542e+20  9.31542e+20  9.31542e+20 -2.68692e+17 -2.68689e+17  2.85628e+17
  300.00 -2.30060  9.35318e+20  9.35318e+20  9.35318e+20 -2.11631e+17 -2.11629e+17  2.35566e+17
  300.00 -2.27655  9.38873e+20  9.38873e+20  9.38873e+20 -1.63974e+17 -1.63972e+17  1.97701e+17
  300.00 -2.25251  9.42200e+20  9.42200e+20  9.42200e+20 -1.22522e+17 -1.22520e+17  1.69931e+17
  300.00 -2.22846  9.45307e+20  9.45307e+20  9.45307e+20 -8.36073e+16 -8.36063e+16  1.50107e+17
  300.00 -2.20441  9.48196e+20  9.48196e+20  9.48196e+20 -4.35535e+16 -4.35528e+16  1.36659e+17
  300.00 -2.18036  9.50865e+20  9.50865e+20  9.50865e+20  1.24565e+15  1.24611e+15  1.28889e+17
  300.00 -2.15631  9.53312e+20  9.53312e+20  9.53312e+20  5.43643e+16  5.43646e+16  1.27200e+17
  300.00 -2.13226  9.55541e+20  9.55541e+20  9.55541e+20  1.19395e+17  1.19396e+17  1.33375e+17
  300.00 -2.10822  9.57575e+20  9.57575e+20  9.57575e+20  2.00072e+17  2.00072e+17  1.50832e+17
  300.00 -2.08417  9.59476e+20  9.59475e+20  9.59475e+20  3.00555e+17  3.00555e+17  1.84708e+17
  300.00 -2.06012  9.61338e+20  9.61337e+20  9.61337e+20  4.25887e+17  4.25886e+17  2.41718e+17
  300.00 -2.03607  9.63241e+20  9.63240e+20  9.63240e+20  5.82359e+17  5.82359e+17  3.29904e+17
  300.00 -2.01202  9.65162e+20  9.65161e+20  9.65161e+20  7.77417e+17  7.77417e+17  4.58483e+17
  300.00 -1.98798  9.66880e+20  9.66879e+20  9.66879e+20  1.01898e+18  1.01898e+18  6.37698e+17
  300.00 -1.96393  9.67981e+20  9.67979e+20  9.67979e+20  1.31474e+18  1.31474e+18  8.77911e+17
  300.00 -1.93988  9.68015e+20  9.68014e+20  9.68014e+20  1.67175e+18  1.67175e+18  1.18750e+18
  300.00 -1.91583  9.66724e+20  9.66723e+20  9.66723e+20  2.09564e+18  2.09564e+18  1.57026e+18
  300.00 -1.89178  9.64157e+20  9.64155e+20  9.64155e+20  2.58847e+18  2.58847e+18  2.02371e+18
  300.00 -1.86774  9.60621e+20  9.60619e+20  9.60619e+20  3.14509e+18  3.14509e+18  2.53877e+18
  300.00 -1.84369  9.56526e+20  9.56524e+20  9.56524e+20  3.75039e+18  3.75039e+18  3.09950e+18
  300.00 -1.81964  9.52248e+20  9.52246e+20  9.52246e+20  4.37884e+18  4.37884e+18  3.68210e+18
  300.00 -1.79559  9.48057e+20  9.48055e+20  9.48055e+20  4.99580e+18  4.99580e+18  4.25465e+18
  300.00 -1.77154  9.44131e+20  9.44130e+20  9.44130e+20  5.56020e+18  5.56020e+18  4.77858e+18
  300.00 -1.74749  9.40595e+20  9.40594e+20  9.40594e+20  6.02824e+18  6.02824e+18  5.21208e+18
  300.00 -1.72345  9.37545e+20  9.37543e+20  9.37543e+20  6.35762e+18  6.35762e+18  5.51453e+18
  300.00 -1.69940  9.35050e+20  9.35049e+20  9.35049e+20  6.51247e+18  6.51247e+18  5.65141e+18
  300.00 -1.67535  9.33122e+20  9.33121e+20  9.33121e+20  6.47160e+18  6.47160e+18  5.60277e+18
  300.00 -1.65130  9.31682e+20  9.31681e+20  9.31681e+20  6.24266e+18  6.24266e+18  5.37728e+18
  300.00 -1.62725  9.30558e+20  9.30557e+20  9.30557e+20  5.87185e+18  5.87185e+18  5.02192e+18
  300.00 -1.60321  9.29557e+20  9.29556e+20  9.29556e+20  5.43142e+18  5.43142e+18  4.60958e+18
  300.00 -1.57916  9.28529e+20  9.28529e+20  9.28529e+20  4.98969e+18  4.98969e+18  4.20922e+18
  300.00 -1.55511  9.27389e+20  9.27390e+20  9.27390e+20  4.58930e+18  4.58930e+18  3.86430e+18
  300.00 -1.53106  9.26098e+20  9.26100e+20  9.26100e+20  4.24547e+18  4.24547e+18  3.59085e+18
  300.00 -1.50701  9.24650e+20  9.24653e+20  9.24653e+20  3.95498e+18  3.95498e+18  3.38604e+18
  300.00 -1.48297  9.23061e+20  9.23064e+20  9.23064e+20  3.70566e+18  3.70566e+18  3.23753e+18
  300.00 -1.45892  9.21356e+20  9.21360e+20  9.21360e+20  3.48359e+18  3.48359e+18  3.13066e+18
  300.00 -1.43487  9.19567e+20  9.19571e+20  9.19571e+20  3.27802e+18  3.27802e+18  3.05364e+18
  300.00 -1.41082  9.17737e+20  9.17740e+20  9.17740e+20  3.08352e+18  3.08352e+18  2.99971e+18
  300.00 -1.38677  9.15921e+20  9.15922e+20  9.15922e+20  2.89880e+18  2.89880e+18  2.96593e+18
  300.00 -1.36273  9.14187e+20  9.14188e+20  9.14188e+20  2.72403e+18  2.72403e+18  2.95040e+18
  300.00 -1.33868  9.12612e+20  9.12612e+20  9.12612e+20  2.55896e+18  2.55896e+18  2.95030e+18
  300.00 -1.31463  9.11267e+20  9.11267e+20  9.11267e+20  2.40276e+18  2.40276e+18  2.96178e+18
  300.00 -1.29058  9.10209e+20  9.10210e+20  9.10210e+20  2.25473e+18  2.25473e+18  2.98075e+18
  300.00 -1.26653  9.09470e+20  9.09471e+20  9.09471e+20  2.11476e+18  2.11476e+18  3.00355e+18
  300.00 -1.24248  9.09051e+20  9.09053e+20  9.09053e+20  1.98338e+18  1.98338e+18  3.02718e+18
  300.00 -1.21844  9.08926e+20  9.08928e+20  9.08928e+20  1.86145e+18  1.86145e+18  3.04923e+18
  300.00 -1.19439  9.09047e+20  9.09050e+20  9.09050e+20  1.74964e+18  1.74964e+18  3.06742e+18
  300.00 -1.17034  9.09354e+20  9.09358e+20  9.09358e+20  1.64797e+18  1.64797e+18  3.07926e+18
  300.00 -1.14629  9.09787e+20  9.09790e+20  9.09790e+20  1.55631e+18  1.55631e+18  3.08287e+18
  300.00 -1.12224  9.10289e+20  9.10291e+20  9.10291e+20  1.47515e+18  1.47515e+18  3.07804e+18
  300.00 -1.09820  9.10817e+20  9.10819e+20  9.10819e+20  1.40481e+18  1.40481e+18  3.06519e+18
  300.00 -1.07415  9.11341e+20  9.11342e+20  9.11342e+20  1.34490e+18  1.34490e+18  3.04445e+18
  300.00 -1.05010  9.11841e+20  9.11842e+20  9.11842e+20  1.29456e+18  1.29456e+18  3.01606e+18
  300.00 -1.02605  9.12311e+20  9.12311e+20  9.12311e+20  1.25277e+18  1.25277e+18  2.98067e+18
  300.00 -1.00200  9.12747e+20  9.12747e+20  9.12747e+20  1.21839e+18  1.21839e+18  2.93938e+18
  300.00 -0.97796  9.13151e+20  9.13151e+20  9.13151e+20  1.19013e+18  1.19013e+18  2.89367e+18
  300.00 -0.95391  9.13522e+20  9.13521e+20  9.13521e+20  1.16668e+18  1.16668e+18  2.84531e+18
  300.00 -0.92986  9.13858e+20  9.13856e+20  9.13856e+20  1.14672e+18  1.14672e+18  2.79633e+18
  300.00 -0.90581  9.14152e+20  9.14150e+20  9.14150e+20  1.12911e+18  1.12911e+18  2.74882e+18
  300.00 -0.88176  9.14400e+20  9.14397e+20  9.14397e+20  1.11258e+18  1.11258e+18  2.70453e+18
  300.00 -0.85772  9.14601e+20  9.14598e+20  9.14598e+20  1.09504e+18  1.09504e+18  2.66394e+18
  300.00 -0.83367  9.14761e+20  9.14757e+20  9.14757e+20  1.07359e+18  1.07359e+18  2.62609e+18
  300.00 -0.80962  9.14902e+20  9.14899e+20  9.14899e+20  1.04667e+18  1.04667e+18  2.59039e+18
  300.00 -0.78557  9.15065e+20  9.15063e+20  9.15063e+20  1.01545e+18  1.01545e+18  2.55781e+18
  300.00 -0.76152  9.15308e+20  9.15307e+20  9.15307e+20  9.81803e+17  9.81803e+17  2.52916e+18
  300.00 -0.73747  9.15701e+20  9.15701e+20  9.15701e+20  9.46600e+17  9.46600e+17  2.50370e+18
  300.00 -0.71343  9.16314e+20  9.16315e+20  9.16315e+20  9.10277e+17  9.10277e+17  2.47987e+18
  300.00 -0.68938  9.17208e+20  9.17209e+20  9.17209e+20  8.73499e+17  8.73499e+17  2.45608e+18
  300.00 -0.66533  9.18418e+20  9.18420e+20  9.18420e+20  8.37294e+17  8.37293e+17  2.43105e+18
  300.00 -0.64128  9.19942e+20  9.19945e+20  9.19945e+20  8.02971e+17  8.02971e+17  2.40398e+18
  300.00 -0.61723  9.21726e+20  9.21729e+20  9.21729e+20  7.72057e+17  7.72056e+17  2.37462e+18
  300.00 -0.59319  9.23668e+20  9.23671e+20  9.23671e+20  7.46152e+17  7.46151e+17  2.34339e+18
  300.00 -0.56914  9.25622e+20  9.25624e+20  9.25624e+20  7.26369e+17  7.26368e+17  2.31095e+18
  300.00 -0.54509  9.27419e+20  9.27420e+20  9.27420e+20  7.12032e+17  7.12031e+17  2.27714e+18
  300.00 -0.52104  9.28898e+20  9.28898e+20  9.28898e+20  6.99841e+17  6.99839e+17  2.24018e+18
  300.00 -0.49699  9.29935e+20  9.29935e+20  9.29935e+20  6.85798e+17  6.85796e+17  2.19822e+18
  300.00 -0.47295  9.30482e+20  9.30482e+20  9.30482e+20  6.68606e+17  6.68604e+17  2.15209e+18
  300.00 -0.44890  9.30570e+20  9.30572e+20  9.30572e+20  6.49656e+17  6.49653e+17  2.10495e+18
  300.00 -0.42485  9.30303e+20  9.30306e+20  9.30306e+20  6.29897e+17  6.29894e+17  2.05932e+18
  300.00 -0.40080  9.29812e+20  9.29815e+20  9.29815e+20  6.08376e+17  6.08373e+17  2.01566e+18
  300.00 -0.37675  9.29212e+20  9.29215e+20  9.29215e+20  5.83281e+17  5.83278e+17  1.97347e+18
  300.00 -0.35271  9.28555e+20  9.28558e+20  9.28558e+20  5.53208e+17  5.53205e+17  1.93266e+18
  300.00 -0.32866  9.27803e+20  9.27807e+20  9.27807e+20  5.17704e+17  5.17702e+17  1.89411e+18
  300.00 -0.30461  9.26844e+20  9.26846e+20  9.26846e+20  4.77312e+17  4.77309e+17  1.85949e+18
  300.00 -0.28056  9.25520e+20  9.25520e+20  9.25520e+20  4.32947e+17  4.32945e+17  1.83027e+18
  300.00 -0.25651  9.23646e+20  9.23644e+20  9.23644e+20  3.84523e+17  3.84521e+17  1.80619e+18
  300.00 -0.23246  9.20998e+20  9.20994e+20  9.20994e+20  3.30358e+17  3.30357e+17  1.78574e+18
  300.00 -0.20842  9.17305e+20  9.17301e+20  9.17301e+20  2.68930e+17  2.68928e+17  1.76901e+18
  300.00 -0.18437  9.12330e+20  9.12328e+20  9.12328e+20  2.01025e+17  2.01023e+17  1.75803e+18
  300.00 -0.16032  9.05917e+20  9.05918e+20  9.05918e+20  1.29198e+17  1.29197e+17  1.75252e+18
  300.00 -0.13627  8.97964e+20  8.97966e+20  8.97966e+20  5.53917e+16  5.53902e+16  1.74811e+18
  300.00 -0.11222  8.88390e+20  8.88394e+20  8.88394e+20 -1.98087e+16 -1.98106e+16  1.73879e+18
  300.00 -0.08818  8.77190e+20  8.77193e+20  8.77193e+20 -9.63413e+16 -9.63435e+16  1.71929e+18
  300.00 -0.06413  8.64434e+20  8.64435e+20  8.64435e+20 -1.74846e+17 -1.74848e+17  1.68588e+18
  300.00 -0.04008  8.50235e+20  8.50234e+20  8.50234e+20 -2.56540e+17 -2.56543e+17  1.63712e+18
  300.00 -0.01603  8.34755e+20  8.34754e+20  8.34754e+20 -3.41155e+17 -3.41158e+17  1.57441e+18
  300.00  0.00802  8.18277e+20  8.18275e+20  8.18275e+20 -4.26712e+17 -4.26715e+17  1.50173e+18
  300.00  0.03206  8.01211e+20  8.01208e+20  8.01208e+20 -5.12452e+17 -5.12455e+17  1.42524e+18
  300.00  0.05611  7.84021e+20  7.84019e+20  7.84019e+20 -5.99518e+17 -5.99522e+17  1.35280e+18
  300.00  0.08016  7.67137e+20  7.67134e+20  7.67134e+20 -6.88161e+17 -6.88164e+17  1.29151e+18
  300.00  0.10421  7.50886e+20  7.50884e+20  7.50884e+20 -7.76447e+17 -7.76450e+17  1.24560e+18
  300.00  0.12826  7.35494e+20  7.35492e+20  7.35492e+20 -8.61009e+17 -8.61012e+17  1.21590e+18
  300.00  0.15230  7.21116e+20  7.21114e+20  7.21114e+20 -9.38144e+17 -9.38146e+17  1.20021e+18
  300.00  0.17635  7.07882e+20  7.07880e+20  7.07880e+20 -1.00527e+18 -1.00528e+18  1.19500e+18
  300.00  0.20040  6.95922e+20  6.95921e+20  6.95921e+20 -1.06218e+18 -1.06218e+18  1.19746e+18
  300.00  0.22445  6.85355e+20  6.85354e+20  6.85354e+20 -1.11094e+18 -1.11095e+18  1.20634e+18
  300.00  0.24850  6.76242e+20  6.76242e+20  6.76242e+20 -1.15496e+18 -1.15496e+18  1.22172e+18
  300.00  0.27255  6.68542e+20  6.68542e+20  6.68542e+20 -1.19776e+18 -1.19776e+18  1.24424e+18
  300.00  0.29659  6.62103e+20  6.62103e+20  6.62103e+20 -1.24156e+18 -1.24156e+18  1.27381e+18
  300.00  0.32064  6.56694e+20  6.56694e+20  6.56694e+20 -1.28608e+18 -1.28608e+18  1.30837e+18
  300.00  0.34469  6.52043e+20  6.52043e+20  6.52043e+20 -1.32944e+18 -1.32944e+18  1.34480e+18
  300.00  0.36874  6.47882e+20  6.47882e+20  6.47882e+20 -1.37045e+18 -1.37045e+18  1.38099e+18
  300.00  0.39279  6.44027e+20  6.44027e+20  6.44027e+20 -1.40943e+18 -1.40943e+18  1.41664e+18
  300.00  0.41683  6.40470e+20  6.40470e+20  6.40470e+20 -1.44724e+18 -1.44724e+18  1.45214e+18
  300.00  0.44088  6.37424e+20  6.37424e+20  6.37424e+20 -1.48360e+18 -1.48360e+18  1.48691e+18
  300.00  0.46493  6.35250e+20  6.35250e+20  6.35250e+20 -1.51648e+18 -1.51648e+18  1.51870e+18
  300.00  0.48898  6.34303e+20  6.34303e+20  6.34303e+20 -1.54340e+18 -1.54340e+18  1.54488e+18
  300.00  0.51303  6.34778e+20  6.34778e+20  6.34778e+20 -1.56325e+18 -1.56325e+18  1.56422e+18
  300.00  0.53707  6.36650e+20  6.36650e+20  6.36650e+20 -1.57592e+18 -1.57592e+18  1.57656e+18
  300.00  0.56112  6.39713e+20  6.39713e+20  6.39713e+20 -1.58164e+18 -1.58164e+18  1.58205e+18
  300.00  0.58517  6.43680e+20  6.43680e+20  6.43680e+20 -1.58080e+18 -1.58080e+18  1.58106e+18
  300.00  0.60922  6.48261e+20  6.48261e+20  6.48261e+20 -1.57388e+18 -1.57388e+18  1.57405e+18
  300.00  0.63327  6.53221e+20  6.53221e+20  6.53221e+20 -1.56130e+18 -1.56130e+18  1.56141e+18
  300.00  0.65731  6.58389e+20  6.58389e+20  6.58389e+20 -1.54339e+18 -1.54338e+18  1.54345e+18
  300.00  0.68136  6.63660e+20  6.63660e+20  6.63660e+20 -1.52040e+18 -1.52040e+18  1.52044e+18
  300.00  0.70541  6.68973e+20  6.68973e+20  6.68973e+20 -1.49262e+18 -1.49262e+18  1.49264e+18
  300.00  0.72946  6.74298e+20  6.74298e+20  6.74298e+20 -1.46035e+18 -1.46035e+18  1.46037e+18
  300.00  0.75351  6.79628e+20  6.79628e+20  6.79628e+20 -1.42395e+18 -1.42395e+18  1.42396e+18
  300.00  0.77756  6.84963e+20  6.84963e+20  6.84963e+20 -1.38378e+18 -1.38378e+18  1.38379e+18
  300.00  0.80160  6.90311e+20  6.90311e+20  6.90311e+20 -1.34019e+18 -1.34019e+18  1.34020e+18
  300.00  0.82565  6.95679e+20  6.95679e+20  6.95679e+20 -1.29353e+18 -1.29353e+18  1.29353e+18
  300.00  0.84970  7.01076e+20  7.01076e+20  7.01076e+20 -1.24409e+18 -1.24409e+18  1.24409e+18
  300.00  0.87375  7.06507e+20  7.06507e+20  7.06507e+20 -1.19214e+18 -1.19214e+18  1.19214e+18
  300.00  0.89780  7.11975e+20  7.11975e+20  7.11975e+20 -1.13791e+18 -1.13791e+18  1.13791e+18
  300.00  0.92184  7.17480e+20  7.17480e+20  7.17480e+20 -1.08157e+18 -1.08157e+18  1.08157e+18
  300.00  0.94589  7.23018e+20  7.23018e+20  7.23018e+20 -1.02326e+18 -1.02326e+18  1.02326e+18
  300.00  0.96994  7.28584e+20  7.28584e+20  7.28584e+20 -9.63076e+17 -9.63075e+17  9.63075e+17
  300.00  0.99399  7.34168e+20  7.34168e+20  7.34168e+20 -9.01095e+17 -9.01094e+17  9.01094e+17
  300.00  1.01804  7.39760e+20  7.39760e+20  7.39760e+20 -8.37356e+17 -8.37355e+17  8.37355e+17
  300.00  1.04208  7.45347e+20  7.45347e+20  7.45347e+20 -7.71887e+17 -7.71886e+17  7.71886e+17
  300.00  1.06613  7.50914e+20  7.50914e+20  7.50914e+20 -7.04706e+17 -7.04705e+17  7.04705e+17
  300.00  1.09018  7.56449e+20  7.56449e+20  7.56449e+20 -6.35827e+17 -6.35826e+17  6.35826e+17
  300.00  1.11423  7.61938e+20  7.61938e+20  7.61938e+20 -5.65272e+17 -5.65271e+17  5.65271e+17
  300.00  1.13828  7.67368e+20  7.67368e+20  7.67368e+20 -4.93075e+17 -4.93074e+17  4.93074e+17
  300.00  1.16232  7.72730e+20  7.72730e+20  7.72730e+20 -4.19287e+17 -4.19286e+17  4.19286e+17
  300.00  1.18637  7.78013e+20  7.78013e+20  7.78013e+20 -3.43984e+17 -3.43983e+17  3.43983e+17
  300.00  1.21042  7.83212e+20  7.83212e+20  7.83212e+20 -2.67271e+17 -2.67270e+17  2.67270e+17
  300.00  1.23447  7.88323e+20  7.88323e+20  7.88323e+20 -1.89283e+17 -1.89282e+17  1.89282e+17
  300.00  1.25852  7.93345e+20  7.93345e+20  7.93345e+20 -1.10194e+17 -1.10193e+17  1.10193e+17
  300.00  1.28257  7.98281e+20  7.98281e+20  7.98281e+20 -3.02136e+16 -3.02124e+16  3.02124e+16
  300.00  1.30661  8.03134e+20  8.03134e+20  8.03134e+20  5.04093e+16  5.04104e+16 -5.04105e+16
  300.00  1.33066  8.07910e+20  8.07910e+20  8.07910e+20  1.31385e+17  1.31386e+17 -1.31387e+17
  300.00  1.35471  8.12618e+20  8.12618e+20  8.12618e+20  2.12386e+17  2.12387e+17 -2.12387e+17
  300.00  1.37876  8.17266e+20  8.17266e+20  8.17266e+20  2.93044e+17  2.93046e+17 -2.93046e+17
  300.00  1.40281  8.21865e+20  8.21865e+20  8.21865e+20  3.72958e+17  3.72959e+17 -3.72959e+17
  300.00  1.42685  8.26425e+20  8.26425e+20  8.26425e+20  4.51689e+17  4.51690e+17 -4.51691e+17
  300.00  1.45090  8.30955e+20  8.30955e+20  8.30955e+20  5.28774e+17  5.28775e+17 -5.28775e+17
  300.00  1.47495  8.35463e+20  8.35463e+20  8.35463e+20  6.03721e+17  6.03722e+17 -6.03722e+17
  300.00  1.49900  8.39958e+20  8.39958e+20  8.39958e+20  6.76022e+17  6.76023e+17 -6.76023e+17
  300.00  1.52305  8.44445e+20  8.44445e+20  8.44445e+20  7.45155e+17  7.45156e+17 -7.45157e+17
  300.00  1.54709  8.48927e+20  8.48927e+20  8.48927e+20  8.10595e+17  8.10596e+17 -8.10596e+17
  300.00  1.57114  8.53408e+20  8.53408e+20  8.53408e+20  8.71817e+17  8.71818e+17 -8.71818e+17
  300.00  1.59519  8.57886e+20  8.57886e+20  8.57886e+20  9.28308e+17  9.28309e+17 -9.28309e+17
  300.00  1.61924  8.62359e+20  8.62359e+20  8.62359e+20  9.79575e+17  9.79576e+17 -9.79576e+17
  300.00  1.64329  8.66823e+20  8.66823e+20  8.66823e+20  1.02515e+18  1.02515e+18 -1.02515e+18
  300.00  1.66733  8.71273e+20  8.71273e+20  8.71273e+20  1.06461e+18  1.06461e+18 -1.06461e+18
  300.00  1.69138  8.75701e+20  8.75701e+20  8.75701e+20  1.09756e+18  1.09756e+18 -1.09756e+18
  300.00  1.71543  8.80101e+20  8.80101e+20  8.80101e+20  1.12367e+18  1.12367e+18 -1.12367e+18
  300.00  1.73948  8.84464e+20  8.84464e+20  8.84464e+20  1.14267e+18  1.14267e+18 -1.14267e+18
  300.00  1.76353  8.88781e+20  8.88781e+20  8.88781e+20  1.15435e+18  1.15435e+18 -1.15435e+18
  300.00  1.78758  8.93046e+20  8.93046e+20  8.93046e+20  1.15857e+18  1.15857e+18 -1.15857e+18
  300.00  1.81162  8.97251e+20  8.97251e+20  8.97251e+20  1.15526e+18  1.15526e+18 -1.15526e+18
  300.00  1.83567  9.01391e+20  9.01391e+20  9.01391e+20  1.14444e+18  1.14444e+18 -1.14444e+18
  300.00  1.85972  9.05460e+20  9.05460e+20  9.05460e+20  1.12620e+18  1.12620e+18 -1.12620e+18
  300.00  1.88377  9.09456e+20  9.09456e+20  9.09456e+20  1.10070e+18  1.10070e+18 -1.10070e+18
  300.00  1.90782  9.13378e+20  9.13378e+20  9.13378e+20  1.06819e+18  1.06820e+18 -1.06820e+18
  300.00  1.93186  9.17223e+20  9.17223e+20  9.17223e+20  1.02900e+18  1.02900e+18 -1.02900e+18
  300.00  1.95591  9.20995e+20  9.20995e+20  9.20995e+20  9.83508e+17  9.83508e+17 -9.83509e+17
  300.00  1.97996  9.24694e+20  9.24694e+20  9.24694e+20  9.32171e+17  9.32171e+17 -9.32171e+17
  300.00  2.00401  9.28325e+20  9.28325e+20  9.28325e+20  8.75501e+17  8.75501e+17 -8.75502e+17
  300.00  2.02806  9.31890e+20  9.31890e+20  9.31890e+20  8.14061e+17  8.14061e+17 -8.14061e+17
  300.00  2.05210  9.35395e+20  9.35395e+20  9.35395e+20  7.48450e+17  7.48450e+17 -7.48451e+17
  300.00  2.07615  9.38843e+20  9.38843e+20  9.38843e+20  6.79303e+17  6.79303e+17 -6.79303e+17
  300.00  2.10020  9.42239e+20  9.42239e+20  9.42239e+20  6.07270e+17  6.07270e+17 -6.07270e+17
  300.00  2.12425  9.45585e+20  9.45585e+20  9.45585e+20  5.33012e+17  5.33012e+17 -5.33013e+17
  300.00  2.14830  9.48884e+20  9.48884e+20  9.48884e+20  4.57188e+17  4.57188e+17 -4.57189e+17
  300.00  2.17234  9.52139e+20  9.52139e+20  9.52139e+20  3.80442e+17  3.80442e+17 -3.80442e+17
  300.00  2.19639  9.55348e+20  9.55348e+20  9.55348e+20  3.03392e+17  3.03392e+17 -3.03392e+17
  300.00  2.22044  9.58513e+20  9.58513e+20  9.58513e+20  2.26621e+17  2.26621e+17 -2.26622e+17
  300.00  2.24449  9.61630e+20  9.61630e+20  9.61630e+20  1.50667e+17  1.50667e+17 -1.50667e+17
  300.00  2.26854  9.64696e+20  9.64696e+20  9.64696e+20  7.60096e+16  7.60097e+16 -7.60101e+16
  300.00  2.29259  9.67709e+20  9.67709e+20  9.67709e+20  3.06790e+15  3.06795e+15 -3.06841e+15
  300.00  2.31663  9.70662e+20  9.70662e+20  9.70662e+20 -6.78108e+16 -6.78108e+16  6.78103e+16
  300.00  2.34068  9.73551e+20  9.73551e+20  9.73551e+20 -1.36355e+17 -1.36355e+17  1.36354e+17
  300.00  2.36473  9.76370e+20  9.76370e+20  9.76370e+20 -2.02372e+17 -2.02372e+17  2.02372e+17
  300.00  2.38878  9.79112e+20  9.79112e+20  9.79112e+20 -2.65754e+17 -2.65754e+17  2.65754e+17
  300.00  2.41283  9.81773e+20  9.81773e+20  9.81773e+20 -3.26474e+17 -3.26474e+17  3.26473e+17
  300.00  2.43687  9.84347e+20  9.84347e+20  9.84347e+20 -3.84588e+17 -3.84588e+17  3.84588e+17
  300.00  2.46092  9.86829e+20  9.86829e+20  9.86829e+20 -4.40235e+17 -4.40235e+17  4.40234e+17
  300.00  2.48497  9.89215e+20  9.89215e+20  9.89215e+20 -4.93627e+17 -4.93627e+17  4.93627e+17
  300.00  2.50902  9.91502e+20  9.91502e+20  9.91502e+20 -5.45051e+17 -5.45051e+17  5.45051e+17
  300.00  2.53307  9.93688e+20  9.93688e+20  9.93688e+20 -5.94859e+17 -5.94859e+17  5.94858e+17
  300.00  2.55711  9.95771e+20  9.95771e+20  9.95771e+20 -6.43459e+17 -6.43459e+17  6.43458e+17
  300.00  2.58116  9.97751e+20  9.97751e+20  9.97751e+20 -6.91311e+17 -6.91311e+17  6.91310e+17
  300.00  2.60521  9.99629e+20  9.99629e+20  9.99629e+20 -7.38915e+17 -7.38915e+17  7.38914e+17
  300.00  2.62926  1.00141e+21  1.00141e+21  1.00141e+21 -7.86802e+17 -7.86802e+17  7.86802e+17
  300.00  2.65331  1.00308e+21  1.00308e+21  1.00308e+21 -8.35525e+17 -8.35525e+17  8.35524e+17
  300.00  2.67735  1.00466e+21  1.00466e+21  1.00466e+21 -8.85647e+17 -8.85647e+17  8.85646e+17
  300.00  2.70140  1.00615e+21  1.00615e+21  1.00615e+21 -9.37732e+17 -9.37732e+17  9.37732e+17
  300.00  2.72545  1.00755e+21  1.00755e+21  1.00755e+21 -9.92337e+17 -9.92337e+17  9.92337e+17
  300.00  2.74950  1.00885e+21  1.00885e+21  1.00885e+21 -1.05000e+18 -1.05000e+18  1.05000e+18
  300.00  2.77355  1.01007e+21  1.01007e+21  1.01007e+21 -1.11124e+18 -1.11124e+18  1.11124e+18
  300.00  2.79760  1.01120e+21  1.01120e+21  1.01120e+21 -1.17652e+18 -1.17652e+18  1.17652e+18
  300.00  2.82164  1.01225e+21  1.01225e+21  1.01225e+21 -1.24630e+18 -1.24630e+18  1.24630e+18
  300.00  2.84569  1.01322e+21  1.01322e+21  1.01322e+21 -1.32096e+18 -1.32096e+18  1.32096e+18
  300.00  2.86974  1.01411e+21  1.01411e+21  1.01411e+21 -1.40086e+18 -1.40086e+18  1.40086e+18
  300.00  2.89379  1.01491e+21  1.01491e+21  1.01491e+21 -1.48629e+18 -1.48629e+18  1.48629e+18
  300.00  2.91784  1.01563e+21  1.01563e+21  1.01563e+21 -1.57749e+18 -1.57749e+18  1.57749e+18
  300.00  2.94188  1.01626e+21  1.01626e+21  1.01626e+21 -1.67466e+18 -1.67466e+18  1.67465e+18
  300.00  2.96593  1.01681e+21  1.01681e+21  1.01681e+21 -1.77792e+18 -1.77792e+18  1.77792e+18
  300.00  2.98998  1.01726e+21  1.01726e+21  1.01726e+21 -1.88739e+18 -1.88739e+18  1.88739e+18
  300.00  3.01403  1.01762e+21  1.01762e+21  1.01762e+21 -2.00309e+18 -2.00309e+18  2.00309e+18
  300.00  3.03808  1.01789e+21  1.01789e+21  1.01789e+21 -2.12503e+18 -2.12503e+18  2.12503e+18
  300.00  3.06212  1.01806e+21  1.01806e+21  1.01806e+21 -2.25316e+18 -2.25316e+18  2.25316e+18
  300.00  3.08617  1.01812e+21  1.01812e+21  1.01812e+21 -2.38743e+18 -2.38743e+18  2.38743e+18
  300.00  3.11022  1.01809e+21  1.01809e+21  1.01809e+21 -2.52771e+18 -2.52771e+18  2.52771e+18
  300.00  3.13427  1.01794e+21  1.01794e+21  1.01794e+21 -2.67388e+18 -2.67388e+18  2.67388e+18
  300.00  3.15832  1.01769e+21  1.01769e+21  1.01769e+21 -2.82578e+18 -2.82578e+18  2.82578e+18
  300.00  3.18236  1.01734e+21  1.01734e+21  1.01734e+21 -2.98323e+18 -2.98323e+18  2.98323e+18
  300.00  3.20641  1.01687e+21  1.01687e+21  1.01687e+21 -3.14604e+18 -3.14604e+18  3.14604e+18
  300.00  3.23046  1.01630e+21  1.01630e+21  1.01630e+21 -3.31400e+18 -3.31400e+18  3.31400e+18
  300.00  3.25451  1.01561e+21  1.01561e+21  1.01561e+21 -3.48689e+18 -3.48689e+18  3.48689e+18
  300.00  3.27856  1.01482e+21  1.01482e+21  1.01482e+21 -3.66448e+18 -3.66448e+18  3.66448e+18
  300.00  3.30261  1.01392e+21  1.01392e+21  1.01392e+21 -3.84653e+18 -3.84653e+18  3.84653e+18
  300.00  3.32665  1.01292e+21  1.01292e+21  1.01292e+21 -4.03280e+18 -4.03280e+18  4.03280e+18
  300.00  3.35070  1.01181e+21  1.01181e+21  1.01181e+21 -4.22303e+18 -4.22303e+18  4.22303e+18
  300.00  3.37475  1.01059e+21  1.01059e+21  1.01059e+21 -4.41698e+18 -4.41698e+18  4.41698e+18
  300.00  3.39880  1.00928e+21  1.00928e+21  1.00928e+21 -4.61439e+18 -4.61439e+18  4.61439e+18
  300.00  3.42285  1.00787e+21  1.00787e+21  1.00787e+21 -4.81503e+18 -4.81503e+18  4.81503e+18
  300.00  3.44689  1.00635e+21  1.00635e+21  1.00635e+21 -5.01865e+18 -5.01865e+18  5.01865e+18
  300.00  3.47094  1.00474e+21  1.00474e+21  1.00474e+21 -5.22504e+18 -5.22504e+18  5.22504e+18
  300.00  3.49499  1.00303e+21  1.00303e+21  1.00303e+21 -5.43399e+18 -5.43399e+18  5.43399e+18
  300.00  3.51904  1.00123e+21  1.00123e+21  1.00123e+21 -5.64534e+18 -5.64534e+18  5.64534e+18
  300.00  3.54309  9.99323e+20  9.99323e+20  9.99323e+20 -5.85894e+18 -5.85894e+18  5.85894e+18
  300.00  3.56713  9.97320e+20  9.97320e+20  9.97320e+20 -6.07467e+18 -6.07467e+18  6.07467e+18
  300.00  3.59118  9.95217e+20  9.95217e+20  9.95217e+20 -6.29248e+18 -6.29248e+18  6.29248e+18
  300.00  3.61523  9.93014e+20  9.93014e+20  9.93014e+20 -6.51236e+18 -6.51236e+18  6.51236e+18
  300.00  3.63928  9.90707e+20  9.90707e+20  9.90707e+20 -6.73433e+18 -6.73433e+18  6.73433e+18
  300.00  3.66333  9.88296e+20  9.88296e+20  9.88296e+20 -6.95849e+18 -6.95849e+18  6.95849e+18
  300.00  3.68737  9.85778e+20  9.85778e+20  9.85778e+20 -7.18499e+18 -7.18499e+18  7.18499e+18
  300.00  3.71142  9.83152e+20  9.83152e+20  9.83152e+20 -7.41405e+18 -7.41405e+18  7.41405e+18
  300.00  3.73547  9.80414e+20  9.80414e+20  9.80414e+20 -7.64594e+18 -7.64594e+18  7.64594e+18
  300.00  3.75952  9.77562e+20  9.77562e+20  9.77562e+20 -7.88099e+18 -7.88099e+18  7.88099e+18
  300.00  3.78357  9.74596e+20  9.74596e+20  9.74596e+20 -8.11957e+18 -8.11957e+18  8.11957e+18
  300.00  3.80762  9.71512e+20  9.71512e+20  9.71512e+20 -8.36212e+18 -8.36212e+18  8.36212e+18
  300.00  3.83166  9.68309e+20  9.68309e+20  9.68309e+20 -8.60911e+18 -8.60911e+18  8.60911e+18
  300.00  3.85571  9.64986e+20  9.64986e+20  9.64986e+20 -8.86105e+18 -8.86105e+18  8.86105e+18
  300.00  3.87976  9.61542e+20  9.61542e+20  9.61542e+20 -9.11846e+18 -9.11846e+18  9.11846e+18
  300.00  3.90381  9.57976e+20  9.57976e+20  9.57976e+20 -9.38190e+18 -9.38190e+18  9.38190e+18
  300.00  3.92786  9.54287e+20  9.54287e+20  9.54287e+20 -9.65192e+18 -9.65192e+18  9.65192e+18
  300.00  3.95190  9.50475e+20  9.50475e+20  9.50475e+20 -9.92910e+18 -9.92910e+18  9.92910e+18
  300.00  3.97595  9.46541e+20  9.46541e+20  9.46541e+20 -1.02140e+19 -1.02140e+19  1.02140e+19
  300.00  4.00000  9.42483e+20  9.42483e+20  9.42483e+20 -1.05071e+19 -1.05071e+19  1.05071e+19
