-8.00000 1.551555402078756e-01
-7.98799 1.564497566285293e-01
-7.97598 1.577599607037853e-01
-7.96396 1.590873592814058e-01
-7.95195 1.604332193291849e-01
-7.93994 1.617988115737342e-01
-7.92793 1.631853718966712e-01
-7.91592 1.645940890538448e-01
-7.90390 1.660261254994536e-01
-7.89189 1.674826757549996e-01
-7.87988 1.689650639380204e-01
-7.86787 1.704748787184002e-01
-7.85586 1.720141399594627e-01
-7.84384 1.735854864601001e-01
-7.83183 1.751923685002739e-01
-7.81982 1.768392226064038e-01
-7.80781 1.785316000054269e-01
-7.79580 1.802762163975225e-01
-7.78378 1.820808916725892e-01
-7.77177 1.839543572928142e-01
-7.75976 1.859059285228352e-01
-7.74775 1.879450664297550e-01
-7.73574 1.900808796957868e-01
-7.72372 1.923216174763582e-01
-7.71171 1.946741593587442e-01
-7.69970 1.971434193351644e-01
-7.68769 1.997315069243478e-01
-7.67568 2.024365475203463e-01
-7.66366 2.052513576145483e-01
-7.65165 2.081626461276977e-01
-7.63964 2.111517703674156e-01
-7.62763 2.141978785155513e-01
-7.61562 2.172832986211767e-01
-7.60360 2.203996269110727e-01
-7.59159 2.235519922765411e-01
-7.57958 2.267592716267823e-01
-7.56757 2.300497309292723e-01
-7.55556 2.334538729321919e-01
-7.54354 2.369979742086777e-01
-7.53153 2.407020631374243e-01
-7.51952 2.445848827301260e-01
-7.50751 2.486762124103776e-01
-7.49550 2.530343920509593e-01
-7.48348 2.577645353782648e-01
-7.47147 2.630315764175204e-01
-7.45946 2.690627581839792e-01
-7.44745 2.761334266720329e-01
-7.43544 2.845197292414158e-01
-7.42342 2.943940787557096e-01
-7.41141 3.057052248061848e-01
-7.39940 3.182673525769600e-01
-7.38739 3.323872376267364e-01
-7.37538 3.503425906262507e-01
-7.36336 3.792338455081461e-01
-7.35135 4.293953622075220e-01
-7.33934 5.626366869362023e-01
-7.32733 5.144376342715344e-01
-7.31532 5.400692105860899e-01
-7.30330 5.596293283723711e-01
-7.29129 5.615248990682158e-01
-7.27928 5.523441392039811e-01
-7.26727 5.427177170539802e-01
-7.25526 5.388705755020808e-01
-7.24324 5.407964702487084e-01
-7.23123 5.452740590176673e-01
-7.21922 5.493046208664656e-01
-7.20721 5.515682103757767e-01
-7.19520 5.522153368844926e-01
-7.18318 5.521053966015222e-01
-7.17117 5.521671924455906e-01
-7.15916 5.530678368400109e-01
-7.14715 5.551723527486314e-01
-7.13514 5.587586263923660e-01
-7.12312 5.644824591560997e-01
-7.11111 5.740231569334152e-01
-7.09910 5.954601385141383e-01
-7.08709 6.238131594927394e-01
-7.07508 6.460233281882901e-01
-7.06306 6.690964647915579e-01
-7.05105 6.819837816651327e-01
-7.03904 6.934220689470141e-01
-7.02703 7.065265606543946e-01
-7.01502 7.196862805140629e-01
-7.00300 7.319265816637223e-01
-6.99099 7.437810747854821e-01
-6.97898 7.560937227660365e-01
-6.96697 7.690219189724664e-01
-6.95495 7.821623994838329e-01
-6.94294 7.951843977808390e-01
-6.93093 8.081741168983061e-01
-6.91892 8.215249839469205e-01
-6.90691 8.356679189621363e-01
-6.89489 8.509272606249597e-01
-6.88288 8.675021318990708e-01
-6.87087 8.854059764122407e-01
-6.85886 9.044283730450704e-01
-6.84685 9.250945994817568e-01
-6.83483 9.554792955208546e-01
-6.82282 9.855498243094605e-01
-6.81081 9.813219481749957e-01
-6.79880 9.928136680815374e-01
-6.78679 1.000846214701341e+00
-6.77477 1.006702238231548e+00
-6.76276 1.012462770089020e+00
-6.75075 1.019011385304183e+00
-6.73874 1.026100897439180e+00
-6.72673 1.033130811889555e+00
-6.71471 1.039766115833510e+00
-6.70270 1.046230291871023e+00
-6.69069 1.053658961920874e+00
-6.67868 1.064896584238838e+00
-6.66667 1.084683540551750e+00
-6.65465 1.115716957558754e+00
-6.64264 1.151843986059461e+00
-6.63063 1.181543722536335e+00
-6.61862 1.202093254005089e+00
-6.60661 1.220492378660794e+00
-6.59459 1.241039737340862e+00
-6.58258 1.262200437269958e+00
-6.57057 1.282064788447772e+00
-6.55856 1.300705990427776e+00
-6.54655 1.318933593068935e+00
-6.53453 1.337110090486429e+00
-6.52252 1.355076651608484e+00
-6.51051 1.372597140673175e+00
-6.49850 1.389713645173782e+00
-6.48649 1.406783189286778e+00
-6.47447 1.424196697267206e+00
-6.46246 1.441922207328736e+00
-6.45045 1.459205926483634e+00
-6.43844 1.474844993254016e+00
-6.42643 1.488078685456657e+00
-6.41441 1.499416036783109e+00
-6.40240 1.510477970060255e+00
-6.39039 1.522391797712575e+00
-6.37838 1.533055255359162e+00
-6.36637 1.539207013736440e+00
-6.35435 1.541765636050445e+00
-6.34234 1.543168095300022e+00
-6.33033 1.544524141022987e+00
-6.31832 1.544794204704556e+00
-6.30631 1.541762339012425e+00
-6.29429 1.535129944660146e+00
-6.28228 1.526919245246175e+00
-6.27027 1.519050341317588e+00
-6.25826 1.512022448469150e+00
-6.24625 1.505339290818804e+00
-6.23423 1.498430935255385e+00
-6.22222 1.491165200562541e+00
-6.21021 1.483773053678139e+00
-6.19820 1.476522452599609e+00
-6.18619 1.469487615012603e+00
-6.17417 1.462541036841278e+00
-6.16216 1.455500974491403e+00
-6.15015 1.448288285675199e+00
-6.13814 1.440983259875599e+00
-6.12613 1.433766582254606e+00
-6.11411 1.426804713029377e+00
-6.10210 1.420158826449033e+00
-6.09009 1.413765133871661e+00
-6.07808 1.407485283294233e+00
-6.06607 1.401189236160738e+00
-6.05405 1.394824039800094e+00
-6.04204 1.388437458268163e+00
-6.03003 1.382152202500126e+00
-6.01802 1.376109664693925e+00
-6.00601 1.370412169208313e+00
-5.99399 1.365088416604762e+00
-5.98198 1.360093094754725e+00
-5.96997 1.355336190957058e+00
-5.95796 1.350726727299048e+00
-5.94595 1.346212434003313e+00
-5.93393 1.341800755334420e+00
-5.92192 1.337554821480293e+00
-5.90991 1.333567371683253e+00
-5.89790 1.329923619448274e+00
-5.88589 1.326669472927834e+00
-5.87387 1.323803641985312e+00
-5.86186 1.321308962554705e+00
-5.84985 1.319224856981025e+00
-5.83784 1.317734066158539e+00
-5.82583 1.317198479571156e+00
-5.81381 1.318063281969264e+00
-5.80180 1.320611815237607e+00
-5.78979 1.324728583357814e+00
-5.77778 1.330015701006295e+00
-5.76577 1.336427904842024e+00
-5.75375 1.372518258190071e+00
-5.74174 1.363187059217058e+00
-5.72973 1.358799279768575e+00
-5.71772 1.355162870001662e+00
-5.70571 1.341712254959259e+00
-5.69369 1.327806520302413e+00
-5.68168 1.317275427016459e+00
-5.66967 1.287397928859284e+00
-5.65766 1.252679090239591e+00
-5.64565 1.226713473054828e+00
-5.63363 1.204577257062842e+00
-5.62162 1.183314143228131e+00
-5.60961 1.162235340265225e+00
-5.59760 1.141472345711943e+00
-5.58559 1.121514724950652e+00
-5.57357 1.102918156341069e+00
-5.56156 1.086121601054214e+00
-5.54955 1.071326866928799e+00
-5.53754 1.058389114932586e+00
-5.52553 1.046722690260404e+00
-5.51351 1.035307943326999e+00
-5.50150 1.022907320638821e+00
-5.48949 1.008495424802062e+00
-5.47748 9.917270532738790e-01
-5.46547 9.731702645716308e-01
-5.45345 9.541410943190585e-01
-5.44144 9.362296544162887e-01
-5.42943 9.207964604840555e-01
-5.41742 9.086954860099278e-01
-5.40541 9.002956750169204e-01
-5.39339 8.956948137473031e-01
-5.38138 8.949636535909054e-01
-5.36937 8.983086691369407e-01
-5.35736 9.061171746861401e-01
-5.34535 9.188934756688260e-01
-5.33333 9.371089982561749e-01
-5.32132 9.609985223046513e-01
-5.30931 9.903565503588082e-01
-5.29730 1.024428410043095e+00
-5.28529 1.062095669956492e+00
-5.27327 1.103001309648316e+00
-5.26126 1.151864078646717e+00
-5.24925 1.225850695487430e+00
-5.23724 1.313052578011197e+00
-5.22523 1.354353799762119e+00
-5.21321 1.365588628467443e+00
-5.20120 1.391398348662814e+00
-5.18919 1.422389468232740e+00
-5.17718 1.444371538993278e+00
-5.16517 1.456525282638457e+00
-5.15315 1.462556471807113e+00
-5.14114 1.466077834203629e+00
-5.12913 1.469893791553386e+00
-5.11712 1.475687661677299e+00
-5.10511 1.484076335776563e+00
-5.09309 1.494506362304159e+00
-5.08108 1.503936237504853e+00
-5.06907 1.506854177773856e+00
-5.05706 1.500050973356971e+00
-5.04505 1.487180452933370e+00
-5.03303 1.475502911672519e+00
-5.02102 1.469242026015022e+00
-5.00901 1.468366339962424e+00
-4.99700 1.471780462045118e+00
-4.98498 1.479479161747047e+00
-4.97297 1.492193844529223e+00
-4.96096 1.509940964332115e+00
-4.94895 1.531157359313640e+00
-4.93694 1.553730483205122e+00
-4.92492 1.579926141187974e+00
-4.91291 1.623319878622093e+00
-4.90090 1.634419273934229e+00
-4.88889 1.622394463371065e+00
-4.87688 1.628030116727209e+00
-4.86486 1.636099577374100e+00
-4.85285 1.646289761473246e+00
-4.84084 1.653286338163181e+00
-4.82883 1.658599832174860e+00
-4.81682 1.652955409177425e+00
-4.80480 1.622040365855505e+00
-4.79279 1.596708369927300e+00
-4.78078 1.600008368050666e+00
-4.76877 1.545398244695543e+00
-4.75676 1.498762553663520e+00
-4.74474 1.477364223332936e+00
-4.73273 1.467158557378291e+00
-4.72072 1.464776454739217e+00
-4.70871 1.467221533376081e+00
-4.69670 1.472868442714209e+00
-4.68468 1.481313060719121e+00
-4.67267 1.492653044367817e+00
-4.66066 1.506930211840282e+00
-4.64865 1.523898269316616e+00
-4.63664 1.543073815392522e+00
-4.62462 1.563981702227189e+00
-4.61261 1.586527116168622e+00
-4.60060 1.611549713752384e+00
-4.58859 1.641627568512113e+00
-4.57658 1.680977921694863e+00
-4.56456 1.731617414976419e+00
-4.55255 1.785156039005442e+00
-4.54054 1.813801870437886e+00
-4.52853 1.835169003391941e+00
-4.51652 1.859905384845879e+00
-4.50450 1.912557678288286e+00
-4.49249 2.000041658700469e+00
-4.48048 2.095505014719724e+00
-4.46847 2.297063780211189e+00
-4.45646 2.733686793834370e+00
-4.44444 2.299462685429452e+00
-4.43243 2.117607006538661e+00
-4.42042 2.017936006166928e+00
-4.40841 1.944106944094618e+00
-4.39640 1.888742713993695e+00
-4.38438 1.849911006226233e+00
-4.37237 1.817397567310819e+00
-4.36036 1.783910825956887e+00
-4.34835 1.756327591697103e+00
-4.33634 1.732446686381438e+00
-4.32432 1.703274224596973e+00
-4.31231 1.694286839147338e+00
-4.30030 1.692001861999905e+00
-4.28829 1.581328213972622e+00
-4.27628 1.569727543556270e+00
-4.26426 1.574287799668344e+00
-4.25225 1.584752155571270e+00
-4.24024 1.588704590425539e+00
-4.22823 1.587487412418144e+00
-4.21622 1.591493273606221e+00
-4.20420 1.602710067460750e+00
-4.19219 1.623546795727687e+00
-4.18018 1.656715529368532e+00
-4.16817 1.700005063762301e+00
-4.15616 1.758112134760825e+00
-4.14414 1.838844350618952e+00
-4.13213 1.940694498862150e+00
-4.12012 2.093182384711701e+00
-4.10811 2.276901701511576e+00
-4.09610 2.418059324253177e+00
-4.08408 2.572173089369298e+00
-4.07207 2.690051351501492e+00
-4.06006 2.681391119728453e+00
-4.04805 2.573109005219089e+00
-4.03604 2.481243459003035e+00
-4.02402 2.437029669024356e+00
-4.01201 2.402421391576959e+00
-4.00000 2.365448260832332e+00
-3.98799 2.352945809299035e+00
-3.97598 2.328567017258171e+00
-3.96396 2.097031097080452e+00
-3.95195 1.899470815473035e+00
-3.93994 1.776972990216316e+00
-3.92793 1.694016529835425e+00
-3.91592 1.625104771624753e+00
-3.90390 1.567865303136270e+00
-3.89189 1.520845630361519e+00
-3.87988 1.479640421163831e+00
-3.86787 1.441591979762995e+00
-3.85586 1.406484309697134e+00
-3.84384 1.374488362528323e+00
-3.83183 1.345078122932351e+00
-3.81982 1.317447346509192e+00
-3.80781 1.291188017285026e+00
-3.79580 1.266363861472924e+00
-3.78378 1.243043925815115e+00
-3.77177 1.220833964777501e+00
-3.75976 1.198805075134845e+00
-3.74775 1.175806684596835e+00
-3.73574 1.150904927780142e+00
-3.72372 1.125725560163078e+00
-3.71171 1.133249163334308e+00
-3.69970 1.115129075606151e+00
-3.68769 1.048562284077842e+00
-3.67568 9.977449312257420e-01
-3.66366 9.606875851142289e-01
-3.65165 9.287950304093715e-01
-3.63964 8.997097678936898e-01
-3.62763 8.729382489259370e-01
-3.61562 8.483684077010739e-01
-3.60360 8.260264551614023e-01
-3.59159 8.059661578568723e-01
-3.57958 7.881516914897129e-01
-3.56757 7.724339013651211e-01
-3.55556 7.586126682817893e-01
-3.54354 7.465177073751981e-01
-3.53153 7.360732150591096e-01
-3.51952 7.273556938339651e-01
-3.50751 7.207206338156469e-01
-3.49550 7.175854503112797e-01
-3.48348 7.268429699114581e-01
-3.47147 8.165914656415694e-01
-3.45946 1.568427411834851e+00
-3.44745 1.526371379257442e+00
-3.43544 1.510704197634822e+00
-3.42342 1.513948551015799e+00
-3.41141 1.594382526097210e+00
-3.39940 1.735802372066742e+00
-3.38739 1.870322155353582e+00
-3.37538 1.902621206315499e+00
-3.36336 1.737233582477212e+00
-3.35135 1.514890854092793e+00
-3.33934 1.335374918794183e+00
-3.32733 9.962072989286342e-01
-3.31532 8.139993160300143e-01
-3.30330 7.841611433001597e-01
-3.29129 7.146715850926075e-01
-3.27928 6.597967380208758e-01
-3.26727 5.978004537185759e-01
-3.25526 5.491497930490967e-01
-3.24324 5.205629008203709e-01
-3.23123 5.100043890295461e-01
-3.21922 5.149909882092272e-01
-3.20721 5.359565168740592e-01
-3.19520 5.757271460729845e-01
-3.18318 6.360471247745694e-01
-3.17117 7.187651826198502e-01
-3.15916 8.414186817419045e-01
-3.14715 8.882669746590670e-01
-3.13514 8.934316928054364e-01
-3.12312 9.073464080912531e-01
-3.11111 9.290999995229874e-01
-3.09910 9.553456226998376e-01
-3.08709 9.837156428780954e-01
-3.07508 1.012862500502046e+00
-3.06306 1.042159364652772e+00
-3.05105 1.071542515826422e+00
-3.03904 1.101347937069159e+00
-3.02703 1.132160667782375e+00
-3.01502 1.164696145674908e+00
-3.00300 1.199716303466036e+00
-2.99099 1.237998639213868e+00
-2.97898 1.280643687492171e+00
-2.96697 1.330236885036211e+00
-2.95495 1.392143129228094e+00
-2.94294 1.471751817555774e+00
-2.93093 1.564263073813625e+00
-2.91892 1.616800432710249e+00
-2.90691 1.608965603289688e+00
-2.89489 1.609929553648568e+00
-2.88288 1.618552774507087e+00
-2.87087 1.624965936870862e+00
-2.85886 1.635029901569258e+00
-2.84685 1.651025344887997e+00
-2.83483 1.669404805049178e+00
-2.82282 1.686191082466105e+00
-2.81081 1.699877984787699e+00
-2.79880 1.713127949920360e+00
-2.78679 1.744353832200913e+00
-2.77477 1.789089655107298e+00
-2.76276 1.763179917203574e+00
-2.75075 1.691530875640506e+00
-2.73874 1.644134222763754e+00
-2.72673 1.609428872012598e+00
-2.71471 1.578547715557473e+00
-2.70270 1.551374652465601e+00
-2.69069 1.540571258960560e+00
-2.67868 1.528034429911572e+00
-2.66667 1.483302425994531e+00
-2.65465 1.451116954870225e+00
-2.64264 1.426471507010327e+00
-2.63063 1.402944070556584e+00
-2.61862 1.380909449244221e+00
-2.60661 1.360118717682425e+00
-2.59459 1.339388534820086e+00
-2.58258 1.317633722058442e+00
-2.57057 1.294394298266404e+00
-2.55856 1.269972944006704e+00
-2.54655 1.245508267383065e+00
-2.53453 1.222596453607683e+00
-2.52252 1.202447248966388e+00
-2.51051 1.185324831793994e+00
-2.49850 1.170726206123243e+00
-2.48649 1.157951996699443e+00
-2.47447 1.146547339276627e+00
-2.46246 1.136452334980290e+00
-2.45045 1.127967944511081e+00
-2.43844 1.121622397221009e+00
-2.42643 1.117920592528167e+00
-2.41441 1.116982958377909e+00
-2.40240 1.118257457191535e+00
-2.39039 1.120621097718632e+00
-2.37838 1.122999040679892e+00
-2.36637 1.125153490257482e+00
-2.35435 1.128030956015034e+00
-2.34234 1.133428927513614e+00
-2.33033 1.143429024783589e+00
-2.31832 1.160143571269799e+00
-2.30631 1.185451264518179e+00
-2.29429 1.219966860727450e+00
-2.28228 1.261743633982963e+00
-2.27027 1.306275366745294e+00
-2.25826 1.350566002479706e+00
-2.24625 1.403587813660321e+00
-2.23423 1.478922882192722e+00
-2.22222 1.509032362835536e+00
-2.21021 1.493171182617999e+00
-2.19820 1.502243022373622e+00
-2.18619 1.518634839557018e+00
-2.17417 1.530165954448728e+00
-2.16216 1.537761111106918e+00
-2.15015 1.544184292786786e+00
-2.13814 1.550639060455015e+00
-2.12613 1.556772369779822e+00
-2.11411 1.561898350973888e+00
-2.10210 1.565848757423298e+00
-2.09009 1.569100138300398e+00
-2.07808 1.572645821822656e+00
-2.06607 1.578027272052249e+00
-2.05405 1.587465494652699e+00
-2.04204 1.603684672118898e+00
-2.03003 1.629146201665961e+00
-2.01802 1.665579835345661e+00
-2.00601 1.720553927269953e+00
-1.99399 1.797524413695330e+00
-1.98198 1.907789575041269e+00
-1.96997 2.007812331027281e+00
-1.95796 2.044622228097424e+00
-1.94595 1.994332768039000e+00
-1.93393 1.884165973470536e+00
-1.92192 1.788768061936803e+00
-1.90991 1.721262238983112e+00
-1.89790 1.668264926585949e+00
-1.88589 1.621959184494070e+00
-1.87387 1.600721436918274e+00
-1.86186 1.553078833782317e+00
-1.84985 1.499006141426473e+00
-1.83784 1.463065049083469e+00
-1.82583 1.429468004037653e+00
-1.81381 1.397962970609165e+00
-1.80180 1.368879206771326e+00
-1.78979 1.342589935175007e+00
-1.77778 1.319059535511681e+00
-1.76577 1.297773545093491e+00
-1.75375 1.278064804959300e+00
-1.74174 1.259487616057841e+00
-1.72973 1.241937392675123e+00
-1.71772 1.225472325024294e+00
-1.70571 1.210013565534206e+00
-1.69369 1.195181523797198e+00
-1.68168 1.180444692088558e+00
-1.66967 1.165524767281019e+00
-1.65766 1.150710262712120e+00
-1.64565 1.136625081499980e+00
-1.63363 1.123414708457592e+00
-1.62162 1.110168835664323e+00
-1.60961 1.095867523463409e+00
-1.59760 1.082493259555063e+00
-1.58559 1.076468962525977e+00
-1.57357 1.087497193337186e+00
-1.56156 1.311548059231233e+00
-1.54955 1.303276948897950e+00
-1.53754 1.285336453679736e+00
-1.52553 1.271570049658420e+00
-1.51351 1.268991296734939e+00
-1.50150 1.262039747824674e+00
-1.48949 1.254690337828335e+00
-1.47748 1.248079118440629e+00
-1.46547 1.240819416323199e+00
-1.45345 1.233220918111528e+00
-1.44144 1.226233130960051e+00
-1.42943 1.220301425004491e+00
-1.41742 1.215386088117614e+00
-1.40541 1.211098081090576e+00
-1.39339 1.206907081623389e+00
-1.38138 1.202492709430166e+00
-1.36937 1.197908870872255e+00
-1.35736 1.193433855425878e+00
-1.34535 1.189327900574279e+00
-1.33333 1.185705058589323e+00
-1.32132 1.182530344195424e+00
-1.30931 1.179666793071871e+00
-1.29730 1.176929847234166e+00
-1.28529 1.174142978838442e+00
-1.27327 1.171187287356099e+00
-1.26126 1.168029578352914e+00
-1.24925 1.164721241531050e+00
-1.23724 1.161375092577392e+00
-1.22523 1.158133796985353e+00
-1.21321 1.155139907262277e+00
-1.20120 1.152511783369214e+00
-1.18919 1.150327090031088e+00
-1.17718 1.148615300789849e+00
-1.16517 1.147359790504519e+00
-1.15315 1.146507923140658e+00
-1.14114 1.145985523844276e+00
-1.12913 1.145711706505695e+00
-1.11712 1.145611180487453e+00
-1.10511 1.145622797341374e+00
-1.09309 1.145704260088985e+00
-1.08108 1.145833405743063e+00
-1.06907 1.146006630385187e+00
-1.05706 1.146235193623813e+00
-1.04505 1.146540350969210e+00
-1.03303 1.146948344800815e+00
-1.02102 1.147486106515807e+00
-1.00901 1.148178136403303e+00
-0.99700 1.149044616122710e+00
-0.98498 1.150100538670991e+00
-0.97297 1.151355564623741e+00
-0.96096 1.152814371610421e+00
-0.94895 1.154477356588137e+00
-0.93694 1.156341607661302e+00
-0.92492 1.158402069115854e+00
-0.91291 1.160652802099638e+00
-0.90090 1.163088221247546e+00
-0.88889 1.165704178049084e+00
-0.87688 1.168498765749845e+00
-0.86486 1.171472737545156e+00
-0.85285 1.174629466312949e+00
-0.84084 1.177974445055177e+00
-0.82883 1.181514458206335e+00
-0.81682 1.185256800357024e+00
-0.80480 1.189209395015326e+00
-0.79279 1.193383485818568e+00
-0.78078 1.197801804000569e+00
-0.76877 1.202517913926852e+00
-0.75676 1.207653883514450e+00
-0.74474 1.213414877218334e+00
-0.73273 1.219896127468274e+00
-0.72072 1.226649602733236e+00
-0.70871 1.232759262000852e+00
-0.69670 1.237875305783393e+00
-0.68468 1.242726806878424e+00
-0.67267 1.248206308202594e+00
-0.66066 1.254586687314401e+00
-0.64865 1.261735009705708e+00
-0.63664 1.269503943987266e+00
-0.62462 1.277830162825020e+00
-0.61261 1.286702947820342e+00
-0.60060 1.296136963946913e+00
-0.58859 1.306161015630541e+00
-0.57658 1.316812834735846e+00
-0.56456 1.328133786277718e+00
-0.55255 1.340160128279770e+00
-0.54054 1.352909657386174e+00
-0.52853 1.366364703096359e+00
-0.51652 1.380455008107625e+00
-0.50450 1.395048014547711e+00
-0.49249 1.409959263882605e+00
-0.48048 1.424998472333545e+00
-0.46847 1.440060462098457e+00
-0.45646 1.455249266523597e+00
-0.44444 1.470994619893677e+00
-0.43243 1.488110121520746e+00
-0.42042 1.507783832723756e+00
-0.40841 1.532663031720478e+00
-0.39640 1.594724277945773e+00
-0.38438 1.598648892346899e+00
-0.37237 1.628844980668110e+00
-0.36036 1.663035845065812e+00
-0.34835 1.697068377621821e+00
-0.33634 1.738329118494698e+00
-0.32432 1.805812143243032e+00
-0.31231 1.903189710699187e+00
-0.30030 1.967807623742111e+00
-0.28829 1.964051516306113e+00
-0.27628 1.954398675193417e+00
-0.26426 1.967698880552651e+00
-0.25225 1.984054535008796e+00
-0.24024 1.990420146232358e+00
-0.22823 1.986525032143839e+00
-0.21622 1.978470784362589e+00
-0.20420 1.973740496304039e+00
-0.19219 1.978171479253634e+00
-0.18018 1.995150855620630e+00
-0.16817 2.014644010111643e+00
-0.15616 2.016939120143920e+00
-0.14414 1.997363877749379e+00
-0.13213 1.952366405904088e+00
-0.12012 1.887940103360599e+00
-0.10811 1.834671547424748e+00
-0.09610 1.800371460651517e+00
-0.08408 1.753819963949704e+00
-0.07207 1.704685771013684e+00
-0.06006 1.657801577740023e+00
-0.04805 1.608877696120570e+00
-0.03604 1.641423641788358e+00
-0.02402 1.516642489017550e+00
-0.01201 1.472810471184831e+00
0.00000 1.430468848214200e+00
0.01201 1.389502374984519e+00
0.02402 1.349219523288139e+00
0.03604 1.308390721772045e+00
0.04805 1.267537807894383e+00
0.06006 1.230241215332248e+00
0.07207 1.197090988439764e+00
0.08408 1.164074352487643e+00
0.09610 1.130985154926771e+00
0.10811 1.101654663367019e+00
0.12012 1.076088143689788e+00
0.13213 1.050905481027905e+00
0.14414 1.025321689514645e+00
0.15616 1.001795081999397e+00
0.16817 9.821996966063118e-01
0.18018 9.657750945023238e-01
0.19219 9.503521895444529e-01
0.20420 9.343164917589422e-01
0.21622 9.174180851623369e-01
0.22823 9.004580339026572e-01
0.24024 9.285884557539135e-01
0.25225 8.707889154331844e-01
0.26426 8.595806688413592e-01
0.27628 8.509717371854320e-01
0.28829 8.443316223686756e-01
0.30030 8.382741851225679e-01
0.31231 8.307036654965435e-01
0.32432 8.192056712694369e-01
0.33634 8.017494104607388e-01
0.34835 7.775421362292856e-01
0.36036 7.587662397092896e-01
0.37237 8.075295400830351e-01
0.38438 7.149884001267295e-01
0.39640 6.695702390835281e-01
0.40841 6.282947004436128e-01
0.42042 5.916581423576804e-01
0.43243 5.631221641886144e-01
0.44444 5.324563121556112e-01
0.45646 5.076351042459561e-01
0.46847 4.898853549848595e-01
0.48048 4.744358066044730e-01
0.49249 4.585401523058343e-01
0.50450 4.425907247128341e-01
0.51652 4.281154635086527e-01
0.52853 4.158805451834894e-01
0.54054 4.056240548411432e-01
0.55255 3.967119323781989e-01
0.56456 3.886091992546399e-01
0.57658 3.809987054283639e-01
0.58859 3.737596138432714e-01
0.60060 3.669064893725046e-01
0.61261 3.605139217725379e-01
0.62462 3.546514788735762e-01
0.63664 3.493491762841660e-01
0.64865 3.445946458325457e-01
0.66066 3.403480683593120e-01
0.67267 3.365590046799088e-01
0.68468 3.331766909419700e-01
0.69670 3.301536271949705e-01
0.70871 3.274461633528330e-01
0.72072 3.250153112304003e-01
0.73273 3.228287816579987e-01
0.74474 3.208634092388469e-01
0.75676 3.191063734000554e-01
0.76877 3.175537466662982e-01
0.78078 3.162056034185600e-01
0.79279 3.150581036192636e-01
0.80480 3.140944932736883e-01
0.81682 3.132783395644573e-01
0.82883 3.125526710025816e-01
0.84084 3.118472590103621e-01
0.85285 3.110931314354682e-01
0.86486 3.102398281274465e-01
0.87688 3.092688774235353e-01
0.88889 3.081979483515732e-01
0.90090 3.070739253937414e-01
0.91291 3.059578431626815e-01
0.92492 3.061070367708209e-01
0.93694 3.039654063617229e-01
0.94895 3.031508359082358e-01
0.96096 3.024637010023118e-01
0.97297 3.018897275595632e-01
0.98498 3.014081716405191e-01
0.99700 3.009979108140973e-01
1.00901 3.006410299761600e-01
1.02102 3.003240702374110e-01
1.03303 3.000377449915644e-01
1.04505 2.997759786355996e-01
1.05706 2.995348641921074e-01
1.06907 2.993118260244247e-01
1.08108 2.991050516709132e-01
1.09309 2.989131481803596e-01
1.10511 2.987349508520170e-01
1.11712 2.985694238323858e-01
1.12913 2.984156133954812e-01
1.14114 2.982726324519966e-01
1.15315 2.981396656349296e-01
1.16517 2.980159892968338e-01
1.17718 2.979010019226433e-01
1.18919 2.977942594128564e-01
1.20120 2.976955075154040e-01
1.21321 2.976047012320682e-01
1.22523 2.975219991690496e-01
1.23724 2.974477205372739e-01
1.24925 2.973822548664702e-01
1.26126 2.973259202742847e-01
1.27327 2.972787755054631e-01
1.28529 2.972404031030089e-01
1.29730 2.972096939556939e-01
1.30931 2.971846739628028e-01
1.32132 2.971624180403040e-01
1.33333 2.971390920173302e-01
1.34535 2.971101476449457e-01
1.35736 2.970706710910135e-01
1.36937 2.970158550257258e-01
1.38138 2.969415352076570e-01
1.39339 2.968447117499208e-01
1.40541 2.967239691901737e-01
1.41742 2.965797211306646e-01
1.42943 2.964142331673431e-01
1.44144 2.962314163531468e-01
1.45345 2.960364238822737e-01
1.46547 2.958351168403469e-01
1.47748 2.956334835572745e-01
1.48949 2.954370980568048e-01
1.50150 2.952506876115989e-01
1.51351 2.950778526035078e-01
1.52553 2.949209509340879e-01
1.53754 2.947811312326841e-01
1.54955 2.946584792927194e-01
1.56156 2.945522328988996e-01
1.57357 2.944610209890543e-01
1.58559 2.943830913197887e-01
1.59760 2.943165029085174e-01
1.60961 2.942592720806290e-01
1.62162 2.942094714397176e-01
1.63363 2.941652881958927e-01
1.64565 2.941250518499947e-01
1.65766 2.940872418422466e-01
1.66967 2.940504844073578e-01
1.68168 2.940135455314396e-01
1.69369 2.939753243764510e-01
1.70571 2.939348493350244e-01
1.71772 2.938912772389984e-01
1.72973 2.938438952015980e-01
1.74174 2.937921240386958e-01
1.75375 2.937355220533013e-01
1.76577 2.936737880436758e-01
1.77778 2.936067625987878e-01
1.78979 2.935344269975023e-01
1.80180 2.934568992822867e-01
1.81381 2.933744273093781e-01
1.82583 2.932873787752857e-01
1.83784 2.931962283825981e-01
1.84985 2.931015424386694e-01
1.86186 2.930039612824112e-01
1.87387 2.929041800105325e-01
1.88589 2.928029280279065e-01
1.89790 2.927009479793800e-01
1.90991 2.925989746338590e-01
1.92192 2.924977142872137e-01
1.93393 2.923978252296886e-01
1.94595 2.922998997874091e-01
1.95796 2.922044483977556e-01
1.96997 2.921118861165676e-01
1.98198 2.920225218832953e-01
1.99399 2.919365507905198e-01
2.00601 2.918540495190110e-01
2.01802 2.917749750111419e-01
2.03003 2.916991663664740e-01
2.04204 2.916263498561236e-01
2.05405 2.915561468694655e-01
2.06607 2.914880845300264e-01
2.07808 2.914216086490573e-01
2.09009 2.913560986269882e-01
2.10210 2.912908838661821e-01
2.11411 2.912252612242192e-01
2.12613 2.911585130160899e-01
2.13814 2.910899250665102e-01
2.15015 2.910188043200924e-01
2.16216 2.909444955369064e-01
2.17417 2.908663966333276e-01
2.18619 2.907839722719049e-01
2.19820 2.906967653579451e-01
2.21021 2.906044061629865e-01
2.22222 2.905066188644947e-01
2.23423 2.904032253650056e-01
2.24625 2.902941463304810e-01
2.25826 2.901793994647365e-01
2.27027 2.900590951123507e-01
2.28228 2.899334293544558e-01
2.29429 2.898026748283472e-01
2.30631 2.896671695612179e-01
2.31832 2.895273041590133e-01
2.33033 2.893835077321746e-01
2.34234 2.892362329699147e-01
2.35435 2.890859407930036e-01
2.36637 2.889330850214692e-01
2.37838 2.887780974881337e-01
2.39039 2.886213740117964e-01
2.40240 2.884632616157363e-01
2.41441 2.883040473389347e-01
2.42643 2.881439489401514e-01
2.43844 2.879831077400877e-01
2.45045 2.878215837859002e-01
2.46246 2.876593534569767e-01
2.47447 2.874963095629466e-01
2.48649 2.873322639161990e-01
2.49850 2.871669522935766e-01
2.51051 2.870000416371717e-01
2.52252 2.868311392839688e-01
2.53453 2.866598039600142e-01
2.54655 2.864855582282127e-01
2.55856 2.863079020409184e-01
2.57057 2.861263270201358e-01
2.58258 2.859403310700221e-01
2.59459 2.857494329188939e-01
2.60661 2.855531861911751e-01
2.61862 2.853511926235237e-01
2.63063 2.851431140632762e-01
2.64264 2.849286829206578e-01
2.65465 2.847077107879635e-01
2.66667 2.844800949879754e-01
2.67868 2.842458228688954e-01
2.69069 2.840049737225720e-01
2.70270 2.837577182651929e-01
2.71471 2.835043156832630e-01
2.72673 2.832451083109259e-01
2.73874 2.829805140658782e-01
2.75075 2.827110168287014e-01
2.76276 2.824371550029253e-01
2.77477 2.821595085392347e-01
2.78679 2.818786847457705e-01
2.79880 2.815953032365420e-01
2.81081 2.813099803908324e-01
2.82282 2.810233137076718e-01
2.83483 2.807358664407766e-01
2.84685 2.804481528908219e-01
2.85886 2.801606247138452e-01
2.87087 2.798736585775069e-01
2.88288 2.795875454616086e-01
2.89489 2.793024818566961e-01
2.90691 2.790185630658795e-01
2.91892 2.787357787614979e-01
2.93093 2.784540108913718e-01
2.94294 2.781730339705836e-01
2.95495 2.778925177355679e-01
2.96697 2.776120320792799e-01
2.97898 2.773310541308361e-01
2.99099 2.770489772916842e-01
3.00300 2.767651219943395e-01
3.01502 2.764787479101648e-01
3.02703 2.761890673005103e-01
3.03904 2.758952591815382e-01
3.05105 2.755964839577497e-01
3.06306 2.752918981729200e-01
3.07508 2.749806690298852e-01
3.08709 2.746619883422333e-01
3.09910 2.743350856010278e-01
3.11111 2.739992398675991e-01
3.12312 2.736537902383513e-01
3.13514 2.732981446684518e-01
3.14715 2.729317869870277e-01
3.15916 2.725542819858470e-01
3.17117 2.721652785150288e-01
3.18318 2.717645105717543e-01
3.19520 2.713517964198073e-01
3.20721 2.709270358277145e-01
3.21922 2.704902055599865e-01
3.23123 2.700413532982786e-01
3.24324 2.695805902061438e-01
3.25526 2.691080823815549e-01
3.26727 2.686240414647901e-01
3.27928 2.681287146851372e-01
3.29129 2.676223746378344e-01
3.30330 2.671053090826943e-01
3.31532 2.665778110480610e-01
3.32733 2.660401695084952e-01
3.33934 2.654926608824075e-01
3.35135 2.649355415674978e-01
3.36336 2.643690416981908e-01
3.37538 2.637933602712962e-01
3.38739 2.632086617449802e-01
3.39940 2.626150741729960e-01
3.41141 2.620126888921926e-01
3.42342 2.614015617378078e-01
3.43544 2.607817157191525e-01
3.44745 2.601531450490730e-01
3.45946 2.595158203851005e-01
3.47147 2.588696951092939e-01
3.48348 2.582147124482393e-01
3.49550 2.575508132150371e-01
3.50751 2.568779439417951e-01
3.51952 2.561960651643835e-01
3.53153 2.555051596210023e-01
3.54354 2.548052401323519e-01
3.55556 2.540963569435337e-01
3.56757 2.533786043257757e-01
3.57958 2.526521262590613e-01
3.59159 2.519171210439868e-01
3.60360 2.511738447218567e-01
3.61562 2.504226132152445e-01
3.62763 2.496638031360323e-01
3.63964 2.488978512433623e-01
3.65165 2.481252525690043e-01
3.66366 2.473465572614786e-01
3.67568 2.465623662320081e-01
3.68769 2.457733257142459e-01
3.69970 2.449801208750744e-01
3.71171 2.441834686350393e-01
3.72372 2.433841098737652e-01
3.73574 2.425828012076974e-01
3.74775 2.417803065345797e-01
3.75976 2.409773885412159e-01
3.77177 2.401748003683594e-01
3.78378 2.393732776193032e-01
3.79580 2.385735308872333e-01
3.80781 2.377762389611102e-01
3.81982 2.369820428513040e-01
3.83183 2.361915407549886e-01
3.84384 2.354052840580715e-01
3.85586 2.346237744458335e-01
3.86787 2.338474621691624e-01
3.87988 2.330767454879478e-01
3.89189 2.323119712884844e-01
3.90390 2.315534368482181e-01
3.91592 2.308013926993864e-01
3.92793 2.300560465235376e-01
3.93994 2.293175679919606e-01
3.95195 2.285860944530400e-01
3.96396 2.278617373567106e-01
3.97598 2.271445892986859e-01
3.98799 2.264347315630364e-01
4.00000 2.257322420410235e-01
