0.00000 8.184782109095776e-03
1.00000 -4.198766977225315e+00
2.00000 -5.111774576001543e+00
3.00000 -5.753190884165203e+00
4.00000 -6.022459716772271e+00
5.00000 -5.776562930007054e+00
6.00000 -1.736133483692557e+00
7.00000 2.495353781719220e+00
8.00000 2.376077322390447e+00
9.00000 2.010217109232258e+00
10.00000 1.676407383388816e+00
11.00000 1.401233899762144e+00
12.00000 4.455925216814002e+00
13.00000 4.969375172152650e+00
14.00000 5.253677630171888e+00
15.00000 -6.021920202125137e+00
16.00000 -6.398840828414810e+00
17.00000 -6.660084070183895e+00
18.00000 -6.829133652381630e+00
19.00000 -6.901404037587033e+00
20.00000 -6.861444857170866e+00
21.00000 -6.697386865700054e+00
22.00000 -6.410608652583520e+00
23.00000 6.261067462691823e-01
24.00000 2.649680669521652e-01
25.00000 -2.677611645876572e-01
26.00000 -1.038627265408087e+00
27.00000 4.332284569062210e-01
28.00000 -4.057671671690756e-01
29.00000 -1.110255771452058e+00
30.00000 -1.626517947693136e+00
31.00000 -1.973744060816415e+00
32.00000 -2.170896034272410e+00
33.00000 -2.246897272006582e+00
34.00000 -2.232774575749803e+00
35.00000 5.485254421541119e+00
36.00000 5.587043573986983e+00
37.00000 5.684014879864713e+00
38.00000 5.700378835029317e+00
39.00000 5.338847521787182e+00
40.00000 -5.355215649944870e+00
41.00000 -6.019604340349339e+00
42.00000 -6.236862843591881e+00
43.00000 -6.192023809824817e+00
44.00000 -5.983768405421658e+00
45.00000 -5.674274428680001e+00
46.00000 3.631172763830229e+00
47.00000 3.452556398335629e+00
48.00000 3.171231681311118e+00
49.00000 2.726024642335948e+00
50.00000 2.049993523883457e+00
51.00000 1.103413239751565e+00
52.00000 -5.958742129069963e-02
53.00000 -1.973227597081991e+00
54.00000 -2.473704397459429e+00
55.00000 -2.683430316096169e+00
56.00000 -2.703751380023048e+00
57.00000 2.313992986204283e+00
58.00000 2.340839363892491e+00
59.00000 2.342733276718647e+00
60.00000 2.324958372324115e+00
61.00000 2.282382926711142e+00
62.00000 2.198790635940039e+00
63.00000 2.045911485745709e+00
64.00000 1.759622662305123e+00
65.00000 1.073638538467090e+00
66.00000 1.264694180486945e-01
67.00000 3.365201996446832e-02
68.00000 -1.801981177073078e-01
69.00000 1.442325368981896e+00
70.00000 1.393372605332196e+00
71.00000 1.328516039062412e+00
72.00000 1.225493837125613e+00
73.00000 1.044799857408282e+00
74.00000 7.377332224221638e-01
75.00000 2.630188123474468e-01
76.00000 -3.632194058198799e-01
77.00000 -6.577278177530772e-01
78.00000 -8.185372337906767e-01
79.00000 -8.960657007372994e-01
80.00000 -4.737274289699798e-01
81.00000 -4.606181905634124e-01
82.00000 -4.129460106697049e-01
83.00000 -3.246837649167134e-01
84.00000 -2.051234173194061e-01
85.00000 -8.291073483903588e-02
86.00000 2.335486905423068e-03
87.00000 1.867671417947392e-02
88.00000 -3.751638322473383e-02
89.00000 -1.368027077809781e-01
90.00000 -5.648076861635609e+00
91.00000 -4.199854717726119e+00
92.00000 -1.563131772823777e+00
93.00000 2.550305896141026e+00
94.00000 7.417523422637842e+00
95.00000 1.184261067969761e+01
96.00000 1.412207251456107e+01
97.00000 1.315780066788561e+01
98.00000 8.082774978124121e+00
99.00000 -1.614189454611292e+00
100.00000 -1.540887692581809e+01
101.00000 -3.172776947481707e+01
102.00000 -3.470960517754651e+00
103.00000 5.076173846489521e+00
104.00000 1.217043317608491e+01
105.00000 1.405942144877987e+01
106.00000 9.880039824528296e+00
107.00000 1.731125453645243e+00
108.00000 -7.455071231028670e+00
109.00000 -1.415333122214539e+01
110.00000 -1.632964506936655e+01
111.00000 -1.392001862879138e+01
112.00000 -8.319332686142408e+00
113.00000 -1.565250634847710e+00
114.00000 3.973740693152704e+00
115.00000 7.626387407034522e+00
116.00000 8.216683499954303e+00
117.00000 5.736891993118317e+00
118.00000 1.022370689749607e+00
119.00000 -4.397532633906524e+00
120.00000 -8.765328501099509e+00
121.00000 -1.055106486710346e+01
122.00000 -9.106999301862079e+00
123.00000 -5.041588113086716e+00
124.00000 3.464302511024503e-01
125.00000 5.203041257165451e+00
126.00000 4.242691911793452e+00
127.00000 2.371258334836512e+00
128.00000 4.678922549629121e-01
129.00000 -5.742994919921798e-01
130.00000 -3.828272190939570e-01
131.00000 -3.393850063319861e-01
132.00000 -1.074205661721894e-03
133.00000 9.410694712113088e-02
134.00000 -1.250186845354542e-01
135.00000 -4.257459317558268e-01
136.00000 -5.363776708659378e-01
137.00000 -2.541241309772300e+00
138.00000 -1.645265607250410e+00
139.00000 -8.874438504186184e-01
140.00000 -4.263858407791972e-01
141.00000 -2.502028164327186e-01
142.00000 -2.383539415596869e-01
143.00000 -1.916152533353200e-01
144.00000 8.511203944553070e-02
145.00000 4.390735714519176e-01
146.00000 5.176701787417097e-01
147.00000 3.992796132863906e-01
148.00000 2.036505943162784e-01
149.00000 5.471925165261199e-01
150.00000 7.604510121236228e-01
151.00000 7.744665539116979e-01
152.00000 8.176233512673918e-01
153.00000 1.043400557351023e+00
154.00000 1.305970399287537e+00
155.00000 1.478718367684676e+00
156.00000 1.520439106274275e+00
157.00000 1.433275208821908e+00
158.00000 1.233640554408725e+00
159.00000 9.604760669281320e-01
160.00000 4.112243618412918e-01
161.00000 4.163698014982636e-01
162.00000 3.534752075394424e-01
163.00000 2.176900587406314e-01
164.00000 1.243882910443667e-02
165.00000 -3.314869821757552e-01
166.00000 -5.787508727713995e-01
167.00000 -4.684015807474067e-01
168.00000 -4.086166765380550e-01
169.00000 -5.081263746583249e-01
170.00000 -6.375552018256838e-01
171.00000 -1.126896661835155e-01
172.00000 -6.868006264414861e-02
173.00000 -1.178493345739273e-03
174.00000 1.205631242564742e-01
175.00000 1.657167932539521e-01
176.00000 5.843265087591210e-02
177.00000 -1.302549597420986e-01
178.00000 -2.671827524782016e-01
179.00000 -3.468253696845451e-01
180.00000 -5.724811221940778e-01
181.00000 -9.936955229458047e-01
182.00000 -1.345925599779275e+00
183.00000 7.578593718403055e-01
184.00000 6.302023511035770e-01
185.00000 4.860520594055506e-01
186.00000 3.556395317120447e-01
187.00000 1.831681013648385e-01
188.00000 8.935923149429925e-03
189.00000 -2.311160295502646e-02
190.00000 -2.467874128961256e-02
191.00000 3.298002447472115e-02
192.00000 2.103236590408191e-01
193.00000 3.623276422355097e-01
194.00000 3.283043916466801e-01
195.00000 1.576250429885606e-01
196.00000 -1.873040905194263e-01
197.00000 -6.395787459586617e-01
198.00000 -1.007726006688166e+00
199.00000 -1.011209347432718e+00
200.00000 -5.245247345493453e-01
201.00000 -2.556016038894844e-01
202.00000 -6.269812849487444e-02
203.00000 1.191310552123648e-01
204.00000 4.199661389234541e-01
205.00000 6.886884470934587e-01
206.00000 6.320325134220637e-01
207.00000 5.670271558528794e-01
208.00000 3.769264315851211e-01
209.00000 -2.053076559132778e-01
210.00000 -6.492416482173855e-01
211.00000 -5.460384373876375e-01
212.00000 -4.818635683584604e-01
213.00000 -5.329082056826113e-01
214.00000 -5.345539199996523e-01
215.00000 -5.233407527317286e-01
216.00000 -3.634182244194744e-01
217.00000 -3.277246387287693e-01
218.00000 4.253803584938787e-02
219.00000 1.596858612076177e-01
220.00000 1.234333244615387e-01
221.00000 6.887357296647378e-02
222.00000 3.105158282032061e-02
223.00000 -2.020431863392940e-01
224.00000 -2.956459015749435e-01
225.00000 -5.372030156793827e-01
226.00000 -2.821810218206440e-01
227.00000 -4.639646902628721e-01
228.00000 -7.010738902292815e-01
229.00000 -8.541411145871617e-01
230.00000 -7.638686455927344e-01
231.00000 -6.651603312980852e-01
232.00000 -3.769520402794058e-01
233.00000 -4.524137549412526e-01
234.00000 -1.663637715822163e-01
235.00000 -1.275807661648133e-01
236.00000 -1.506835228148367e-01
237.00000 -8.534652635219908e-02
238.00000 6.221658178830136e-02
239.00000 5.353712422292811e-02
240.00000 9.737191655434602e-02
241.00000 8.624056066410130e-02
242.00000 3.348366873174902e-02
243.00000 -3.533349116861628e-02
244.00000 -1.027039727059429e-01
245.00000 -1.557567318159070e-01
246.00000 -1.877545254040729e-01
247.00000 -1.982909444139380e-01
248.00000 -1.907904096430921e-01
249.00000 -1.703895093540897e-01
250.00000 -1.436949663107197e-01
251.00000 -1.197260471731806e-01
252.00000 -1.106362984414540e-01
253.00000 -1.275974279356826e-01
254.00000 1.970168080752329e-01
255.00000 1.505665594221340e-01
256.00000 1.013398301829481e-01
257.00000 5.328930518758862e-02
258.00000 8.958805617351073e-03
259.00000 -2.706122310218384e-02
260.00000 -5.030164594858705e-02
261.00000 -5.993261693512331e-02
262.00000 -5.960524931922447e-02
263.00000 -5.375800586588695e-02
264.00000 -4.418456933714755e-02
265.00000 -3.041512105209494e-02
266.00000 -1.197788425842407e-02
267.00000 9.558113367827359e-03
268.00000 2.990439441995474e-02
269.00000 4.471775298698644e-02
270.00000 -7.248463843487948e-02
271.00000 -9.249681121300436e-02
272.00000 -1.285939560610206e-01
273.00000 -1.820031447251677e-01
274.00000 -2.523068324852726e-01
275.00000 -3.363811408222573e-01
276.00000 -4.277537897488889e-01
277.00000 -5.169927154354145e-01
278.00000 -5.932920080180819e-01
279.00000 -6.467765218005068e-01
280.00000 -6.706509515632675e-01
281.00000 -6.623778508391043e-01
282.00000 -6.232850188819770e-01
283.00000 -5.563854250151126e-01
284.00000 -4.633763367625650e-01
285.00000 -3.433072379345318e-01
286.00000 5.579163421620016e-02
287.00000 4.042772169047823e-02
288.00000 1.177602639242492e-03
289.00000 -6.618733702085133e-02
290.00000 -1.614180202033570e-01
291.00000 -2.795761296621442e-01
292.00000 -4.126977461511634e-01
293.00000 -5.518922722689199e-01
294.00000 -6.893061916466248e-01
295.00000 -8.200287697147073e-01
296.00000 -9.434146789669673e-01
297.00000 -1.059719673205457e+00
298.00000 -1.143329154104399e+00
299.00000 -1.081823816936419e+00
300.00000 -7.766476455055382e-01
301.00000 -5.058612960834838e-01
302.00000 5.178190088246608e-01
303.00000 5.178601757056631e-01
304.00000 5.126389887286713e-01
305.00000 4.931147450725333e-01
306.00000 4.480301251593057e-01
307.00000 3.653799942921021e-01
308.00000 2.349162317083388e-01
309.00000 5.164152120589593e-02
310.00000 -1.798836329537151e-01
311.00000 -4.414260751601348e-01
312.00000 -7.000579519019778e-01
313.00000 -9.143626406430828e-01
314.00000 -1.048845893532721e+00
315.00000 -1.089780243202380e+00
316.00000 -1.051018317368502e+00
317.00000 -9.646773151027185e-01
318.00000 2.371171914113324e-01
319.00000 2.099442010247264e-01
320.00000 1.902609721148262e-01
321.00000 1.747532730407383e-01
322.00000 1.627642297165469e-01
323.00000 1.555470692312894e-01
324.00000 1.557897084988555e-01
325.00000 1.608270769285201e-01
326.00000 1.281133375512169e-01
327.00000 -6.307874759750365e-02
328.00000 -5.101881969971596e-01
329.00000 -8.566654657355194e-01
330.00000 -8.183791402558575e-01
331.00000 -7.389577072618172e-01
332.00000 -7.235349917447461e-01
333.00000 -7.637795670195795e-01
334.00000 8.556147711158437e-01
335.00000 7.819096617375578e-01
336.00000 7.150185688628715e-01
337.00000 6.653852934067532e-01
338.00000 6.352828856313543e-01
339.00000 6.183295567739733e-01
340.00000 6.009881111296194e-01
341.00000 5.662959554548543e-01
342.00000 4.991651793159035e-01
343.00000 3.918938891377399e-01
344.00000 2.482317492428990e-01
345.00000 8.415223834030142e-02
346.00000 -7.640515547107440e-02
347.00000 -2.105383139052516e-01
348.00000 -3.057845531765889e-01
349.00000 -3.641152291035859e-01
350.00000 -7.009523797049659e-01
351.00000 -6.537570523888633e-01
352.00000 -5.535841873603280e-01
353.00000 -3.985300978555211e-01
354.00000 -1.881092286491790e-01
355.00000 6.888836486049499e-02
356.00000 3.455694680054453e-01
357.00000 5.930746775901732e-01
358.00000 7.464336824749788e-01
359.00000 7.394449691664882e-01
360.00000 5.265173935563996e-01
361.00000 1.172864179745325e-01
362.00000 -3.788729219686002e-01
363.00000 -7.684486353789663e-01
364.00000 -9.381212791743712e-01
365.00000 -1.117510331022276e+00
366.00000 8.184782109095776e-03
367.00000 5.562748258962308e+00
368.00000 5.801496341317138e+00
369.00000 6.051976929573468e+00
370.00000 6.295246843380026e+00
371.00000 6.507494951663064e+00
372.00000 6.555327626326818e+00
373.00000 -5.401424559249715e+00
374.00000 -5.205263644111731e+00
375.00000 -4.975340925724669e+00
376.00000 -1.166149398628178e+00
377.00000 -1.133004787758345e+00
378.00000 -1.102550418944144e+00
379.00000 -1.076829625246681e+00
380.00000 -1.058065577162154e+00
381.00000 -1.048498310387593e+00
382.00000 -1.050147795687742e+00
383.00000 -1.064462949233544e+00
384.00000 -1.091829358862213e+00
385.00000 -1.130965646751008e+00
386.00000 -4.026694485388816e+00
387.00000 -3.823827339526417e+00
388.00000 -3.604116988235148e+00
389.00000 -3.384622038878973e+00
390.00000 -3.179344439365565e+00
391.00000 -2.997139402408820e+00
392.00000 -2.841611258546791e+00
393.00000 -2.712406553888101e+00
394.00000 -2.606982425753102e+00
395.00000 -2.522077893118961e+00
396.00000 -1.043239351397659e+00
397.00000 -9.912859859818468e-01
398.00000 -9.516027708099628e-01
399.00000 -9.269558097864170e-01
400.00000 -9.184064616730940e-01
401.00000 -9.250028968407010e-01
402.00000 -9.435145390514728e-01
403.00000 -9.682736263965901e-01
404.00000 -9.911364810557939e-01
405.00000 -1.001526693475816e+00
406.00000 -1.691361336621512e+00
407.00000 -1.516532381880673e+00
408.00000 -1.337457392680854e+00
409.00000 -1.164283991217413e+00
410.00000 -1.005063264894755e+00
411.00000 -8.646880602934637e-01
412.00000 -7.448195977959884e-01
413.00000 -6.445847491061230e-01
414.00000 -5.616165203642289e-01
415.00000 -4.930006298230829e-01
416.00000 1.226601263681381e+00
417.00000 1.344163508384597e+00
418.00000 1.403149551523754e+00
419.00000 1.407280148308548e+00
420.00000 1.363705634650099e+00
421.00000 1.282588898478600e+00
422.00000 1.175966808474740e+00
423.00000 1.056234398233244e+00
424.00000 9.347165133045507e-01
425.00000 8.206395197689460e-01
426.00000 1.501879505622341e-01
427.00000 2.372970524972544e-01
428.00000 3.182541821478182e-01
429.00000 3.888463050126845e-01
430.00000 4.463881487655836e-01
431.00000 4.897519174152292e-01
432.00000 5.189714977215241e-01
433.00000 5.346722764730245e-01
434.00000 5.375967172979701e-01
435.00000 5.283921154010986e-01
436.00000 5.560740802310349e-01
437.00000 5.790998582472682e-01
438.00000 6.032750577913149e-01
439.00000 6.278838640603119e-01
440.00000 6.521172134203823e-01
441.00000 6.752271815082906e-01
442.00000 6.968992694971021e-01
443.00000 7.177173556146386e-01
444.00000 7.395291520446143e-01
445.00000 7.655416926210847e-01
446.00000 -1.755841538991447e-01
447.00000 -2.953926101244617e-01
448.00000 -4.256740729996711e-01
449.00000 -5.642924280519352e-01
450.00000 -7.083026381815198e-01
451.00000 -8.544562554877828e-01
452.00000 -9.998831843561806e-01
453.00000 -1.142908802771119e+00
454.00000 -1.283902690060268e+00
455.00000 -1.425962442999158e+00
456.00000 2.276056217441216e+00
457.00000 4.295207796442334e+00
458.00000 3.722312176410618e+00
459.00000 2.894828340783029e+00
460.00000 1.889728640803412e+00
461.00000 8.180855548399606e-01
462.00000 -1.807779190786505e-01
463.00000 -9.502336292150062e-01
464.00000 -1.333519967131679e+00
465.00000 -1.196940674801951e+00
466.00000 -7.919534753197325e+00
467.00000 -6.729067621656981e+00
468.00000 -4.763156031825417e+00
469.00000 -1.732312138068664e+00
470.00000 2.737462764445922e+00
471.00000 6.642581420956731e+00
472.00000 8.793290519902826e+00
473.00000 9.589393687855704e+00
474.00000 9.186368792027906e+00
475.00000 4.957169502017564e+00
476.00000 5.125906796043651e+00
477.00000 6.337388202732171e+00
478.00000 8.543598298321285e+00
479.00000 1.100853806428550e+01
480.00000 1.209415926664484e+01
481.00000 1.073565173363522e+01
482.00000 7.471765899680705e+00
483.00000 3.811271843851060e+00
484.00000 1.212705876617065e+00
485.00000 1.453479959080429e+00
486.00000 4.590150540311484e-01
487.00000 -3.816766233931297e-01
488.00000 7.430507058323386e-01
489.00000 1.599485955662580e+00
490.00000 2.146930789792239e+00
491.00000 2.483109561861607e+00
492.00000 2.625507537002800e+00
493.00000 2.528395494407425e+00
494.00000 4.189917686492368e-01
495.00000 4.967250910287424e-01
496.00000 6.997278965256366e-01
497.00000 8.090725332824522e-01
498.00000 8.849341303241167e-01
499.00000 9.610835119805961e-01
500.00000 1.052989079800977e+00
501.00000 1.164014039037247e+00
502.00000 1.289453076921870e+00
503.00000 2.960708344514407e-01
504.00000 1.163133636814049e-01
505.00000 6.605627607136424e-01
506.00000 1.442805807385666e+00
507.00000 1.938031031539016e+00
508.00000 2.037986446198192e+00
509.00000 1.878169706107065e+00
510.00000 1.486601888678001e+00
511.00000 6.278533360771679e-01
512.00000 -6.374549665665252e-01
513.00000 1.133465786417456e+00
514.00000 1.099240628542940e+00
515.00000 8.995578708809115e-01
516.00000 7.319962018107753e-01
517.00000 6.108158551378651e-01
518.00000 5.385972844732076e-01
519.00000 5.009668482073102e-01
520.00000 4.506102938373449e-01
521.00000 3.109610406371421e-01
522.00000 4.248378890765285e-01
523.00000 5.102496320112935e-01
524.00000 4.503370723633164e-01
525.00000 2.703507233041366e-01
526.00000 3.598670327568321e-02
527.00000 -1.713771898031285e-01
528.00000 -2.960663513511875e-01
529.00000 -3.300550461983780e-01
530.00000 -2.773806774962937e-01
531.00000 -9.256730846325594e-01
532.00000 -3.811050627453119e-01
533.00000 -3.082247624180923e-01
534.00000 -2.317981184636255e-01
535.00000 -1.884773547980267e-01
536.00000 -2.263487466697252e-01
537.00000 -2.927930944797646e-01
538.00000 -2.452716024160517e-01
539.00000 -1.952628477801643e-02
540.00000 5.556908212266343e-02
541.00000 -1.762631648591493e-01
542.00000 2.943136500469246e-02
543.00000 8.951495041792259e-01
544.00000 9.452927032970395e-01
545.00000 1.016577554390496e+00
546.00000 1.103669903323549e+00
547.00000 1.202392936382055e+00
548.00000 1.304051511930827e+00
549.00000 1.380334376980358e+00
550.00000 9.816352245287359e-01
551.00000 8.375595591336902e-01
552.00000 1.100138979765851e+00
553.00000 8.012758185256968e-01
554.00000 2.494814815225315e-01
555.00000 -1.571515626148114e-01
556.00000 -5.493772769013479e-01
557.00000 -8.757865925662083e-01
558.00000 -1.036304158713557e+00
559.00000 -1.075292900493270e+00
560.00000 -5.217613266849715e-01
561.00000 -7.534443913462578e-01
562.00000 -8.883911246110263e-01
563.00000 -5.302604335956189e-01
564.00000 -1.530430592351757e-01
565.00000 2.707074384679133e-01
566.00000 3.810689619019874e-01
567.00000 7.672805050508025e-01
568.00000 1.906978568869309e+00
569.00000 -5.357962952146450e+00
570.00000 1.027652979977237e+00
571.00000 4.638739854266303e-01
572.00000 8.375051841761749e-02
573.00000 5.679289341357325e-01
574.00000 6.235448636884211e-01
575.00000 1.496374174909976e-01
576.00000 1.029015332660477e+00
577.00000 1.482843289684263e+00
578.00000 2.137294481734171e+00
579.00000 2.133181663054235e+00
580.00000 1.765425976818840e+00
581.00000 1.318831637587460e+00
582.00000 7.167626441010144e-01
583.00000 6.516292775124217e-01
584.00000 1.057781947767551e+00
585.00000 1.545725732330346e+00
586.00000 1.185917981926933e+00
587.00000 8.873566374329016e-01
588.00000 1.206926399694961e-01
589.00000 -4.081919149048474e-01
590.00000 8.775956167789012e-02
591.00000 3.085067837966706e-01
592.00000 8.568092257609194e-02
593.00000 5.963791834932017e-01
594.00000 1.141218028166878e+00
595.00000 8.543210237926653e-01
596.00000 3.402485551548224e-01
597.00000 8.935923149429925e-03
598.00000 2.251844546556221e-01
599.00000 4.665395582153309e-01
600.00000 6.876512918490931e-01
601.00000 7.820847043558388e-01
602.00000 6.454706304762468e-01
603.00000 4.945879783935894e-01
604.00000 4.003739034797675e-01
605.00000 3.047079236330354e-01
606.00000 -2.895612904983615e+00
607.00000 -2.969967930089030e+00
608.00000 -3.004432563275767e+00
609.00000 -2.977512761188368e+00
610.00000 -2.889892832568204e+00
611.00000 -2.779019359243708e+00
612.00000 -2.648325116902832e+00
613.00000 -2.425121557199546e+00
614.00000 -2.172587027126188e+00
615.00000 -1.975366001977342e+00
616.00000 -1.878395900639113e+00
617.00000 -1.143012519938530e+00
618.00000 -1.330656579352214e+00
619.00000 -1.639516625445185e+00
620.00000 -1.950527384283270e+00
621.00000 -2.179133887680711e+00
622.00000 1.446409930965173e-01
623.00000 -1.438075122976312e-01
624.00000 -2.981756500975739e-01
625.00000 -2.855781787395557e-01
626.00000 -8.986642153026225e-02
627.00000 3.207517556566732e-01
628.00000 8.179904186155134e-01
629.00000 1.116736699476009e+00
630.00000 1.399698836803782e+00
631.00000 1.176442394959445e+00
632.00000 4.397372311981020e-01
633.00000 1.446782272452329e-01
634.00000 3.565399110796941e-02
635.00000 2.327048295755585e-02
636.00000 6.469680329957228e-02
637.00000 1.135856853777950e-01
638.00000 -1.498740255049633e+00
639.00000 -1.482215485598910e+00
640.00000 -1.439306111135107e+00
641.00000 -1.383362993032240e+00
642.00000 -1.328315755478123e+00
643.00000 -1.287021422255298e+00
644.00000 -1.267292639950482e+00
645.00000 -1.263136545218421e+00
646.00000 -1.252815757061495e+00
647.00000 -1.238223991271987e+00
648.00000 -1.256674324329737e+00
649.00000 -1.321167082757536e+00
650.00000 -1.416231907271398e+00
651.00000 -1.521621889855030e+00
652.00000 -1.620916315126986e+00
653.00000 -1.701445326233580e+00
654.00000 -2.193586849630451e+00
655.00000 -2.498736380983584e+00
656.00000 -2.743329331283219e+00
657.00000 -2.849793113278235e+00
658.00000 -2.687999987435101e+00
659.00000 -2.139938424275063e+00
660.00000 -1.525996153292357e+00
661.00000 -1.243026086606204e+00
662.00000 -1.132678134219878e+00
663.00000 -1.053478311196198e+00
664.00000 -9.662652298878074e-01
665.00000 -8.674558497386187e-01
666.00000 -7.646264634402264e-01
667.00000 -6.688474595698590e-01
668.00000 -5.918750895448319e-01
669.00000 -5.447495605586852e-01
670.00000 5.058061175883921e-02
671.00000 6.101314016289905e-02
672.00000 7.434748306081218e-02
673.00000 1.385589975332024e-01
674.00000 3.240635293168452e-01
675.00000 7.166933541469547e-01
676.00000 1.401032954801735e+00
677.00000 2.428667338481567e+00
678.00000 3.761381182744600e+00
679.00000 5.189797559261514e+00
680.00000 6.290214393709512e+00
681.00000 6.552340281793022e+00
682.00000 5.791947183034495e+00
683.00000 4.648713761092097e+00
684.00000 4.184704133593527e+00
685.00000 4.866916545550453e+00
686.00000 4.957169502017564e+00
687.00000 3.155598365534047e+00
688.00000 1.549641970079733e+00
689.00000 4.270056576910122e-01
690.00000 -2.827941848403412e-01
691.00000 -6.155940932895447e-01
692.00000 -4.247407493838438e-01
693.00000 3.923087038226925e-01
694.00000 1.578935913895762e+00
695.00000 2.730277415383787e+00
696.00000 3.100480245689861e+00
697.00000 2.991620291462844e+00
698.00000 2.483084355361228e+00
699.00000 1.780140395092115e+00
700.00000 1.053042575724557e+00
701.00000 4.070864748863734e-01
702.00000 -1.058022899735303e-01
703.00000 -4.667749240160792e-01
704.00000 -6.587013688329066e-01
705.00000 -6.747112568388296e-01
706.00000 -1.219730076469389e+00
707.00000 -1.057248535033638e+00
708.00000 -7.671158249367522e-01
709.00000 -4.756264012524865e-01
710.00000 -2.329653112940751e-01
711.00000 -6.458144101656194e-02
712.00000 2.341379607793126e-02
713.00000 4.086014995337628e-02
714.00000 -7.799645891491886e-01
715.00000 4.579836091647582e-02
716.00000 8.250906486995291e-02
717.00000 1.265570412796846e-01
718.00000 1.841314978647564e-01
719.00000 2.659626092894953e-01
720.00000 3.920217616830239e-01
721.00000 5.708604809809286e-01
722.00000 1.815338740139443e-01
723.00000 6.905480031973495e-01
724.00000 7.486774821502845e-01
725.00000 8.744645859119271e-02
726.00000 -5.079781150021168e-03
727.00000 -7.913400079080435e-02
728.00000 -1.689538805157351e-01
729.00000 -2.761358194406247e-01
730.00000 -3.836816746618497e-01
731.00000 -4.296905487770997e-01
732.00000 -4.392706653557301e-01
733.00000 -5.436461859480073e-01
734.00000 -7.366408852234794e-01
735.00000 -6.974192329190284e-01
736.00000 -6.131195714623252e-01
737.00000 -5.196143553754993e-01
738.00000 -3.953705080916664e-01
739.00000 -2.501976234835848e-01
740.00000 -1.459902125171810e-01
741.00000 -8.536581921520914e-02
742.00000 -6.028888856168715e-01
743.00000 -7.218140707263527e-01
744.00000 -6.174201084216028e-01
745.00000 -5.152355202007998e-01
746.00000 -4.314002912597413e-01
747.00000 -3.685739091232982e-01
748.00000 -3.123794487433158e-01
749.00000 -2.420539843352514e-01
750.00000 -2.938540360617714e-01
751.00000 -2.341914286681153e-01
752.00000 -1.177801772060176e-01
753.00000 3.680819916887401e-03
754.00000 1.345206349886827e-01
755.00000 2.671087808270998e-01
756.00000 3.864564551606051e-01
757.00000 4.736193077877386e-01
758.00000 5.094183531502634e-01
759.00000 4.811270859449484e-01
760.00000 3.908718877963915e-01
761.00000 3.813294083157714e-02
762.00000 -2.343828678214420e-01
763.00000 -4.524137549415854e-01
764.00000 1.100138979766503e+00
765.00000 1.301894498009390e+00
766.00000 1.376794671306125e+00
767.00000 1.415468953800451e+00
768.00000 1.269862510816015e+00
769.00000 8.526988413968131e-01
770.00000 4.162384159433437e-01
771.00000 9.599824222423496e-01
772.00000 9.504079083811480e-01
773.00000 1.060880925084189e+00
774.00000 1.191360744657388e+00
775.00000 1.317621953895062e+00
776.00000 1.433637601838384e+00
777.00000 5.461318146020467e-01
778.00000 6.103986284713356e-01
779.00000 7.011463638243638e-01
780.00000 8.040753893946215e-01
781.00000 8.644873192187601e-01
782.00000 7.622175069487822e-01
783.00000 3.514188317178704e-01
784.00000 -1.975616049020916e-01
785.00000 -3.860752679035035e-01
786.00000 -1.858824066844589e-01
787.00000 1.310883468003697e-01
788.00000 3.720865070935779e-01
789.00000 4.848848913942494e-01
790.00000 4.972583574989112e-01
791.00000 4.673261459123175e-01
792.00000 4.601499924241774e-01
793.00000 2.126430142705614e+00
794.00000 2.352744787179558e+00
795.00000 2.682718697779630e+00
796.00000 3.091222953013344e+00
797.00000 3.516162409718405e+00
798.00000 3.868293866833245e+00
799.00000 4.053862332951301e+00
800.00000 4.008901490771392e+00
801.00000 3.737668995694998e+00
802.00000 3.338715219660316e+00
803.00000 2.995246416471754e+00
804.00000 2.912469946889803e+00
805.00000 3.214667462849797e+00
806.00000 3.858809444924729e+00
807.00000 4.634271846394924e+00
808.00000 5.266026639987852e+00
809.00000 3.380610622929403e+00
