  300.00 -8.00000  4.34026e+09  4.25181e+09  4.25101e+09 -2.93779e+06  4.89044e+07 -1.16881e+08
  300.00 -7.98799  4.28195e+09  4.18921e+09  4.18868e+09  2.30784e+07  7.87957e+07 -1.41467e+08
  300.00 -7.97598  4.21799e+09  4.12322e+09  4.12234e+09  4.95070e+07  1.08370e+08 -1.65106e+08
  300.00 -7.96396  4.14807e+09  4.05348e+09  4.05178e+09  7.56087e+07  1.36816e+08 -1.87119e+08
  300.00 -7.95195  4.07206e+09  3.97979e+09  3.97692e+09  1.00680e+08  1.63383e+08 -2.06898e+08
  300.00 -7.93994  3.99008e+09  3.90212e+09  3.89785e+09  1.24074e+08  1.87407e+08 -2.23911e+08
  300.00 -7.92793  3.90248e+09  3.82063e+09  3.81480e+09  1.45208e+08  2.08322e+08 -2.37724e+08
  300.00 -7.91592  3.80992e+09  3.73573e+09  3.72824e+09  1.63581e+08  2.25666e+08 -2.47999e+08
  300.00 -7.90390  3.71332e+09  3.64808e+09  3.63882e+09  1.78771e+08  2.39090e+08 -2.54498e+08
  300.00 -7.89189  3.61384e+09  3.55858e+09  3.54743e+09  1.90447e+08  2.48353e+08 -2.57076e+08
  300.00 -7.87988  3.51289e+09  3.46835e+09  3.45513e+09  1.98363e+08  2.53316e+08 -2.55677e+08
  300.00 -7.86787  3.41208e+09  3.37870e+09  3.36318e+09  2.02364e+08  2.53939e+08 -2.50326e+08
  300.00 -7.85586  3.31312e+09  3.29109e+09  3.27297e+09  2.02382e+08  2.50266e+08 -2.41116e+08
  300.00 -7.84384  3.21779e+09  3.20709e+09  3.18597e+09  1.98435e+08  2.42423e+08 -2.28205e+08
  300.00 -7.83183  3.12785e+09  3.12823e+09  3.10369e+09  1.90629e+08  2.30605e+08 -2.11806e+08
  300.00 -7.81982  3.04496e+09  3.05602e+09  3.02757e+09  1.79155e+08  2.15076e+08 -1.92185e+08
  300.00 -7.80781  2.97058e+09  2.99178e+09  2.95894e+09  1.64291e+08  1.96162e+08 -1.69664e+08
  300.00 -7.79580  2.90593e+09  2.93662e+09  2.89892e+09  1.46407e+08  1.74258e+08 -1.44624e+08
  300.00 -7.78378  2.85185e+09  2.89132e+09  2.84835e+09  1.25974e+08  1.49837e+08 -1.17516e+08
  300.00 -7.77177  2.80879e+09  2.85628e+09  2.80771e+09  1.03568e+08  1.23456e+08 -8.88797e+07
  300.00 -7.75976  2.77672e+09  2.83144e+09  2.77710e+09  7.98849e+07  9.57762e+07 -5.93529e+07
  300.00 -7.74775  2.75511e+09  2.81625e+09  2.75613e+09  5.57453e+07  6.75672e+07 -2.96859e+07
  300.00 -7.73574  2.74286e+09  2.80964e+09  2.74395e+09  3.20881e+07  3.97116e+07 -7.40455e+05
  300.00 -7.72372  2.73838e+09  2.81001e+09  2.73920e+09  9.95061e+06  1.31871e+07  2.65267e+07
  300.00 -7.71171  2.73960e+09  2.81534e+09  2.74012e+09 -9.57724e+06 -1.09733e+07  5.11057e+07
  300.00 -7.69970  2.74406e+09  2.82321e+09  2.74457e+09 -2.54272e+07 -3.17490e+07  7.20034e+07
  300.00 -7.68769  2.74911e+09  2.83099e+09  2.75023e+09 -3.66544e+07 -4.82264e+07  8.83395e+07
  300.00 -7.67568  2.75207e+09  2.83604e+09  2.75468e+09 -4.25583e+07 -5.97119e+07  9.94605e+07
  300.00 -7.66366  2.75044e+09  2.83590e+09  2.75572e+09 -4.28038e+07 -6.58440e+07  1.05053e+08
  300.00 -7.65165  2.74221e+09  2.82856e+09  2.75145e+09 -3.75171e+07 -6.66798e+07  1.05232e+08
  300.00 -7.63964  2.72600e+09  2.81263e+09  2.74057e+09 -2.73250e+07 -6.27283e+07  1.00569e+08
  300.00 -7.62763  2.70126e+09  2.78752e+09  2.72243e+09 -1.33156e+07 -5.49093e+07  9.20569e+07
  300.00 -7.61562  2.66832e+09  2.75354e+09  2.69713e+09  3.08585e+06 -4.44354e+07  8.09802e+07
  300.00 -7.60360  2.62840e+09  2.71187e+09  2.66555e+09  2.03074e+07 -3.26361e+07  6.87396e+07
  300.00 -7.59159  2.58360e+09  2.66456e+09  2.62932e+09  3.68476e+07 -2.07634e+07  5.66479e+07
  300.00 -7.57958  2.53681e+09  2.61449e+09  2.59083e+09  5.14698e+07 -9.82575e+06  4.57553e+07
  300.00 -7.56757  2.49172e+09  2.56537e+09  2.55325e+09  6.33296e+07 -4.89927e+05  3.67419e+07
  300.00 -7.55556  2.45283e+09  2.52174e+09  2.52064e+09  7.20149e+07  6.93376e+06  2.98954e+07
  300.00 -7.54354  2.42555e+09  2.48906e+09  2.49805e+09  7.75015e+07  1.24310e+07  2.51651e+07
  300.00 -7.53153  2.41629e+09  2.47380e+09  2.49171e+09  8.00517e+07  1.61788e+07  2.22641e+07
  300.00 -7.51952  2.43260e+09  2.48362e+09  2.50918e+09  8.00871e+07  1.84334e+07  2.07792e+07
  300.00 -7.50751  2.48342e+09  2.52745e+09  2.55954e+09  7.80688e+07  1.94432e+07  2.02585e+07
  300.00 -7.49550  2.57924e+09  2.61581e+09  2.65360e+09  7.43998e+07  1.94011e+07  2.02642e+07
  300.00 -7.48348  2.73251e+09  2.76109e+09  2.80414e+09  6.93551e+07  1.84344e+07  2.03954e+07
  300.00 -7.47147  2.95809e+09  2.97806e+09  3.02633e+09  6.30313e+07  1.66138e+07  2.03074e+07
  300.00 -7.45946  3.27384e+09  3.28446e+09  3.33820e+09  5.53071e+07  1.39634e+07  1.97540e+07
  300.00 -7.44745  3.70130e+09  3.70173e+09  3.76123e+09  4.58163e+07  1.04526e+07  1.86621e+07
  300.00 -7.43544  4.26598e+09  4.25534e+09  4.32058e+09  3.39551e+07  5.97879e+06  1.72141e+07
  300.00 -7.42342  4.99677e+09  4.97421e+09  5.04444e+09  1.89765e+07  3.75984e+05  1.58588e+07
  300.00 -7.41141  5.92289e+09  5.88763e+09  5.96104e+09  2.44620e+05 -6.48055e+06  1.51454e+07
  300.00 -7.39940  7.06670e+09  7.01815e+09  7.09167e+09 -2.22974e+07 -1.44034e+07  1.53004e+07
  300.00 -7.38739  8.43128e+09  8.36901e+09  8.43864e+09 -4.74734e+07 -2.24402e+07  1.55829e+07
  300.00 -7.37538  9.98451e+09  9.90822e+09  9.97005e+09 -7.22247e+07 -2.83564e+07  1.36478e+07
  300.00 -7.36336  1.16466e+10  1.15561e+10  1.16081e+10 -9.13976e+07 -2.83907e+07  5.37715e+06
  300.00 -7.35135  1.32917e+10  1.31869e+10  1.32312e+10 -9.85537e+07 -1.78057e+07 -1.42622e+07
  300.00 -7.33934  1.47722e+10  1.46531e+10  1.46968e+10 -8.80687e+07  7.43410e+06 -4.91630e+07
  300.00 -7.32733  1.59589e+10  1.58261e+10  1.58801e+10 -5.78206e+07  4.83451e+07 -9.96199e+07
  300.00 -7.31532  1.67796e+10  1.66347e+10  1.67104e+10 -1.09540e+07  1.01296e+08 -1.61003e+08
  300.00 -7.30330  1.72337e+10  1.70798e+10  1.71841e+10  4.44407e+07  1.58249e+08 -2.24568e+08
  300.00 -7.29129  1.73758e+10  1.72176e+10  1.73505e+10  9.77150e+07  2.08985e+08 -2.80082e+08
  300.00 -7.27928  1.72819e+10  1.71249e+10  1.72798e+10  1.39133e+08  2.44409e+08 -3.19078e+08
  300.00 -7.26727  1.70200e+10  1.68697e+10  1.70362e+10  1.63002e+08  2.59539e+08 -3.37461e+08
  300.00 -7.25526  1.66388e+10  1.64999e+10  1.66674e+10  1.69194e+08  2.54932e+08 -3.36522e+08
  300.00 -7.24324  1.61750e+10  1.60502e+10  1.62106e+10  1.62544e+08  2.36037e+08 -3.22054e+08
  300.00 -7.23123  1.56650e+10  1.55546e+10  1.57036e+10  1.50607e+08  2.10912e+08 -3.02060e+08
  300.00 -7.21922  1.51517e+10  1.50538e+10  1.51900e+10  1.40949e+08  1.87483e+08 -2.84144e+08
  300.00 -7.20721  1.46818e+10  1.45926e+10  1.47159e+10  1.39124e+08  1.71495e+08 -2.73622e+08
  300.00 -7.19520  1.42970e+10  1.42117e+10  1.43224e+10  1.47840e+08  1.65722e+08 -2.72819e+08
  300.00 -7.18318  1.40266e+10  1.39407e+10  1.40381e+10  1.67118e+08  1.70212e+08 -2.81355e+08
  300.00 -7.17117  1.38849e+10  1.37952e+10  1.38780e+10  1.94923e+08  1.83048e+08 -2.96901e+08
  300.00 -7.15916  1.38733e+10  1.37788e+10  1.38452e+10  2.27850e+08  2.01147e+08 -3.15983e+08
  300.00 -7.14715  1.39854e+10  1.38879e+10  1.39367e+10  2.61718e+08  2.20928e+08 -3.34666e+08
  300.00 -7.13514  1.42114e+10  1.41160e+10  1.41471e+10  2.92065e+08  2.38800e+08 -3.49041e+08
  300.00 -7.12312  1.45406e+10  1.44550e+10  1.44695e+10  3.14587e+08  2.51504e+08 -3.55528e+08
  300.00 -7.11111  1.49605e+10  1.48941e+10  1.48951e+10  3.25566e+08  2.56336e+08 -3.51055e+08
  300.00 -7.09910  1.54557e+10  1.54182e+10  1.54104e+10  3.22334e+08  2.51313e+08 -3.33250e+08
  300.00 -7.08709  1.60075e+10  1.60074e+10  1.59969e+10  3.03749e+08  2.35311e+08 -3.00745e+08
  300.00 -7.07508  1.65954e+10  1.66385e+10  1.66327e+10  2.70531e+08  2.08141e+08 -2.53498e+08
  300.00 -7.06306  1.71992e+10  1.72874e+10  1.72940e+10  2.25242e+08  1.70483e+08 -1.92897e+08
  300.00 -7.05105  1.77998e+10  1.79306e+10  1.79558e+10  1.71797e+08  1.23736e+08 -1.21543e+08
  300.00 -7.03904  1.83785e+10  1.85454e+10  1.85919e+10  1.14668e+08  6.99549e+07 -4.29494e+07
  300.00 -7.02703  1.89153e+10  1.91091e+10  1.91747e+10  5.81037e+07  1.19706e+07  3.86187e+07
  300.00 -7.01502  1.93900e+10  1.96006e+10  1.96778e+10  5.66436e+06 -4.64677e+07  1.18226e+08
  300.00 -7.00300  1.97844e+10  2.00025e+10  2.00795e+10 -3.98106e+07 -1.00797e+08  1.90576e+08
  300.00 -6.99099  2.00857e+10  2.03031e+10  2.03667e+10 -7.59053e+07 -1.46083e+08  2.50571e+08
  300.00 -6.97898  2.02888e+10  2.04991e+10  2.05373e+10 -1.00269e+08 -1.77607e+08  2.93792e+08
  300.00 -6.96697  2.03981e+10  2.05957e+10  2.06005e+10 -1.10464e+08 -1.91383e+08  3.16599e+08
  300.00 -6.95495  2.04269e+10  2.06063e+10  2.05748e+10 -1.04148e+08 -1.84488e+08  3.15942e+08
  300.00 -6.94294  2.03939e+10  2.05494e+10  2.04838e+10 -7.95680e+07 -1.55329e+08  2.89340e+08
  300.00 -6.93093  2.03191e+10  2.04445e+10  2.03509e+10 -3.61905e+07 -1.03962e+08  2.35356e+08
  300.00 -6.91892  2.02181e+10  2.03075e+10  2.01944e+10  2.47401e+07 -3.24449e+07  1.54547e+08
  300.00 -6.90691  2.00989e+10  2.01472e+10  2.00235e+10  9.98709e+07  5.49023e+07  5.04192e+07
  300.00 -6.89489  1.99596e+10  1.99635e+10  1.98378e+10  1.83736e+08  1.51564e+08 -7.01588e+07
  300.00 -6.88288  1.97887e+10  1.97470e+10  1.96266e+10  2.69097e+08  2.49344e+08 -1.97436e+08
  300.00 -6.87087  1.95665e+10  1.94807e+10  1.93714e+10  3.47634e+08  3.39317e+08 -3.20097e+08
  300.00 -6.85886  1.92684e+10  1.91430e+10  1.90493e+10  4.10951e+08  4.13052e+08 -4.27000e+08
  300.00 -6.84685  1.88708e+10  1.87125e+10  1.86375e+10  4.51863e+08  4.63864e+08 -5.08823e+08
  300.00 -6.83483  1.83573e+10  1.81744e+10  1.81195e+10  4.65729e+08  4.87817e+08 -5.59263e+08
  300.00 -6.82282  1.77248e+10  1.75265e+10  1.74908e+10  4.51420e+08  4.84220e+08 -5.75757e+08
  300.00 -6.81081  1.69860e+10  1.67819e+10  1.67619e+10  4.11546e+08  4.55498e+08 -5.59718e+08
  300.00 -6.79880  1.61680e+10  1.59663e+10  1.59562e+10  3.51872e+08  4.06541e+08 -5.16163e+08
  300.00 -6.78679  1.53058e+10  1.51131e+10  1.51063e+10  2.80171e+08  3.43801e+08 -4.52712e+08
  300.00 -6.77477  1.44368e+10  1.42574e+10  1.42477e+10  2.04921e+08  2.74411e+08 -3.78204e+08
  300.00 -6.76276  1.35961e+10  1.34322e+10  1.34152e+10  1.34095e+08  2.05433e+08 -3.01399e+08
  300.00 -6.75075  1.28162e+10  1.26683e+10  1.26418e+10  7.42686e+07  1.43262e+08 -2.30029e+08
  300.00 -6.73874  1.21272e+10  1.19945e+10  1.19589e+10  3.00403e+07  9.31016e+07 -1.70195e+08
  300.00 -6.72673  1.15582e+10  1.14391e+10  1.13961e+10  3.76006e+06  5.85108e+07 -1.25987e+08
  300.00 -6.71471  1.11352e+10  1.10277e+10  1.09800e+10 -4.50652e+06  4.10502e+07 -9.92641e+07
  300.00 -6.70270  1.08783e+10  1.07806e+10  1.07306e+10  3.19643e+06  4.01239e+07 -8.95944e+07
  300.00 -6.69069  1.07970e+10  1.07076e+10  1.06572e+10  2.30353e+07  5.30402e+07 -9.43802e+07
  300.00 -6.67868  1.08859e+10  1.08043e+10  1.07543e+10  4.97977e+07  7.52660e+07 -1.09133e+08
  300.00 -6.66667  1.11227e+10  1.10494e+10  1.09998e+10  7.74234e+07  1.00887e+08 -1.27932e+08
  300.00 -6.65465  1.14694e+10  1.14061e+10  1.13565e+10  9.97756e+07  1.23370e+08 -1.44175e+08
  300.00 -6.64264  1.18772e+10  1.18269e+10  1.17768e+10  1.11683e+08  1.36668e+08 -1.51672e+08
  300.00 -6.63063  1.22944e+10  1.22607e+10  1.22098e+10  1.10015e+08  1.36416e+08 -1.45909e+08
  300.00 -6.61862  1.26733e+10  1.26599e+10  1.26085e+10  9.43435e+07  1.20827e+08 -1.25024e+08
  300.00 -6.60661  1.29766e+10  1.29861e+10  1.29347e+10  6.69072e+07  9.09552e+07 -9.01554e+07
  300.00 -6.59459  1.31808e+10  1.32140e+10  1.31634e+10  3.19113e+07  5.03518e+07 -4.50585e+07
  300.00 -6.58258  1.32778e+10  1.33335e+10  1.32844e+10 -5.49611e+06  4.31867e+06  4.76973e+06
  300.00 -6.57057  1.32743e+10  1.33493e+10  1.33021e+10 -4.02215e+07 -4.10314e+07  5.31744e+07
  300.00 -6.55856  1.31883e+10  1.32777e+10  1.32331e+10 -6.79700e+07 -7.97537e+07  9.43795e+07
  300.00 -6.54655  1.30436e+10  1.31419e+10  1.31004e+10 -8.56754e+07 -1.06953e+08  1.23823e+08
  300.00 -6.53453  1.28647e+10  1.29664e+10  1.29289e+10 -9.16729e+07 -1.19451e+08  1.38708e+08
  300.00 -6.52252  1.26727e+10  1.27730e+10  1.27402e+10 -8.57175e+07 -1.16170e+08  1.38254e+08
  300.00 -6.51051  1.24820e+10  1.25769e+10  1.25494e+10 -6.89179e+07 -9.82229e+07  1.23666e+08
  300.00 -6.49850  1.22991e+10  1.23860e+10  1.23636e+10 -4.35931e+07 -6.87139e+07  9.78637e+07
  300.00 -6.48649  1.21228e+10  1.22002e+10  1.21820e+10 -1.30119e+07 -3.22654e+07  6.50018e+07
  300.00 -6.47447  1.19460e+10  1.20138e+10  1.19978e+10  1.90224e+07  5.71391e+06  2.98178e+07
  300.00 -6.46246  1.17594e+10  1.18185e+10  1.18021e+10  4.87233e+07  3.99431e+07 -3.12430e+06
  300.00 -6.45045  1.15546e+10  1.16068e+10  1.15871e+10  7.29208e+07  6.62080e+07 -3.01789e+07
  300.00 -6.43844  1.13266e+10  1.13742e+10  1.13486e+10  8.95666e+07  8.21022e+07 -4.91885e+07
  300.00 -6.42643  1.10738e+10  1.11192e+10  1.10865e+10  9.80058e+07  8.73582e+07 -5.97276e+07
  300.00 -6.41441  1.07965e+10  1.08415e+10  1.08022e+10  9.89390e+07  8.36608e+07 -6.29451e+07
  300.00 -6.40240  1.04947e+10  1.05399e+10  1.04973e+10  9.40866e+07  7.39813e+07 -6.10326e+07
  300.00 -6.39039  1.01669e+10  1.02119e+10  1.01718e+10  8.56593e+07  6.16273e+07 -5.64681e+07
  300.00 -6.37838  9.81178e+09  9.85475e+09  9.82504e+09  7.57977e+07  4.93229e+07 -5.12963e+07
  300.00 -6.36637  9.42883e+09  9.46727e+09  9.45656e+09  6.61518e+07  3.86606e+07 -4.67237e+07
  300.00 -6.35435  9.02008e+09  9.05110e+09  9.06705e+09  5.76914e+07  3.01021e+07 -4.31460e+07
  300.00 -6.34234  8.59028e+09  8.61108e+09  8.65888e+09  5.07363e+07  2.34070e+07 -4.04644e+07
  300.00 -6.33033  8.14671e+09  8.15507e+09  8.23647e+09  4.51368e+07  1.81656e+07 -3.84267e+07
  300.00 -6.31832  7.69857e+09  7.69327e+09  7.80647e+09  4.05244e+07  1.41468e+07 -3.68261e+07
  300.00 -6.30631  7.25593e+09  7.23699e+09  7.37710e+09  3.65585e+07  1.13717e+07 -3.55588e+07
  300.00 -6.29429  6.82785e+09  6.79663e+09  6.95660e+09  3.30878e+07  1.00001e+07 -3.46106e+07
  300.00 -6.28228  6.42049e+09  6.37952e+09  6.55100e+09  3.01816e+07  1.01625e+07 -3.40223e+07
  300.00 -6.27027  6.03594e+09  5.98859e+09  6.16272e+09  2.80460e+07  1.18360e+07 -3.38429e+07
  300.00 -6.25826  5.67235e+09  5.62236e+09  5.79041e+09  2.68997e+07  1.48070e+07 -3.40841e+07
  300.00 -6.24625  5.32501e+09  5.27608e+09  5.42996e+09  2.68747e+07  1.87169e+07 -3.46920e+07
  300.00 -6.23423  4.98795e+09  4.94326e+09  5.07614e+09  2.79674e+07  2.31506e+07 -3.55447e+07
  300.00 -6.22222  4.65533e+09  4.61720e+09  4.72402e+09  3.00313e+07  2.77151e+07 -3.64661e+07
  300.00 -6.21021  4.32255e+09  4.29231e+09  4.37022e+09  3.27896e+07  3.20778e+07 -3.72463e+07
  300.00 -6.19820  3.98714e+09  3.96509e+09  4.01367e+09  3.58631e+07  3.59661e+07 -3.76637e+07
  300.00 -6.18619  3.64921e+09  3.63478e+09  3.65598e+09  3.88087e+07  3.91482e+07 -3.75075e+07
  300.00 -6.17417  3.31129e+09  3.30328e+09  3.30102e+09  4.11699e+07  4.14165e+07 -3.65977e+07
  300.00 -6.16216  2.97763e+09  2.97449e+09  2.95395e+09  4.25301e+07  4.25797e+07 -3.47967e+07
  300.00 -6.15015  2.65294e+09  2.65304e+09  2.61987e+09  4.25627e+07  4.24690e+07 -3.20190e+07
  300.00 -6.13814  2.34126e+09  2.34311e+09  2.30264e+09  4.10696e+07  4.09577e+07 -2.82424e+07
  300.00 -6.12613  2.04534e+09  2.04771e+09  2.00442e+09  3.80077e+07  3.79946e+07 -2.35277e+07
  300.00 -6.11411  1.76662e+09  1.76861e+09  1.72583e+09  3.35022e+07  3.36439e+07 -1.80421e+07
  300.00 -6.10210  1.50573e+09  1.50681e+09  1.46670e+09  2.78448e+07  2.81198e+07 -1.20748e+07
  300.00 -6.09009  1.26314e+09  1.26307e+09  1.22683e+09  2.14711e+07  2.17967e+07 -6.02906e+06
  300.00 -6.07808  1.03957e+09  1.03832e+09  1.00646e+09  1.49130e+07  1.51798e+07 -3.78856e+05
  300.00 -6.06607  8.35925e+08  8.33622e+08  8.06250e+08  8.72660e+06  8.83764e+06  4.40250e+06
  300.00 -6.05405  6.53129e+08  6.49983e+08  6.26988e+08  3.41185e+06  3.31023e+06  7.92541e+06
  300.00 -6.04204  4.91796e+08  4.88049e+08  4.69244e+08 -6.59815e+05 -9.78558e+05  9.95329e+06
  300.00 -6.03003  3.52172e+08  3.48080e+08  3.33240e+08 -3.29153e+06 -3.78197e+06  1.04407e+07
  300.00 -6.01802  2.34352e+08  2.30193e+08  2.19052e+08 -4.47636e+06 -5.05531e+06  9.53683e+06
  300.00 -6.00601  1.38700e+08  1.34801e+08  1.27039e+08 -4.38615e+06 -4.94921e+06  7.56172e+06
  300.00 -5.99399  6.62867e+07  6.30625e+07  5.83021e+07 -3.34193e+06 -3.78193e+06  4.96593e+06
  300.00 -5.98198  1.91542e+07  1.71341e+07  1.49592e+07 -1.77148e+06 -1.99834e+06  2.28002e+06
  300.00 -5.96997  2.75773e+05  1.08640e+05  1.01899e+05 -1.56610e+05 -1.18051e+05  5.71115e+04
  300.00 -5.95796  1.32390e+07  1.56645e+07  1.74466e+07  1.02693e+06  1.32572e+06 -1.18742e+06
  300.00 -5.94595  6.17729e+07  6.75568e+07  7.08107e+07  1.36926e+06  1.85149e+06 -1.03079e+06
  300.00 -5.93393  1.49307e+08  1.59148e+08  1.63613e+08  5.74427e+05  1.08864e+06  8.18438e+05
  300.00 -5.92192  2.78718e+08  2.93136e+08  2.98568e+08 -1.51431e+06 -1.18140e+06  4.50548e+06
  300.00 -5.90991  4.52315e+08  4.71541e+08  4.77647e+08 -4.91644e+06 -5.01033e+06  1.00388e+07
  300.00 -5.89790  6.72007e+08  6.95879e+08  7.02246e+08 -9.53944e+06 -1.02955e+07  1.73167e+07
  300.00 -5.88589  9.39525e+08  9.67415e+08  9.73465e+08 -1.52164e+07 -1.68148e+07  2.61601e+07
  300.00 -5.87387  1.25663e+09  1.28741e+09  1.29240e+09 -2.17439e+07 -2.42775e+07  3.63438e+07
  300.00 -5.86186  1.62534e+09  1.65738e+09  1.66052e+09 -2.89112e+07 -3.23829e+07  4.76217e+07
  300.00 -5.84985  2.04829e+09  2.07959e+09  2.08017e+09 -3.65165e+07 -4.08812e+07  5.97482e+07
  300.00 -5.83784  2.52947e+09  2.55778e+09  2.55546e+09 -4.43726e+07 -4.96261e+07  7.24961e+07
  300.00 -5.82583  3.07523e+09  3.09835e+09  3.09336e+09 -5.23023e+07 -5.86056e+07  8.56676e+07
  300.00 -5.81381  3.69552e+09  3.71153e+09  3.70493e+09 -6.01264e+07 -6.79372e+07  9.90917e+07
  300.00 -5.80180  4.40473e+09  4.41230e+09  4.40603e+09 -6.76434e+07 -7.78186e+07  1.12599e+08
  300.00 -5.78979  5.22179e+09  5.22038e+09  5.21715e+09 -7.46027e+07 -8.84408e+07  1.25971e+08
  300.00 -5.77778  6.16895e+09  6.15893e+09  6.16187e+09 -8.06756e+07 -9.98754e+07  1.38887e+08
  300.00 -5.76577  7.26890e+09  7.25150e+09  7.26367e+09 -8.54408e+07 -1.11950e+08  1.50869e+08
  300.00 -5.75375  8.54018e+09  8.51720e+09  8.54087e+09 -8.84103e+07 -1.24137e+08  1.61284e+08
  300.00 -5.74174  9.99097e+09  9.96421e+09  9.99999e+09 -8.91344e+07 -1.35503e+08  1.69384e+08
  300.00 -5.72973  1.16126e+10  1.15832e+10  1.16290e+10 -8.74013e+07 -1.44794e+08  1.74402e+08
  300.00 -5.71772  1.33752e+10  1.33430e+10  1.33930e+10 -8.34669e+07 -1.50683e+08  1.75643e+08
  300.00 -5.70571  1.52273e+10  1.51906e+10  1.52350e+10 -7.81576e+07 -1.52076e+08  1.72530e+08
  300.00 -5.69369  1.71019e+10  1.70576e+10  1.70835e+10 -7.26848e+07 -1.48349e+08  1.64598e+08
  300.00 -5.68168  1.89251e+10  1.88701e+10  1.88641e+10 -6.81771e+07 -1.39394e+08  1.51495e+08
  300.00 -5.66967  2.06275e+10  2.05599e+10  2.05115e+10 -6.51558e+07 -1.25505e+08  1.33013e+08
  300.00 -5.65766  2.21531e+10  2.20733e+10  2.19777e+10 -6.32908e+07 -1.07229e+08  1.09202e+08
  300.00 -5.64565  2.34652e+10  2.33756e+10  2.32346e+10 -6.16350e+07 -8.53500e+07  8.05390e+07
  300.00 -5.63363  2.45460e+10  2.44505e+10  2.42712e+10 -5.91958e+07 -6.09653e+07  4.80977e+07
  300.00 -5.62162  2.53931e+10  2.52958e+10  2.50888e+10 -5.54371e+07 -3.54952e+07  1.35632e+07
  300.00 -5.60961  2.60146e+10  2.59188e+10  2.56957e+10 -5.03943e+07 -1.04736e+07 -2.10308e+07
  300.00 -5.59760  2.64247e+10  2.63328e+10  2.61048e+10 -4.44160e+07  1.28251e+07 -5.37734e+07
  300.00 -5.58559  2.66421e+10  2.65549e+10  2.63315e+10 -3.77727e+07  3.37314e+07 -8.33531e+07
  300.00 -5.57357  2.66874e+10  2.66047e+10  2.63929e+10 -3.03500e+07  5.23423e+07 -1.09342e+08
  300.00 -5.56156  2.65808e+10  2.65014e+10  2.63056e+10 -2.15180e+07  6.94590e+07 -1.32211e+08
  300.00 -5.54955  2.63373e+10  2.62597e+10  2.60820e+10 -1.01810e+07  8.63495e+07 -1.53110e+08
  300.00 -5.53754  2.59616e+10  2.58842e+10  2.57251e+10  5.00914e+06  1.04408e+08 -1.73503e+08
  300.00 -5.52553  2.54428e+10  2.53645e+10  2.52238e+10  2.52942e+07  1.24773e+08 -1.94734e+08
  300.00 -5.51351  2.47519e+10  2.46724e+10  2.45497e+10  5.13459e+07  1.47954e+08 -2.17623e+08
  300.00 -5.50150  2.38438e+10  2.37641e+10  2.36592e+10  8.27998e+07  1.73532e+08 -2.42129e+08
  300.00 -5.48949  2.26654e+10  2.25873e+10  2.25007e+10  1.17946e+08  2.00018e+08 -2.67173e+08
  300.00 -5.47748  2.11691e+10  2.10955e+10  2.10276e+10  1.53744e+08  2.24951e+08 -2.90672e+08
  300.00 -5.46547  1.93295e+10  1.92635e+10  1.92149e+10  1.86229e+08  2.45265e+08 -3.09794e+08
  300.00 -5.45345  1.71577e+10  1.71021e+10  1.70728e+10  2.11222e+08  2.57848e+08 -3.21404e+08
  300.00 -5.44144  1.47089e+10  1.46658e+10  1.46546e+10  2.25128e+08  2.60131e+08 -3.22586e+08
  300.00 -5.42943  1.20806e+10  1.20510e+10  1.20554e+10  2.25590e+08  2.50571e+08 -3.11155e+08
  300.00 -5.41742  9.40282e+09  9.38634e+09  9.40242e+09  2.11896e+08  2.28932e+08 -2.86106e+08
  300.00 -5.40541  6.82275e+09  6.81759e+09  6.84049e+09  1.85140e+08  1.96406e+08 -2.47980e+08
  300.00 -5.39339  4.48979e+09  4.49300e+09  4.51765e+09  1.48174e+08  1.55592e+08 -1.99092e+08
  300.00 -5.38138  2.54226e+09  2.55015e+09  2.57202e+09  1.05376e+08  1.10348e+08 -1.43553e+08
  300.00 -5.36937  1.09654e+09  1.10515e+09  1.12093e+09  6.21537e+07  6.54376e+07 -8.69384e+07
  300.00 -5.35736  2.37176e+08  2.42799e+08  2.50540e+08  2.41644e+07  2.59178e+07 -3.55751e+07
  300.00 -5.34535  6.86745e+06  6.36071e+06  5.38642e+06 -3.67517e+06 -3.70344e+06  4.51399e+06
  300.00 -5.33333  3.97113e+08  3.88034e+08  3.78619e+08 -1.81735e+07 -2.03572e+07  2.87558e+07
  300.00 -5.32132  1.34212e+09  1.32259e+09  1.30580e+09 -1.85350e+07 -2.30706e+07  3.49447e+07
  300.00 -5.30931  2.71940e+09  2.68777e+09  2.66568e+09 -6.45391e+06 -1.31208e+07  2.36260e+07
  300.00 -5.29730  4.35904e+09  4.31353e+09  4.28980e+09  1.44462e+07  6.41057e+06 -2.16746e+06
  300.00 -5.28529  6.06092e+09  5.99968e+09  5.98005e+09  3.96423e+07  3.15075e+07 -3.76774e+07
  300.00 -5.27327  7.61681e+09  7.53887e+09  7.53085e+09  6.48355e+07  5.81348e+07 -7.73758e+07
  300.00 -5.26126  8.83434e+09  8.74125e+09  8.75271e+09  8.67842e+07  8.28497e+07 -1.15859e+08
  300.00 -5.24925  9.56067e+09  9.45812e+09  9.49470e+09  1.03611e+08  1.03043e+08 -1.48581e+08
  300.00 -5.23724  9.70360e+09  9.60152e+09  9.66406e+09  1.14569e+08  1.17009e+08 -1.72362e+08
  300.00 -5.22523  9.24615e+09  9.15667e+09  9.23994e+09  1.19479e+08  1.23990e+08 -1.85514e+08
  300.00 -5.21321  8.25042e+09  8.18439e+09  8.27810e+09  1.18260e+08  1.24121e+08 -1.87588e+08
  300.00 -5.20120  6.84940e+09  6.81324e+09  6.90517e+09  1.10915e+08  1.18158e+08 -1.79034e+08
  300.00 -5.18919  5.22766e+09  5.22166e+09  5.30141e+09  9.79011e+07  1.07057e+08 -1.61034e+08
  300.00 -5.17718  3.59200e+09  3.61031e+09  3.67200e+09  8.04209e+07  9.16550e+07 -1.35415e+08
  300.00 -5.16517  2.13616e+09  2.16824e+09  2.21100e+09  6.02935e+07  7.26330e+07 -1.04499e+08
  300.00 -5.15315  1.00841e+09  1.04168e+09  1.06799e+09  3.95066e+07  5.07873e+07 -7.09004e+07
  300.00 -5.14114  2.92699e+08  3.15639e+08  3.28855e+08  1.98152e+07  2.73999e+07 -3.73729e+07
  300.00 -5.12913  8.15191e+06  1.29921e+07  1.56823e+07  2.58383e+06  4.43822e+06 -6.68241e+06
  300.00 -5.11712  1.23437e+08  1.07583e+08  1.01586e+08 -1.11817e+07 -1.55941e+07  1.85969e+07
  300.00 -5.10511  5.76959e+08  5.42976e+08  5.30767e+08 -2.07769e+07 -3.01479e+07  3.64094e+07
  300.00 -5.09309  1.29411e+09  1.24851e+09  1.23467e+09 -2.58300e+07 -3.73057e+07  4.56042e+07
  300.00 -5.08108  2.19708e+09  2.14847e+09  2.14010e+09 -2.64149e+07 -3.64066e+07  4.62251e+07
  300.00 -5.06907  3.20804e+09  3.16511e+09  3.17086e+09 -2.31131e+07 -2.83397e+07  3.95301e+07
  300.00 -5.05706  4.24956e+09  4.21941e+09  4.24766e+09 -1.68822e+07 -1.52860e+07  2.76493e+07
  300.00 -5.04505  5.24618e+09  5.23337e+09  5.29053e+09 -8.74280e+06  4.77906e+04  1.29686e+07
  300.00 -5.03303  6.12831e+09  6.13468e+09  6.22433e+09  5.15338e+05  1.53306e+07 -2.50642e+06
  300.00 -5.02102  6.83768e+09  6.86275e+09  6.98564e+09  1.04263e+07  2.91864e+07 -1.75422e+07
  300.00 -5.00901  7.33263e+09  7.37426e+09  7.52885e+09  2.07714e+07  4.12570e+07 -3.17137e+07
  300.00 -4.99700  7.59262e+09  7.64767e+09  7.83065e+09  3.14936e+07  5.18981e+07 -4.51731e+07
  300.00 -4.98498  7.62101e+09  7.68584e+09  7.89255e+09  4.26673e+07  6.17665e+07 -5.83130e+07
  300.00 -4.97297  7.44445e+09  7.51530e+09  7.73998e+09  5.44401e+07  7.14554e+07 -7.14588e+07
  300.00 -4.96096  7.10734e+09  7.18068e+09  7.41673e+09  6.68740e+07  8.12189e+07 -8.46559e+07
  300.00 -4.94895  6.66183e+09  6.73463e+09  6.97488e+09  7.97367e+07  9.08072e+07 -9.75728e+07
  300.00 -4.93694  6.15643e+09  6.22633e+09  6.46338e+09  9.23635e+07  9.94441e+07 -1.09506e+08
  300.00 -4.92492  5.62721e+09  5.69261e+09  5.91911e+09  1.03668e+08  1.05953e+08 -1.19444e+08
  300.00 -4.91291  5.09419e+09  5.15427e+09  5.36325e+09  1.12307e+08  1.09018e+08 -1.26180e+08
  300.00 -4.90090  4.56340e+09  4.61803e+09  4.80321e+09  1.16974e+08  1.07538e+08 -1.28517e+08
  300.00 -4.88889  4.03257e+09  4.08208e+09  4.23834e+09  1.16740e+08  1.01002e+08 -1.25564e+08
  300.00 -4.87688  3.49737e+09  3.54205e+09  3.66587e+09  1.11309e+08  8.97142e+07 -1.17044e+08
  300.00 -4.86486  2.95544e+09  2.99488e+09  3.08473e+09  1.01098e+08  7.47833e+07 -1.03452e+08
  300.00 -4.85285  2.40763e+09  2.44041e+09  2.49692e+09  8.71378e+07  5.79106e+07 -8.60311e+07
  300.00 -4.84084  1.85870e+09  1.88269e+09  1.90890e+09  7.08669e+07  4.10769e+07 -6.65848e+07
  300.00 -4.82883  1.31980e+09  1.33339e+09  1.33504e+09  5.38230e+07  2.61447e+07 -4.71660e+07
  300.00 -4.81682  8.13966e+08  8.17608e+08  8.03327e+08  3.72929e+07  1.44115e+07 -2.96573e+07
  300.00 -4.80480  3.82304e+08  3.79394e+08  3.60194e+08  2.21068e+07  6.31563e+06 -1.53934e+07
  300.00 -4.79279  8.67372e+07  8.29980e+07  7.06333e+07  8.81453e+06  1.57063e+06 -5.04975e+06
  300.00 -4.78078  4.85418e+06  6.30415e+06  1.10177e+07 -1.80215e+06 -2.54404e+05  1.10427e+06
  300.00 -4.76877  2.15429e+08  2.26044e+08  2.54812e+08 -8.33536e+06  8.78053e+05  2.80769e+06
  300.00 -4.75676  7.77996e+08  7.98435e+08  8.54651e+08 -8.97832e+06  5.56608e+06 -3.08775e+05
  300.00 -4.74474  1.71448e+09  1.74248e+09  1.82701e+09 -2.39955e+06  1.43688e+07 -8.34865e+06
  300.00 -4.73273  3.00151e+09  3.03351e+09  3.14612e+09  1.12892e+07  2.69548e+07 -2.05879e+07
  300.00 -4.72072  4.57690e+09  4.60973e+09  4.74999e+09  3.01608e+07  4.16839e+07 -3.52762e+07
  300.00 -4.70871  6.35573e+09  6.38762e+09  6.55478e+09  5.09602e+07  5.59369e+07 -5.00305e+07
  300.00 -4.69670  8.24722e+09  8.27783e+09  8.47029e+09  7.01359e+07  6.69222e+07 -6.25518e+07
  300.00 -4.68468  1.01660e+10  1.01958e+10  1.04106e+10  8.48554e+07  7.24568e+07 -7.12330e+07
  300.00 -4.67267  1.20369e+10  1.20660e+10  1.22987e+10  9.36237e+07  7.14161e+07 -7.54322e+07
  300.00 -4.66066  1.37953e+10  1.38232e+10  1.40686e+10  9.64312e+07  6.38433e+07 -7.54455e+07
  300.00 -4.64865  1.53882e+10  1.54127e+10  1.56657e+10  9.45384e+07  5.08587e+07 -7.23275e+07
  300.00 -4.63664  1.67750e+10  1.67926e+10  1.70481e+10  9.00394e+07  3.44952e+07 -6.76806e+07
  300.00 -4.62462  1.79280e+10  1.79344e+10  1.81874e+10  8.53199e+07  1.75020e+07 -6.34594e+07
  300.00 -4.61261  1.88320e+10  1.88228e+10  1.90666e+10  8.25075e+07  3.07280e+06 -6.17725e+07
  300.00 -4.60060  1.94806e+10  1.94532e+10  1.96778e+10  8.30182e+07 -5.59936e+06 -6.46115e+07
  300.00 -4.58859  1.98751e+10  1.98292e+10  2.00203e+10  8.73083e+07 -5.98767e+06 -7.34428e+07
  300.00 -4.57658  2.00250e+10  1.99630e+10  2.01040e+10  9.49049e+07  3.01127e+06 -8.86891e+07
  300.00 -4.56456  1.99529e+10  1.98789e+10  1.99545e+10  1.04668e+08  2.05501e+07 -1.09310e+08
  300.00 -4.55255  1.96989e+10  1.96168e+10  1.96185e+10  1.15112e+08  4.38655e+07 -1.32799e+08
  300.00 -4.54054  1.93202e+10  1.92324e+10  1.91611e+10  1.24648e+08  6.89743e+07 -1.55791e+08
  300.00 -4.52853  1.88827e+10  1.87907e+10  1.86560e+10  1.31806e+08  9.18187e+07 -1.75108e+08
  300.00 -4.51652  1.84522e+10  1.83572e+10  1.81738e+10  1.35548e+08  1.09446e+08 -1.88773e+08
  300.00 -4.50450  1.80890e+10  1.79936e+10  1.77762e+10  1.35617e+08  1.20760e+08 -1.96494e+08
  300.00 -4.49249  1.78515e+10  1.77597e+10  1.75194e+10  1.32647e+08  1.26536e+08 -1.99423e+08
  300.00 -4.48048  1.78012e+10  1.77185e+10  1.74608e+10  1.27899e+08  1.28742e+08 -1.99418e+08
  300.00 -4.46847  1.80055e+10  1.79379e+10  1.76632e+10  1.22758e+08  1.29571e+08 -1.98206e+08
  300.00 -4.45646  1.85309e+10  1.84844e+10  1.81895e+10  1.18292e+08  1.30652e+08 -1.96775e+08
  300.00 -4.44444  1.94309e+10  1.94116e+10  1.90913e+10  1.15053e+08  1.32694e+08 -1.95101e+08
  300.00 -4.43243  2.07338e+10  2.07470e+10  2.03961e+10  1.13061e+08  1.35511e+08 -1.92198e+08
  300.00 -4.42042  2.24380e+10  2.24880e+10  2.21030e+10  1.11896e+08  1.38296e+08 -1.86422e+08
  300.00 -4.40841  2.45208e+10  2.46095e+10  2.41904e+10  1.10834e+08  1.40005e+08 -1.75983e+08
  300.00 -4.39640  2.69572e+10  2.70834e+10  2.66346e+10  1.08991e+08  1.39684e+08 -1.59462e+08
  300.00 -4.38438  2.97425e+10  2.99017e+10  2.94323e+10  1.05329e+08  1.36528e+08 -1.36034e+08
  300.00 -4.37237  3.29102e+10  3.30940e+10  3.26175e+10  9.85096e+07  1.29614e+08 -1.05247e+08
  300.00 -4.36036  3.65353e+10  3.67325e+10  3.62659e+10  8.67954e+07  1.17578e+08 -6.66068e+07
  300.00 -4.34835  4.07226e+10  4.09205e+10  4.04825e+10  6.82627e+07  9.85851e+07 -1.94055e+07
  300.00 -4.33634  4.55813e+10  4.57667e+10  4.53772e+10  4.13456e+07  7.06937e+07  3.69764e+07
  300.00 -4.32432  5.11918e+10  5.13527e+10  5.10311e+10  5.39082e+06  3.23617e+07  1.02508e+08
  300.00 -4.31231  5.75724e+10  5.76981e+10  5.74631e+10 -3.91438e+07 -1.72419e+07  1.76118e+08
  300.00 -4.30030  6.46527e+10  6.47345e+10  6.46029e+10 -9.09445e+07 -7.82524e+07  2.55792e+08
  300.00 -4.28829  7.22639e+10  7.22949e+10  7.22807e+10 -1.48275e+08 -1.50238e+08  3.39018e+08
  300.00 -4.27628  8.01498e+10  8.01253e+10  8.02389e+10 -2.09177e+08 -2.32050e+08  4.23102e+08
  300.00 -4.26426  8.79973e+10  8.79158e+10  8.81634e+10 -2.71245e+08 -3.21213e+08  5.04885e+08
  300.00 -4.25225  9.54769e+10  9.53408e+10  9.57237e+10 -3.31242e+08 -4.13187e+08  5.80088e+08
  300.00 -4.24024  1.02281e+11  1.02097e+11  1.02612e+11 -3.85015e+08 -5.01272e+08  6.43071e+08
  300.00 -4.22823  1.08155e+11  1.07934e+11  1.08570e+11 -4.28089e+08 -5.77666e+08  6.87746e+08
  300.00 -4.21622  1.12907e+11  1.12664e+11  1.13406e+11 -4.56829e+08 -6.35427e+08  7.09434e+08
  300.00 -4.20420  1.16413e+11  1.16163e+11  1.16990e+11 -4.69586e+08 -6.70340e+08  7.06598e+08
  300.00 -4.19219  1.18597e+11  1.18356e+11  1.19243e+11 -4.67226e+08 -6.81736e+08  6.81392e+08
  300.00 -4.18018  1.19407e+11  1.19190e+11  1.20111e+11 -4.52859e+08 -6.72113e+08  6.38875e+08
  300.00 -4.16817  1.18790e+11  1.18607e+11  1.19537e+11 -4.31146e+08 -6.46083e+08  5.85566e+08
  300.00 -4.15616  1.16667e+11  1.16527e+11  1.17446e+11 -4.07502e+08 -6.09218e+08  5.28016e+08
  300.00 -4.14414  1.12950e+11  1.12856e+11  1.13746e+11 -3.87150e+08 -5.66922e+08  4.71581e+08
  300.00 -4.13213  1.07573e+11  1.07525e+11  1.08371e+11 -3.73863e+08 -5.23338e+08  4.19429e+08
  300.00 -4.12012  1.00557e+11  1.00550e+11  1.01342e+11 -3.68694e+08 -4.80582e+08  3.72125e+08
  300.00 -4.10811  9.20794e+10  9.21046e+10  9.28314e+10 -3.69453e+08 -4.38781e+08  3.28270e+08
  300.00 -4.09610  8.25048e+10  8.25517e+10  8.32018e+10 -3.71497e+08 -3.96969e+08  2.86014e+08
  300.00 -4.08408  7.23588e+10  7.24157e+10  7.29781e+10 -3.69547e+08 -3.54206e+08  2.44449e+08
  300.00 -4.07207  6.22290e+10  6.22852e+10  6.27510e+10 -3.59512e+08 -3.10165e+08  2.03920e+08
  300.00 -4.06006  5.26372e+10  5.26853e+10  5.30498e+10 -3.39490e+08 -2.65080e+08  1.65331e+08
  300.00 -4.04805  4.39410e+10  4.39773e+10  4.42416e+10 -3.09835e+08 -2.19503e+08  1.29339e+08
  300.00 -4.03604  3.63039e+10  3.63287e+10  3.64988e+10 -2.72626e+08 -1.74243e+08  9.61103e+07
  300.00 -4.02402  2.97335e+10  2.97499e+10  2.98360e+10 -2.30860e+08 -1.30381e+08  6.55885e+07
  300.00 -4.01201  2.41498e+10  2.41623e+10  2.41776e+10 -1.87654e+08 -8.91842e+07  3.78416e+07
  300.00 -4.00000  1.94447e+10  1.94580e+10  1.94173e+10 -1.45688e+08 -5.19201e+07  1.32362e+07
  300.00 -3.98799  1.55128e+10  1.55306e+10  1.54493e+10 -1.06998e+08 -1.96830e+07 -7.60854e+06
  300.00 -3.97598  1.22567e+10  1.22813e+10  1.21742e+10 -7.29745e+07  6.73398e+06 -2.40306e+07
  300.00 -3.96396  9.58211e+09  9.61411e+09  9.49403e+09 -4.44332e+07  2.69291e+07 -3.55980e+07
  300.00 -3.95195  7.39446e+09  7.43262e+09  7.31030e+09 -2.16847e+07  4.09185e+07 -4.22988e+07
  300.00 -3.93994  5.60277e+09  5.64466e+09  5.52826e+09 -4.63400e+06  4.90690e+07 -4.45532e+07
  300.00 -3.92793  4.12875e+09  4.17118e+09  4.06649e+09  7.09921e+06  5.19835e+07 -4.30884e+07
  300.00 -3.91592  2.91444e+09  2.95409e+09  2.86484e+09  1.40791e+07  5.04104e+07 -3.87845e+07
  300.00 -3.90390  1.92433e+09  1.95831e+09  1.88652e+09  1.69835e+07  4.51854e+07 -3.25473e+07
  300.00 -3.89189  1.14184e+09  1.16815e+09  1.11444e+09  1.65479e+07  3.71726e+07 -2.52079e+07
  300.00 -3.87988  5.62518e+08  5.80277e+08  5.44206e+08  1.35135e+07  2.71938e+07 -1.74455e+07
  300.00 -3.86787  1.86711e+08  1.96141e+08  1.76521e+08  8.58308e+06  1.59682e+07 -9.74128e+06
  300.00 -3.85586  1.38188e+07  1.59754e+07  1.12234e+07  2.38409e+06  4.08826e+06 -2.36897e+06
  300.00 -3.84384  3.91779e+07  3.55401e+07  4.40177e+07 -4.56675e+06 -7.97135e+06  4.57784e+06
  300.00 -3.83183  2.53713e+08  2.45755e+08  2.66013e+08 -1.19005e+07 -1.98287e+07  1.11336e+07
  300.00 -3.81982  6.45816e+08  6.34677e+08  6.65530e+08 -1.94258e+07 -3.11761e+07  1.73985e+07
  300.00 -3.80781  1.20460e+09  1.19094e+09  1.23133e+09 -2.71339e+07 -4.17746e+07  2.34810e+07
  300.00 -3.79580  1.92338e+09  1.90745e+09  1.95619e+09 -3.51674e+07 -5.14543e+07  2.94548e+07
  300.00 -3.78378  2.80201e+09  2.78393e+09  2.83934e+09 -4.37530e+07 -6.01099e+07  3.53368e+07
  300.00 -3.77177  3.84676e+09  3.82689e+09  3.88662e+09 -5.31207e+07 -6.76937e+07  4.10884e+07
  300.00 -3.75976  5.06719e+09  5.04658e+09  5.10763e+09 -6.34341e+07 -7.42135e+07  4.66432e+07
  300.00 -3.74775  6.47056e+09  6.45135e+09  6.51044e+09 -7.47494e+07 -7.97460e+07  5.19529e+07
  300.00 -3.73574  8.05551e+09  8.04102e+09  8.09537e+09 -8.69875e+07 -8.44489e+07  5.70289e+07
  300.00 -3.72372  9.80681e+09  9.80131e+09  9.84944e+09 -9.98846e+07 -8.85344e+07  6.19414e+07
  300.00 -3.71171  1.16932e+10  1.17010e+10  1.17434e+10 -1.12917e+08 -9.21727e+07  6.67517e+07
  300.00 -3.69970  1.36699e+10  1.36940e+10  1.37327e+10 -1.25290e+08 -9.53579e+07  7.14130e+07
  300.00 -3.68769  1.56847e+10  1.57255e+10  1.57633e+10 -1.36103e+08 -9.78415e+07  7.57234e+07
  300.00 -3.67568  1.76881e+10  1.77431e+10  1.77821e+10 -1.44635e+08 -9.92336e+07  7.93951e+07
  300.00 -3.66366  1.96419e+10  1.97063e+10  1.97472e+10 -1.50578e+08 -9.92505e+07  8.22019e+07
  300.00 -3.65165  2.15242e+10  2.15923e+10  2.16344e+10 -1.54030e+08 -9.79386e+07  8.40914e+07
  300.00 -3.63964  2.33287e+10  2.33961e+10  2.34372e+10 -1.55312e+08 -9.56887e+07  8.51618e+07
  300.00 -3.62763  2.50609e+10  2.51247e+10  2.51620e+10 -1.54709e+08 -9.30101e+07  8.55134e+07
  300.00 -3.61562  2.67310e+10  2.67908e+10  2.68212e+10 -1.52253e+08 -9.02004e+07  8.50629e+07
  300.00 -3.60360  2.83483e+10  2.84056e+10  2.84257e+10 -1.47594e+08 -8.70737e+07  8.33988e+07
  300.00 -3.59159  2.99159e+10  2.99733e+10  2.99805e+10 -1.39966e+08 -8.28353e+07  7.97162e+07
  300.00 -3.57958  3.14265e+10  3.14875e+10  3.14799e+10 -1.28247e+08 -7.61167e+07  7.28466e+07
  300.00 -3.56757  3.28602e+10  3.29279e+10  3.29050e+10 -1.11124e+08 -6.51551e+07  6.13863e+07
  300.00 -3.55556  3.41829e+10  3.42597e+10  3.42228e+10 -8.73226e+07 -4.80913e+07  4.39174e+07
  300.00 -3.54354  3.53494e+10  3.54363e+10  3.53882e+10 -5.58925e+07 -2.33632e+07  1.93086e+07
  300.00 -3.53153  3.63115e+10  3.64079e+10  3.63530e+10 -1.65082e+07  9.83732e+06 -1.29322e+07
  300.00 -3.51952  3.70352e+10  3.71391e+10  3.70829e+10  3.02443e+07  5.11205e+07 -5.23121e+07
  300.00 -3.50751  3.75292e+10  3.76374e+10  3.75853e+10  8.27007e+07  9.86434e+07 -9.71464e+07
  300.00 -3.49550  3.78786e+10  3.79873e+10  3.79443e+10  1.38250e+08  1.49332e+08 -1.44726e+08
  300.00 -3.48348  3.82730e+10  3.83789e+10  3.83484e+10  1.93965e+08  1.99809e+08 -1.92058e+08
  300.00 -3.47147  3.90106e+10  3.91117e+10  3.90950e+10  2.47689e+08  2.47783e+08 -2.37026e+08
  300.00 -3.45946  4.04678e+10  4.05639e+10  4.05602e+10  2.98973e+08  2.92999e+08 -2.79190e+08
  300.00 -3.44745  4.30444e+10  4.31378e+10  4.31444e+10  3.48977e+08  3.36740e+08 -3.19332e+08
  300.00 -3.43544  4.71048e+10  4.72007e+10  4.72131e+10  3.98960e+08  3.79914e+08 -3.57654e+08
  300.00 -3.42342  5.29203e+10  5.30265e+10  5.30393e+10  4.48094e+08  4.20911e+08 -3.91796e+08
  300.00 -3.41141  6.05961e+10  6.07224e+10  6.07290e+10  4.91926e+08  4.54536e+08 -4.16038e+08
  300.00 -3.39940  6.99605e+10  7.01168e+10  7.01095e+10  5.22239e+08  4.72502e+08 -4.22151e+08
  300.00 -3.38739  8.04347e+10  8.06273e+10  8.05970e+10  5.28150e+08  4.65211e+08 -4.01459e+08
  300.00 -3.37538  9.09505e+10  9.11788e+10  9.11150e+10  4.98330e+08  4.24658e+08 -3.47704e+08
  300.00 -3.36336  1.00018e+11  1.00272e+11  1.00163e+11  4.25094e+08  3.48279e+08 -2.60642e+08
  300.00 -3.35135  1.06001e+11  1.06262e+11  1.06100e+11  3.10165e+08  2.42499e+08 -1.49076e+08
  300.00 -3.33934  1.07551e+11  1.07800e+11  1.07583e+11  1.68495e+08  1.23217e+08 -3.03699e+07
  300.00 -3.32733  1.04024e+11  1.04247e+11  1.03982e+11  2.54222e+07  1.14421e+07  7.50093e+07
  300.00 -3.31532  9.56758e+10  9.58678e+10  9.55759e+10 -9.27100e+07 -7.40012e+07  1.50888e+08
  300.00 -3.30330  8.35522e+10  8.37162e+10  8.34222e+10 -1.68452e+08 -1.22520e+08  1.90026e+08
  300.00 -3.29129  6.91360e+10  6.92775e+10  6.90039e+10 -1.97839e+08 -1.33843e+08  1.94341e+08
  300.00 -3.27928  5.39632e+10  5.40860e+10  5.38474e+10 -1.88693e+08 -1.16330e+08  1.72348e+08
  300.00 -3.26727  3.93564e+10  3.94618e+10  3.92642e+10 -1.55263e+08 -8.29974e+07  1.35664e+08
  300.00 -3.25526  2.63221e+10  2.64098e+10  2.62527e+10 -1.12343e+08 -4.69199e+07  9.54546e+07
  300.00 -3.24324  1.55572e+10  1.56262e+10  1.55065e+10 -7.12214e+07 -1.76873e+07  5.97105e+07
  300.00 -3.23123  7.49683e+09  7.54583e+09  7.46118e+09 -3.82768e+07  1.31429e+04  3.22639e+07
  300.00 -3.21922  2.35202e+09  2.37988e+09  2.33036e+09 -1.56171e+07  5.84480e+06  1.35621e+07
  300.00 -3.20721  1.24765e+08  1.31204e+08  1.19112e+08 -2.47634e+06  2.32730e+06  2.25304e+06
  300.00 -3.19520  6.09105e+08  5.95677e+08  6.24034e+08  3.50868e+06 -6.68756e+06 -3.44677e+06
  300.00 -3.18318  3.40486e+09  3.37607e+09  3.44666e+09  5.27327e+06 -1.72437e+07 -5.02059e+06
  300.00 -3.17117  7.96852e+09  7.93274e+09  8.04490e+09  5.28666e+06 -2.62459e+07 -3.38201e+06
  300.00 -3.15916  1.37034e+10  1.36734e+10  1.38241e+10  4.53605e+06 -3.21286e+07  1.20358e+06
  300.00 -3.14715  2.00610e+10  2.00535e+10  2.02378e+10  2.11917e+06 -3.49937e+07  8.96804e+06
  300.00 -3.13514  2.66126e+10  2.66460e+10  2.68578e+10 -4.01475e+06 -3.60360e+07  2.00424e+07
  300.00 -3.12312  3.30691e+10  3.31604e+10  3.33914e+10 -1.54569e+07 -3.64772e+07  3.35279e+07
  300.00 -3.11111  3.92598e+10  3.94207e+10  3.96594e+10 -3.19014e+07 -3.66271e+07  4.68819e+07
  300.00 -3.09910  4.50977e+10  4.53316e+10  4.55628e+10 -5.08177e+07 -3.56485e+07  5.62708e+07
  300.00 -3.08709  5.05505e+10  5.08520e+10  5.10580e+10 -6.83447e+07 -3.20947e+07  5.78502e+07
  300.00 -3.07508  5.56237e+10  5.59798e+10  5.61435e+10 -8.07268e+07 -2.47789e+07  4.92198e+07
  300.00 -3.06306  6.03497e+10  6.07425e+10  6.08502e+10 -8.54544e+07 -1.34152e+07  3.02279e+07
  300.00 -3.05105  6.47769e+10  6.51872e+10  6.52308e+10 -8.16653e+07  1.27378e+06  2.81439e+06
  300.00 -3.03904  6.89586e+10  6.93682e+10  6.93460e+10 -6.98732e+07  1.79549e+07 -2.98549e+07
  300.00 -3.02703  7.29418e+10  7.33351e+10  7.32504e+10 -5.13845e+07  3.53175e+07 -6.44300e+07
  300.00 -3.01502  7.67584e+10  7.71227e+10  7.69817e+10 -2.77822e+07  5.25951e+07 -9.81265e+07
  300.00 -3.00300  8.04196e+10  8.07453e+10  8.05555e+10 -6.80010e+05  6.97233e+07 -1.28975e+08
  300.00 -2.99099  8.39148e+10  8.41948e+10  8.39632e+10  2.82935e+07  8.71025e+07 -1.55652e+08
  300.00 -2.97898  8.72125e+10  8.74424e+10  8.71742e+10  5.74534e+07  1.05147e+08 -1.77151e+08
  300.00 -2.96697  9.02651e+10  9.04433e+10  9.01408e+10  8.50862e+07  1.23878e+08 -1.92538e+08
  300.00 -2.95495  9.30161e+10  9.31441e+10  9.28063e+10  1.09555e+08  1.42727e+08 -2.00919e+08
  300.00 -2.94294  9.54112e+10  9.54949e+10  9.51173e+10  1.29456e+08  1.60604e+08 -2.01606e+08
  300.00 -2.93093  9.74092e+10  9.74581e+10  9.70353e+10  1.43812e+08  1.76076e+08 -1.94344e+08
  300.00 -2.91892  9.89835e+10  9.90107e+10  9.85405e+10  1.52225e+08  1.87469e+08 -1.79362e+08
  300.00 -2.90691  1.00112e+11  1.00131e+11  9.96192e+10  1.54797e+08  1.92756e+08 -1.57089e+08
  300.00 -2.89489  1.00754e+11  1.00776e+11  1.00241e+11  1.51855e+08  1.89490e+08 -1.27784e+08
  300.00 -2.88288  1.00831e+11  1.00861e+11  1.00333e+11  1.43769e+08  1.75175e+08 -9.15997e+07
  300.00 -2.87087  1.00216e+11  1.00252e+11  9.97736e+10  1.31071e+08  1.48180e+08 -4.92826e+07
  300.00 -2.85886  9.87472e+10  9.87795e+10  9.83980e+10  1.14695e+08  1.08829e+08 -3.13042e+06
  300.00 -2.84685  9.62608e+10  9.62762e+10  9.60315e+10  9.60893e+07  6.01750e+07  4.24485e+07
  300.00 -2.83483  9.26286e+10  9.26153e+10  9.25300e+10  7.71683e+07  8.16836e+06  8.11731e+07
  300.00 -2.82282  8.78016e+10  8.77532e+10  8.78229e+10  6.02024e+07 -3.89662e+07  1.06010e+08
  300.00 -2.81081  8.18384e+10  8.17554e+10  8.19471e+10  4.75249e+07 -7.23372e+07  1.11057e+08
  300.00 -2.79880  7.49153e+10  7.48045e+10  7.50633e+10  4.08544e+07 -8.49379e+07  9.37864e+07
  300.00 -2.78679  6.73141e+10  6.71862e+10  6.74498e+10  4.04284e+07 -7.43506e+07  5.67945e+07
  300.00 -2.77477  5.93865e+10  5.92534e+10  5.94697e+10  4.47053e+07 -4.40959e+07  7.84224e+06
  300.00 -2.76276  5.14997e+10  5.13731e+10  5.15126e+10  5.11806e+07 -2.46327e+06 -4.24325e+07
  300.00 -2.75075  4.39788e+10  4.38693e+10  4.39280e+10  5.77672e+07  4.07458e+07 -8.42650e+07
  300.00 -2.73874  3.70636e+10  3.69799e+10  3.69732e+10  6.35700e+07  7.76495e+07 -1.11861e+08
  300.00 -2.72673  3.08927e+10  3.08405e+10  3.07926e+10  6.85981e+07  1.04068e+08 -1.24216e+08
  300.00 -2.71471  2.55130e+10  2.54941e+10  2.54288e+10  7.30091e+07  1.19281e+08 -1.23808e+08
  300.00 -2.70270  2.09039e+10  2.09163e+10  2.08514e+10  7.66329e+07  1.24697e+08 -1.14582e+08
  300.00 -2.69069  1.70039e+10  1.70424e+10  1.69882e+10  7.89813e+07  1.22542e+08 -1.00389e+08
  300.00 -2.67868  1.37327e+10  1.37905e+10  1.37504e+10  7.95225e+07  1.15084e+08 -8.42716e+07
  300.00 -2.66667  1.10063e+10  1.10761e+10  1.10491e+10  7.79498e+07  1.04317e+08 -6.83186e+07
  300.00 -2.65465  8.74526e+09  8.81976e+09  8.80254e+09  7.42984e+07  9.18801e+07 -5.37848e+07
  300.00 -2.64264  6.87840e+09  6.95142e+09  6.94003e+09  6.88972e+07  7.90280e+07 -4.12758e+07
  300.00 -2.63063  5.34448e+09  5.41115e+09  5.40210e+09  6.22250e+07  6.66264e+07 -3.09368e+07
  300.00 -2.61862  4.09200e+09  4.14915e+09  4.14014e+09  5.47661e+07  5.51797e+07 -2.26237e+07
  300.00 -2.60661  3.07843e+09  3.12468e+09  3.11468e+09  4.69324e+07  4.49021e+07 -1.60445e+07
  300.00 -2.59459  2.26863e+09  2.30410e+09  2.29323e+09  3.90577e+07  3.58181e+07 -1.08648e+07
  300.00 -2.58258  1.63276e+09  1.65868e+09  1.64775e+09  3.14289e+07  2.78649e+07 -6.77743e+06
  300.00 -2.57057  1.14440e+09  1.16256e+09  1.15252e+09  2.43085e+07  2.09688e+07 -3.54328e+06
  300.00 -2.55856  7.79124e+08  7.91399e+08  7.83003e+08  1.79297e+07  1.50834e+07 -1.00620e+06
  300.00 -2.54655  5.14000e+08  5.22042e+08  5.15639e+08  1.24722e+07  1.01924e+07  9.16978e+05
  300.00 -2.53453  3.27888e+08  3.33015e+08  3.28565e+08  8.03833e+06  6.28686e+06  2.26669e+06
  300.00 -2.52252  2.02066e+08  2.05255e+08  2.02457e+08  4.64348e+06  3.33601e+06  3.07987e+06
  300.00 -2.51051  1.20708e+08  1.22650e+08  1.21090e+08  2.21862e+06  1.26307e+06  3.42471e+06
  300.00 -2.49850  7.09763e+07  7.21422e+07  7.14105e+07  6.20772e+05 -6.77760e+04  3.42067e+06
  300.00 -2.48649  4.28415e+07  4.35373e+07  4.32980e+07 -3.53649e+05 -8.50780e+05  3.23881e+06
  300.00 -2.47447  2.89185e+07  2.93278e+07  2.93481e+07 -9.50708e+05 -1.32351e+06  3.08207e+06
  300.00 -2.46246  2.45539e+07  2.47606e+07  2.49031e+07 -1.43299e+06 -1.73799e+06  3.15002e+06
  300.00 -2.45045  2.81498e+07  2.81369e+07  2.83169e+07 -2.04663e+06 -2.32373e+06  3.59790e+06
  300.00 -2.43844  4.15206e+07  4.11437e+07  4.12565e+07 -2.98843e+06 -3.25318e+06  4.50366e+06
  300.00 -2.42643  7.00662e+07  6.90120e+07  6.88540e+07 -4.38394e+06 -4.62135e+06  5.85379e+06
  300.00 -2.41441  1.22732e+08  1.20488e+08  1.19707e+08 -6.28473e+06 -6.44645e+06  7.55127e+06
  300.00 -2.40240  2.11932e+08  2.07789e+08  2.05888e+08 -8.68585e+06 -8.69033e+06  9.43930e+06
  300.00 -2.39039  3.53608e+08  3.46691e+08  3.43094e+08 -1.15550e+07 -1.12904e+07  1.13304e+07
  300.00 -2.37838  5.67251e+08  5.56583e+08  5.50717e+08 -1.48574e+07 -1.41914e+07  1.30316e+07
  300.00 -2.36637  8.75294e+08  8.59855e+08  8.51255e+08 -1.85582e+07 -1.73644e+07  1.43608e+07
  300.00 -2.35435  1.30097e+09  1.27979e+09  1.26821e+09 -2.25809e+07 -2.07984e+07  1.51489e+07
  300.00 -2.34234  1.86407e+09  1.83634e+09  1.82187e+09 -2.67106e+07 -2.44469e+07  1.52138e+07
  300.00 -2.33033  2.57468e+09  2.53994e+09  2.52321e+09 -3.04533e+07 -2.81169e+07  1.42918e+07
  300.00 -2.31832  3.42641e+09  3.38470e+09  3.36700e+09 -3.29210e+07 -3.13271e+07  1.19341e+07
  300.00 -2.30631  4.39111e+09  4.34305e+09  4.32640e+09 -3.28723e+07 -3.32208e+07  7.43990e+06
  300.00 -2.29429  5.41746e+09  5.36427e+09  5.35118e+09 -2.90328e+07 -3.26618e+07 -5.51763e+04
  300.00 -2.28228  6.43483e+09  6.37823e+09  6.37125e+09 -2.06573e+07 -2.85747e+07 -1.12618e+07
  300.00 -2.27027  7.36211e+09  7.30415e+09  7.30530e+09 -8.04895e+06 -2.04101e+07 -2.62809e+07
  300.00 -2.25826  8.12000e+09  8.06294e+09  8.07310e+09  7.36067e+06 -8.48287e+06 -4.42451e+07
  300.00 -2.24625  8.64451e+09  8.59063e+09  8.60928e+09  2.35202e+07  6.00655e+06 -6.32915e+07
  300.00 -2.23423  8.89847e+09  8.84993e+09  8.87521e+09  3.85500e+07  2.12505e+07 -8.09499e+07
  300.00 -2.22222  8.87792e+09  8.83651e+09  8.86571e+09  5.12905e+07  3.52808e+07 -9.48353e+07
  300.00 -2.21021  8.61058e+09  8.57752e+09  8.60783e+09  6.13177e+07  4.64459e+07 -1.03359e+08
  300.00 -2.19820  8.14746e+09  8.12318e+09  8.15240e+09  6.85776e+07  5.37669e+07 -1.06111e+08
  300.00 -2.18619  7.55108e+09  7.53530e+09  7.56222e+09  7.30052e+07  5.70295e+07 -1.03744e+08
  300.00 -2.17417  6.88447e+09  6.87636e+09  6.90072e+09  7.43916e+07  5.66118e+07 -9.74921e+07
  300.00 -2.16216  6.20310e+09  6.20164e+09  6.22374e+09  7.25032e+07  5.31973e+07 -8.86514e+07
  300.00 -2.15015  5.55081e+09  5.55502e+09  5.57518e+09  6.72842e+07  4.75341e+07 -7.82509e+07
  300.00 -2.13814  4.95923e+09  4.96826e+09  4.98641e+09  5.89779e+07  4.03043e+07 -6.69709e+07
  300.00 -2.12613  4.44931e+09  4.46246e+09  4.47791e+09  4.81071e+07  3.20839e+07 -5.52196e+07
  300.00 -2.11411  4.03357e+09  4.05025e+09  4.06173e+09  3.53542e+07  2.33472e+07 -4.32501e+07
  300.00 -2.10210  3.71778e+09  3.73746e+09  3.74338e+09  2.14206e+07  1.44863e+07 -3.12517e+07
  300.00 -2.09009  3.50174e+09  3.52399e+09  3.52279e+09  6.93928e+06  5.84438e+06 -1.94089e+07
  300.00 -2.07808  3.37894e+09  3.40339e+09  3.39394e+09 -7.50800e+06 -2.22364e+06 -7.95895e+06
  300.00 -2.06607  3.33480e+09  3.36108e+09  3.34307e+09 -2.12676e+07 -9.26949e+06  2.72902e+06
  300.00 -2.05405  3.34378e+09  3.37139e+09  3.34568e+09 -3.34384e+07 -1.46867e+07  1.20710e+07
  300.00 -2.04204  3.36645e+09  3.39454e+09  3.36342e+09 -4.27661e+07 -1.77365e+07  1.92454e+07
  300.00 -2.03003  3.34935e+09  3.37665e+09  3.34374e+09 -4.77664e+07 -1.77327e+07  2.33159e+07
  300.00 -2.01802  3.23151e+09  3.25645e+09  3.22620e+09 -4.71812e+07 -1.43846e+07  2.35455e+07
  300.00 -2.00601  2.96018e+09  2.98127e+09  2.95810e+09 -4.06817e+07 -8.15773e+06  1.98348e+07
  300.00 -1.99399  2.51358e+09  2.52991e+09  2.51702e+09 -2.94592e+07 -4.13974e+05  1.30799e+07
  300.00 -1.98198  1.92105e+09  1.93261e+09  1.93091e+09 -1.62130e+07  6.86552e+06  5.15696e+06
  300.00 -1.96997  1.26674e+09  1.27421e+09  1.28161e+09 -4.32674e+06  1.17120e+07 -1.63809e+06
  300.00 -1.95796  6.67312e+08  6.71614e+08  6.83377e+08  3.38273e+06  1.28194e+07 -5.46365e+06
  300.00 -1.94595  2.30896e+08  2.32822e+08  2.43077e+08  5.57583e+06  9.87243e+06 -5.55018e+06
  300.00 -1.93393  1.94808e+07  1.97915e+07  2.36340e+07  2.47564e+06  3.48620e+06 -2.19662e+06
  300.00 -1.92192  3.56604e+07  3.53207e+07  3.02020e+07 -4.68535e+06 -5.08580e+06  3.64236e+06
  300.00 -1.90991  2.35896e+08  2.35978e+08  2.21737e+08 -1.43101e+07 -1.43168e+07  1.07479e+07
  300.00 -1.89790  5.55517e+08  5.56781e+08  5.34700e+08 -2.48241e+07 -2.27433e+07  1.78514e+07
  300.00 -1.88589  9.29800e+08  9.32360e+08  9.04189e+08 -3.48092e+07 -2.92016e+07  2.37684e+07
  300.00 -1.87387  1.30527e+09  1.30867e+09  1.27620e+09 -4.30454e+07 -3.29464e+07  2.75404e+07
  300.00 -1.86186  1.64350e+09  1.64705e+09  1.61221e+09 -4.85743e+07 -3.36856e+07  2.85764e+07
  300.00 -1.84985  1.92122e+09  1.92445e+09  1.88946e+09 -5.08033e+07 -3.15662e+07  2.67466e+07
  300.00 -1.83784  2.12908e+09  2.13182e+09  2.09922e+09 -4.95893e+07 -2.70988e+07  2.23728e+07
  300.00 -1.82583  2.26933e+09  2.27168e+09  2.24404e+09 -4.52339e+07 -2.10133e+07  1.61000e+07
  300.00 -1.81381  2.35281e+09  2.35491e+09  2.33450e+09 -3.83736e+07 -1.40725e+07  8.69152e+06
  300.00 -1.80180  2.39551e+09  2.39738e+09  2.38585e+09 -2.98098e+07 -6.91192e+06  8.30863e+05
  300.00 -1.78979  2.41526e+09  2.41670e+09  2.41499e+09 -2.03416e+07  4.82233e+04 -7.00263e+06
  300.00 -1.77778  2.42906e+09  2.42971e+09  2.43805e+09 -1.06461e+07  6.60992e+06 -1.45651e+07
  300.00 -1.76577  2.45124e+09  2.45066e+09  2.46872e+09 -1.22195e+06  1.27466e+07 -2.18047e+07
  300.00 -1.75375  2.49251e+09  2.49031e+09  2.51739e+09  7.60818e+06  1.85237e+07 -2.87768e+07
  300.00 -1.74174  2.55979e+09  2.55572e+09  2.59092e+09  1.56591e+07  2.40160e+07 -3.55481e+07
  300.00 -1.72973  2.65633e+09  2.65040e+09  2.69276e+09  2.28321e+07  2.92369e+07 -4.21147e+07
  300.00 -1.71772  2.78193e+09  2.77444e+09  2.82302e+09  2.90709e+07  3.40947e+07 -4.83484e+07
  300.00 -1.70571  2.93275e+09  2.92434e+09  2.97829e+09  3.43329e+07  3.83802e+07 -5.39852e+07
  300.00 -1.69369  3.10103e+09  3.09258e+09  3.15116e+09  3.85753e+07  4.17941e+07 -5.86582e+07
  300.00 -1.68168  3.27458e+09  3.26715e+09  3.32965e+09  4.17488e+07  4.40093e+07 -6.19743e+07
  300.00 -1.66967  3.43674e+09  3.43136e+09  3.49703e+09  4.37940e+07  4.47567e+07 -6.36148e+07
  300.00 -1.65766  3.56686e+09  3.56437e+09  3.63226e+09  4.46401e+07  4.39089e+07 -6.34284e+07
  300.00 -1.64565  3.64180e+09  3.64265e+09  3.71149e+09  4.42123e+07  4.15325e+07 -6.14774e+07
  300.00 -1.63363  3.63845e+09  3.64265e+09  3.71078e+09  4.24593e+07  3.78822e+07 -5.80120e+07
  300.00 -1.62162  3.53771e+09  3.54482e+09  3.61031e+09  3.94002e+07  3.33390e+07 -5.33816e+07
  300.00 -1.60961  3.32974e+09  3.33901e+09  3.39987e+09  3.51806e+07  2.83167e+07 -4.79292e+07
  300.00 -1.59760  3.01942e+09  3.02993e+09  3.08447e+09  3.01066e+07  2.31821e+07 -4.19297e+07
  300.00 -1.58559  2.62914e+09  2.63999e+09  2.68715e+09  2.46262e+07  1.82157e+07 -3.55973e+07
  300.00 -1.57357  2.19604e+09  2.20647e+09  2.24607e+09  1.92415e+07  1.36032e+07 -2.91291e+07
  300.00 -1.56156  1.76288e+09  1.77235e+09  1.80503e+09  1.43723e+07  9.43514e+06 -2.27271e+07
  300.00 -1.54955  1.36644e+09  1.37461e+09  1.40157e+09  1.02336e+07  5.71737e+06 -1.65884e+07
  300.00 -1.53754  1.02928e+09  1.03603e+09  1.05854e+09  6.81452e+06  2.42091e+06 -1.09056e+07
  300.00 -1.52553  7.58615e+08  7.63921e+08  7.83025e+08  3.97586e+06 -4.42226e+05 -5.88430e+06
  300.00 -1.51351  5.50455e+08  5.54380e+08  5.70766e+08  1.58897e+06 -2.78749e+06 -1.73143e+06
  300.00 -1.50150  3.95345e+08  3.98004e+08  4.12045e+08 -3.90656e+05 -4.50908e+06  1.41484e+06
  300.00 -1.48949  2.82617e+08  2.84175e+08  2.96058e+08 -1.94172e+06 -5.56511e+06  3.55693e+06
  300.00 -1.47748  2.02597e+08  2.03255e+08  2.13106e+08 -3.04115e+06 -6.02159e+06  4.84486e+06
  300.00 -1.46547  1.47327e+08  1.47299e+08  1.55271e+08 -3.71559e+06 -6.03255e+06  5.51749e+06
  300.00 -1.45345  1.10573e+08  1.10051e+08  1.16366e+08 -4.05345e+06 -5.78663e+06  5.82884e+06
  300.00 -1.44144  8.76142e+07  8.67443e+07  9.16879e+07 -4.18256e+06 -5.45772e+06  6.00101e+06
  300.00 -1.42943  7.50464e+07  7.39158e+07  7.77925e+07 -4.23420e+06 -5.17638e+06  6.20852e+06
  300.00 -1.41742  7.06128e+07  6.92537e+07  7.23395e+07 -4.31370e+06 -5.02172e+06  6.57871e+06
  300.00 -1.40541  7.30239e+07  7.14283e+07  7.39381e+07 -4.48948e+06 -5.02869e+06  7.19596e+06
  300.00 -1.39339  8.17050e+07  7.98467e+07  8.19251e+07 -4.80015e+06 -5.20459e+06  8.10696e+06
  300.00 -1.38138  9.64918e+07  9.43499e+07  9.60749e+07 -5.26977e+06 -5.54678e+06  9.32750e+06
  300.00 -1.36937  1.17340e+08  1.14918e+08  1.16311e+08 -5.91945e+06 -6.05393e+06  1.08492e+07
  300.00 -1.35736  1.44100e+08  1.41437e+08  1.42470e+08 -6.76959e+06 -6.72783e+06  1.26431e+07
  300.00 -1.34535  1.76333e+08  1.73507e+08  1.74120e+08 -7.83349e+06 -7.56823e+06  1.46587e+07
  300.00 -1.33333  2.13130e+08  2.10248e+08  2.10364e+08 -9.10649e+06 -8.56541e+06  1.68210e+07
  300.00 -1.32132  2.52894e+08  2.50078e+08  2.49628e+08 -1.05549e+07 -9.69337e+06  1.90266e+07
  300.00 -1.30931  2.93159e+08  2.90528e+08  2.89473e+08 -1.21075e+07 -1.09041e+07  2.11438e+07
  300.00 -1.29730  3.30566e+08  3.28215e+08  3.26554e+08 -1.36527e+07 -1.21235e+07  2.30150e+07
  300.00 -1.28529  3.61119e+08  3.59105e+08  3.56882e+08 -1.50451e+07 -1.32499e+07  2.44678e+07
  300.00 -1.27327  3.80786e+08  3.79123e+08  3.76414e+08 -1.61238e+07 -1.41610e+07  2.53331e+07
  300.00 -1.26126  3.86340e+08  3.84997e+08  3.81898e+08 -1.67405e+07 -1.47302e+07  2.54726e+07
  300.00 -1.24925  3.76193e+08  3.75107e+08  3.71725e+08 -1.67930e+07 -1.48518e+07  2.48105e+07
  300.00 -1.23724  3.50936e+08  3.50030e+08  3.46470e+08 -1.62508e+07 -1.44689e+07  2.33595e+07
  300.00 -1.22523  3.13350e+08  3.12546e+08  3.08913e+08 -1.51663e+07 -1.35928e+07  2.12310e+07
  300.00 -1.21321  2.67846e+08  2.67078e+08  2.63473e+08 -1.36645e+07 -1.23050e+07  1.86215e+07
  300.00 -1.20120  2.19511e+08  2.18735e+08  2.15250e+08 -1.19148e+07 -1.07407e+07  1.57773e+07
  300.00 -1.18919  1.73065e+08  1.72259e+08  1.68974e+08 -1.00953e+07 -9.05860e+06  1.29466e+07
  300.00 -1.17718  1.32052e+08  1.31211e+08  1.28183e+08 -8.36017e+06 -7.40833e+06  1.03363e+07
  300.00 -1.16517  9.84537e+07  9.75836e+07  9.48374e+07 -6.81942e+06 -5.90573e+06  8.08380e+06
  300.00 -1.15315  7.27567e+07  7.18648e+07  6.93913e+07 -5.53328e+06 -4.62071e+06  6.25070e+06
  300.00 -1.14114  5.43430e+07  5.34306e+07  5.11882e+07 -4.51853e+06 -3.57765e+06  4.83379e+06
  300.00 -1.12913  4.20069e+07  4.10639e+07  3.89841e+07 -3.76069e+06 -2.76413e+06  3.78579e+06
  300.00 -1.11712  3.44173e+07  3.34188e+07  3.14135e+07 -3.22652e+06 -2.14272e+06  3.03652e+06
  300.00 -1.10511  3.04183e+07  2.93242e+07  2.72906e+07 -2.87336e+06 -1.66245e+06  2.50912e+06
  300.00 -1.09309  2.91508e+07  2.79058e+07  2.57303e+07 -2.65466e+06 -1.26834e+06  2.12965e+06
  300.00 -1.08108  3.00364e+07  2.85725e+07  2.61327e+07 -2.52268e+06 -9.08855e+05  1.83152e+06
  300.00 -1.06907  3.26961e+07  3.09364e+07  2.81036e+07 -2.43012e+06 -5.41380e+05  1.55717e+06
  300.00 -1.05706  3.68633e+07  3.47269e+07  3.13723e+07 -2.33167e+06 -1.35668e+05  1.25859e+06
  300.00 -1.04505  4.23260e+07  3.97354e+07  3.57373e+07 -2.18569e+06  3.25055e+05  8.97378e+05
  300.00 -1.03303  4.89074e+07  4.57953e+07  4.10490e+07 -1.95562e+06  8.45450e+05  4.44101e+05
  300.00 -1.02102  5.64718e+07  5.27887e+07  4.72144e+07 -1.61053e+06  1.42146e+06 -1.23286e+05
  300.00 -1.00901  6.49405e+07  6.06604e+07  5.42092e+07 -1.12463e+06  2.04484e+06 -8.21848e+05
  300.00 -0.99700  7.43008e+07  6.94260e+07  6.20828e+07 -4.75899e+05  2.70762e+06 -1.66630e+06
  300.00 -0.98498  8.46011e+07  7.91651e+07  7.09486e+07  3.55495e+05  3.40557e+06 -2.67099e+06
  300.00 -0.97297  9.59285e+07  8.99974e+07  8.09599e+07  1.38816e+06  4.14001e+06 -3.85040e+06
  300.00 -0.96096  1.08371e+08  1.02045e+08  9.22711e+07  2.63917e+06  4.91800e+06 -5.21761e+06
  300.00 -0.94895  1.21972e+08  1.15382e+08  1.04990e+08  4.12198e+06  5.75080e+06 -6.78061e+06
  300.00 -0.93694  1.36676e+08  1.29986e+08  1.19122e+08  5.84269e+06  6.65120e+06 -8.53685e+06
  300.00 -0.92492  1.52281e+08  1.45680e+08  1.34522e+08  7.79498e+06  7.62985e+06 -1.04670e+07
  300.00 -0.91291  1.68409e+08  1.62103e+08  1.50848e+08  9.95474e+06  8.69103e+06 -1.25293e+07
  300.00 -0.90090  1.84489e+08  1.78693e+08  1.67550e+08  1.22757e+07  9.82830e+06 -1.46558e+07
  300.00 -0.88889  1.99788e+08  1.94708e+08  1.83877e+08  1.46872e+07  1.10210e+07 -1.67532e+07
  300.00 -0.87688  2.13467e+08  2.09287e+08  1.98940e+08  1.70958e+07  1.22321e+07 -1.87079e+07
  300.00 -0.86486  2.24685e+08  2.21551e+08  2.11806e+08  1.93905e+07  1.34089e+07 -2.03965e+07
  300.00 -0.85285  2.32714e+08  2.30721e+08  2.21625e+08  2.14529e+07  1.44864e+07 -2.17001e+07
  300.00 -0.84084  2.37066e+08  2.36253e+08  2.27767e+08  2.31690e+07  1.53932e+07 -2.25201e+07
  300.00 -0.82883  2.37586e+08  2.37933e+08  2.29938e+08  2.44438e+07  1.60606e+07 -2.27925e+07
  300.00 -0.81682  2.34509e+08  2.35944e+08  2.28258e+08  2.52124e+07  1.64306e+07 -2.24969e+07
  300.00 -0.80480  2.28450e+08  2.30858e+08  2.23283e+08  2.54487e+07  1.64646e+07 -2.16598e+07
  300.00 -0.79279  2.20336e+08  2.23575e+08  2.15962e+08  2.51665e+07  1.61483e+07 -2.03496e+07
  300.00 -0.78078  2.11298e+08  2.15219e+08  2.07543e+08  2.44154e+07  1.54941e+07 -1.86660e+07
  300.00 -0.76877  2.02549e+08  2.07011e+08  1.99433e+08  2.32691e+07  1.45377e+07 -1.67247e+07
  300.00 -0.75676  1.95266e+08  2.00150e+08  1.93052e+08  2.18111e+07  1.33289e+07 -1.46400e+07
  300.00 -0.74474  1.90511e+08  1.95727e+08  1.89681e+08  2.01190e+07  1.19168e+07 -1.25057e+07
  300.00 -0.73273  1.89182e+08  1.94674e+08  1.90342e+08  1.82510e+07  1.03323e+07 -1.03808e+07
  300.00 -0.72072  1.92000e+08  1.97744e+08  1.95722e+08  1.62384e+07  8.57534e+06 -8.28180e+06
  300.00 -0.70871  1.99517e+08  2.05514e+08  2.06151e+08  1.40853e+07  6.61537e+06 -6.18916e+06
  300.00 -0.69670  2.12108e+08  2.18381e+08  2.21639e+08  1.17754e+07  4.40805e+06 -4.06630e+06
  300.00 -0.68468  2.29945e+08  2.36532e+08  2.41948e+08  9.28446e+06  1.92269e+06 -1.88454e+06
  300.00 -0.67267  2.52933e+08  2.59885e+08  2.66657e+08  6.59516e+06 -8.30902e+05  3.56532e+05
  300.00 -0.66066  2.80616e+08  2.87998e+08  2.95160e+08  3.71171e+06 -3.78711e+06  2.62161e+06
  300.00 -0.64865  3.12081e+08  3.19968e+08  3.26603e+08  6.71091e+05 -6.82377e+06  4.84558e+06
  300.00 -0.63664  3.45908e+08  3.54384e+08  3.59775e+08 -2.45080e+06 -9.77286e+06  6.94695e+06
  300.00 -0.62462  3.80203e+08  3.89352e+08  3.93070e+08 -5.54059e+06 -1.24385e+07  8.84202e+06
  300.00 -0.61261  4.12760e+08  4.22653e+08  4.24563e+08 -8.45828e+06 -1.46207e+07  1.04569e+07
  300.00 -0.60060  4.41352e+08  4.52029e+08  4.52245e+08 -1.10572e+07 -1.61445e+07  1.17375e+07
  300.00 -0.58859  4.64105e+08  4.75558e+08  4.74378e+08 -1.32107e+07 -1.68919e+07  1.26586e+07
  300.00 -0.57658  4.79877e+08  4.92040e+08  4.89875e+08 -1.48384e+07 -1.68287e+07  1.32302e+07
  300.00 -0.56456  4.88537e+08  5.01278e+08  4.98588e+08 -1.59269e+07 -1.60186e+07  1.34996e+07
  300.00 -0.55255  4.91047e+08  5.04183e+08  5.01422e+08 -1.65361e+07 -1.46180e+07  1.35484e+07
  300.00 -0.54054  4.89306e+08  5.02620e+08  5.00204e+08 -1.67915e+07 -1.28519e+07  1.34832e+07
  300.00 -0.52853  4.85792e+08  4.99056e+08  4.97345e+08 -1.68619e+07 -1.09786e+07  1.34236e+07
  300.00 -0.51652  4.83079e+08  4.96080e+08  4.95380e+08 -1.69320e+07 -9.25436e+06  1.34893e+07
  300.00 -0.50450  4.83373e+08  4.95928e+08  4.96511e+08 -1.71743e+07 -7.90642e+06  1.37893e+07
  300.00 -0.49249  4.88168e+08  5.00129e+08  5.02263e+08 -1.77267e+07 -7.11991e+06  1.44138e+07
  300.00 -0.48048  4.98114e+08  5.09367e+08  5.13345e+08 -1.86776e+07 -7.03204e+06  1.54281e+07
  300.00 -0.46847  5.13167e+08  5.23635e+08  5.29793e+08 -2.00575e+07 -7.72761e+06  1.68689e+07
  300.00 -0.45646  5.33089e+08  5.42729e+08  5.51450e+08 -2.18409e+07 -9.23273e+06  1.87435e+07
  300.00 -0.44444  5.58278e+08  5.67086e+08  5.78787e+08 -2.39632e+07 -1.15131e+07  2.10370e+07
  300.00 -0.43243  5.90830e+08  5.98839e+08  6.13948e+08 -2.63533e+07 -1.44871e+07  2.37288e+07
  300.00 -0.42042  6.35581e+08  6.42848e+08  6.61792e+08 -2.89723e+07 -1.80562e+07  2.68121e+07
  300.00 -0.40841  7.00924e+08  7.07512e+08  7.30730e+08 -3.18368e+07 -2.21360e+07  3.03019e+07
  300.00 -0.39640  7.99407e+08  8.05346e+08  8.33321e+08 -3.50040e+07 -2.66619e+07  3.42115e+07
  300.00 -0.38438  9.48261e+08  9.53509e+08  9.86776e+08 -3.85206e+07 -3.15519e+07  3.84913e+07
  300.00 -0.37237  1.17004e+09  1.17444e+09  1.21351e+09 -4.23578e+07 -3.66355e+07  4.29436e+07
  300.00 -0.36036  1.49329e+09  1.49650e+09  1.54172e+09 -4.63674e+07 -4.15887e+07  4.71466e+07
  300.00 -0.34835  1.95290e+09  1.95441e+09  2.00568e+09 -5.02701e+07 -4.59134e+07  5.04266e+07
  300.00 -0.33634  2.58974e+09  2.58873e+09  2.64534e+09 -5.36602e+07 -4.89840e+07  5.19199e+07
  300.00 -0.32432  3.44836e+09  3.44380e+09  3.50416e+09 -5.59951e+07 -5.01543e+07  5.07497e+07
  300.00 -0.31231  4.57222e+09  4.56291e+09  4.62436e+09 -5.65648e+07 -4.88922e+07  4.62963e+07
  300.00 -0.30030  5.99663e+09  5.98147e+09  6.04000e+09 -5.44936e+07 -4.48949e+07  3.84507e+07
  300.00 -0.28829  7.74240e+09  7.72067e+09  7.77082e+09 -4.88552e+07 -3.81188e+07  2.76656e+07
  300.00 -0.27628  9.81304e+09  9.78451e+09  9.81945e+09 -3.89384e+07 -2.86944e+07  1.46945e+07
  300.00 -0.26426  1.21956e+10  1.21604e+10  1.21723e+10 -2.45612e+07 -1.67680e+07  1.37013e+05
  300.00 -0.25225  1.48632e+10  1.48214e+10  1.48019e+10 -6.20101e+06 -2.34935e+06 -1.59160e+07
  300.00 -0.24024  1.77780e+10  1.77298e+10  1.76701e+10  1.52370e+07  1.47862e+07 -3.39261e+07
  300.00 -0.22823  2.08950e+10  2.08412e+10  2.07324e+10  3.89226e+07  3.51182e+07 -5.46731e+07
  300.00 -0.21622  2.41662e+10  2.41089e+10  2.39426e+10  6.45350e+07  5.92959e+07 -7.89343e+07
  300.00 -0.20420  2.75407e+10  2.74837e+10  2.72532e+10  9.23347e+07  8.79451e+07 -1.07247e+08
  300.00 -0.19219  3.09589e+10  3.09076e+10  3.06099e+10  1.22844e+08  1.21429e+08 -1.39817e+08
  300.00 -0.18018  3.43432e+10  3.43036e+10  3.39407e+10  1.56317e+08  1.59640e+08 -1.76533e+08
  300.00 -0.16817  3.75899e+10  3.75676e+10  3.71467e+10  1.92203e+08  2.01803e+08 -2.16916e+08
  300.00 -0.15616  4.05691e+10  4.05680e+10  4.01008e+10  2.28827e+08  2.46229e+08 -2.59814e+08
  300.00 -0.14414  4.31343e+10  4.31558e+10  4.26577e+10  2.63542e+08  2.90162e+08 -3.02919e+08
  300.00 -0.13213  4.51418e+10  4.51842e+10  4.46740e+10  2.93462e+08  3.30028e+08 -3.42613e+08
  300.00 -0.12012  4.64719e+10  4.65310e+10  4.60308e+10  3.16396e+08  3.62232e+08 -3.74651e+08
  300.00 -0.10811  4.70485e+10  4.71190e+10  4.66528e+10  3.31417e+08  3.84122e+08 -3.95445e+08
  300.00 -0.09610  4.68477e+10  4.69245e+10  4.65155e+10  3.38680e+08  3.94488e+08 -4.03067e+08
  300.00 -0.08408  4.58954e+10  4.59743e+10  4.56415e+10  3.38680e+08  3.93302e+08 -3.97324e+08
  300.00 -0.07207  4.42558e+10  4.43337e+10  4.40899e+10  3.31446e+08  3.81045e+08 -3.79128e+08
  300.00 -0.06006  4.20194e+10  4.20941e+10  4.19460e+10  3.16249e+08  3.58232e+08 -3.49858e+08
  300.00 -0.04805  3.92923e+10  3.93623e+10  3.93110e+10  2.92081e+08  3.25454e+08 -3.11120e+08
  300.00 -0.03604  3.61899e+10  3.62538e+10  3.62953e+10  2.58647e+08  2.83809e+08 -2.64892e+08
  300.00 -0.02402  3.28304e+10  3.28869e+10  3.30113e+10  2.17223e+08  2.35402e+08 -2.13803e+08
  300.00 -0.01201  2.93295e+10  2.93770e+10  2.95685e+10  1.70921e+08  1.83581e+08 -1.61327e+08
  300.00  0.00000  2.57935e+10  2.58306e+10  2.60687e+10  1.24245e+08  1.32728e+08 -1.11650e+08
  300.00  0.01201  2.23153e+10  2.23411e+10  2.26039e+10  8.21218e+07  8.74926e+07 -6.90498e+07
  300.00  0.02402  1.89727e+10  1.89874e+10  1.92545e+10  4.86930e+07  5.16351e+07 -3.68586e+07
  300.00  0.03604  1.58299e+10  1.58343e+10  1.60897e+10  2.62146e+07  2.69650e+07 -1.64518e+07
  300.00  0.04805  1.29391e+10  1.29347e+10  1.31675e+10  1.44884e+07  1.29252e+07 -6.82769e+06
  300.00  0.06006  1.03411e+10  1.03295e+10  1.05337e+10  1.11433e+07  7.07216e+06 -5.08765e+06
  300.00  0.07207  8.06324e+09  8.04602e+09  8.21969e+09  1.26840e+07  6.18242e+06 -7.59783e+06
  300.00  0.08408  6.11791e+09  6.09655e+09  6.24027e+09  1.57772e+07  7.37690e+06 -1.12106e+07
  300.00  0.09610  4.50134e+09  4.47725e+09  4.59310e+09  1.81517e+07  8.75412e+06 -1.39697e+07
  300.00  0.10811  3.19543e+09  3.17002e+09  3.26090e+09  1.88208e+07  9.42809e+06 -1.51362e+07
  300.00  0.12012  2.17151e+09  2.14628e+09  2.21551e+09  1.77768e+07  9.21344e+06 -1.47828e+07
  300.00  0.13213  1.39512e+09  1.37160e+09  1.42262e+09  1.55088e+07  8.26606e+06 -1.33211e+07
  300.00  0.14414  8.30063e+08  8.09695e+08  8.45824e+08  1.26047e+07  6.84217e+06 -1.11852e+07
  300.00  0.15616  4.40917e+08  4.24883e+08  4.49088e+08  9.52348e+06  5.18119e+06 -8.69802e+06
  300.00  0.16817  1.93986e+08  1.83002e+08  1.97791e+08  6.51475e+06  3.46591e+06 -6.05965e+06
  300.00  0.18018  5.78079e+07  5.19652e+07  5.93756e+07  3.64928e+06  1.83225e+06 -3.39837e+06
  300.00  0.19219  4.05390e+06  2.75573e+06  4.43037e+06  9.12499e+05  4.10633e+05 -8.41232e+05
  300.00  0.20420  8.71368e+06  1.07390e+07  8.05125e+06 -1.70073e+06 -6.36128e+05  1.43759e+06
  300.00  0.21622  5.28058e+07  5.64947e+07  5.06546e+07 -4.14283e+06 -1.11555e+06  3.22151e+06
  300.00  0.22823  1.21992e+08  1.25520e+08  1.17625e+08 -6.33096e+06 -8.56769e+05  4.30725e+06
  300.00  0.24024  2.05199e+08  2.06906e+08  1.97920e+08 -8.19432e+06  2.15131e+05  4.57936e+06
  300.00  0.25225  2.92950e+08  2.91670e+08  2.82350e+08 -9.71154e+06  2.02072e+06  4.06333e+06
  300.00  0.26426  3.76298e+08  3.71632e+08  3.62428e+08 -1.09158e+07  4.31535e+06  2.92850e+06
  300.00  0.27628  4.46988e+08  4.39403e+08  4.30409e+08 -1.18694e+07  6.73819e+06  1.43519e+06
  300.00  0.28829  4.98896e+08  4.89591e+08  4.80568e+08 -1.26267e+07  8.90945e+06 -1.53970e+05
  300.00  0.30030  5.30053e+08  5.20588e+08  5.11105e+08 -1.32073e+07  1.05423e+07 -1.66136e+06
  300.00  0.31231  5.44100e+08  5.35920e+08  5.25543e+08 -1.35924e+07  1.15270e+07 -3.04647e+06
  300.00  0.32432  5.50207e+08  5.44253e+08  5.32722e+08 -1.37407e+07  1.19547e+07 -4.41215e+06
  300.00  0.33634  5.61539e+08  5.58092e+08  5.45398e+08 -1.36008e+07  1.20749e+07 -5.98252e+06
  300.00  0.34835  5.93349e+08  5.92097e+08  5.78489e+08 -1.30966e+07  1.22149e+07 -8.08029e+06
  300.00  0.36036  6.61961e+08  6.62140e+08  6.48119e+08 -1.20759e+07  1.27026e+07 -1.11151e+07
  300.00  0.37237  7.84715e+08  7.85213e+08  7.71593e+08 -1.02514e+07  1.38233e+07 -1.55611e+07
  300.00  0.38438  9.79651e+08  9.79052e+08  9.67096e+08 -7.18502e+06  1.58100e+07 -2.18841e+07
  300.00  0.39640  1.26342e+09  1.26016e+09  1.25169e+09 -2.35057e+06  1.88431e+07 -3.04002e+07
  300.00  0.40841  1.64731e+09  1.64000e+09  1.63734e+09  4.73088e+06  2.30448e+07 -4.11063e+07
  300.00  0.42042  2.13293e+09  2.12087e+09  2.12652e+09  1.43257e+07  2.84633e+07 -5.35679e+07
  300.00  0.43243  2.70996e+09  2.69355e+09  2.70964e+09  2.63581e+07  3.50601e+07 -6.69482e+07
  300.00  0.44444  3.35732e+09  3.33816e+09  3.36588e+09  4.03887e+07  4.27091e+07 -8.01921e+07
  300.00  0.45646  4.04745e+09  4.02815e+09  4.06737e+09  5.57248e+07  5.12127e+07 -9.23031e+07
  300.00  0.46847  4.75225e+09  4.73582e+09  4.78509e+09  7.16129e+07  6.03243e+07 -1.02612e+08
  300.00  0.48048  5.44835e+09  5.43758e+09  5.49441e+09  8.74180e+07  6.97747e+07 -1.10935e+08
  300.00  0.49249  6.12006e+09  6.11688e+09  6.17820e+09  1.02714e+08  7.93126e+07 -1.17563e+08
  300.00  0.50450  6.75909e+09  6.76428e+09  6.82703e+09  1.17276e+08  8.87629e+07 -1.23091e+08
  300.00  0.51652  7.36231e+09  7.37545e+09  7.43702e+09  1.31007e+08  9.80634e+07 -1.28170e+08
  300.00  0.52853  7.92902e+09  7.94871e+09  8.00732e+09  1.43866e+08  1.07224e+08 -1.33272e+08
  300.00  0.54054  8.45932e+09  8.48355e+09  8.53836e+09  1.55815e+08  1.16196e+08 -1.38546e+08
  300.00  0.55255  8.95374e+09  8.98024e+09  9.03132e+09  1.66807e+08  1.24709e+08 -1.43773e+08
  300.00  0.56456  9.41361e+09  9.44018e+09  9.48837e+09  1.76794e+08  1.32179e+08 -1.48420e+08
  300.00  0.57658  9.84148e+09  9.86615e+09  9.91282e+09  1.85739e+08  1.37761e+08 -1.51779e+08
  300.00  0.58859  1.02410e+10  1.02620e+10  1.03089e+10  1.93625e+08  1.40526e+08 -1.53128e+08
  300.00  0.60060  1.06161e+10  1.06321e+10  1.06809e+10  2.00442e+08  1.39719e+08 -1.51904e+08
  300.00  0.61261  1.09703e+10  1.09801e+10  1.10326e+10  2.06169e+08  1.34971e+08 -1.47820e+08
  300.00  0.62462  1.13059e+10  1.13084e+10  1.13662e+10  2.10758e+08  1.26422e+08 -1.40920e+08
  300.00  0.63664  1.16232e+10  1.16174e+10  1.16822e+10  2.14117e+08  1.14705e+08 -1.31573e+08
  300.00  0.64865  1.19206e+10  1.19058e+10  1.19789e+10  2.16117e+08  1.00832e+08 -1.20396e+08
  300.00  0.66066  1.21950e+10  1.21708e+10  1.22532e+10  2.16609e+08  8.60141e+07 -1.08152e+08
  300.00  0.67267  1.24424e+10  1.24084e+10  1.25010e+10  2.15458e+08  7.14666e+07 -9.56343e+07
  300.00  0.68468  1.26582e+10  1.26147e+10  1.27178e+10  2.12570e+08  5.82400e+07 -8.35617e+07
  300.00  0.69670  1.28383e+10  1.27856e+10  1.28991e+10  2.07919e+08  4.71008e+07 -7.24999e+07
  300.00  0.70871  1.29792e+10  1.29183e+10  1.30416e+10  2.01560e+08  3.84708e+07 -6.28170e+07
  300.00  0.72072  1.30789e+10  1.30107e+10  1.31427e+10  1.93624e+08  3.24232e+07 -5.46735e+07
  300.00  0.73273  1.31365e+10  1.30623e+10  1.32014e+10  1.84298e+08  2.87249e+07 -4.80421e+07
  300.00  0.74474  1.31522e+10  1.30734e+10  1.32178e+10  1.73798e+08  2.69129e+07 -4.27478e+07
  300.00  0.75676  1.31274e+10  1.30453e+10  1.31930e+10  1.62335e+08  2.63858e+07 -3.85191e+07
  300.00  0.76877  1.30640e+10  1.29799e+10  1.31290e+10  1.50099e+08  2.64960e+07 -3.50388e+07
  300.00  0.78078  1.29646e+10  1.28795e+10  1.30280e+10  1.37235e+08  2.66309e+07 -3.19876e+07
  300.00  0.79279  1.28320e+10  1.27468e+10  1.28932e+10  1.23845e+08  2.62728e+07 -2.90773e+07
  300.00  0.80480  1.26694e+10  1.25848e+10  1.27278e+10  1.09990e+08  2.50375e+07 -2.60695e+07
  300.00  0.81682  1.24806e+10  1.23971e+10  1.25356e+10  9.57013e+07  2.26879e+07 -2.27831e+07
  300.00  0.82883  1.22698e+10  1.21878e+10  1.23212e+10  8.09935e+07  1.91291e+07 -1.90925e+07
  300.00  0.84084  1.20422e+10  1.19618e+10  1.20897e+10  6.58719e+07  1.43878e+07 -1.49189e+07
  300.00  0.85285  1.18035e+10  1.17250e+10  1.18471e+10  5.03433e+07  8.58152e+06 -1.02201e+07
  300.00  0.86486  1.15599e+10  1.14833e+10  1.15992e+10  3.44206e+07  1.88418e+06 -4.97869e+06
  300.00  0.87688  1.13173e+10  1.12428e+10  1.13523e+10  1.81259e+07 -5.50784e+06  8.06768e+05
  300.00  0.88889  1.10812e+10  1.10090e+10  1.11117e+10  1.49322e+06 -1.34037e+07  7.12927e+06
  300.00  0.90090  1.08563e+10  1.07865e+10  1.08819e+10 -1.54316e+07 -2.16383e+07  1.39782e+07
  300.00  0.91291  1.06458e+10  1.05786e+10  1.06662e+10 -3.25904e+07 -3.00834e+07  2.13424e+07
  300.00  0.92492  1.04517e+10  1.03873e+10  1.04668e+10 -4.99145e+07 -3.86503e+07  2.92123e+07
  300.00  0.93694  1.02750e+10  1.02135e+10  1.02844e+10 -6.73270e+07 -4.72874e+07  3.75808e+07
  300.00  0.94895  1.01156e+10  1.00571e+10  1.01191e+10 -8.47461e+07 -5.59719e+07  4.64438e+07
  300.00  0.96096  9.97298e+09  9.91743e+09  9.97047e+09 -1.02089e+08 -6.47021e+07  5.57991e+07
  300.00  0.97297  9.84612e+09  9.79360e+09  9.83747e+09 -1.19277e+08 -7.34880e+07  6.56457e+07
  300.00  0.98498  9.73398e+09  9.68448e+09  9.71912e+09 -1.36233e+08 -8.23437e+07  7.59814e+07
  300.00  0.99700  9.63547e+09  9.58898e+09  9.61439e+09 -1.52890e+08 -9.12812e+07  8.67998e+07
  300.00  1.00901  9.54951e+09  9.50602e+09  9.52222e+09 -1.69183e+08 -1.00306e+08  9.80877e+07
  300.00  1.02102  9.47500e+09  9.43450e+09  9.44158e+09 -1.85052e+08 -1.09412e+08  1.09822e+08
  300.00  1.03303  9.41077e+09  9.37329e+09  9.37132e+09 -2.00437e+08 -1.18584e+08  1.21965e+08
  300.00  1.04505  9.35550e+09  9.32109e+09  9.31021e+09 -2.15278e+08 -1.27791e+08  1.34468e+08
  300.00  1.05706  9.30773e+09  9.27649e+09  9.25685e+09 -2.29513e+08 -1.36989e+08  1.47262e+08
  300.00  1.06907  9.26584e+09  9.23788e+09  9.20969e+09 -2.43073e+08 -1.46122e+08  1.60264e+08
  300.00  1.08108  9.22804e+09  9.20351e+09  9.16706e+09 -2.55889e+08 -1.55122e+08  1.73377e+08
  300.00  1.09309  9.19241e+09  9.17152e+09  9.12716e+09 -2.67887e+08 -1.63911e+08  1.86486e+08
  300.00  1.10511  9.15698e+09  9.13996e+09  9.08815e+09 -2.78993e+08 -1.72406e+08  1.99468e+08
  300.00  1.11712  9.11975e+09  9.10689e+09  9.04818e+09 -2.89134e+08 -1.80516e+08  2.12189e+08
  300.00  1.12913  9.07878e+09  9.07041e+09  9.00549e+09 -2.98240e+08 -1.88155e+08  2.24513e+08
  300.00  1.14114  9.03224e+09  9.02874e+09  8.95841e+09 -3.06249e+08 -1.95234e+08  2.36301e+08
  300.00  1.15315  8.97846e+09  8.98026e+09  8.90544e+09 -3.13108e+08 -2.01673e+08  2.47420e+08
  300.00  1.16517  8.91600e+09  8.92359e+09  8.84531e+09 -3.18777e+08 -2.07400e+08  2.57743e+08
  300.00  1.17718  8.84369e+09  8.85758e+09  8.77697e+09 -3.23229e+08 -2.12356e+08  2.67158e+08
  300.00  1.18919  8.76067e+09  8.78138e+09  8.69965e+09 -3.26454e+08 -2.16496e+08  2.75566e+08
  300.00  1.20120  8.66640e+09  8.69442e+09  8.61280e+09 -3.28457e+08 -2.19788e+08  2.82889e+08
  300.00  1.21321  8.56067e+09  8.59644e+09  8.51615e+09 -3.29261e+08 -2.22220e+08  2.89067e+08
  300.00  1.22523  8.44361e+09  8.48747e+09  8.40964e+09 -3.28907e+08 -2.23795e+08  2.94064e+08
  300.00  1.23724  8.31569e+09  8.36779e+09  8.29341e+09 -3.27447e+08 -2.24532e+08  2.97865e+08
  300.00  1.24925  8.17765e+09  8.23794e+09  8.16775e+09 -3.24952e+08 -2.24465e+08  3.00478e+08
  300.00  1.26126  8.03051e+09  8.09865e+09  8.03314e+09 -3.21499e+08 -2.23643e+08  3.01929e+08
  300.00  1.27327  7.87552e+09  7.95084e+09  7.89014e+09 -3.17180e+08 -2.22124e+08  3.02266e+08
  300.00  1.28529  7.71407e+09  7.79558e+09  7.73944e+09 -3.12089e+08 -2.19976e+08  3.01549e+08
  300.00  1.29730  7.54771e+09  7.63408e+09  7.58187e+09 -3.06327e+08 -2.17275e+08  2.99857e+08
  300.00  1.30931  7.37805e+09  7.46762e+09  7.41838e+09 -2.99995e+08 -2.14099e+08  2.97278e+08
  300.00  1.32132  7.20670e+09  7.29762e+09  7.25006e+09 -2.93197e+08 -2.10532e+08  2.93908e+08
  300.00  1.33333  7.03528e+09  7.12553e+09  7.07821e+09 -2.86030e+08 -2.06655e+08  2.89853e+08
  300.00  1.34535  6.86529e+09  6.95288e+09  6.90426e+09 -2.78590e+08 -2.02549e+08  2.85221e+08
  300.00  1.35736  6.69817e+09  6.78121e+09  6.72983e+09 -2.70966e+08 -1.98292e+08  2.80121e+08
  300.00  1.36937  6.53519e+09  6.61205e+09  6.55666e+09 -2.63237e+08 -1.93957e+08  2.74663e+08
  300.00  1.38138  6.37744e+09  6.44690e+09  6.38657e+09 -2.55477e+08 -1.89611e+08  2.68949e+08
  300.00  1.39339  6.22585e+09  6.28715e+09  6.22135e+09 -2.47750e+08 -1.85314e+08  2.63079e+08
  300.00  1.40541  6.08115e+09  6.13404e+09  6.06271e+09 -2.40107e+08 -1.81116e+08  2.57141e+08
  300.00  1.41742  5.94387e+09  5.98861e+09  5.91217e+09 -2.32592e+08 -1.77062e+08  2.51211e+08
  300.00  1.42943  5.81434e+09  5.85167e+09  5.77094e+09 -2.25236e+08 -1.73185e+08  2.45352e+08
  300.00  1.44144  5.69268e+09  5.72373e+09  5.63990e+09 -2.18060e+08 -1.69508e+08  2.39615e+08
  300.00  1.45345  5.57885e+09  5.60503e+09  5.51953e+09 -2.11078e+08 -1.66047e+08  2.34031e+08
  300.00  1.46547  5.47263e+09  5.49550e+09  5.40989e+09 -2.04292e+08 -1.62809e+08  2.28621e+08
  300.00  1.47748  5.37366e+09  5.39481e+09  5.31066e+09 -1.97697e+08 -1.59791e+08  2.23390e+08
  300.00  1.48949  5.28141e+09  5.30236e+09  5.22115e+09 -1.91282e+08 -1.56985e+08  2.18330e+08
  300.00  1.50150  5.19527e+09  5.21735e+09  5.14038e+09 -1.85030e+08 -1.54376e+08  2.13423e+08
  300.00  1.51351  5.11454e+09  5.13882e+09  5.06713e+09 -1.78920e+08 -1.51945e+08  2.08645e+08
  300.00  1.52553  5.03842e+09  5.06571e+09  5.00008e+09 -1.72928e+08 -1.49667e+08  2.03963e+08
  300.00  1.53754  4.96608e+09  4.99688e+09  4.93780e+09 -1.67030e+08 -1.47518e+08  1.99341e+08
  300.00  1.54955  4.89668e+09  4.93121e+09  4.87890e+09 -1.61199e+08 -1.45468e+08  1.94744e+08
  300.00  1.56156  4.82936e+09  4.86760e+09  4.82205e+09 -1.55412e+08 -1.43490e+08  1.90132e+08
  300.00  1.57357  4.76330e+09  4.80501e+09  4.76602e+09 -1.49644e+08 -1.41556e+08  1.85471e+08
  300.00  1.58559  4.69772e+09  4.74253e+09  4.70975e+09 -1.43875e+08 -1.39637e+08  1.80728e+08
  300.00  1.59760  4.63190e+09  4.67933e+09  4.65233e+09 -1.38084e+08 -1.37707e+08  1.75873e+08
  300.00  1.60961  4.56522e+09  4.61472e+09  4.59303e+09 -1.32256e+08 -1.35743e+08  1.70881e+08
  300.00  1.62162  4.49713e+09  4.54814e+09  4.53127e+09 -1.26379e+08 -1.33721e+08  1.65732e+08
  300.00  1.63363  4.42723e+09  4.47920e+09  4.46667e+09 -1.20444e+08 -1.31622e+08  1.60409e+08
  300.00  1.64565  4.35521e+09  4.40761e+09  4.39901e+09 -1.14445e+08 -1.29428e+08  1.54902e+08
  300.00  1.65766  4.28089e+09  4.33325e+09  4.32818e+09 -1.08380e+08 -1.27126e+08  1.49206e+08
  300.00  1.66967  4.20422e+09  4.25610e+09  4.25424e+09 -1.02252e+08 -1.24704e+08  1.43321e+08
  300.00  1.68168  4.12526e+09  4.17627e+09  4.17737e+09 -9.60646e+07 -1.22154e+08  1.37251e+08
  300.00  1.69369  4.04418e+09  4.09401e+09  4.09783e+09 -8.98270e+07 -1.19472e+08  1.31005e+08
  300.00  1.70571  3.96128e+09  4.00962e+09  4.01599e+09 -8.35498e+07 -1.16655e+08  1.24597e+08
  300.00  1.71772  3.87691e+09  3.92352e+09  3.93231e+09 -7.72463e+07 -1.13703e+08  1.18043e+08
  300.00  1.72973  3.79150e+09  3.83618e+09  3.84727e+09 -7.09316e+07 -1.10620e+08  1.11364e+08
  300.00  1.74174  3.70555e+09  3.74810e+09  3.76142e+09 -6.46221e+07 -1.07410e+08  1.04580e+08
  300.00  1.75375  3.61958e+09  3.65986e+09  3.67533e+09 -5.83353e+07 -1.04081e+08  9.77161e+07
  300.00  1.76577  3.53413e+09  3.57199e+09  3.58955e+09 -5.20892e+07 -1.00641e+08  9.07968e+07
  300.00  1.77778  3.44973e+09  3.48506e+09  3.50466e+09 -4.59015e+07 -9.70981e+07  8.38470e+07
  300.00  1.78979  3.36690e+09  3.39961e+09  3.42119e+09 -3.97898e+07 -9.34624e+07  7.68916e+07
  300.00  1.80180  3.28610e+09  3.31611e+09  3.33962e+09 -3.37710e+07 -8.97435e+07  6.99543e+07
  300.00  1.81381  3.20778e+09  3.23501e+09  3.26040e+09 -2.78611e+07 -8.59511e+07  6.30581e+07
  300.00  1.82583  3.13231e+09  3.15671e+09  3.18390e+09 -2.20748e+07 -8.20939e+07  5.62241e+07
  300.00  1.83784  3.05998e+09  3.08150e+09  3.11043e+09 -1.64259e+07 -7.81805e+07  4.94720e+07
  300.00  1.84985  2.99101e+09  3.00963e+09  3.04022e+09 -1.09269e+07 -7.42180e+07  4.28195e+07
  300.00  1.86186  2.92558e+09  2.94126e+09  2.97341e+09 -5.58932e+06 -7.02130e+07  3.62827e+07
  300.00  1.87387  2.86373e+09  2.87647e+09  2.91009e+09 -4.23658e+05 -6.61708e+07  2.98761e+07
  300.00  1.88589  2.80547e+09  2.81525e+09  2.85025e+09  4.56025e+06 -6.20961e+07  2.36129e+07
  300.00  1.89790  2.75072e+09  2.75755e+09  2.79379e+09  9.35314e+06 -5.79927e+07  1.75050e+07
  300.00  1.90991  2.69931e+09  2.70322e+09  2.74058e+09  1.39461e+07 -5.38640e+07  1.15637e+07
  300.00  1.92192  2.65105e+09  2.65204e+09  2.69039e+09  1.83303e+07 -4.97131e+07  5.79969e+06
  300.00  1.93393  2.60565e+09  2.60377e+09  2.64296e+09  2.24970e+07 -4.55432e+07  2.23567e+05
  300.00  1.94595  2.56280e+09  2.55808e+09  2.59795e+09  2.64374e+07 -4.13578e+07 -5.15411e+06
  300.00  1.95796  2.52213e+09  2.51463e+09  2.55503e+09  3.01425e+07 -3.71613e+07 -1.03225e+07
  300.00  1.96997  2.48326e+09  2.47305e+09  2.51379e+09  3.36033e+07 -3.29589e+07 -1.52704e+07
  300.00  1.98198  2.44578e+09  2.43294e+09  2.47385e+09  3.68107e+07 -2.87570e+07 -1.99863e+07
  300.00  1.99399  2.40928e+09  2.39391e+09  2.43479e+09  3.97561e+07 -2.45636e+07 -2.44583e+07
  300.00  2.00601  2.37335e+09  2.35555e+09  2.39622e+09  4.24312e+07 -2.03883e+07 -2.86743e+07
  300.00  2.01802  2.33760e+09  2.31749e+09  2.35776e+09  4.48285e+07 -1.62422e+07 -3.26225e+07
  300.00  2.03003  2.30166e+09  2.27937e+09  2.31904e+09  4.69417e+07 -1.21381e+07 -3.62911e+07
  300.00  2.04204  2.26519e+09  2.24088e+09  2.27977e+09  4.87660e+07 -8.09035e+06 -3.96694e+07
  300.00  2.05405  2.22792e+09  2.20175e+09  2.23966e+09  5.02982e+07 -4.11449e+06 -4.27476e+07
  300.00  2.06607  2.18961e+09  2.16175e+09  2.19851e+09  5.15373e+07 -2.27214e+05 -4.55173e+07
  300.00  2.07808  2.15008e+09  2.12071e+09  2.15615e+09  5.24849e+07  3.55412e+06 -4.79721e+07
  300.00  2.09009  2.10922e+09  2.07855e+09  2.11250e+09  5.31449e+07  7.21181e+06 -5.01080e+07
  300.00  2.10210  2.06699e+09  2.03521e+09  2.06752e+09  5.35238e+07  1.07283e+07 -5.19230e+07
  300.00  2.11411  2.02340e+09  1.99071e+09  2.02126e+09  5.36309e+07  1.40864e+07 -5.34184e+07
  300.00  2.12613  1.97852e+09  1.94513e+09  1.97381e+09  5.34784e+07  1.72703e+07 -5.45979e+07
  300.00  2.13814  1.93249e+09  1.89862e+09  1.92533e+09  5.30805e+07  2.02650e+07 -5.54684e+07
  300.00  2.15015  1.88549e+09  1.85135e+09  1.87601e+09  5.24539e+07  2.30578e+07 -5.60396e+07
  300.00  2.16216  1.83777e+09  1.80354e+09  1.82610e+09  5.16174e+07  2.56377e+07 -5.63237e+07
  300.00  2.17417  1.78957e+09  1.75546e+09  1.77588e+09  5.05910e+07  2.79961e+07 -5.63358e+07
  300.00  2.18619  1.74119e+09  1.70738e+09  1.72565e+09  4.93964e+07  3.01271e+07 -5.60930e+07
  300.00  2.19820  1.69293e+09  1.65960e+09  1.67572e+09  4.80555e+07  3.20270e+07 -5.56141e+07
  300.00  2.21021  1.64510e+09  1.61241e+09  1.62640e+09  4.65910e+07  3.36947e+07 -5.49197e+07
  300.00  2.22222  1.59801e+09  1.56611e+09  1.57800e+09  4.50252e+07  3.51318e+07 -5.40311e+07
  300.00  2.23423  1.55193e+09  1.52096e+09  1.53080e+09  4.33800e+07  3.63419e+07 -5.29704e+07
  300.00  2.24625  1.50715e+09  1.47721e+09  1.48508e+09  4.16765e+07  3.73306e+07 -5.17597e+07
  300.00  2.25826  1.46389e+09  1.43510e+09  1.44107e+09  3.99346e+07  3.81054e+07 -5.04209e+07
  300.00  2.27027  1.42237e+09  1.39480e+09  1.39895e+09  3.81728e+07  3.86751e+07 -4.89753e+07
  300.00  2.28228  1.38273e+09  1.35646e+09  1.35889e+09  3.64083e+07  3.90496e+07 -4.74434e+07
  300.00  2.29429  1.34510e+09  1.32020e+09  1.32100e+09  3.46562e+07  3.92397e+07 -4.58444e+07
  300.00  2.30631  1.30956e+09  1.28606e+09  1.28535e+09  3.29303e+07  3.92565e+07 -4.41963e+07
  300.00  2.31832  1.27614e+09  1.25407e+09  1.25196e+09  3.12426e+07  3.91113e+07 -4.25157e+07
  300.00  2.33033  1.24482e+09  1.22421e+09  1.22080e+09  2.96034e+07  3.88156e+07 -4.08177e+07
  300.00  2.34234  1.21557e+09  1.19641e+09  1.19183e+09  2.80216e+07  3.83804e+07 -3.91161e+07
  300.00  2.35435  1.18828e+09  1.17057e+09  1.16493e+09  2.65048e+07  3.78166e+07 -3.74233e+07
  300.00  2.36637  1.16282e+09  1.14656e+09  1.13997e+09  2.50591e+07  3.71348e+07 -3.57504e+07
  300.00  2.37838  1.13904e+09  1.12419e+09  1.11678e+09  2.36896e+07  3.63450e+07 -3.41076e+07
  300.00  2.39039  1.11674e+09  1.10327e+09  1.09516e+09  2.24005e+07  3.54571e+07 -3.25040e+07
  300.00  2.40240  1.09572e+09  1.08359e+09  1.07490e+09  2.11951e+07  3.44810e+07 -3.09477e+07
  300.00  2.41441  1.07575e+09  1.06490e+09  1.05576e+09  2.00757e+07  3.34260e+07 -2.94464e+07
  300.00  2.42643  1.05658e+09  1.04695e+09  1.03750e+09  1.90441e+07  3.23017e+07 -2.80068e+07
  300.00  2.43844  1.03797e+09  1.02950e+09  1.01985e+09  1.81012e+07  3.11178e+07 -2.66352e+07
  300.00  2.45045  1.01968e+09  1.01229e+09  1.00257e+09  1.72472e+07  2.98839e+07 -2.53369e+07
  300.00  2.46246  1.00146e+09  9.95070e+08  9.85401e+08  1.64815e+07  2.86101e+07 -2.41167e+07
  300.00  2.47447  9.83092e+08  9.77608e+08  9.68123e+08  1.58027e+07  2.73064e+07 -2.29787e+07
  300.00  2.48649  9.64361e+08  9.59694e+08  9.50515e+08  1.52083e+07  2.59831e+07 -2.19258e+07
  300.00  2.49850  9.45089e+08  9.41138e+08  9.32388e+08  1.46952e+07  2.46504e+07 -2.09602e+07
  300.00  2.51051  9.25121e+08  9.21785e+08  9.13584e+08  1.42588e+07  2.33185e+07 -2.00826e+07
  300.00  2.52252  9.04340e+08  9.01515e+08  8.93975e+08  1.38939e+07  2.19972e+07 -1.92928e+07
  300.00  2.53453  8.82663e+08  8.80244e+08  8.73474e+08  1.35941e+07  2.06960e+07 -1.85889e+07
  300.00  2.54655  8.60049e+08  8.57933e+08  8.52033e+08  1.33520e+07  1.94238e+07 -1.79680e+07
  300.00  2.55856  8.36497e+08  8.34582e+08  8.29645e+08  1.31594e+07  1.81885e+07 -1.74254e+07
  300.00  2.57057  8.12045e+08  8.10233e+08  8.06342e+08  1.30070e+07  1.69971e+07 -1.69553e+07
  300.00  2.58258  7.86769e+08  7.84968e+08  7.82195e+08  1.28854e+07  1.58554e+07 -1.65506e+07
  300.00  2.59459  7.60779e+08  7.58903e+08  7.57311e+08  1.27844e+07  1.47680e+07 -1.62031e+07
  300.00  2.60661  7.34217e+08  7.32189e+08  7.31827e+08  1.26938e+07  1.37380e+07 -1.59037e+07
  300.00  2.61862  7.07248e+08  7.04999e+08  7.05905e+08  1.26032e+07  1.27675e+07 -1.56428e+07
  300.00  2.63063  6.80058e+08  6.77528e+08  6.79729e+08  1.25027e+07  1.18568e+07 -1.54101e+07
  300.00  2.64264  6.52842e+08  6.49983e+08  6.53493e+08  1.23827e+07  1.10052e+07 -1.51955e+07
  300.00  2.65465  6.25804e+08  6.22577e+08  6.27399e+08  1.22343e+07  1.02106e+07 -1.49886e+07
  300.00  2.66667  5.99145e+08  5.95522e+08  6.01649e+08  1.20492e+07  9.47008e+06 -1.47797e+07
  300.00  2.67868  5.73060e+08  5.69022e+08  5.76437e+08  1.18204e+07  8.77954e+06 -1.45594e+07
  300.00  2.69069  5.47730e+08  5.43269e+08  5.51946e+08  1.15413e+07  8.13418e+06 -1.43190e+07
  300.00  2.70270  5.23320e+08  5.18436e+08  5.28342e+08  1.12067e+07  7.52854e+06 -1.40505e+07
  300.00  2.71471  4.99973e+08  4.94674e+08  5.05770e+08  1.08118e+07  6.95661e+06 -1.37469e+07
  300.00  2.72673  4.77809e+08  4.72110e+08  4.84351e+08  1.03530e+07  6.41202e+06 -1.34017e+07
  300.00  2.73874  4.56921e+08  4.50845e+08  4.64181e+08  9.82693e+06  5.88807e+06 -1.30092e+07
  300.00  2.75075  4.37377e+08  4.30951e+08  4.45331e+08  9.23093e+06  5.37785e+06 -1.25640e+07
  300.00  2.76276  4.19218e+08  4.12472e+08  4.27842e+08  8.56250e+06  4.87424e+06 -1.20614e+07
  300.00  2.77477  4.02458e+08  3.95430e+08  4.11733e+08  7.81927e+06  4.37002e+06 -1.14969e+07
  300.00  2.78679  3.87089e+08  3.79816e+08  3.96995e+08  6.99883e+06  3.85779e+06 -1.08660e+07
  300.00  2.79880  3.73077e+08  3.65603e+08  3.83597e+08  6.09863e+06  3.33008e+06 -1.01640e+07
  300.00  2.81081  3.60370e+08  3.52739e+08  3.71488e+08  5.11590e+06  2.77928e+06 -9.38646e+06
  300.00  2.82282  3.48895e+08  3.41155e+08  3.60594e+08  4.04768e+06  2.19771e+06 -8.52834e+06
  300.00  2.83483  3.38564e+08  3.30765e+08  3.50827e+08  2.89085e+06  1.57763e+06 -7.58465e+06
  300.00  2.84685  3.29274e+08  3.21467e+08  3.42081e+08  1.64231e+06  9.11315e+05 -6.55023e+06
  300.00  2.85886  3.20908e+08  3.13149e+08  3.34238e+08  2.99124e+05  1.91152e+05 -5.41997e+06
  300.00  2.87087  3.13341e+08  3.05686e+08  3.27168e+08 -1.14117e+06 -5.90247e+05 -4.18905e+06
  300.00  2.88288  3.06438e+08  2.98948e+08  3.20732e+08 -2.68031e+06 -1.43987e+06 -2.85315e+06
  300.00  2.89489  3.00059e+08  2.92795e+08  3.14784e+08 -4.31894e+06 -2.36411e+06 -1.40882e+06
  300.00  2.90691  2.94059e+08  2.87085e+08  3.09172e+08 -6.05626e+06 -3.36854e+06  1.46182e+05
  300.00  2.91892  2.88295e+08  2.81676e+08  3.03746e+08 -7.88973e+06 -4.45766e+06  1.81253e+06
  300.00  2.93093  2.82623e+08  2.76424e+08  2.98354e+08 -9.81470e+06 -5.63461e+06  3.58897e+06
  300.00  2.94294  2.76905e+08  2.71191e+08  2.92849e+08 -1.18242e+07 -6.90092e+06  5.47196e+06
  300.00  2.95495  2.71010e+08  2.65844e+08  2.87092e+08 -1.39086e+07 -8.25623e+06  7.45541e+06
  300.00  2.96697  2.64819e+08  2.60261e+08  2.80955e+08 -1.60558e+07 -9.69807e+06  9.53042e+06
  300.00  2.97898  2.58226e+08  2.54331e+08  2.74326e+08 -1.82507e+07 -1.12216e+07  1.16852e+07
  300.00  2.99099  2.51142e+08  2.47960e+08  2.67108e+08 -2.04758e+07 -1.28195e+07  1.39048e+07
  300.00  3.00300  2.43498e+08  2.41072e+08  2.59226e+08 -2.27109e+07 -1.44817e+07  1.61715e+07
  300.00  3.01502  2.35245e+08  2.33609e+08  2.50630e+08 -2.49338e+07 -1.61957e+07  1.84647e+07
  300.00  3.02703  2.26359e+08  2.25536e+08  2.41294e+08 -2.71201e+07 -1.79463e+07  2.07611e+07
  300.00  3.03904  2.16839e+08  2.16842e+08  2.31215e+08 -2.92442e+07 -1.97157e+07  2.30353e+07
  300.00  3.05105  2.06708e+08  2.07537e+08  2.20421e+08 -3.12795e+07 -2.14837e+07  2.52599e+07
  300.00  3.06306  1.96013e+08  1.97655e+08  2.08963e+08 -3.31989e+07 -2.32284e+07  2.74065e+07
  300.00  3.07508  1.84820e+08  1.87251e+08  1.96917e+08 -3.49755e+07 -2.49258e+07  2.94455e+07
  300.00  3.08709  1.73217e+08  1.76399e+08  1.84380e+08 -3.65831e+07 -2.65508e+07  3.13474e+07
  300.00  3.09910  1.61306e+08  1.65190e+08  1.71467e+08 -3.79968e+07 -2.80773e+07  3.30830e+07
  300.00  3.11111  1.49205e+08  1.53727e+08  1.58310e+08 -3.91934e+07 -2.94787e+07  3.46240e+07
  300.00  3.12312  1.37037e+08  1.42127e+08  1.45050e+08 -4.01517e+07 -3.07287e+07  3.59437e+07
  300.00  3.13514  1.24933e+08  1.30508e+08  1.31833e+08 -4.08534e+07 -3.18013e+07  3.70173e+07
  300.00  3.14715  1.13023e+08  1.18994e+08  1.18809e+08 -4.12826e+07 -3.26716e+07  3.78226e+07
  300.00  3.15916  1.01434e+08  1.07707e+08  1.06126e+08 -4.14266e+07 -3.33159e+07  3.83398e+07
  300.00  3.17117  9.02882e+07  9.67640e+07  9.39228e+07 -4.12756e+07 -3.37123e+07  3.85525e+07
  300.00  3.18318  7.96982e+07  8.62755e+07  8.23321e+07 -4.08226e+07 -3.38408e+07  3.84469e+07
  300.00  3.19520  6.97650e+07  7.63423e+07  7.14724e+07 -4.00634e+07 -3.36837e+07  3.80127e+07
  300.00  3.20721  6.05769e+07  6.70541e+07  6.14489e+07 -3.89963e+07 -3.32253e+07  3.72422e+07
  300.00  3.21922  5.22087e+07  5.84887e+07  5.23511e+07 -3.76218e+07 -3.24524e+07  3.61307e+07
  300.00  3.23123  4.47215e+07  5.07119e+07  4.42535e+07 -3.59419e+07 -3.13536e+07  3.46759e+07
  300.00  3.24324  3.81630e+07  4.37776e+07  3.72150e+07 -3.39602e+07 -2.99199e+07  3.28777e+07
  300.00  3.25526  3.25693e+07  3.77289e+07  3.12805e+07 -3.16809e+07 -2.81438e+07  3.07378e+07
  300.00  3.26727  2.79662e+07  3.25998e+07  2.64823e+07 -2.91089e+07 -2.60195e+07  2.82591e+07
  300.00  3.27928  2.43711e+07  2.84169e+07  2.28423e+07 -2.62487e+07 -2.35422e+07  2.54455e+07
  300.00  3.29129  2.17958e+07  2.52016e+07  2.03740e+07 -2.31048e+07 -2.07084e+07  2.23016e+07
  300.00  3.30330  2.02487e+07  2.29724e+07  1.90858e+07 -1.96808e+07 -1.75151e+07  1.88320e+07
  300.00  3.31532  1.97373e+07  2.17477e+07  1.89827e+07 -1.59796e+07 -1.39597e+07  1.50414e+07
  300.00  3.32733  2.02709e+07  2.15479e+07  2.00698e+07 -1.20033e+07 -1.00402e+07  1.09343e+07
  300.00  3.33934  2.18631e+07  2.23975e+07  2.23541e+07 -7.75285e+06 -5.75472e+06  6.51498e+06
  300.00  3.35135  2.45333e+07  2.43280e+07  2.58471e+07 -3.22861e+06 -1.10168e+06  1.78734e+06
  300.00  3.36336  2.83094e+07  2.73788e+07  3.05668e+07  1.56956e+06  3.91999e+06 -3.24469e+06
  300.00  3.37538  3.32286e+07  3.15994e+07  3.65389e+07  6.64196e+06  9.31071e+06 -8.57702e+06
  300.00  3.38739  3.93390e+07  3.70501e+07  4.37983e+07  1.19885e+07  1.50698e+07 -1.42050e+07
  300.00  3.39940  4.67000e+07  4.38031e+07  5.23896e+07  1.76084e+07  2.11953e+07 -2.01233e+07
  300.00  3.41141  5.53830e+07  5.19424e+07  6.23678e+07  2.34992e+07  2.76831e+07 -2.63248e+07
  300.00  3.42342  6.54708e+07  6.15637e+07  7.37976e+07  2.96566e+07  3.45266e+07 -3.28007e+07
  300.00  3.43544  7.70571e+07  7.27739e+07  8.67531e+07  3.60735e+07  4.17162e+07 -3.95398e+07
  300.00  3.44745  9.02457e+07  8.56898e+07  1.01317e+08  4.27397e+07  4.92387e+07 -4.65279e+07
  300.00  3.45946  1.05148e+08  1.00436e+08  1.17578e+08  4.96412e+07  5.70765e+07 -5.37476e+07
  300.00  3.47147  1.21883e+08  1.17144e+08  1.35631e+08  5.67599e+07  6.52075e+07 -6.11776e+07
  300.00  3.48348  1.40573e+08  1.35947e+08  1.55572e+08  6.40729e+07  7.36046e+07 -6.87929e+07
  300.00  3.49550  1.61341e+08  1.56981e+08  1.77498e+08  7.15530e+07  8.22355e+07 -7.65642e+07
  300.00  3.50751  1.84308e+08  1.80377e+08  2.01505e+08  7.91680e+07  9.10626e+07 -8.44583e+07
  300.00  3.51952  2.09592e+08  2.06262e+08  2.27680e+08  8.68811e+07  1.00043e+08 -9.24380e+07
  300.00  3.53153  2.37301e+08  2.34753e+08  2.56107e+08  9.46512e+07  1.09129e+08 -1.00463e+08
  300.00  3.54354  2.67532e+08  2.65954e+08  2.86855e+08  1.02433e+08  1.18267e+08 -1.08488e+08
  300.00  3.55556  3.00370e+08  2.99952e+08  3.19982e+08  1.10179e+08  1.27403e+08 -1.16468e+08
  300.00  3.56757  3.35881e+08  3.36818e+08  3.55531e+08  1.17838e+08  1.36476e+08 -1.24354e+08
  300.00  3.57958  3.74113e+08  3.76599e+08  3.93528e+08  1.25356e+08  1.45424e+08 -1.32096e+08
  300.00  3.59159  4.15091e+08  4.19322e+08  4.33980e+08  1.32681e+08  1.54186e+08 -1.39646e+08
  300.00  3.60360  4.58823e+08  4.64989e+08  4.76877e+08  1.39759e+08  1.62697e+08 -1.46954e+08
  300.00  3.61562  5.05290e+08  5.13577e+08  5.22191e+08  1.46539e+08  1.70898e+08 -1.53972e+08
  300.00  3.62763  5.54456e+08  5.65043e+08  5.69875e+08  1.52970e+08  1.78727e+08 -1.60657e+08
  300.00  3.63964  6.06263e+08  6.19318e+08  6.19867e+08  1.59007e+08  1.86131e+08 -1.66967e+08
  300.00  3.65165  6.60633e+08  6.76316e+08  6.72093e+08  1.64609e+08  1.93057e+08 -1.72866e+08
  300.00  3.66366  7.17475e+08  7.35935e+08  7.26467e+08  1.69738e+08  1.99460e+08 -1.78321e+08
  300.00  3.67568  7.76687e+08  7.98058e+08  7.82895e+08  1.74365e+08  2.05302e+08 -1.83308e+08
  300.00  3.68769  8.38156e+08  8.62559e+08  8.41281e+08  1.78467e+08  2.10553e+08 -1.87806e+08
  300.00  3.69970  9.01767e+08  9.29311e+08  9.01528e+08  1.82026e+08  2.15189e+08 -1.91803e+08
  300.00  3.71171  9.67406e+08  9.98184e+08  9.63545e+08  1.85036e+08  2.19197e+08 -1.95292e+08
  300.00  3.72372  1.03496e+09  1.06906e+09  1.02725e+09  1.87496e+08  2.22571e+08 -1.98275e+08
  300.00  3.73574  1.10434e+09  1.14181e+09  1.09257e+09  1.89413e+08  2.25316e+08 -2.00758e+08
  300.00  3.74775  1.17545e+09  1.21636e+09  1.15945e+09  1.90803e+08  2.27446e+08 -2.02757e+08
  300.00  3.75976  1.24823e+09  1.29261e+09  1.22786e+09  1.91691e+08  2.28982e+08 -2.04294e+08
  300.00  3.77177  1.32262e+09  1.37052e+09  1.29779e+09  1.92108e+08  2.29958e+08 -2.05396e+08
  300.00  3.78378  1.39861e+09  1.45005e+09  1.36925e+09  1.92092e+08  2.30412e+08 -2.06097e+08
  300.00  3.79580  1.47621e+09  1.53120e+09  1.44228e+09  1.91689e+08  2.30393e+08 -2.06437e+08
  300.00  3.80781  1.55543e+09  1.61399e+09  1.51694e+09  1.90952e+08  2.29958e+08 -2.06460e+08
  300.00  3.81982  1.63633e+09  1.69848e+09  1.59332e+09  1.89938e+08  2.29170e+08 -2.06218e+08
  300.00  3.83183  1.71901e+09  1.78475e+09  1.67155e+09  1.88714e+08  2.28099e+08 -2.05765e+08
  300.00  3.84384  1.80358e+09  1.87291e+09  1.75177e+09  1.87348e+08  2.26823e+08 -2.05161e+08
  300.00  3.85586  1.89016e+09  1.96309e+09  1.83413e+09  1.85916e+08  2.25425e+08 -2.04470e+08
  300.00  3.86787  1.97891e+09  2.05547e+09  1.91883e+09  1.84498e+08  2.23996e+08 -2.03760e+08
  300.00  3.87988  2.07002e+09  2.15023e+09  2.00607e+09  1.83180e+08  2.22632e+08 -2.03105e+08
  300.00  3.89189  2.16367e+09  2.24755e+09  2.09606e+09  1.82054e+08  2.21434e+08 -2.02582e+08
  300.00  3.90390  2.26006e+09  2.34765e+09  2.18902e+09  1.81216e+08  2.20512e+08 -2.02274e+08
  300.00  3.91592  2.35941e+09  2.45076e+09  2.28519e+09  1.80767e+08  2.19980e+08 -2.02269e+08
  300.00  3.92793  2.46192e+09  2.55709e+09  2.38478e+09  1.80818e+08  2.19962e+08 -2.02661e+08
  300.00  3.93994  2.56781e+09  2.66687e+09  2.48802e+09  1.81482e+08  2.20587e+08 -2.03551e+08
  300.00  3.95195  2.67727e+09  2.78030e+09  2.59513e+09  1.82884e+08  2.21993e+08 -2.05047e+08
  300.00  3.96396  2.79049e+09  2.89760e+09  2.70630e+09  1.85153e+08  2.24326e+08 -2.07264e+08
  300.00  3.97598  2.90765e+09  3.01894e+09  2.82170e+09  1.88429e+08  2.27742e+08 -2.10329e+08
  300.00  3.98799  3.02887e+09  3.14448e+09  2.94149e+09  1.92861e+08  2.32406e+08 -2.14375e+08
  300.00  4.00000  3.15429e+09  3.27436e+09  3.06579e+09  1.98610e+08  2.38494e+08 -2.19549e+08
