-3.50000 -1.095843690154486e-01
-3.49130 -1.043866008982696e-01
-3.48260 -9.767576647555307e-02
-3.47389 -8.739913544584603e-02
-3.46519 -6.770116410032055e-02
-3.45649 -5.573625407723110e-02
-3.44779 -4.946571765935257e-02
-3.43909 -4.403598716247884e-02
-3.43038 -3.930421872283955e-02
-3.42168 -3.514554095386096e-02
-3.41298 -3.144683178049175e-02
-3.40428 -2.811233170021125e-02
-3.39558 -2.506153074044454e-02
-3.38688 -2.222771442242668e-02
-3.37817 -1.955660585603655e-02
-3.36947 -1.700472562603420e-02
-3.36077 -1.453756510080037e-02
-3.35207 -1.212775844831411e-02
-3.34337 -9.753412052737982e-03
-3.33466 -7.396686845884155e-03
-3.32596 -5.042656994017490e-03
-3.31726 -2.678417656923737e-03
-3.30856 -2.923949431812562e-04
-3.29986 2.126187564158703e-03
-3.29115 4.587723633560232e-03
-3.28245 7.102552607051560e-03
-3.27375 9.681230506111485e-03
-3.26505 1.233477242972425e-02
-3.25635 1.507489278861995e-02
-3.24764 1.791426593799771e-02
-3.23894 2.086682347463075e-02
-3.23024 2.394809564240698e-02
-3.22154 2.717560085881075e-02
-3.21284 3.056932459255754e-02
-3.20413 3.415238623225475e-02
-3.19543 3.795179846051746e-02
-3.18673 4.199878328946631e-02
-3.17803 4.632876618004905e-02
-3.16933 5.098345362716663e-02
-3.16063 5.601706120105292e-02
-3.15192 6.150062029566166e-02
-3.14322 6.743590818796996e-02
-3.13452 7.374653243484411e-02
-3.12582 7.904664823060556e-02
-3.11712 8.398901300248580e-02
-3.10841 8.897732175605173e-02
-3.09971 9.336835430937823e-02
-3.09101 9.682340308017748e-02
-3.08231 1.000464107983581e-01
-3.07361 1.032919679944252e-01
-3.06490 1.066294573935365e-01
-3.05620 1.100350548215973e-01
-3.04750 1.114513687955448e-01
-3.03880 1.100205824741525e-01
-3.03010 1.077711465069217e-01
-3.02139 1.049752830182047e-01
-3.01269 1.017046618665699e-01
-3.00399 9.785237687605981e-02
-2.99529 9.342249331639352e-02
-2.98659 8.953783400584914e-02
-2.97788 8.593409770905444e-02
-2.96918 8.247370941884208e-02
-2.96048 7.908113828410447e-02
-2.95178 7.569582577916828e-02
-2.94308 7.225586078125527e-02
-2.93438 6.868994911699162e-02
-2.92567 6.491735571496648e-02
-2.91697 6.084387367733032e-02
-2.90827 5.626261077088927e-02
-2.89957 5.022138621695589e-02
-2.89087 3.993512691921189e-02
-2.88216 2.935499820921116e-02
-2.87346 1.825011934656899e-02
-2.86476 7.829328786598679e-03
-2.85606 -1.332754609521604e-03
-2.84736 -1.065261478535188e-02
-2.83865 -1.919184080082727e-02
-2.82995 -2.735879004924668e-02
-2.82125 -3.599686480141553e-02
-2.81255 -4.566742717723655e-02
-2.80385 -5.613362869283773e-02
-2.79514 -6.860361632000216e-02
-2.78644 -8.125551959257576e-02
-2.77774 -9.152561163261948e-02
-2.76904 -9.928283389525260e-02
-2.76034 -1.057219005366803e-01
-2.75164 -1.112104748150842e-01
-2.74293 -1.160084418116984e-01
-2.73423 -1.202583635269609e-01
-2.72553 -1.240559736214518e-01
-2.71683 -1.274744297367949e-01
-2.70813 -1.305742483694896e-01
-2.69942 -1.334090216940223e-01
-2.69072 -1.360293826361468e-01
-2.68202 -1.384862917469985e-01
-2.67332 -1.408342596618766e-01
-2.66462 -1.431349339918317e-01
-2.65591 -1.454613219987479e-01
-2.64721 -1.478947226684332e-01
-2.63851 -1.506078199394202e-01
-2.62981 -1.538433413957711e-01
-2.62111 -1.579857709522979e-01
-2.61240 -1.639050238043096e-01
-2.60370 -1.733893534980075e-01
-2.59500 -1.799073368084892e-01
-2.58630 -1.845798541316914e-01
-2.57760 -1.877156582729821e-01
-2.56889 -1.897541686372027e-01
-2.56019 -1.911662583251738e-01
-2.55149 -1.922009039129222e-01
-2.54279 -1.929715424205000e-01
-2.53409 -1.935348185484094e-01
-2.52539 -1.939190901996271e-01
-2.51668 -1.941269699464717e-01
-2.50798 -1.941050987340941e-01
-2.49928 -1.937195125390989e-01
-2.49058 -1.925014286848819e-01
-2.48188 -1.896525398337813e-01
-2.47317 -1.861364776162443e-01
-2.46447 -1.825440541254869e-01
-2.45577 -1.789270500983740e-01
-2.44707 -1.753693511986922e-01
-2.43837 -1.719926484378578e-01
-2.42966 -1.688886681254419e-01
-2.42096 -1.659728111354292e-01
-2.41226 -1.630000909529487e-01
-2.40356 -1.608502060606631e-01
-2.39486 -1.590495405205490e-01
-2.38615 -1.574607816036247e-01
-2.37745 -1.560641002164382e-01
-2.36875 -1.547851729459839e-01
-2.36005 -1.535874731807915e-01
-2.35135 -1.524052826488759e-01
-2.34264 -1.510222497525829e-01
-2.33394 -1.488818591560121e-01
-2.32524 -1.465420525260279e-01
-2.31654 -1.442383331103687e-01
-2.30784 -1.419671612238210e-01
-2.29914 -1.397295063665327e-01
-2.29043 -1.375256397592413e-01
-2.28173 -1.353558067214021e-01
-2.27303 -1.332192191016209e-01
-2.26433 -1.311137769043053e-01
-2.25563 -1.290357233372209e-01
-2.24692 -1.269811812546958e-01
-2.23822 -1.249542143071174e-01
-2.22952 -1.229743902210824e-01
-2.22082 -1.210375655965122e-01
-2.21212 -1.190391600730727e-01
-2.20341 -1.169437080374635e-01
-2.19471 -1.147665192495093e-01
-2.18601 -1.124897722998162e-01
-2.17731 -1.101345351590662e-01
-2.16861 -1.076951632325403e-01
-2.15990 -1.051743015141163e-01
-2.15120 -1.025999638102513e-01
-2.14250 -9.994751026121326e-02
-2.13380 -9.723143842185820e-02
-2.12510 -9.444867796989335e-02
-2.11639 -9.159265194542757e-02
-2.10769 -8.864951118760050e-02
-2.09899 -8.560874277283789e-02
-2.09029 -8.246077958046742e-02
-2.08159 -7.919494697894366e-02
-2.07289 -7.579907037749233e-02
-2.06418 -7.225944614427574e-02
-2.05548 -6.856083852585476e-02
-2.04678 -6.468647005191985e-02
-2.03808 -6.061797032086027e-02
-2.02938 -5.633522062216020e-02
-2.02067 -5.181619620014359e-02
-2.01197 -4.703701808261793e-02
-2.00327 -4.197041374562820e-02
-1.99457 -3.658032123019688e-02
-1.98587 -3.082352268266030e-02
-1.97716 -2.465859006489415e-02
-1.96846 -1.807670232997474e-02
-1.95976 -1.105226421305779e-02
-1.95106 -3.554293240010969e-03
-1.94236 4.449490000431720e-03
-1.93365 1.299090532527480e-02
-1.92495 2.210105720383897e-02
-1.91625 3.181079768457171e-02
-1.90755 4.215018123486603e-02
-1.89885 5.313776244716158e-02
-1.89015 6.473105176285172e-02
-1.88144 7.673181806768720e-02
-1.87274 8.875957365119998e-02
-1.86404 1.003717431417348e-01
-1.85534 1.111544215158199e-01
-1.84664 1.205217090749371e-01
-1.83793 1.269935241965990e-01
-1.82923 1.289797473652780e-01
-1.82053 1.295509599474498e-01
-1.81183 1.296947973610090e-01
-1.80313 1.295942602034383e-01
-1.79442 1.291586116161818e-01
-1.78572 1.267921623366162e-01
-1.77702 1.204246999073044e-01
-1.76832 1.128918332983440e-01
-1.75962 1.050446433375314e-01
-1.75091 9.721905786289126e-02
-1.74221 8.957811670180313e-02
-1.73351 8.220515981743064e-02
-1.72481 7.514244491510096e-02
-1.71611 6.840938619413206e-02
-1.70740 6.201194194838602e-02
-1.69870 5.594800722841812e-02
-1.69000 5.020974338397666e-02
-1.68130 4.478595115894093e-02
-1.67260 3.966395698535777e-02
-1.66390 3.483099480347492e-02
-1.65519 3.027526724494247e-02
-1.64649 2.598621358074304e-02
-1.63779 2.195381324861141e-02
-1.62909 1.816747413473566e-02
-1.62039 1.461524728756917e-02
-1.61168 1.128373694054062e-02
-1.60298 8.158594441094739e-03
-1.59428 5.225245176407609e-03
-1.58558 2.469533815754849e-03
-1.57688 -1.218658877342366e-04
-1.56817 -2.561284987464851e-03
-1.55947 -4.860068955821935e-03
-1.55077 -7.028680755283446e-03
-1.54207 -9.076834686098014e-03
-1.53337 -1.101362633880390e-02
-1.52466 -1.284764596526063e-02
-1.51596 -1.458707469639703e-02
-1.50726 -1.623976749757416e-02
-1.49856 -1.781332721706361e-02
-1.48986 -1.931517319344027e-02
-1.48115 -2.075260691175652e-02
-1.47245 -2.213287654402968e-02
-1.46375 -2.346324192595599e-02
-1.45505 -2.475104154340868e-02
-1.44635 -2.600376332174165e-02
-1.43765 -2.722912128498356e-02
-1.42894 -2.843514029243954e-02
-1.42024 -2.963025084218893e-02
-1.41154 -3.082339516938743e-02
-1.40284 -3.202414462505618e-02
-1.39414 -3.324282729207766e-02
-1.38543 -3.449066579501965e-02
-1.37673 -3.577993153390639e-02
-1.36803 -3.712413742343784e-02
-1.35933 -3.853832086280702e-02
-1.35063 -4.003951598292520e-02
-1.34192 -4.164758630319930e-02
-1.33322 -4.338669533309375e-02
-1.32452 -4.528780794382650e-02
-1.31582 -4.739262806510952e-02
-1.30712 -4.975929722210022e-02
-1.29841 -5.247136243894753e-02
-1.28971 -5.566336290298427e-02
-1.28101 -5.971307864006303e-02
-1.27231 -6.535710149573497e-02
-1.26361 -7.253942418750078e-02
-1.25491 -7.857735767724952e-02
-1.24620 -8.367880783370951e-02
-1.23750 -8.797996819003343e-02
-1.22880 -9.163401929339242e-02
-1.22010 -9.470327555006870e-02
-1.21140 -9.689417178491699e-02
-1.20269 -9.791196998781798e-02
-1.19399 -9.777158214942679e-02
-1.18529 -9.685023493185142e-02
-1.17659 -9.541365113125755e-02
-1.16789 -9.322515062735605e-02
-1.15918 -9.068385269319343e-02
-1.15048 -8.845084525574792e-02
-1.14178 -8.638465161360549e-02
-1.13308 -8.445133441445385e-02
-1.12438 -8.281369585143078e-02
-1.11567 -8.158240002403241e-02
-1.10697 -8.069645415126975e-02
-1.09827 -7.998459123253053e-02
-1.08957 -7.934659101431064e-02
-1.08087 -7.890730373942094e-02
-1.07216 -7.867287494708285e-02
-1.06346 -7.815378692951566e-02
-1.05476 -7.729866349977749e-02
-1.04606 -7.638281964851398e-02
-1.03736 -7.549188105532303e-02
-1.02866 -7.468428343500581e-02
-1.01995 -7.390918669728544e-02
-1.01125 -7.314441216830520e-02
-1.00255 -7.240796016410747e-02
-0.99385 -7.172168545513508e-02
-0.98515 -7.110726519908582e-02
-0.97644 -7.058107199399823e-02
-0.96774 -7.006420426769636e-02
-0.95904 -6.919270065732937e-02
-0.95034 -6.806309915718636e-02
-0.94164 -6.677278514134963e-02
-0.93293 -6.539649453990126e-02
-0.92423 -6.398022022388568e-02
-0.91553 -6.252922651697726e-02
-0.90683 -6.102954791048076e-02
-0.89813 -5.951939584159335e-02
-0.88942 -5.807090899766411e-02
-0.88072 -5.667412632921543e-02
-0.87202 -5.533064357611384e-02
-0.86332 -5.404773517695711e-02
-0.85462 -5.282269610238476e-02
-0.84591 -5.164225724669280e-02
-0.83721 -5.050868294419256e-02
-0.82851 -4.940218077483193e-02
-0.81981 -4.831396295519079e-02
-0.81111 -4.724337995094337e-02
-0.80241 -4.619354673194251e-02
-0.79370 -4.516689749275842e-02
-0.78500 -4.416362736888573e-02
-0.77630 -4.318632403654535e-02
-0.76760 -4.224798538086989e-02
-0.75890 -4.136491966948617e-02
-0.75019 -4.051891700890139e-02
-0.74149 -3.964705787923986e-02
-0.73279 -3.868839717335482e-02
-0.72409 -3.760804824787076e-02
-0.71539 -3.639959574483730e-02
-0.70668 -3.508881093778562e-02
-0.69798 -3.374725710173487e-02
-0.68928 -3.251404548422510e-02
-0.68058 -3.150609593100073e-02
-0.67188 -3.098871268438884e-02
-0.66317 -2.894015009906797e-02
-0.65447 -2.790222432420449e-02
-0.64577 -2.708917424944009e-02
-0.63707 -2.634707514818127e-02
-0.62837 -2.563642139499129e-02
-0.61966 -2.494440511201019e-02
-0.61096 -2.426420559270910e-02
-0.60226 -2.359038953168664e-02
-0.59356 -2.291806471046963e-02
-0.58486 -2.224240080908174e-02
-0.57616 -2.155816594324308e-02
-0.56745 -2.086005446969216e-02
-0.55875 -2.014486750648450e-02
-0.55005 -1.941120422173926e-02
-0.54135 -1.864720110069918e-02
-0.53265 -1.793766658007788e-02
-0.52394 -1.727014921271484e-02
-0.51524 -1.657376968458844e-02
-0.50654 -1.601673545195319e-02
-0.49784 -1.555978063826796e-02
-0.48914 -1.514659052676459e-02
-0.48043 -1.475375106484744e-02
-0.47173 -1.436625927185504e-02
-0.46303 -1.397435958612527e-02
-0.45433 -1.357201779618888e-02
-0.44563 -1.315546932618018e-02
-0.43692 -1.272217940293396e-02
-0.42822 -1.227025779641691e-02
-0.41952 -1.179816564613659e-02
-0.41082 -1.130455972541834e-02
-0.40212 -1.078818804635366e-02
-0.39342 -1.024780451029927e-02
-0.38471 -9.682104843439270e-03
-0.37601 -9.089705481065692e-03
-0.36731 -8.469186586626244e-03
-0.35861 -7.819207635716460e-03
-0.34991 -7.138687247519619e-03
-0.34120 -6.426900216010683e-03
-0.33250 -5.682888242743137e-03
-0.32380 -4.903828633438831e-03
-0.31510 -4.085770032901567e-03
-0.30640 -3.227064592018126e-03
-0.29769 -2.325870211638388e-03
-0.28899 -1.519548127615647e-03
-0.28029 -1.019863357267142e-03
-0.27159 -7.456931244508021e-04
-0.26289 -5.943026008440970e-04
-0.25418 -5.107284706153352e-04
-0.24548 -4.641683519911311e-04
-0.23678 -4.380056660192721e-04
-0.22808 -4.232257551573625e-04
-0.21938 -4.148392269077075e-04
-0.21067 -4.100580034874816e-04
-0.20197 -4.073188821882373e-04
-0.19327 -4.057428554166036e-04
-0.18457 -4.048333428967450e-04
-0.17587 -4.043079125157686e-04
-0.16717 -4.040046603169446e-04
-0.15846 -4.038301082627229e-04
-0.14976 -4.037300286163535e-04
-0.14106 -4.036729137793167e-04
-0.13236 -4.036404817721365e-04
-0.12366 -4.036221610548311e-04
-0.11495 -4.036118667385540e-04
-0.10625 -4.036061141396344e-04
-0.09755 -4.036029179201319e-04
-0.08885 -4.036011527617229e-04
-0.08015 -4.036001841193921e-04
-0.07144 -4.035996561111804e-04
-0.06274 -4.035993702855891e-04
-0.05404 -4.035992166613444e-04
-0.04534 -4.035991346897838e-04
-0.03664 -4.035990912701254e-04
-0.02793 -4.035990684390462e-04
-0.01923 -4.035990565212974e-04
-0.01053 -4.035990503453305e-04
-0.00183 -4.035990471679787e-04
0.00687 -4.035990455452680e-04
0.01558 -4.035990447229351e-04
0.02428 -4.035990443102544e-04
0.03298 -4.035990441069884e-04
0.04168 -4.035990440127670e-04
0.05038 -4.035990439808493e-04
0.05908 -4.035990439965570e-04
0.06779 -4.035990440711733e-04
0.07649 -4.035990442490271e-04
0.08519 -4.035990446317260e-04
0.09389 -4.035990454315641e-04
0.10259 -4.035990470797746e-04
0.11130 -4.035990504399684e-04
0.12000 -4.035990572228411e-04
0.12870 -4.035990707832390e-04
0.13740 -4.035990976369757e-04
0.14610 -4.035991503196378e-04
0.15481 -4.035992527241899e-04
0.16351 -4.035994499755237e-04
0.17221 -4.035998265322779e-04
0.18091 -4.036005390766945e-04
0.18961 -4.036018757589171e-04
0.19832 -4.036043620408868e-04
0.20702 -4.036089483636357e-04
0.21572 -4.036173406419380e-04
0.22442 -4.036325788560318e-04
0.23312 -4.036600447914492e-04
0.24182 -4.037092091459716e-04
0.25053 -4.037966475012921e-04
0.25923 -4.039512277429447e-04
0.26793 -4.042230178928708e-04
0.27663 -4.046986291433442e-04
0.28533 -4.055279231342181e-04
0.29404 -4.069713634693236e-04
0.30274 -4.094857732816743e-04
0.31144 -4.138820683303717e-04
0.32014 -4.216170891320976e-04
0.32884 -4.353394943451934e-04
0.33755 -4.599716725806735e-04
0.34625 -5.051227963178321e-04
0.35495 -5.906699115218506e-04
0.36365 -7.567982866822358e-04
0.37235 -1.072440664562685e-03
0.38106 -1.698145482378038e-03
0.38976 -2.581571582167252e-03
0.39846 -3.489845675029734e-03
0.40716 -4.464687537459642e-03
0.41586 -5.485081205857579e-03
0.42457 -6.554968438645194e-03
0.43327 -7.684757815132952e-03
0.44197 -8.894412058557611e-03
0.45067 -1.023761733865585e-02
0.45937 -1.182398601533535e-02
0.46807 -1.379247322908671e-02
0.47678 -1.595405975881509e-02
0.48548 -1.834932965424097e-02
0.49418 -2.105500644164753e-02
0.50288 -2.422598616695542e-02
0.51158 -2.808798771479927e-02
0.52029 -3.272975516869742e-02
0.52899 -3.793570636196057e-02
0.53769 -4.350607355604131e-02
0.54639 -4.926636614687373e-02
0.55509 -5.489189038283258e-02
0.56380 -6.001712755542619e-02
0.57250 -6.482403611609339e-02
0.58120 -6.937009420439580e-02
0.58990 -7.367907597798577e-02
0.59860 -7.779581002808421e-02
0.60731 -8.181854476841340e-02
0.61601 -8.566392495715669e-02
0.62471 -8.939816794985718e-02
0.63341 -9.305082462827176e-02
0.64211 -9.661347281840958e-02
0.65082 -1.003929265998794e-01
0.65952 -1.034849478934376e-01
0.66822 -1.065932558904462e-01
0.67692 -1.096493019958859e-01
0.68562 -1.126245736059114e-01
0.69432 -1.156319411620066e-01
0.70303 -1.186966911242891e-01
0.71173 -1.218522907888396e-01
0.72043 -1.252004703389916e-01
0.72913 -1.288378750964722e-01
0.73783 -1.324277676271451e-01
0.74654 -1.357581806638260e-01
0.75524 -1.388382779362709e-01
0.76394 -1.416880756986867e-01
0.77264 -1.441472314677374e-01
0.78134 -1.462269554466369e-01
0.79005 -1.479933560035230e-01
0.79875 -1.493892582167330e-01
0.80745 -1.510857893076206e-01
0.81615 -1.527241737398194e-01
0.82485 -1.520163323839584e-01
0.83356 -1.460458227704125e-01
0.84226 -1.352580728733362e-01
0.85096 -8.304548359542124e-02
