gG 173
H 122
N 122
gG 150
P 150
H 0
P 87
N 0

0.0 0.0 0.0
0.0 0.005780346820809248 0.0
0.0 0.011560693641618497 0.0
0.0 0.017341040462427744 0.0
0.0 0.023121387283236993 0.0
0.0 0.028901734104046242 0.0
0.0 0.03468208092485549 0.0
0.0 0.04046242774566474 0.0
0.0 0.046242774566473986 0.0
0.0 0.05202312138728323 0.0
0.0 0.057803468208092484 0.0
0.0 0.06358381502890173 0.0
0.0 0.06936416184971098 0.0
0.0 0.07514450867052022 0.0
0.0 0.08092485549132948 0.0
0.0 0.08670520231213873 0.0
0.0 0.09248554913294797 0.0
0.0 0.09826589595375722 0.0
0.0 0.10404624277456646 0.0
0.0 0.10982658959537572 0.0
0.0 0.11560693641618497 0.0
0.0 0.12138728323699421 0.0
0.0 0.12716763005780346 0.0
0.0 0.1329479768786127 0.0
0.0 0.13872832369942195 0.0
0.0 0.1445086705202312 0.0
0.0 0.15028901734104044 0.0
0.0 0.15606936416184972 0.0
0.0 0.16184971098265896 0.0
0.0 0.1676300578034682 0.0
0.0 0.17341040462427745 0.0
0.0 0.1791907514450867 0.0
0.0 0.18497109826589594 0.0
0.0 0.1907514450867052 0.0
0.0 0.19653179190751444 0.0
0.0 0.20231213872832368 0.0
0.0 0.20809248554913293 0.0
0.0 0.21387283236994217 0.0
0.0 0.21965317919075145 0.0
0.0 0.2254335260115607 0.0
0.0 0.23121387283236994 0.0
0.0 0.23699421965317918 0.0
0.0 0.24277456647398843 0.0
0.0 0.24855491329479767 0.0
0.0 0.2543352601156069 0.0
0.0 0.26011560693641617 0.0
0.0 0.2658959537572254 0.0
0.0 0.27167630057803466 0.0
0.0 0.2774566473988439 0.0
0.0 0.28323699421965315 0.0
0.0 0.2890173410404624 0.0
0.0 0.29479768786127164 0.0
0.0 0.3005780346820809 0.0
0.0 0.30635838150289013 0.0
0.0 0.31213872832369943 0.0
0.0 0.3179190751445087 0.0
0.0 0.3236994219653179 0.0
0.0 0.32947976878612717 0.0
0.0 0.3352601156069364 0.0
0.0 0.34104046242774566 0.0
0.0 0.3468208092485549 0.0
0.0 0.35260115606936415 0.0
0.0 0.3583815028901734 0.0
0.0 0.36416184971098264 0.0
0.0 0.3699421965317919 0.0
0.0 0.37572254335260113 0.0
0.0 0.3815028901734104 0.0
0.0 0.3872832369942196 0.0
0.0 0.39306358381502887 0.0
0.0 0.3988439306358381 0.0
0.0 0.40462427745664736 0.0
0.0 0.4104046242774566 0.0
0.0 0.41618497109826585 0.0
0.0 0.4219653179190751 0.0
0.0 0.42774566473988435 0.0
0.0 0.43352601156069365 0.0
0.0 0.4393063583815029 0.0
0.0 0.44508670520231214 0.0
0.0 0.4508670520231214 0.0
0.0 0.45664739884393063 0.0
0.0 0.4624277456647399 0.0
0.0 0.4682080924855491 0.0
0.0 0.47398843930635837 0.0
0.0 0.4797687861271676 0.0
0.0 0.48554913294797686 0.0
0.0 0.4913294797687861 0.0
0.0 0.49710982658959535 0.0
0.0 0.5028901734104047 0.0
0.0 0.5086705202312138 0.0
0.0 0.5144508670520231 0.0
0.0 0.5202312138728323 0.0
0.0 0.5260115606936416 0.0
0.0 0.5317919075144508 0.0
0.0 0.5375722543352601 0.0
0.0 0.5433526011560693 0.0
0.0 0.5491329479768786 0.0
0.0 0.5549132947976878 0.0
0.0 0.5606936416184971 0.0
0.0 0.5664739884393063 0.0
0.0 0.5722543352601156 0.0
0.0 0.5780346820809248 0.0
0.0 0.5838150289017341 0.0
0.0 0.5895953757225433 0.0
0.0 0.5953757225433526 0.0
0.0 0.6011560693641618 0.0
0.0 0.6069364161849711 0.0
0.0 0.6127167630057803 0.0
0.0 0.6184971098265896 0.0
0.0 0.6242774566473989 0.0
0.0 0.630057803468208 0.0
0.0 0.6358381502890174 0.0
0.0 0.6416184971098265 0.0
0.0 0.6473988439306358 0.0
0.0 0.653179190751445 0.0
0.0 0.6589595375722543 0.0
0.0 0.6647398843930635 0.0
0.0 0.6705202312138728 0.0
0.0 0.676300578034682 0.0
0.0 0.6820809248554913 0.0
0.0 0.6878612716763005 0.0
0.0 0.6936416184971098 0.0
0.0 0.699421965317919 0.0
0.0 0.7052023121387283 0.0
0.0 0.7109826589595375 0.0
0.0 0.7167630057803468 0.0
0.0 0.722543352601156 0.0
0.0 0.7283236994219653 0.0
0.0 0.7341040462427745 0.0
0.0 0.7398843930635838 0.0
0.0 0.7456647398843931 0.0
0.0 0.7514450867052023 0.0
0.0 0.7572254335260116 0.0
0.0 0.7630057803468208 0.0
0.0 0.7687861271676301 0.0
0.0 0.7745664739884393 0.0
0.0 0.7803468208092486 0.0
0.0 0.7861271676300577 0.0
0.0 0.791907514450867 0.0
0.0 0.7976878612716762 0.0
0.0 0.8034682080924855 0.0
0.0 0.8092485549132947 0.0
0.0 0.815028901734104 0.0
0.0 0.8208092485549132 0.0
0.0 0.8265895953757225 0.0
0.0 0.8323699421965317 0.0
0.0 0.838150289017341 0.0
0.0 0.8439306358381502 0.0
0.0 0.8497109826589595 0.0
0.0 0.8554913294797687 0.0
0.0 0.861271676300578 0.0
0.0 0.8670520231213873 0.0
0.0 0.8728323699421965 0.0
0.0 0.8786127167630058 0.0
0.0 0.884393063583815 0.0
0.0 0.8901734104046243 0.0
0.0 0.8959537572254335 0.0
0.0 0.9017341040462428 0.0
0.0 0.907514450867052 0.0
0.0 0.9132947976878613 0.0
0.0 0.9190751445086704 0.0
0.0 0.9248554913294798 0.0
0.0 0.9306358381502889 0.0
0.0 0.9364161849710982 0.0
0.0 0.9421965317919074 0.0
0.0 0.9479768786127167 0.0
0.0 0.9537572254335259 0.0
0.0 0.9595375722543352 0.0
0.0 0.9653179190751444 0.0
0.0 0.9710982658959537 0.0
0.0 0.9768786127167629 0.0
0.0 0.9826589595375722 0.0
0.0 0.9884393063583815 0.0
0.0 0.9942196531791907 0.0
0.0 1.0 0.0
0.0040983606557377095 0.9959016393442623 0.0
0.008196721311475419 0.9918032786885246 0.0
0.012295081967213128 0.9877049180327868 0.0
0.016393442622950838 0.9836065573770492 0.0
0.020491803278688547 0.9795081967213115 0.0
0.024590163934426257 0.9754098360655737 0.0
0.02868852459016391 0.9713114754098361 0.0
0.03278688524590162 0.9672131147540983 0.0
0.03688524590163933 0.9631147540983607 0.0
0.04098360655737704 0.959016393442623 0.0
0.04508196721311475 0.9549180327868853 0.0
0.04918032786885246 0.9508196721311475 0.0
0.05327868852459017 0.9467213114754098 0.0
0.05737704918032788 0.9426229508196722 0.0
0.061475409836065587 0.9385245901639344 0.0
0.0655737704918033 0.9344262295081966 0.0
0.069672131147541 0.930327868852459 0.0
0.07377049180327866 0.9262295081967213 0.0
0.07786885245901642 0.9221311475409836 0.0
0.08196721311475408 0.9180327868852459 0.0
0.08606557377049179 0.9139344262295082 0.0
0.0901639344262295 0.9098360655737705 0.0
0.0942622950819672 0.9057377049180328 0.0
0.09836065573770492 0.9016393442622951 0.0
0.10245901639344263 0.8975409836065573 0.0
0.10655737704918034 0.8934426229508197 0.0
0.11065573770491804 0.889344262295082 0.0
0.11475409836065575 0.8852459016393442 0.0
0.11885245901639346 0.8811475409836065 0.0
0.12295081967213117 0.8770491803278688 0.0
0.12704918032786883 0.8729508196721312 0.0
0.1311475409836066 0.8688524590163934 0.0
0.13524590163934425 0.8647540983606558 0.0
0.139344262295082 0.860655737704918 0.0
0.14344262295081966 0.8565573770491803 0.0
0.14754098360655737 0.8524590163934427 0.0
0.15163934426229508 0.8483606557377049 0.0
0.1557377049180328 0.8442622950819672 0.0
0.1598360655737705 0.8401639344262295 0.0
0.1639344262295082 0.8360655737704918 0.0
0.16803278688524592 0.8319672131147541 0.0
0.17213114754098358 0.8278688524590164 0.0
0.17622950819672134 0.8237704918032787 0.0
0.180327868852459 0.819672131147541 0.0
0.18442622950819676 0.8155737704918032 0.0
0.1885245901639344 0.8114754098360656 0.0
0.19262295081967218 0.8073770491803278 0.0
0.19672131147540983 0.8032786885245902 0.0
0.20081967213114754 0.7991803278688525 0.0
0.20491803278688525 0.7950819672131147 0.0
0.20901639344262296 0.790983606557377 0.0
0.21311475409836067 0.7868852459016393 0.0
0.21721311475409838 0.7827868852459017 0.0
0.2213114754098361 0.7786885245901639 0.0
0.22540983606557374 0.7745901639344263 0.0
0.2295081967213115 0.7704918032786885 0.0
0.23360655737704916 0.7663934426229508 0.0
0.23770491803278693 0.7622950819672131 0.0
0.24180327868852458 0.7581967213114754 0.0
0.24590163934426235 0.7540983606557377 0.0
0.25 0.75 0.0
0.2540983606557377 0.7459016393442623 0.0
0.2581967213114754 0.7418032786885246 0.0
0.26229508196721313 0.7377049180327868 0.0
0.26639344262295084 0.7336065573770492 0.0
0.27049180327868855 0.7295081967213115 0.0
0.27459016393442626 0.7254098360655737 0.0
0.27868852459016397 0.721311475409836 0.0
0.2827868852459017 0.7172131147540983 0.0
0.2868852459016394 0.7131147540983607 0.0
0.29098360655737704 0.709016393442623 0.0
0.29508196721311475 0.7049180327868853 0.0
0.29918032786885246 0.7008196721311475 0.0
0.30327868852459017 0.6967213114754098 0.0
0.3073770491803279 0.6926229508196722 0.0
0.3114754098360656 0.6885245901639344 0.0
0.3155737704918033 0.6844262295081966 0.0
0.319672131147541 0.680327868852459 0.0
0.3237704918032787 0.6762295081967213 0.0
0.3278688524590164 0.6721311475409836 0.0
0.33196721311475413 0.6680327868852458 0.0
0.33606557377049184 0.6639344262295082 0.0
0.34016393442622955 0.6598360655737705 0.0
0.3442622950819672 0.6557377049180328 0.0
0.3483606557377049 0.6516393442622951 0.0
0.3524590163934426 0.6475409836065573 0.0
0.35655737704918034 0.6434426229508197 0.0
0.36065573770491804 0.639344262295082 0.0
0.36475409836065575 0.6352459016393442 0.0
0.36885245901639346 0.6311475409836065 0.0
0.3729508196721312 0.6270491803278688 0.0
0.3770491803278689 0.6229508196721312 0.0
0.3811475409836066 0.6188524590163934 0.0
0.3852459016393443 0.6147540983606556 0.0
0.389344262295082 0.610655737704918 0.0
0.39344262295081966 0.6065573770491803 0.0
0.3975409836065574 0.6024590163934427 0.0
0.4016393442622951 0.5983606557377049 0.0
0.4057377049180328 0.5942622950819672 0.0
0.4098360655737705 0.5901639344262295 0.0
0.4139344262295082 0.5860655737704918 0.0
0.4180327868852459 0.5819672131147541 0.0
0.42213114754098363 0.5778688524590163 0.0
0.42622950819672134 0.5737704918032787 0.0
0.43032786885245905 0.569672131147541 0.0
0.43442622950819676 0.5655737704918032 0.0
0.43852459016393447 0.5614754098360655 0.0
0.4426229508196722 0.5573770491803278 0.0
0.44672131147540983 0.5532786885245902 0.0
0.45081967213114754 0.5491803278688525 0.0
0.45491803278688525 0.5450819672131147 0.0
0.45901639344262296 0.540983606557377 0.0
0.46311475409836067 0.5368852459016393 0.0
0.4672131147540984 0.5327868852459017 0.0
0.4713114754098361 0.5286885245901639 0.0
0.4754098360655738 0.5245901639344261 0.0
0.4795081967213115 0.5204918032786885 0.0
0.4836065573770492 0.5163934426229508 0.0
0.4877049180327869 0.5122950819672131 0.0
0.49180327868852464 0.5081967213114753 0.0
0.49590163934426235 0.5040983606557377 0.0
0.5 0.5 0.0
0.4959016393442623 0.4959016393442623 0.0
0.4918032786885246 0.4918032786885246 0.0
0.48770491803278687 0.48770491803278687 0.0
0.48360655737704916 0.48360655737704916 0.0
0.47950819672131145 0.47950819672131145 0.0
0.47540983606557374 0.47540983606557374 0.0
0.4713114754098361 0.4713114754098361 0.0
0.4672131147540984 0.4672131147540984 0.0
0.46311475409836067 0.46311475409836067 0.0
0.45901639344262296 0.45901639344262296 0.0
0.45491803278688525 0.45491803278688525 0.0
0.45081967213114754 0.45081967213114754 0.0
0.44672131147540983 0.44672131147540983 0.0
0.4426229508196721 0.4426229508196721 0.0
0.4385245901639344 0.4385245901639344 0.0
0.4344262295081967 0.4344262295081967 0.0
0.430327868852459 0.430327868852459 0.0
0.42622950819672134 0.42622950819672134 0.0
0.4221311475409836 0.4221311475409836 0.0
0.4180327868852459 0.4180327868852459 0.0
0.4139344262295082 0.4139344262295082 0.0
0.4098360655737705 0.4098360655737705 0.0
0.4057377049180328 0.4057377049180328 0.0
0.4016393442622951 0.4016393442622951 0.0
0.3975409836065574 0.3975409836065574 0.0
0.39344262295081966 0.39344262295081966 0.0
0.38934426229508196 0.38934426229508196 0.0
0.38524590163934425 0.38524590163934425 0.0
0.38114754098360654 0.38114754098360654 0.0
0.3770491803278688 0.3770491803278688 0.0
0.3729508196721312 0.3729508196721312 0.0
0.3688524590163934 0.3688524590163934 0.0
0.36475409836065575 0.36475409836065575 0.0
0.360655737704918 0.360655737704918 0.0
0.35655737704918034 0.35655737704918034 0.0
0.3524590163934426 0.3524590163934426 0.0
0.3483606557377049 0.3483606557377049 0.0
0.3442622950819672 0.3442622950819672 0.0
0.3401639344262295 0.3401639344262295 0.0
0.3360655737704918 0.3360655737704918 0.0
0.3319672131147541 0.3319672131147541 0.0
0.3278688524590164 0.3278688524590164 0.0
0.32377049180327866 0.32377049180327866 0.0
0.319672131147541 0.319672131147541 0.0
0.31557377049180324 0.31557377049180324 0.0
0.3114754098360656 0.3114754098360656 0.0
0.3073770491803278 0.3073770491803278 0.0
0.30327868852459017 0.30327868852459017 0.0
0.29918032786885246 0.29918032786885246 0.0
0.29508196721311475 0.29508196721311475 0.0
0.29098360655737704 0.29098360655737704 0.0
0.28688524590163933 0.28688524590163933 0.0
0.2827868852459016 0.2827868852459016 0.0
0.2786885245901639 0.2786885245901639 0.0
0.27459016393442626 0.27459016393442626 0.0
0.2704918032786885 0.2704918032786885 0.0
0.26639344262295084 0.26639344262295084 0.0
0.2622950819672131 0.2622950819672131 0.0
0.2581967213114754 0.2581967213114754 0.0
0.25409836065573765 0.25409836065573765 0.0
0.25 0.25 0.0
0.2459016393442623 0.2459016393442623 0.0
0.24180327868852458 0.24180327868852458 0.0
0.23770491803278687 0.23770491803278687 0.0
0.23360655737704916 0.23360655737704916 0.0
0.22950819672131145 0.22950819672131145 0.0
0.22540983606557374 0.22540983606557374 0.0
0.22131147540983603 0.22131147540983603 0.0
0.21721311475409832 0.21721311475409832 0.0
0.21311475409836061 0.21311475409836061 0.0
0.20901639344262296 0.20901639344262296 0.0
0.20491803278688525 0.20491803278688525 0.0
0.20081967213114754 0.20081967213114754 0.0
0.19672131147540983 0.19672131147540983 0.0
0.19262295081967212 0.19262295081967212 0.0
0.1885245901639344 0.1885245901639344 0.0
0.1844262295081967 0.1844262295081967 0.0
0.180327868852459 0.180327868852459 0.0
0.17622950819672129 0.17622950819672129 0.0
0.17213114754098358 0.17213114754098358 0.0
0.16803278688524587 0.16803278688524587 0.0
0.16393442622950816 0.16393442622950816 0.0
0.15983606557377045 0.15983606557377045 0.0
0.1557377049180328 0.1557377049180328 0.0
0.15163934426229508 0.15163934426229508 0.0
0.14754098360655737 0.14754098360655737 0.0
0.14344262295081966 0.14344262295081966 0.0
0.13934426229508196 0.13934426229508196 0.0
0.13524590163934425 0.13524590163934425 0.0
0.13114754098360654 0.13114754098360654 0.0
0.12704918032786883 0.12704918032786883 0.0
0.12295081967213112 0.12295081967213112 0.0
0.11885245901639341 0.11885245901639341 0.0
0.1147540983606557 0.1147540983606557 0.0
0.11065573770491799 0.11065573770491799 0.0
0.10655737704918034 0.10655737704918034 0.0
0.10245901639344263 0.10245901639344263 0.0
0.09836065573770492 0.09836065573770492 0.0
0.0942622950819672 0.0942622950819672 0.0
0.0901639344262295 0.0901639344262295 0.0
0.08606557377049179 0.08606557377049179 0.0
0.08196721311475408 0.08196721311475408 0.0
0.07786885245901637 0.07786885245901637 0.0
0.07377049180327866 0.07377049180327866 0.0
0.06967213114754095 0.06967213114754095 0.0
0.06557377049180324 0.06557377049180324 0.0
0.06147540983606553 0.06147540983606553 0.0
0.05737704918032782 0.05737704918032782 0.0
0.05327868852459017 0.05327868852459017 0.0
0.04918032786885246 0.04918032786885246 0.0
0.04508196721311475 0.04508196721311475 0.0
0.04098360655737704 0.04098360655737704 0.0
0.03688524590163933 0.03688524590163933 0.0
0.03278688524590162 0.03278688524590162 0.0
0.02868852459016391 0.02868852459016391 0.0
0.0245901639344262 0.0245901639344262 0.0
0.020491803278688492 0.020491803278688492 0.0
0.016393442622950782 0.016393442622950782 0.0
0.012295081967213073 0.012295081967213073 0.0
0.008196721311475363 0.008196721311475363 0.0
0.004098360655737654 0.004098360655737654 0.0
0.0 0.0 0.0
0.003333333333333333 0.0033333333333333335 0.003333333333333333
0.006666666666666666 0.006666666666666667 0.006666666666666666
0.009999999999999998 0.01 0.009999999999999998
0.013333333333333332 0.013333333333333334 0.013333333333333332
0.01666666666666667 0.016666666666666666 0.01666666666666667
0.019999999999999997 0.02 0.019999999999999997
0.023333333333333338 0.023333333333333334 0.023333333333333338
0.026666666666666665 0.02666666666666667 0.026666666666666665
0.03 0.030000000000000002 0.03
0.03333333333333334 0.03333333333333333 0.03333333333333334
0.03666666666666667 0.03666666666666667 0.03666666666666667
0.039999999999999994 0.04 0.039999999999999994
0.043333333333333335 0.043333333333333335 0.043333333333333335
0.046666666666666676 0.04666666666666667 0.046666666666666676
0.049999999999999996 0.05 0.049999999999999996
0.05333333333333333 0.05333333333333334 0.05333333333333333
0.05666666666666667 0.05666666666666667 0.05666666666666667
0.06 0.060000000000000005 0.06
0.06333333333333332 0.06333333333333334 0.06333333333333332
0.06666666666666668 0.06666666666666667 0.06666666666666668
0.06999999999999999 0.07 0.06999999999999999
0.07333333333333333 0.07333333333333333 0.07333333333333333
0.07666666666666666 0.07666666666666667 0.07666666666666666
0.07999999999999999 0.08 0.07999999999999999
0.08333333333333333 0.08333333333333334 0.08333333333333333
0.08666666666666667 0.08666666666666667 0.08666666666666667
0.09 0.09000000000000001 0.09
0.09333333333333335 0.09333333333333334 0.09333333333333335
0.09666666666666665 0.09666666666666668 0.09666666666666665
0.09999999999999999 0.1 0.09999999999999999
0.10333333333333333 0.10333333333333335 0.10333333333333333
0.10666666666666666 0.10666666666666667 0.10666666666666666
0.11000000000000001 0.11 0.11000000000000001
0.11333333333333334 0.11333333333333334 0.11333333333333334
0.11666666666666668 0.11666666666666667 0.11666666666666668
0.12 0.12000000000000001 0.12
0.12333333333333332 0.12333333333333334 0.12333333333333332
0.12666666666666665 0.12666666666666668 0.12666666666666665
0.13 0.13 0.13
0.13333333333333336 0.13333333333333333 0.13333333333333336
0.13666666666666666 0.1366666666666667 0.13666666666666666
0.13999999999999999 0.14 0.13999999999999999
0.1433333333333333 0.14333333333333334 0.1433333333333333
0.14666666666666667 0.14666666666666667 0.14666666666666667
0.15 0.15000000000000002 0.15
0.15333333333333332 0.15333333333333335 0.15333333333333332
0.15666666666666668 0.15666666666666668 0.15666666666666668
0.15999999999999998 0.16 0.15999999999999998
0.16333333333333333 0.16333333333333333 0.16333333333333333
0.16666666666666666 0.16666666666666669 0.16666666666666666
0.16999999999999998 0.17 0.16999999999999998
0.17333333333333334 0.17333333333333334 0.17333333333333334
0.1766666666666667 0.17666666666666667 0.1766666666666667
0.18 0.18000000000000002 0.18
0.18333333333333335 0.18333333333333335 0.18333333333333335
0.1866666666666667 0.18666666666666668 0.1866666666666667
0.19000000000000003 0.19 0.19000000000000003
0.1933333333333333 0.19333333333333336 0.1933333333333333
0.19666666666666666 0.19666666666666668 0.19666666666666666
0.19999999999999998 0.2 0.19999999999999998
0.2033333333333333 0.20333333333333334 0.2033333333333333
0.20666666666666667 0.2066666666666667 0.20666666666666667
0.21 0.21000000000000002 0.21
0.21333333333333332 0.21333333333333335 0.21333333333333332
0.21666666666666667 0.21666666666666667 0.21666666666666667
0.22000000000000003 0.22 0.22000000000000003
0.22333333333333333 0.22333333333333336 0.22333333333333333
0.22666666666666668 0.22666666666666668 0.22666666666666668
0.23000000000000004 0.23 0.23000000000000004
0.23333333333333336 0.23333333333333334 0.23333333333333336
0.23666666666666664 0.2366666666666667 0.23666666666666664
0.24 0.24000000000000002 0.24
0.24333333333333332 0.24333333333333335 0.24333333333333332
0.24666666666666665 0.24666666666666667 0.24666666666666665
0.25 0.25 0.25
0.2533333333333333 0.25333333333333335 0.2533333333333333
0.25666666666666665 0.2566666666666667 0.25666666666666665
0.26 0.26 0.26
0.2633333333333333 0.26333333333333336 0.2633333333333333
0.2666666666666667 0.26666666666666666 0.2666666666666667
0.27 0.27 0.27
0.2733333333333333 0.2733333333333334 0.2733333333333333
0.2766666666666667 0.27666666666666667 0.2766666666666667
0.27999999999999997 0.28 0.27999999999999997
0.2833333333333333 0.2833333333333333 0.2833333333333333
0.2866666666666666 0.2866666666666667 0.2866666666666666
0.29 0.29000000000000004 0.29
0.29333333333333333 0.29333333333333333 0.29333333333333333
0.29666666666666663 0.2966666666666667 0.29666666666666663
0.3 0.30000000000000004 0.3
0.30333333333333334 0.30333333333333334 0.30333333333333334
0.30666666666666664 0.3066666666666667 0.30666666666666664
0.31000000000000005 0.31 0.31000000000000005
0.31333333333333335 0.31333333333333335 0.31333333333333335
0.31666666666666665 0.3166666666666667 0.31666666666666665
0.31999999999999995 0.32 0.31999999999999995
0.3233333333333333 0.32333333333333336 0.3233333333333333
0.32666666666666666 0.32666666666666666 0.32666666666666666
0.32999999999999996 0.33 0.32999999999999996
0.3333333333333333 0.33333333333333337 0.3333333333333333
0.33666666666666667 0.33666666666666667 0.33666666666666667
0.33999999999999997 0.34 0.33999999999999997
0.3433333333333333 0.3433333333333334 0.3433333333333333
0.3466666666666667 0.3466666666666667 0.3466666666666667
0.35 0.35000000000000003 0.35
0.3533333333333334 0.35333333333333333 0.3533333333333334
0.3566666666666667 0.3566666666666667 0.3566666666666667
0.36 0.36000000000000004 0.36
0.3633333333333334 0.36333333333333334 0.3633333333333334
0.3666666666666667 0.3666666666666667 0.3666666666666667
0.37 0.37000000000000005 0.37
0.3733333333333334 0.37333333333333335 0.3733333333333334
0.3766666666666667 0.3766666666666667 0.3766666666666667
0.38000000000000006 0.38 0.38000000000000006
0.3833333333333334 0.38333333333333336 0.3833333333333334
0.3866666666666666 0.3866666666666667 0.3866666666666666
0.38999999999999996 0.39 0.38999999999999996
0.3933333333333333 0.39333333333333337 0.3933333333333333
0.3966666666666666 0.39666666666666667 0.3966666666666666
0.39999999999999997 0.4 0.39999999999999997
0.4033333333333333 0.4033333333333334 0.4033333333333333
0.4066666666666666 0.4066666666666667 0.4066666666666666
0.41 0.41000000000000003 0.41
0.41333333333333333 0.4133333333333334 0.41333333333333333
0.41666666666666663 0.4166666666666667 0.41666666666666663
0.42 0.42000000000000004 0.42
0.42333333333333334 0.42333333333333334 0.42333333333333334
0.42666666666666664 0.4266666666666667 0.42666666666666664
0.43 0.43000000000000005 0.43
0.43333333333333335 0.43333333333333335 0.43333333333333335
0.43666666666666665 0.4366666666666667 0.43666666666666665
0.44000000000000006 0.44 0.44000000000000006
0.44333333333333336 0.44333333333333336 0.44333333333333336
0.44666666666666666 0.4466666666666667 0.44666666666666666
0.45000000000000007 0.45 0.45000000000000007
0.45333333333333337 0.45333333333333337 0.45333333333333337
0.45666666666666667 0.4566666666666667 0.45666666666666667
0.4600000000000001 0.46 0.4600000000000001
0.4633333333333334 0.4633333333333334 0.4633333333333334
0.46666666666666673 0.4666666666666667 0.46666666666666673
0.47 0.47000000000000003 0.47
0.4733333333333333 0.4733333333333334 0.4733333333333333
0.4766666666666666 0.4766666666666667 0.4766666666666666
0.48 0.48000000000000004 0.48
0.4833333333333333 0.48333333333333334 0.4833333333333333
0.48666666666666664 0.4866666666666667 0.48666666666666664
0.49 0.49000000000000005 0.49
0.4933333333333333 0.49333333333333335 0.4933333333333333
0.49666666666666665 0.4966666666666667 0.49666666666666665
0.5 0.5 0.5
0.49666666666666665 0.5033333333333333 0.49666666666666665
0.49333333333333335 0.5066666666666667 0.49333333333333335
0.49 0.51 0.49
0.48666666666666664 0.5133333333333333 0.48666666666666664
0.48333333333333334 0.5166666666666667 0.48333333333333334
0.48 0.52 0.48
0.4766666666666666 0.5233333333333333 0.4766666666666666
0.4733333333333334 0.5266666666666666 0.4733333333333334
0.47 0.53 0.47
0.4666666666666666 0.5333333333333333 0.4666666666666666
0.4633333333333334 0.5366666666666666 0.4633333333333334
0.45999999999999996 0.54 0.45999999999999996
0.4566666666666666 0.5433333333333333 0.4566666666666666
0.45333333333333337 0.5466666666666666 0.45333333333333337
0.44999999999999996 0.55 0.44999999999999996
0.4466666666666667 0.5533333333333333 0.4466666666666667
0.44333333333333336 0.5566666666666666 0.44333333333333336
0.43999999999999995 0.56 0.43999999999999995
0.4366666666666667 0.5633333333333334 0.4366666666666667
0.43333333333333335 0.5666666666666667 0.43333333333333335
0.42999999999999994 0.5700000000000001 0.42999999999999994
0.4266666666666667 0.5733333333333334 0.4266666666666667
0.42333333333333334 0.5766666666666667 0.42333333333333334
0.42 0.58 0.42
0.4166666666666667 0.5833333333333334 0.4166666666666667
0.41333333333333333 0.5866666666666667 0.41333333333333333
0.41 0.59 0.41
0.4066666666666667 0.5933333333333334 0.4066666666666667
0.4033333333333333 0.5966666666666667 0.4033333333333333
0.39999999999999997 0.6 0.39999999999999997
0.39666666666666667 0.6033333333333334 0.39666666666666667
0.3933333333333333 0.6066666666666667 0.3933333333333333
0.38999999999999996 0.61 0.38999999999999996
0.3866666666666667 0.6133333333333333 0.3866666666666667
0.3833333333333333 0.6166666666666667 0.3833333333333333
0.37999999999999995 0.62 0.37999999999999995
0.3766666666666667 0.6233333333333333 0.3766666666666667
0.3733333333333333 0.6266666666666667 0.3733333333333333
0.37000000000000005 0.63 0.37000000000000005
0.3666666666666667 0.6333333333333333 0.3666666666666667
0.3633333333333333 0.6366666666666667 0.3633333333333333
0.35999999999999993 0.64 0.35999999999999993
0.3566666666666667 0.6433333333333333 0.3566666666666667
0.3533333333333333 0.6466666666666667 0.3533333333333333
0.35000000000000003 0.65 0.35000000000000003
0.3466666666666667 0.6533333333333333 0.3466666666666667
0.34333333333333327 0.6566666666666667 0.34333333333333327
0.34 0.66 0.34
0.33666666666666667 0.6633333333333333 0.33666666666666667
0.33333333333333326 0.6666666666666667 0.33333333333333326
0.33 0.67 0.33
0.32666666666666666 0.6733333333333333 0.32666666666666666
0.3233333333333333 0.6766666666666666 0.3233333333333333
0.32 0.68 0.32
0.31666666666666665 0.6833333333333333 0.31666666666666665
0.3133333333333333 0.6866666666666666 0.3133333333333333
0.31000000000000005 0.69 0.31000000000000005
0.30666666666666664 0.6933333333333334 0.30666666666666664
0.3033333333333333 0.6966666666666667 0.3033333333333333
0.30000000000000004 0.7 0.30000000000000004
0.29666666666666663 0.7033333333333334 0.29666666666666663
0.2933333333333333 0.7066666666666667 0.2933333333333333
0.29000000000000004 0.71 0.29000000000000004
0.2866666666666666 0.7133333333333334 0.2866666666666666
0.28333333333333327 0.7166666666666667 0.28333333333333327
0.28 0.72 0.28
0.2766666666666666 0.7233333333333334 0.2766666666666666
0.2733333333333334 0.7266666666666667 0.2733333333333334
0.27 0.73 0.27
0.2666666666666666 0.7333333333333334 0.2666666666666666
0.26333333333333325 0.7366666666666667 0.26333333333333325
0.26 0.74 0.26
0.2566666666666666 0.7433333333333334 0.2566666666666666
0.25333333333333335 0.7466666666666667 0.25333333333333335
0.25 0.75 0.25
0.2466666666666666 0.7533333333333334 0.2466666666666666
0.24333333333333323 0.7566666666666667 0.24333333333333323
0.24 0.76 0.24
0.23666666666666658 0.7633333333333334 0.23666666666666658
0.2333333333333334 0.7666666666666666 0.2333333333333334
0.22999999999999998 0.77 0.22999999999999998
0.22666666666666657 0.7733333333333334 0.22666666666666657
0.22333333333333338 0.7766666666666666 0.22333333333333338
0.21999999999999997 0.78 0.21999999999999997
0.21666666666666673 0.7833333333333333 0.21666666666666673
0.21333333333333337 0.7866666666666666 0.21333333333333337
0.20999999999999996 0.79 0.20999999999999996
0.2066666666666666 0.7933333333333333 0.2066666666666666
0.20333333333333337 0.7966666666666666 0.20333333333333337
0.19999999999999996 0.8 0.19999999999999996
0.1966666666666667 0.8033333333333333 0.1966666666666667
0.19333333333333336 0.8066666666666666 0.19333333333333336
0.18999999999999995 0.81 0.18999999999999995
0.1866666666666666 0.8133333333333334 0.1866666666666666
0.18333333333333335 0.8166666666666667 0.18333333333333335
0.17999999999999994 0.8200000000000001 0.17999999999999994
0.1766666666666667 0.8233333333333334 0.1766666666666667
0.17333333333333334 0.8266666666666667 0.17333333333333334
0.16999999999999993 0.8300000000000001 0.16999999999999993
0.16666666666666657 0.8333333333333334 0.16666666666666657
0.16333333333333333 0.8366666666666667 0.16333333333333333
0.15999999999999992 0.8400000000000001 0.15999999999999992
0.15666666666666668 0.8433333333333334 0.15666666666666668
0.15333333333333332 0.8466666666666667 0.15333333333333332
0.1499999999999999 0.8500000000000001 0.1499999999999999
0.14666666666666672 0.8533333333333333 0.14666666666666672
0.1433333333333333 0.8566666666666667 0.1433333333333333
0.1399999999999999 0.8600000000000001 0.1399999999999999
0.13666666666666671 0.8633333333333333 0.13666666666666671
0.1333333333333333 0.8666666666666667 0.1333333333333333
0.1299999999999999 0.8700000000000001 0.1299999999999999
0.1266666666666667 0.8733333333333333 0.1266666666666667
0.1233333333333333 0.8766666666666667 0.1233333333333333
0.12000000000000005 0.88 0.12000000000000005
0.1166666666666667 0.8833333333333333 0.1166666666666667
0.11333333333333329 0.8866666666666667 0.11333333333333329
0.10999999999999993 0.89 0.10999999999999993
0.10666666666666669 0.8933333333333333 0.10666666666666669
0.10333333333333328 0.8966666666666667 0.10333333333333328
0.10000000000000003 0.9 0.10000000000000003
0.09666666666666668 0.9033333333333333 0.09666666666666668
0.09333333333333327 0.9066666666666667 0.09333333333333327
0.08999999999999991 0.91 0.08999999999999991
0.08666666666666667 0.9133333333333333 0.08666666666666667
0.08333333333333326 0.9166666666666667 0.08333333333333326
0.08000000000000002 0.92 0.08000000000000002
0.07666666666666666 0.9233333333333333 0.07666666666666666
0.07333333333333325 0.9266666666666667 0.07333333333333325
0.0699999999999999 0.93 0.0699999999999999
0.06666666666666665 0.9333333333333333 0.06666666666666665
0.06333333333333324 0.9366666666666668 0.06333333333333324
0.06000000000000005 0.94 0.06000000000000005
0.05666666666666664 0.9433333333333334 0.05666666666666664
0.05333333333333323 0.9466666666666668 0.05333333333333323
0.050000000000000044 0.95 0.050000000000000044
0.046666666666666634 0.9533333333333334 0.046666666666666634
0.043333333333333224 0.9566666666666668 0.043333333333333224
0.040000000000000036 0.96 0.040000000000000036
0.036666666666666625 0.9633333333333334 0.036666666666666625
0.03333333333333327 0.9666666666666667 0.03333333333333327
0.030000000000000027 0.97 0.030000000000000027
0.026666666666666616 0.9733333333333334 0.026666666666666616
0.023333333333333373 0.9766666666666667 0.023333333333333373
0.020000000000000018 0.98 0.020000000000000018
0.016666666666666607 0.9833333333333334 0.016666666666666607
0.013333333333333253 0.9866666666666667 0.013333333333333253
0.010000000000000009 0.99 0.010000000000000009
0.006666666666666599 0.9933333333333334 0.006666666666666599
0.003333333333333355 0.9966666666666667 0.003333333333333355
0.0 1.0 0.0
0.5 0.5 0.5
0.5 0.5 0.49425287356321834
0.49999999999999994 0.5 0.48850574712643674
0.5 0.5 0.4827586206896552
0.5 0.5 0.4770114942528736
0.5 0.5 0.47126436781609193
0.5 0.5 0.46551724137931033
0.5 0.5 0.4597701149425288
0.5 0.5 0.4540229885057472
0.5 0.5 0.4482758620689655
0.5 0.5 0.44252873563218387
0.49999999999999994 0.5 0.43678160919540227
0.5 0.5 0.4310344827586207
0.5 0.5 0.4252873563218391
0.5 0.5 0.41954022988505746
0.5 0.5 0.4137931034482758
0.5 0.5 0.4080459770114943
0.5 0.5 0.4022988505747127
0.5 0.5 0.39655172413793105
0.5 0.5 0.3908045977011494
0.49999999999999994 0.5 0.3850574712643678
0.5 0.5 0.37931034482758624
0.5 0.5 0.37356321839080464
0.5 0.5 0.367816091954023
0.5 0.5 0.3620689655172413
0.49999999999999994 0.5 0.3563218390804597
0.5 0.5 0.35057471264367823
0.5 0.5 0.3448275862068966
0.5 0.5 0.3390804597701149
0.49999999999999994 0.5 0.3333333333333333
0.49999999999999994 0.5 0.32758620689655166
0.5 0.5 0.32183908045977017
0.5 0.5 0.3160919540229885
0.5 0.5 0.31034482758620685
0.5 0.5 0.30459770114942536
0.5 0.5 0.2988505747126437
0.5 0.5 0.2931034482758621
0.5 0.5 0.28735632183908044
0.5 0.5 0.2816091954022988
0.5 0.5 0.2758620689655173
0.5 0.5 0.2701149425287357
0.5 0.5 0.26436781609195403
0.5 0.5 0.2586206896551724
0.49999999999999994 0.5 0.2528735632183908
0.5 0.5 0.24712643678160923
0.5 0.5 0.24137931034482762
0.5 0.5 0.23563218390804597
0.5 0.5 0.2298850574712643
0.49999999999999994 0.5 0.2241379310344827
0.5 0.5 0.21839080459770122
0.5 0.5 0.21264367816091956
0.5 0.5 0.2068965517241379
0.5 0.5 0.2011494252873564
0.49999999999999994 0.5 0.19540229885057464
0.5 0.5 0.18965517241379315
0.5 0.5 0.1839080459770115
0.5 0.5 0.17816091954022983
0.5 0.5 0.17241379310344834
0.5 0.5 0.16666666666666674
0.5 0.5 0.16091954022988508
0.5 0.5 0.15517241379310343
0.5 0.5 0.14942528735632177
0.5 0.5 0.14367816091954028
0.5 0.5 0.13793103448275867
0.5 0.5 0.13218390804597702
0.5 0.5 0.12643678160919536
0.49999999999999994 0.5 0.12068965517241376
0.5 0.5 0.11494252873563227
0.5 0.5 0.10919540229885061
0.5 0.5 0.10344827586206895
0.5 0.5 0.09770114942528729
0.49999999999999994 0.5 0.09195402298850569
0.5 0.5 0.0862068965517242
0.5 0.5 0.08045977011494254
0.5 0.5 0.07471264367816088
0.5 0.5 0.06896551724137939
0.49999999999999994 0.5 0.06321839080459762
0.5 0.5 0.05747126436781613
0.5 0.5 0.051724137931034475
0.5 0.5 0.04597701149425282
0.5 0.5 0.040229885057471326
0.5 0.5 0.034482758620689724
0.5 0.5 0.028735632183908066
0.5 0.5 0.02298850574712641
0.49999999999999994 0.5 0.017241379310344807
0.5 0.5 0.01149425287356326
0.5 0.5 0.005747126436781658
0.5 0.5 0.0
