-0.50000  7.13239e+07
-0.49900  7.25331e+07
-0.49800  7.38707e+07
-0.49700  7.53272e+07
-0.49600  7.68928e+07
-0.49500  7.85583e+07
-0.49400  8.03150e+07
-0.49300  8.21552e+07
-0.49200  8.40718e+07
-0.49100  8.60589e+07
-0.49000  8.81118e+07
-0.48900  9.02266e+07
-0.48800  9.24007e+07
-0.48700  9.46323e+07
-0.48600  9.69203e+07
-0.48500  9.92648e+07
-0.48400  1.01666e+08
-0.48300  1.04124e+08
-0.48200  1.06641e+08
-0.48100  1.09217e+08
-0.48000  1.11853e+08
-0.47900  1.14549e+08
-0.47800  1.17305e+08
-0.47700  1.20120e+08
-0.47600  1.22991e+08
-0.47500  1.25915e+08
-0.47400  1.28886e+08
-0.47300  1.31898e+08
-0.47200  1.34941e+08
-0.47100  1.38006e+08
-0.47000  1.41078e+08
-0.46900  1.44141e+08
-0.46800  1.47179e+08
-0.46700  1.50169e+08
-0.46600  1.53089e+08
-0.46500  1.55913e+08
-0.46400  1.58612e+08
-0.46300  1.61155e+08
-0.46200  1.63509e+08
-0.46100  1.65640e+08
-0.46000  1.67511e+08
-0.45900  1.69084e+08
-0.45800  1.70320e+08
-0.45700  1.71181e+08
-0.45600  1.71628e+08
-0.45500  1.71625e+08
-0.45400  1.71136e+08
-0.45300  1.70129e+08
-0.45200  1.68576e+08
-0.45100  1.66453e+08
-0.45000  1.63740e+08
-0.44900  1.60427e+08
-0.44800  1.56508e+08
-0.44700  1.51988e+08
-0.44600  1.46879e+08
-0.44500  1.41203e+08
-0.44400  1.34993e+08
-0.44300  1.28290e+08
-0.44200  1.21146e+08
-0.44100  1.13624e+08
-0.44000  1.05795e+08
-0.43900  9.77376e+07
-0.43800  8.95394e+07
-0.43700  8.12926e+07
-0.43600  7.30940e+07
-0.43500  6.50425e+07
-0.43400  5.72376e+07
-0.43300  4.97770e+07
-0.43200  4.27549e+07
-0.43100  3.62594e+07
-0.43000  3.03712e+07
-0.42900  2.51612e+07
-0.42800  2.06897e+07
-0.42700  1.70047e+07
-0.42600  1.41413e+07
-0.42500  1.21212e+07
-0.42400  1.09523e+07
-0.42300  1.06294e+07
-0.42200  1.11346e+07
-0.42100  1.24383e+07
-0.42000  1.45005e+07
-0.41900  1.72721e+07
-0.41800  2.06968e+07
-0.41700  2.47126e+07
-0.41600  2.92536e+07
-0.41500  3.42520e+07
-0.41400  3.96393e+07
-0.41300  4.53484e+07
-0.41200  5.13142e+07
-0.41100  5.74755e+07
-0.41000  6.37752e+07
-0.40900  7.01617e+07
-0.40800  7.65885e+07
-0.40700  8.30153e+07
-0.40600  8.94073e+07
-0.40500  9.57357e+07
-0.40400  1.01977e+08
-0.40300  1.08112e+08
-0.40200  1.14128e+08
-0.40100  1.20015e+08
-0.40000  1.25767e+08
-0.39900  1.31381e+08
-0.39800  1.36857e+08
-0.39700  1.42197e+08
-0.39600  1.47405e+08
-0.39500  1.52488e+08
-0.39400  1.57451e+08
-0.39300  1.62304e+08
-0.39200  1.67055e+08
-0.39100  1.71715e+08
-0.39000  1.76294e+08
-0.38900  1.80803e+08
-0.38800  1.85254e+08
-0.38700  1.89660e+08
-0.38600  1.94033e+08
-0.38500  1.98387e+08
-0.38400  2.02734e+08
-0.38300  2.07090e+08
-0.38200  2.11466e+08
-0.38100  2.15879e+08
-0.38000  2.20340e+08
-0.37900  2.24863e+08
-0.37800  2.29463e+08
-0.37700  2.34151e+08
-0.37600  2.38939e+08
-0.37500  2.43840e+08
-0.37400  2.48864e+08
-0.37300  2.54020e+08
-0.37200  2.59317e+08
-0.37100  2.64764e+08
-0.37000  2.70366e+08
-0.36900  2.76129e+08
-0.36800  2.82056e+08
-0.36700  2.88152e+08
-0.36600  2.94416e+08
-0.36500  3.00850e+08
-0.36400  3.07452e+08
-0.36300  3.14220e+08
-0.36200  3.21150e+08
-0.36100  3.28237e+08
-0.36000  3.35476e+08
-0.35900  3.42859e+08
-0.35800  3.50377e+08
-0.35700  3.58022e+08
-0.35600  3.65783e+08
-0.35500  3.73649e+08
-0.35400  3.81609e+08
-0.35300  3.89649e+08
-0.35200  3.97756e+08
-0.35100  4.05916e+08
-0.35000  4.14114e+08
-0.34900  4.22335e+08
-0.34800  4.30564e+08
-0.34700  4.38786e+08
-0.34600  4.46983e+08
-0.34500  4.55140e+08
-0.34400  4.63239e+08
-0.34300  4.71266e+08
-0.34200  4.79203e+08
-0.34100  4.87033e+08
-0.34000  4.94741e+08
-0.33900  5.02311e+08
-0.33800  5.09725e+08
-0.33700  5.16969e+08
-0.33600  5.24028e+08
-0.33500  5.30885e+08
-0.33400  5.37528e+08
-0.33300  5.43940e+08
-0.33200  5.50110e+08
-0.33100  5.56023e+08
-0.33000  5.61666e+08
-0.32900  5.67029e+08
-0.32800  5.72098e+08
-0.32700  5.76863e+08
-0.32600  5.81313e+08
-0.32500  5.85439e+08
-0.32400  5.89230e+08
-0.32300  5.92679e+08
-0.32200  5.95776e+08
-0.32100  5.98515e+08
-0.32000  6.00888e+08
-0.31900  6.02888e+08
-0.31800  6.04510e+08
-0.31700  6.05747e+08
-0.31600  6.06594e+08
-0.31500  6.07047e+08
-0.31400  6.07102e+08
-0.31300  6.06755e+08
-0.31200  6.06002e+08
-0.31100  6.04840e+08
-0.31000  6.03267e+08
-0.30900  6.01281e+08
-0.30800  5.98879e+08
-0.30700  5.96062e+08
-0.30600  5.92828e+08
-0.30500  5.89177e+08
-0.30400  5.85109e+08
-0.30300  5.80625e+08
-0.30200  5.75727e+08
-0.30100  5.70417e+08
-0.30000  5.64699e+08
-0.29900  5.58576e+08
-0.29800  5.52054e+08
-0.29700  5.45139e+08
-0.29600  5.37839e+08
-0.29500  5.30161e+08
-0.29400  5.22117e+08
-0.29300  5.13718e+08
-0.29200  5.04977e+08
-0.29100  4.95908e+08
-0.29000  4.86529e+08
-0.28900  4.76857e+08
-0.28800  4.66912e+08
-0.28700  4.56716e+08
-0.28600  4.46291e+08
-0.28500  4.35661e+08
-0.28400  4.24854e+08
-0.28300  4.13895e+08
-0.28200  4.02813e+08
-0.28100  3.91636e+08
-0.28000  3.80395e+08
-0.27900  3.69119e+08
-0.27800  3.57837e+08
-0.27700  3.46578e+08
-0.27600  3.35372e+08
-0.27500  3.24247e+08
-0.27400  3.13227e+08
-0.27300  3.02338e+08
-0.27200  2.91604e+08
-0.27100  2.81044e+08
-0.27000  2.70678e+08
-0.26900  2.60520e+08
-0.26800  2.50586e+08
-0.26700  2.40885e+08
-0.26600  2.31427e+08
-0.26500  2.22217e+08
-0.26400  2.13258e+08
-0.26300  2.04552e+08
-0.26200  1.96098e+08
-0.26100  1.87895e+08
-0.26000  1.79938e+08
-0.25900  1.72223e+08
-0.25800  1.64744e+08
-0.25700  1.57496e+08
-0.25600  1.50473e+08
-0.25500  1.43668e+08
-0.25400  1.37078e+08
-0.25300  1.30698e+08
-0.25200  1.24524e+08
-0.25100  1.18554e+08
-0.25000  1.12786e+08
-0.24900  1.07220e+08
-0.24800  1.01858e+08
-0.24700  9.67003e+07
-0.24600  9.17505e+07
-0.24500  8.70116e+07
-0.24400  8.24875e+07
-0.24300  7.81824e+07
-0.24200  7.41001e+07
-0.24100  7.02446e+07
-0.24000  6.66191e+07
-0.23900  6.32262e+07
-0.23800  6.00674e+07
-0.23700  5.71433e+07
-0.23600  5.44531e+07
-0.23500  5.19949e+07
-0.23400  4.97650e+07
-0.23300  4.77587e+07
-0.23200  4.59697e+07
-0.23100  4.43904e+07
-0.23000  4.30120e+07
-0.22900  4.18247e+07
-0.22800  4.08178e+07
-0.22700  3.99795e+07
-0.22600  3.92980e+07
-0.22500  3.87608e+07
-0.22400  3.83552e+07
-0.22300  3.80686e+07
-0.22200  3.78888e+07
-0.22100  3.78037e+07
-0.22000  3.78018e+07
-0.21900  3.78724e+07
-0.21800  3.80053e+07
-0.21700  3.81913e+07
-0.21600  3.84221e+07
-0.21500  3.86904e+07
-0.21400  3.89895e+07
-0.21300  3.93140e+07
-0.21200  3.96593e+07
-0.21100  4.00216e+07
-0.21000  4.03979e+07
-0.20900  4.07862e+07
-0.20800  4.11849e+07
-0.20700  4.15931e+07
-0.20600  4.20106e+07
-0.20500  4.24374e+07
-0.20400  4.28740e+07
-0.20300  4.33213e+07
-0.20200  4.37802e+07
-0.20100  4.42521e+07
-0.20000  4.47382e+07
-0.19900  4.52400e+07
-0.19800  4.57589e+07
-0.19700  4.62964e+07
-0.19600  4.68537e+07
-0.19500  4.74322e+07
-0.19400  4.80332e+07
-0.19300  4.86576e+07
-0.19200  4.93065e+07
-0.19100  4.99808e+07
-0.19000  5.06812e+07
-0.18900  5.14082e+07
-0.18800  5.21624e+07
-0.18700  5.29442e+07
-0.18600  5.37539e+07
-0.18500  5.45915e+07
-0.18400  5.54573e+07
-0.18300  5.63511e+07
-0.18200  5.72730e+07
-0.18100  5.82228e+07
-0.18000  5.92003e+07
-0.17900  6.02053e+07
-0.17800  6.12375e+07
-0.17700  6.22967e+07
-0.17600  6.33826e+07
-0.17500  6.44948e+07
-0.17400  6.56330e+07
-0.17300  6.67969e+07
-0.17200  6.79862e+07
-0.17100  6.92005e+07
-0.17000  7.04395e+07
-0.16900  7.17030e+07
-0.16800  7.29906e+07
-0.16700  7.43021e+07
-0.16600  7.56372e+07
-0.16500  7.69958e+07
-0.16400  7.83775e+07
-0.16300  7.97821e+07
-0.16200  8.12096e+07
-0.16100  8.26598e+07
-0.16000  8.41325e+07
-0.15900  8.56275e+07
-0.15800  8.71449e+07
-0.15700  8.86845e+07
-0.15600  9.02463e+07
-0.15500  9.18302e+07
-0.15400  9.34363e+07
-0.15300  9.50644e+07
-0.15200  9.67145e+07
-0.15100  9.83868e+07
-0.15000  1.00081e+08
-0.14900  1.01798e+08
-0.14800  1.03537e+08
-0.14700  1.05298e+08
-0.14600  1.07081e+08
-0.14500  1.08887e+08
-0.14400  1.10716e+08
-0.14300  1.12567e+08
-0.14200  1.14440e+08
-0.14100  1.16337e+08
-0.14000  1.18256e+08
-0.13900  1.20199e+08
-0.13800  1.22165e+08
-0.13700  1.24154e+08
-0.13600  1.26166e+08
-0.13500  1.28202e+08
-0.13400  1.30262e+08
-0.13300  1.32345e+08
-0.13200  1.34452e+08
-0.13100  1.36584e+08
-0.13000  1.38739e+08
-0.12900  1.40919e+08
-0.12800  1.43123e+08
-0.12700  1.45351e+08
-0.12600  1.47604e+08
-0.12500  1.49882e+08
-0.12400  1.52184e+08
-0.12300  1.54511e+08
-0.12200  1.56863e+08
-0.12100  1.59240e+08
-0.12000  1.61642e+08
-0.11900  1.64070e+08
-0.11800  1.66522e+08
-0.11700  1.69000e+08
-0.11600  1.71502e+08
-0.11500  1.74030e+08
-0.11400  1.76583e+08
-0.11300  1.79162e+08
-0.11200  1.81765e+08
-0.11100  1.84394e+08
-0.11000  1.87048e+08
-0.10900  1.89727e+08
-0.10800  1.92431e+08
-0.10700  1.95160e+08
-0.10600  1.97914e+08
-0.10500  2.00693e+08
-0.10400  2.03497e+08
-0.10300  2.06325e+08
-0.10200  2.09177e+08
-0.10100  2.12054e+08
-0.10000  2.14955e+08
-0.09900  2.17880e+08
-0.09800  2.20828e+08
-0.09700  2.23800e+08
-0.09600  2.26796e+08
-0.09500  2.29815e+08
-0.09400  2.32856e+08
-0.09300  2.35920e+08
-0.09200  2.39007e+08
-0.09100  2.42115e+08
-0.09000  2.45246e+08
-0.08900  2.48398e+08
-0.08800  2.51570e+08
-0.08700  2.54764e+08
-0.08600  2.57978e+08
-0.08500  2.61213e+08
-0.08400  2.64467e+08
-0.08300  2.67740e+08
-0.08200  2.71032e+08
-0.08100  2.74343e+08
-0.08000  2.77672e+08
-0.07900  2.81018e+08
-0.07800  2.84382e+08
-0.07700  2.87762e+08
-0.07600  2.91159e+08
-0.07500  2.94571e+08
-0.07400  2.97999e+08
-0.07300  3.01441e+08
-0.07200  3.04898e+08
-0.07100  3.08368e+08
-0.07000  3.11851e+08
-0.06900  3.15347e+08
-0.06800  3.18855e+08
-0.06700  3.22375e+08
-0.06600  3.25905e+08
-0.06500  3.29446e+08
-0.06400  3.32996e+08
-0.06300  3.36556e+08
-0.06200  3.40124e+08
-0.06100  3.43700e+08
-0.06000  3.47283e+08
-0.05900  3.50873e+08
-0.05800  3.54470e+08
-0.05700  3.58071e+08
-0.05600  3.61677e+08
-0.05500  3.65288e+08
-0.05400  3.68902e+08
-0.05300  3.72518e+08
-0.05200  3.76137e+08
-0.05100  3.79758e+08
-0.05000  3.83379e+08
-0.04900  3.87001e+08
-0.04800  3.90622e+08
-0.04700  3.94242e+08
-0.04600  3.97860e+08
-0.04500  4.01476e+08
-0.04400  4.05088e+08
-0.04300  4.08697e+08
-0.04200  4.12302e+08
-0.04100  4.15901e+08
-0.04000  4.19495e+08
-0.03900  4.23083e+08
-0.03800  4.26663e+08
-0.03700  4.30236e+08
-0.03600  4.33800e+08
-0.03500  4.37356e+08
-0.03400  4.40902e+08
-0.03300  4.44437e+08
-0.03200  4.47962e+08
-0.03100  4.51476e+08
-0.03000  4.54977e+08
-0.02900  4.58466e+08
-0.02800  4.61941e+08
-0.02700  4.65403e+08
-0.02600  4.68850e+08
-0.02500  4.72282e+08
-0.02400  4.75699e+08
-0.02300  4.79099e+08
-0.02200  4.82483e+08
-0.02100  4.85849e+08
-0.02000  4.89198e+08
-0.01900  4.92528e+08
-0.01800  4.95839e+08
-0.01700  4.99131e+08
-0.01600  5.02403e+08
-0.01500  5.05654e+08
-0.01400  5.08885e+08
-0.01300  5.12094e+08
-0.01200  5.15281e+08
-0.01100  5.18446e+08
-0.01000  5.21588e+08
-0.00900  5.24707e+08
-0.00800  5.27802e+08
-0.00700  5.30873e+08
-0.00600  5.33920e+08
-0.00500  5.36942e+08
-0.00400  5.39938e+08
-0.00300  5.42909e+08
-0.00200  5.45854e+08
-0.00100  5.48772e+08
 0.00000  5.51664e+08
