-0.50000 -4.20538e+08
-0.49900 -4.26982e+08
-0.49800 -4.31279e+08
-0.49700 -4.33565e+08
-0.49600 -4.33984e+08
-0.49500 -4.32683e+08
-0.49400 -4.29810e+08
-0.49300 -4.25511e+08
-0.49200 -4.19926e+08
-0.49100 -4.13186e+08
-0.49000 -4.05419e+08
-0.48900 -3.96739e+08
-0.48800 -3.87254e+08
-0.48700 -3.77064e+08
-0.48600 -3.66259e+08
-0.48500 -3.54921e+08
-0.48400 -3.43126e+08
-0.48300 -3.30941e+08
-0.48200 -3.18428e+08
-0.48100 -3.05644e+08
-0.48000 -2.92639e+08
-0.47900 -2.79457e+08
-0.47800 -2.66138e+08
-0.47700 -2.52717e+08
-0.47600 -2.39225e+08
-0.47500 -2.25686e+08
-0.47400 -2.12122e+08
-0.47300 -1.98547e+08
-0.47200 -1.84975e+08
-0.47100 -1.71411e+08
-0.47000 -1.57858e+08
-0.46900 -1.44316e+08
-0.46800 -1.30779e+08
-0.46700 -1.17241e+08
-0.46600 -1.03691e+08
-0.46500 -9.01172e+07
-0.46400 -7.65074e+07
-0.46300 -6.28485e+07
-0.46200 -4.91282e+07
-0.46100 -3.53359e+07
-0.46000 -2.14633e+07
-0.45900 -7.50567e+06
-0.45800  6.53763e+06
-0.45700  2.06623e+07
-0.45600  3.48584e+07
-0.45500  4.91100e+07
-0.45400  6.33942e+07
-0.45300  7.76816e+07
-0.45200  9.19358e+07
-0.45100  1.06113e+08
-0.45000  1.20164e+08
-0.44900  1.34031e+08
-0.44800  1.47651e+08
-0.44700  1.60958e+08
-0.44600  1.73878e+08
-0.44500  1.86335e+08
-0.44400  1.98251e+08
-0.44300  2.09544e+08
-0.44200  2.20135e+08
-0.44100  2.29942e+08
-0.44000  2.38888e+08
-0.43900  2.46899e+08
-0.43800  2.53905e+08
-0.43700  2.59844e+08
-0.43600  2.64660e+08
-0.43500  2.68311e+08
-0.43400  2.70761e+08
-0.43300  2.71990e+08
-0.43200  2.71990e+08
-0.43100  2.70769e+08
-0.43000  2.68352e+08
-0.42900  2.64779e+08
-0.42800  2.60108e+08
-0.42700  2.54414e+08
-0.42600  2.47789e+08
-0.42500  2.40340e+08
-0.42400  2.32191e+08
-0.42300  2.23477e+08
-0.42200  2.14345e+08
-0.42100  2.04951e+08
-0.42000  1.95458e+08
-0.41900  1.86029e+08
-0.41800  1.76830e+08
-0.41700  1.68022e+08
-0.41600  1.59759e+08
-0.41500  1.52186e+08
-0.41400  1.45435e+08
-0.41300  1.39620e+08
-0.41200  1.34840e+08
-0.41100  1.31173e+08
-0.41000  1.28675e+08
-0.40900  1.27383e+08
-0.40800  1.27309e+08
-0.40700  1.28443e+08
-0.40600  1.30756e+08
-0.40500  1.34198e+08
-0.40400  1.38702e+08
-0.40300  1.44185e+08
-0.40200  1.50550e+08
-0.40100  1.57690e+08
-0.40000  1.65491e+08
-0.39900  1.73832e+08
-0.39800  1.82591e+08
-0.39700  1.91646e+08
-0.39600  2.00876e+08
-0.39500  2.10165e+08
-0.39400  2.19406e+08
-0.39300  2.28495e+08
-0.39200  2.37340e+08
-0.39100  2.45860e+08
-0.39000  2.53980e+08
-0.38900  2.61640e+08
-0.38800  2.68786e+08
-0.38700  2.75379e+08
-0.38600  2.81385e+08
-0.38500  2.86782e+08
-0.38400  2.91555e+08
-0.38300  2.95696e+08
-0.38200  2.99205e+08
-0.38100  3.02085e+08
-0.38000  3.04346e+08
-0.37900  3.06000e+08
-0.37800  3.07064e+08
-0.37700  3.07555e+08
-0.37600  3.07493e+08
-0.37500  3.06898e+08
-0.37400  3.05791e+08
-0.37300  3.04193e+08
-0.37200  3.02125e+08
-0.37100  2.99605e+08
-0.37000  2.96654e+08
-0.36900  2.93288e+08
-0.36800  2.89526e+08
-0.36700  2.85382e+08
-0.36600  2.80870e+08
-0.36500  2.76005e+08
-0.36400  2.70798e+08
-0.36300  2.65260e+08
-0.36200  2.59401e+08
-0.36100  2.53230e+08
-0.36000  2.46756e+08
-0.35900  2.39986e+08
-0.35800  2.32928e+08
-0.35700  2.25587e+08
-0.35600  2.17971e+08
-0.35500  2.10085e+08
-0.35400  2.01936e+08
-0.35300  1.93529e+08
-0.35200  1.84871e+08
-0.35100  1.75968e+08
-0.35000  1.66827e+08
-0.34900  1.57456e+08
-0.34800  1.47863e+08
-0.34700  1.38055e+08
-0.34600  1.28043e+08
-0.34500  1.17836e+08
-0.34400  1.07446e+08
-0.34300  9.68844e+07
-0.34200  8.61640e+07
-0.34100  7.52990e+07
-0.34000  6.43042e+07
-0.33900  5.31959e+07
-0.33800  4.19912e+07
-0.33700  3.07082e+07
-0.33600  1.93665e+07
-0.33500  7.98626e+06
-0.33400 -3.41100e+06
-0.33300 -1.48029e+07
-0.33200 -2.61663e+07
-0.33100 -3.74768e+07
-0.33000 -4.87096e+07
-0.32900 -5.98392e+07
-0.32800 -7.08393e+07
-0.32700 -8.16832e+07
-0.32600 -9.23439e+07
-0.32500 -1.02794e+08
-0.32400 -1.13007e+08
-0.32300 -1.22954e+08
-0.32200 -1.32609e+08
-0.32100 -1.41945e+08
-0.32000 -1.50936e+08
-0.31900 -1.59555e+08
-0.31800 -1.67778e+08
-0.31700 -1.75582e+08
-0.31600 -1.82942e+08
-0.31500 -1.89838e+08
-0.31400 -1.96249e+08
-0.31300 -2.02157e+08
-0.31200 -2.07544e+08
-0.31100 -2.12394e+08
-0.31000 -2.16695e+08
-0.30900 -2.20434e+08
-0.30800 -2.23601e+08
-0.30700 -2.26190e+08
-0.30600 -2.28193e+08
-0.30500 -2.29608e+08
-0.30400 -2.30432e+08
-0.30300 -2.30666e+08
-0.30200 -2.30311e+08
-0.30100 -2.29371e+08
-0.30000 -2.27852e+08
-0.29900 -2.25760e+08
-0.29800 -2.23104e+08
-0.29700 -2.19893e+08
-0.29600 -2.16138e+08
-0.29500 -2.11849e+08
-0.29400 -2.07039e+08
-0.29300 -2.01719e+08
-0.29200 -1.95901e+08
-0.29100 -1.89598e+08
-0.29000 -1.82821e+08
-0.28900 -1.75582e+08
-0.28800 -1.67890e+08
-0.28700 -1.59757e+08
-0.28600 -1.51189e+08
-0.28500 -1.42196e+08
-0.28400 -1.32784e+08
-0.28300 -1.22957e+08
-0.28200 -1.12720e+08
-0.28100 -1.02077e+08
-0.28000 -9.10291e+07
-0.27900 -7.95774e+07
-0.27800 -6.77226e+07
-0.27700 -5.54645e+07
-0.27600 -4.28024e+07
-0.27500 -2.97356e+07
-0.27400 -1.62636e+07
-0.27300 -2.38587e+06
-0.27200  1.18973e+07
-0.27100  2.65850e+07
-0.27000  4.16754e+07
-0.26900  5.71653e+07
-0.26800  7.30504e+07
-0.26700  8.93250e+07
-0.26600  1.05982e+08
-0.26500  1.23012e+08
-0.26400  1.40405e+08
-0.26300  1.58148e+08
-0.26200  1.76229e+08
-0.26100  1.94633e+08
-0.26000  2.13342e+08
-0.25900  2.32341e+08
-0.25800  2.51611e+08
-0.25700  2.71132e+08
-0.25600  2.90885e+08
-0.25500  3.10850e+08
-0.25400  3.31006e+08
-0.25300  3.51332e+08
-0.25200  3.71809e+08
-0.25100  3.92414e+08
-0.25000  4.13127e+08
-0.24900  4.33928e+08
-0.24800  4.54797e+08
-0.24700  4.75713e+08
-0.24600  4.96656e+08
-0.24500  5.17607e+08
-0.24400  5.38546e+08
-0.24300  5.59453e+08
-0.24200  5.80308e+08
-0.24100  6.01092e+08
-0.24000  6.21784e+08
-0.23900  6.42365e+08
-0.23800  6.62814e+08
-0.23700  6.83111e+08
-0.23600  7.03234e+08
-0.23500  7.23164e+08
-0.23400  7.42880e+08
-0.23300  7.62362e+08
-0.23200  7.81588e+08
-0.23100  8.00539e+08
-0.23000  8.19195e+08
-0.22900  8.37539e+08
-0.22800  8.55550e+08
-0.22700  8.73214e+08
-0.22600  8.90513e+08
-0.22500  9.07433e+08
-0.22400  9.23961e+08
-0.22300  9.40085e+08
-0.22200  9.55794e+08
-0.22100  9.71080e+08
-0.22000  9.85936e+08
-0.21900  1.00036e+09
-0.21800  1.01434e+09
-0.21700  1.02788e+09
-0.21600  1.04097e+09
-0.21500  1.05363e+09
-0.21400  1.06584e+09
-0.21300  1.07762e+09
-0.21200  1.08897e+09
-0.21100  1.09990e+09
-0.21000  1.11040e+09
-0.20900  1.12049e+09
-0.20800  1.13018e+09
-0.20700  1.13947e+09
-0.20600  1.14837e+09
-0.20500  1.15690e+09
-0.20400  1.16505e+09
-0.20300  1.17284e+09
-0.20200  1.18028e+09
-0.20100  1.18738e+09
-0.20000  1.19413e+09
-0.19900  1.20056e+09
-0.19800  1.20666e+09
-0.19700  1.21245e+09
-0.19600  1.21793e+09
-0.19500  1.22311e+09
-0.19400  1.22799e+09
-0.19300  1.23257e+09
-0.19200  1.23687e+09
-0.19100  1.24089e+09
-0.19000  1.24462e+09
-0.18900  1.24808e+09
-0.18800  1.25126e+09
-0.18700  1.25417e+09
-0.18600  1.25681e+09
-0.18500  1.25918e+09
-0.18400  1.26128e+09
-0.18300  1.26311e+09
-0.18200  1.26468e+09
-0.18100  1.26599e+09
-0.18000  1.26703e+09
-0.17900  1.26781e+09
-0.17800  1.26832e+09
-0.17700  1.26857e+09
-0.17600  1.26856e+09
-0.17500  1.26828e+09
-0.17400  1.26774e+09
-0.17300  1.26693e+09
-0.17200  1.26586e+09
-0.17100  1.26452e+09
-0.17000  1.26292e+09
-0.16900  1.26106e+09
-0.16800  1.25893e+09
-0.16700  1.25653e+09
-0.16600  1.25387e+09
-0.16500  1.25094e+09
-0.16400  1.24775e+09
-0.16300  1.24429e+09
-0.16200  1.24056e+09
-0.16100  1.23657e+09
-0.16000  1.23231e+09
-0.15900  1.22779e+09
-0.15800  1.22300e+09
-0.15700  1.21795e+09
-0.15600  1.21263e+09
-0.15500  1.20705e+09
-0.15400  1.20121e+09
-0.15300  1.19510e+09
-0.15200  1.18873e+09
-0.15100  1.18210e+09
-0.15000  1.17521e+09
-0.14900  1.16805e+09
-0.14800  1.16064e+09
-0.14700  1.15296e+09
-0.14600  1.14503e+09
-0.14500  1.13684e+09
-0.14400  1.12840e+09
-0.14300  1.11969e+09
-0.14200  1.11074e+09
-0.14100  1.10153e+09
-0.14000  1.09206e+09
-0.13900  1.08235e+09
-0.13800  1.07238e+09
-0.13700  1.06217e+09
-0.13600  1.05170e+09
-0.13500  1.04099e+09
-0.13400  1.03003e+09
-0.13300  1.01883e+09
-0.13200  1.00738e+09
-0.13100  9.95694e+08
-0.13000  9.83762e+08
-0.12900  9.71590e+08
-0.12800  9.59178e+08
-0.12700  9.46528e+08
-0.12600  9.33641e+08
-0.12500  9.20519e+08
-0.12400  9.07162e+08
-0.12300  8.93572e+08
-0.12200  8.79750e+08
-0.12100  8.65698e+08
-0.12000  8.51417e+08
-0.11900  8.36907e+08
-0.11800  8.22171e+08
-0.11700  8.07211e+08
-0.11600  7.92026e+08
-0.11500  7.76619e+08
-0.11400  7.60992e+08
-0.11300  7.45145e+08
-0.11200  7.29080e+08
-0.11100  7.12799e+08
-0.11000  6.96304e+08
-0.10900  6.79595e+08
-0.10800  6.62676e+08
-0.10700  6.45546e+08
-0.10600  6.28209e+08
-0.10500  6.10666e+08
-0.10400  5.92918e+08
-0.10300  5.74968e+08
-0.10200  5.56819e+08
-0.10100  5.38471e+08
-0.10000  5.19926e+08
-0.09900  5.01188e+08
-0.09800  4.82259e+08
-0.09700  4.63140e+08
-0.09600  4.43834e+08
-0.09500  4.24344e+08
-0.09400  4.04673e+08
-0.09300  3.84822e+08
-0.09200  3.64795e+08
-0.09100  3.44594e+08
-0.09000  3.24223e+08
-0.08900  3.03685e+08
-0.08800  2.82983e+08
-0.08700  2.62120e+08
-0.08600  2.41099e+08
-0.08500  2.19924e+08
-0.08400  1.98600e+08
-0.08300  1.77128e+08
-0.08200  1.55514e+08
-0.08100  1.33761e+08
-0.08000  1.11874e+08
-0.07900  8.98569e+07
-0.07800  6.77137e+07
-0.07700  4.54491e+07
-0.07600  2.30678e+07
-0.07500  5.74541e+05
-0.07400 -2.20257e+07
-0.07300 -4.47279e+07
-0.07200 -6.75269e+07
-0.07100 -9.04174e+07
-0.07000 -1.13394e+08
-0.06900 -1.36451e+08
-0.06800 -1.59583e+08
-0.06700 -1.82784e+08
-0.06600 -2.06048e+08
-0.06500 -2.29368e+08
-0.06400 -2.52740e+08
-0.06300 -2.76156e+08
-0.06200 -2.99610e+08
-0.06100 -3.23096e+08
-0.06000 -3.46606e+08
-0.05900 -3.70135e+08
-0.05800 -3.93674e+08
-0.05700 -4.17219e+08
-0.05600 -4.40760e+08
-0.05500 -4.64292e+08
-0.05400 -4.87806e+08
-0.05300 -5.11296e+08
-0.05200 -5.34755e+08
-0.05100 -5.58174e+08
-0.05000 -5.81547e+08
-0.04900 -6.04866e+08
-0.04800 -6.28124e+08
-0.04700 -6.51312e+08
-0.04600 -6.74424e+08
-0.04500 -6.97451e+08
-0.04400 -7.20386e+08
-0.04300 -7.43221e+08
-0.04200 -7.65950e+08
-0.04100 -7.88563e+08
-0.04000 -8.11054e+08
-0.03900 -8.33415e+08
-0.03800 -8.55638e+08
-0.03700 -8.77716e+08
-0.03600 -8.99641e+08
-0.03500 -9.21407e+08
-0.03400 -9.43006e+08
-0.03300 -9.64430e+08
-0.03200 -9.85673e+08
-0.03100 -1.00673e+09
-0.03000 -1.02759e+09
-0.02900 -1.04824e+09
-0.02800 -1.06869e+09
-0.02700 -1.08892e+09
-0.02600 -1.10894e+09
-0.02500 -1.12872e+09
-0.02400 -1.14827e+09
-0.02300 -1.16758e+09
-0.02200 -1.18664e+09
-0.02100 -1.20545e+09
-0.02000 -1.22401e+09
-0.01900 -1.24230e+09
-0.01800 -1.26033e+09
-0.01700 -1.27808e+09
-0.01600 -1.29556e+09
-0.01500 -1.31276e+09
-0.01400 -1.32968e+09
-0.01300 -1.34630e+09
-0.01200 -1.36264e+09
-0.01100 -1.37867e+09
-0.01000 -1.39441e+09
-0.00900 -1.40985e+09
-0.00800 -1.42498e+09
-0.00700 -1.43980e+09
-0.00600 -1.45432e+09
-0.00500 -1.46852e+09
-0.00400 -1.48241e+09
-0.00300 -1.49598e+09
-0.00200 -1.50924e+09
-0.00100 -1.52218e+09
 0.00000 -1.53480e+09
