-0.50000 -1.11271e+02 -3.13123e+00 -1.00303e+01 -9.27124e+00 -9.66344e+01  6.40153e+00  1.84956e+01 -3.79375e+00 -3.58575e+02
-0.49900 -1.10107e+02 -3.23619e+00 -1.01544e+01 -9.41878e+00 -9.55599e+01  6.32275e+00  1.86956e+01 -3.65730e+00 -3.58613e+02
-0.49800 -1.08957e+02 -3.34058e+00 -1.02948e+01 -9.57319e+00 -9.44883e+01  6.23551e+00  1.87994e+01 -3.55091e+00 -3.58684e+02
-0.49700 -1.07819e+02 -3.44407e+00 -1.04500e+01 -9.73328e+00 -9.34195e+01  6.14034e+00  1.88142e+01 -3.47298e+00 -3.58780e+02
-0.49600 -1.06692e+02 -3.54634e+00 -1.06185e+01 -9.89785e+00 -9.23533e+01  6.03777e+00  1.87474e+01 -3.42193e+00 -3.58893e+02
-0.49500 -1.05575e+02 -3.64709e+00 -1.07988e+01 -1.00658e+01 -9.12899e+01  5.92827e+00  1.86065e+01 -3.39619e+00 -3.59016e+02
-0.49400 -1.04466e+02 -3.74603e+00 -1.09895e+01 -1.02360e+01 -9.02293e+01  5.81231e+00  1.83988e+01 -3.39426e+00 -3.59141e+02
-0.49300 -1.03365e+02 -3.84290e+00 -1.11893e+01 -1.04076e+01 -8.91717e+01  5.69030e+00  1.81313e+01 -3.41465e+00 -3.59260e+02
-0.49200 -1.02270e+02 -3.93747e+00 -1.13972e+01 -1.05795e+01 -8.81176e+01  5.56266e+00  1.78110e+01 -3.45597e+00 -3.59366e+02
-0.49100 -1.01181e+02 -4.02951e+00 -1.16122e+01 -1.07511e+01 -8.70674e+01  5.42975e+00  1.74440e+01 -3.51684e+00 -3.59451e+02
-0.49000 -1.00097e+02 -4.11881e+00 -1.18335e+01 -1.09214e+01 -8.60217e+01  5.29194e+00  1.70365e+01 -3.59596e+00 -3.59509e+02
-0.48900 -9.90178e+01 -4.20521e+00 -1.20606e+01 -1.10899e+01 -8.49810e+01  5.14957e+00  1.65938e+01 -3.69207e+00 -3.59532e+02
-0.48800 -9.79433e+01 -4.28852e+00 -1.22929e+01 -1.12560e+01 -8.39463e+01  5.00301e+00  1.61210e+01 -3.80395e+00 -3.59513e+02
-0.48700 -9.68736e+01 -4.36862e+00 -1.25301e+01 -1.14191e+01 -8.29183e+01  4.85262e+00  1.56227e+01 -3.93039e+00 -3.59447e+02
-0.48600 -9.58089e+01 -4.44536e+00 -1.27720e+01 -1.15788e+01 -8.18980e+01  4.69879e+00  1.51029e+01 -4.07026e+00 -3.59326e+02
-0.48500 -9.47496e+01 -4.51864e+00 -1.30184e+01 -1.17348e+01 -8.08864e+01  4.54193e+00  1.45656e+01 -4.22240e+00 -3.59144e+02
-0.48400 -9.36965e+01 -4.58836e+00 -1.32692e+01 -1.18866e+01 -7.98846e+01  4.38253e+00  1.40140e+01 -4.38572e+00 -3.58895e+02
-0.48300 -9.26502e+01 -4.65443e+00 -1.35246e+01 -1.20340e+01 -7.88937e+01  4.22112e+00  1.34512e+01 -4.55912e+00 -3.58573e+02
-0.48200 -9.16117e+01 -4.71680e+00 -1.37844e+01 -1.21770e+01 -7.79151e+01  4.05831e+00  1.28799e+01 -4.74155e+00 -3.58171e+02
-0.48100 -9.05820e+01 -4.77539e+00 -1.40486e+01 -1.23152e+01 -7.69500e+01  3.89477e+00  1.23026e+01 -4.93194e+00 -3.57684e+02
-0.48000 -8.95622e+01 -4.83017e+00 -1.43174e+01 -1.24488e+01 -7.59997e+01  3.73129e+00  1.17215e+01 -5.12928e+00 -3.57105e+02
-0.47900 -8.85536e+01 -4.88108e+00 -1.45905e+01 -1.25776e+01 -7.50656e+01  3.56874e+00  1.11384e+01 -5.33257e+00 -3.56429e+02
-0.47800 -8.75574e+01 -4.92809e+00 -1.48679e+01 -1.27017e+01 -7.41492e+01  3.40808e+00  1.05552e+01 -5.54082e+00 -3.55649e+02
-0.47700 -8.65750e+01 -4.97116e+00 -1.51493e+01 -1.28212e+01 -7.32519e+01  3.25039e+00  9.97313e+00 -5.75311e+00 -3.54759e+02
-0.47600 -8.56080e+01 -5.01023e+00 -1.54342e+01 -1.29362e+01 -7.23753e+01  3.09680e+00  9.39358e+00 -5.96850e+00 -3.53755e+02
-0.47500 -8.46578e+01 -5.04524e+00 -1.57222e+01 -1.30470e+01 -7.15207e+01  2.94856e+00  8.81755e+00 -6.18610e+00 -3.52631e+02
-0.47400 -8.37261e+01 -5.07611e+00 -1.60124e+01 -1.31536e+01 -7.06897e+01  2.80692e+00  8.24586e+00 -6.40508e+00 -3.51382e+02
-0.47300 -8.28143e+01 -5.10271e+00 -1.63040e+01 -1.32563e+01 -6.98838e+01  2.67322e+00  7.67914e+00 -6.62459e+00 -3.50003e+02
-0.47200 -8.19243e+01 -5.12490e+00 -1.65957e+01 -1.33552e+01 -6.91046e+01  2.54874e+00  7.11785e+00 -6.84385e+00 -3.48490e+02
-0.47100 -8.10577e+01 -5.14245e+00 -1.68863e+01 -1.34506e+01 -6.83534e+01  2.43475e+00  6.56225e+00 -7.06208e+00 -3.46839e+02
-0.47000 -8.02163e+01 -5.15509e+00 -1.71740e+01 -1.35426e+01 -6.76316e+01  2.33241e+00  6.01242e+00 -7.27852e+00 -3.45049e+02
-0.46900 -7.94019e+01 -5.16248e+00 -1.74569e+01 -1.36312e+01 -6.69408e+01  2.24274e+00  5.46834e+00 -7.49244e+00 -3.43115e+02
-0.46800 -7.86163e+01 -5.16417e+00 -1.77329e+01 -1.37163e+01 -6.62821e+01  2.16656e+00  4.92981e+00 -7.70310e+00 -3.41038e+02
-0.46700 -7.78613e+01 -5.15962e+00 -1.79995e+01 -1.37977e+01 -6.56569e+01  2.10439e+00  4.39653e+00 -7.90975e+00 -3.38816e+02
-0.46600 -7.71389e+01 -5.14817e+00 -1.82540e+01 -1.38753e+01 -6.50662e+01  2.05644e+00  3.86814e+00 -8.11163e+00 -3.36451e+02
-0.46500 -7.64508e+01 -5.12906e+00 -1.84936e+01 -1.39483e+01 -6.45113e+01  2.02252e+00  3.34420e+00 -8.30797e+00 -3.33945e+02
-0.46400 -7.57991e+01 -5.10138e+00 -1.87150e+01 -1.40163e+01 -6.39931e+01  2.00196e+00  2.82424e+00 -8.49793e+00 -3.31300e+02
-0.46300 -7.51856e+01 -5.06408e+00 -1.89148e+01 -1.40782e+01 -6.35124e+01  1.99356e+00  2.30779e+00 -8.68064e+00 -3.28521e+02
-0.46200 -7.46122e+01 -5.01599e+00 -1.90894e+01 -1.41328e+01 -6.30700e+01  1.99559e+00  1.79444e+00 -8.85518e+00 -3.25615e+02
-0.46100 -7.40807e+01 -4.95583e+00 -1.92353e+01 -1.41790e+01 -6.26664e+01  2.00568e+00  1.28381e+00 -9.02055e+00 -3.22587e+02
-0.46000 -7.35928e+01 -4.88218e+00 -1.93485e+01 -1.42150e+01 -6.23021e+01  2.02086e+00  7.75637e-01 -9.17571e+00 -3.19448e+02
-0.45900 -7.31502e+01 -4.79354e+00 -1.94252e+01 -1.42391e+01 -6.19773e+01  2.03753e+00  2.69788e-01 -9.31954e+00 -3.16206e+02
-0.45800 -7.27543e+01 -4.68838e+00 -1.94616e+01 -1.42492e+01 -6.16920e+01  2.05149e+00 -2.33730e-01 -9.45085e+00 -3.12873e+02
-0.45700 -7.24064e+01 -4.56510e+00 -1.94539e+01 -1.42434e+01 -6.14460e+01  2.05798e+00 -7.34729e-01 -9.56842e+00 -3.09460e+02
-0.45600 -7.21074e+01 -4.42216e+00 -1.93984e+01 -1.42192e+01 -6.12388e+01  2.05177e+00 -1.23283e+00 -9.67099e+00 -3.05983e+02
-0.45500 -7.18579e+01 -4.25811e+00 -1.92917e+01 -1.41747e+01 -6.10697e+01  2.02723e+00 -1.72744e+00 -9.75728e+00 -3.02454e+02
-0.45400 -7.16581e+01 -4.07164e+00 -1.91309e+01 -1.41075e+01 -6.09374e+01  1.97847e+00 -2.21775e+00 -9.82602e+00 -2.98889e+02
-0.45300 -7.15076e+01 -3.86168e+00 -1.89131e+01 -1.40157e+01 -6.08406e+01  1.89945e+00 -2.70275e+00 -9.87599e+00 -2.95304e+02
-0.45200 -7.14054e+01 -3.62746e+00 -1.86361e+01 -1.38976e+01 -6.07772e+01  1.78419e+00 -3.18117e+00 -9.90603e+00 -2.91713e+02
-0.45100 -7.13499e+01 -3.36862e+00 -1.82985e+01 -1.37519e+01 -6.07449e+01  1.62691e+00 -3.65158e+00 -9.91511e+00 -2.88133e+02
-0.45000 -7.13383e+01 -3.08528e+00 -1.78991e+01 -1.35776e+01 -6.07406e+01  1.42223e+00 -4.11231e+00 -9.90235e+00 -2.84579e+02
-0.44900 -7.13674e+01 -2.77811e+00 -1.74378e+01 -1.33744e+01 -6.07610e+01  1.16536e+00 -4.56154e+00 -9.86705e+00 -2.81066e+02
-0.44800 -7.14327e+01 -2.44846e+00 -1.69152e+01 -1.31429e+01 -6.08018e+01  8.52298e-01 -4.99727e+00 -9.80877e+00 -2.77610e+02
-0.44700 -7.15287e+01 -2.09836e+00 -1.63328e+01 -1.28842e+01 -6.08585e+01  4.79984e-01 -5.41737e+00 -9.72732e+00 -2.74221e+02
-0.44600 -7.16489e+01 -1.73061e+00 -1.56931e+01 -1.26005e+01 -6.09254e+01  4.64911e-02 -5.81962e+00 -9.62284e+00 -2.70914e+02
-0.44500 -7.17854e+01 -1.34881e+00 -1.49995e+01 -1.22946e+01 -6.09967e+01 -4.48859e-01 -6.20173e+00 -9.49578e+00 -2.67698e+02
-0.44400 -7.19297e+01 -9.57361e-01 -1.42565e+01 -1.19705e+01 -6.10656e+01 -1.00539e+00 -6.56135e+00 -9.34697e+00 -2.64582e+02
-0.44300 -7.20717e+01 -5.61457e-01 -1.34694e+01 -1.16332e+01 -6.11248e+01 -1.62099e+00 -6.89618e+00 -9.17757e+00 -2.61575e+02
-0.44200 -7.22007e+01 -1.67021e-01 -1.26447e+01 -1.12882e+01 -6.11666e+01 -2.29211e+00 -7.20392e+00 -8.98913e+00 -2.58680e+02
-0.44100 -7.23050e+01  2.19361e-01 -1.17896e+01 -1.09423e+01 -6.11826e+01 -3.01378e+00 -7.48237e+00 -8.78356e+00 -2.55902e+02
-0.44000 -7.23725e+01  5.90563e-01 -1.09120e+01 -1.06027e+01 -6.11642e+01 -3.77966e+00 -7.72947e+00 -8.56309e+00 -2.53242e+02
-0.43900 -7.23903e+01  9.39057e-01 -1.00208e+01 -1.02771e+01 -6.11026e+01 -4.58216e+00 -7.94331e+00 -8.33024e+00 -2.50701e+02
-0.43800 -7.23457e+01  1.25710e+00 -9.12508e+00 -9.97377e+00 -6.09891e+01 -5.41262e+00 -8.12221e+00 -8.08779e+00 -2.48275e+02
-0.43700 -7.22258e+01  1.53691e+00 -8.23461e+00 -9.70093e+00 -6.08150e+01 -6.26147e+00 -8.26473e+00 -7.83872e+00 -2.45962e+02
-0.43600 -7.20184e+01  1.77093e+00 -7.35916e+00 -9.46680e+00 -6.05721e+01 -7.11849e+00 -8.36976e+00 -7.58615e+00 -2.43756e+02
-0.43500 -7.17120e+01  1.95203e+00 -6.50855e+00 -9.27922e+00 -6.02528e+01 -7.97303e+00 -8.43649e+00 -7.33324e+00 -2.41650e+02
-0.43400 -7.12964e+01  2.07376e+00 -5.69238e+00 -9.14542e+00 -5.98503e+01 -8.81430e+00 -8.46452e+00 -7.08317e+00 -2.39636e+02
-0.43300 -7.07626e+01  2.13058e+00 -4.91986e+00 -9.07174e+00 -5.93590e+01 -9.63166e+00 -8.45384e+00 -6.83902e+00 -2.37705e+02
-0.43200 -7.01037e+01  2.11812e+00 -4.19959e+00 -9.06343e+00 -5.87746e+01 -1.04148e+01 -8.40490e+00 -6.60368e+00 -2.35849e+02
-0.43100 -6.93150e+01  2.03336e+00 -3.53936e+00 -9.12436e+00 -5.80941e+01 -1.11542e+01 -8.31859e+00 -6.37985e+00 -2.34056e+02
-0.43000 -6.83940e+01  1.87479e+00 -2.94601e+00 -9.25689e+00 -5.73165e+01 -1.18411e+01 -8.19632e+00 -6.16991e+00 -2.32317e+02
-0.42900 -6.73410e+01  1.64258e+00 -2.42526e+00 -9.46170e+00 -5.64423e+01 -1.24679e+01 -8.03994e+00 -5.97587e+00 -2.30620e+02
-0.42800 -6.61590e+01  1.33866e+00 -1.98163e+00 -9.73767e+00 -5.54743e+01 -1.30283e+01 -7.85181e+00 -5.79935e+00 -2.28955e+02
-0.42700 -6.48539e+01  9.66712e-01 -1.61832e+00 -1.00819e+01 -5.44168e+01 -1.35172e+01 -7.63478e+00 -5.64155e+00 -2.27312e+02
-0.42600 -6.34343e+01  5.32210e-01 -1.33721e+00 -1.04895e+01 -5.32764e+01 -1.39313e+01 -7.39210e+00 -5.50318e+00 -2.25682e+02
-0.42500 -6.19116e+01  4.22981e-02 -1.13881e+00 -1.09541e+01 -5.20614e+01 -1.42683e+01 -7.12746e+00 -5.38452e+00 -2.24055e+02
-0.42400 -6.02998e+01 -4.94339e-01 -1.02235e+00 -1.14676e+01 -5.07819e+01 -1.45278e+01 -6.84491e+00 -5.28539e+00 -2.22424e+02
-0.42300 -5.86150e+01 -1.06767e+00 -9.85768e-01 -1.20203e+01 -4.94494e+01 -1.47107e+01 -6.54878e+00 -5.20518e+00 -2.20780e+02
-0.42200 -5.68755e+01 -1.66654e+00 -1.02589e+00 -1.26015e+01 -4.80768e+01 -1.48191e+01 -6.24364e+00 -5.14289e+00 -2.19118e+02
-0.42100 -5.51008e+01 -2.27901e+00 -1.13851e+00 -1.31995e+01 -4.66782e+01 -1.48563e+01 -5.93422e+00 -5.09719e+00 -2.17432e+02
-0.42000 -5.33119e+01 -2.89260e+00 -1.31854e+00 -1.38020e+01 -4.52681e+01 -1.48267e+01 -5.62529e+00 -5.06645e+00 -2.15717e+02
-0.41900 -5.15300e+01 -3.49468e+00 -1.56019e+00 -1.43963e+01 -4.38617e+01 -1.47355e+01 -5.32162e+00 -5.04884e+00 -2.13970e+02
-0.41800 -4.97765e+01 -4.07277e+00 -1.85715e+00 -1.49699e+01 -4.24739e+01 -1.45885e+01 -5.02783e+00 -5.04237e+00 -2.12189e+02
-0.41700 -4.80725e+01 -4.61493e+00 -2.20271e+00 -1.55105e+01 -4.11195e+01 -1.43920e+01 -4.74836e+00 -5.04497e+00 -2.10372e+02
-0.41600 -4.64379e+01 -5.11005e+00 -2.59003e+00 -1.60067e+01 -3.98126e+01 -1.41525e+01 -4.48732e+00 -5.05455e+00 -2.08519e+02
-0.41500 -4.48915e+01 -5.54814e+00 -3.01221e+00 -1.64478e+01 -3.85662e+01 -1.38767e+01 -4.24845e+00 -5.06910e+00 -2.06628e+02
-0.41400 -4.34499e+01 -5.92061e+00 -3.46247e+00 -1.68247e+01 -3.73923e+01 -1.35710e+01 -4.03504e+00 -5.08668e+00 -2.04703e+02
-0.41300 -4.21279e+01 -6.22048e+00 -3.93434e+00 -1.71295e+01 -3.63011e+01 -1.32417e+01 -3.84984e+00 -5.10554e+00 -2.02744e+02
-0.41200 -4.09375e+01 -6.44254e+00 -4.42165e+00 -1.73560e+01 -3.53014e+01 -1.28948e+01 -3.69506e+00 -5.12415e+00 -2.00753e+02
-0.41100 -3.98882e+01 -6.58342e+00 -4.91876e+00 -1.74998e+01 -3.44000e+01 -1.25357e+01 -3.57228e+00 -5.14118e+00 -1.98733e+02
-0.41000 -3.89866e+01 -6.64168e+00 -5.42050e+00 -1.75582e+01 -3.36020e+01 -1.21694e+01 -3.48247e+00 -5.15557e+00 -1.96687e+02
-0.40900 -3.82365e+01 -6.61776e+00 -5.92229e+00 -1.75305e+01 -3.29105e+01 -1.18003e+01 -3.42598e+00 -5.16652e+00 -1.94619e+02
-0.40800 -3.76390e+01 -6.51389e+00 -6.42014e+00 -1.74176e+01 -3.23269e+01 -1.14321e+01 -3.40254e+00 -5.17351e+00 -1.92533e+02
-0.40700 -3.71924e+01 -6.33404e+00 -6.91064e+00 -1.72223e+01 -3.18508e+01 -1.10680e+01 -3.41130e+00 -5.17625e+00 -1.90431e+02
-0.40600 -3.68924e+01 -6.08364e+00 -7.39097e+00 -1.69487e+01 -3.14801e+01 -1.07107e+01 -3.45086e+00 -5.17467e+00 -1.88319e+02
-0.40500 -3.67328e+01 -5.76948e+00 -7.85884e+00 -1.66024e+01 -3.12116e+01 -1.03621e+01 -3.51935e+00 -5.16894e+00 -1.86200e+02
-0.40400 -3.67052e+01 -5.39941e+00 -8.31250e+00 -1.61902e+01 -3.10406e+01 -1.00238e+01 -3.61443e+00 -5.15936e+00 -1.84079e+02
-0.40300 -3.67996e+01 -4.98209e+00 -8.75062e+00 -1.57198e+01 -3.09617e+01 -9.69692e+00 -3.73346e+00 -5.14637e+00 -1.81959e+02
-0.40200 -3.70050e+01 -4.52678e+00 -9.17233e+00 -1.51995e+01 -3.09685e+01 -9.38207e+00 -3.87347e+00 -5.13054e+00 -1.79843e+02
-0.40100 -3.73093e+01 -4.04300e+00 -9.57709e+00 -1.46383e+01 -3.10543e+01 -9.07959e+00 -4.03131e+00 -5.11246e+00 -1.77737e+02
-0.40000 -3.76999e+01 -3.54038e+00 -9.96470e+00 -1.40453e+01 -3.12121e+01 -8.78954e+00 -4.20370e+00 -5.09276e+00 -1.75643e+02
-0.39900 -3.81641e+01 -3.02833e+00 -1.03352e+01 -1.34297e+01 -3.14348e+01 -8.51171e+00 -4.38730e+00 -5.07207e+00 -1.73564e+02
-0.39800 -3.86891e+01 -2.51589e+00 -1.06888e+01 -1.28004e+01 -3.17153e+01 -8.24573e+00 -4.57880e+00 -5.05096e+00 -1.71504e+02
-0.39700 -3.92628e+01 -2.01154e+00 -1.10260e+01 -1.21661e+01 -3.20470e+01 -7.99111e+00 -4.77496e+00 -5.02996e+00 -1.69466e+02
-0.39600 -3.98735e+01 -1.52304e+00 -1.13474e+01 -1.15349e+01 -3.24235e+01 -7.74723e+00 -4.97269e+00 -5.00952e+00 -1.67453e+02
-0.39500 -4.05104e+01 -1.05733e+00 -1.16536e+01 -1.09142e+01 -3.28391e+01 -7.51345e+00 -5.16909e+00 -4.98998e+00 -1.65466e+02
-0.39400 -4.11636e+01 -6.20432e-01 -1.19455e+01 -1.03108e+01 -3.32884e+01 -7.28908e+00 -5.36148e+00 -4.97162e+00 -1.63509e+02
-0.39300 -4.18244e+01 -2.17401e-01 -1.22239e+01 -9.73058e+00 -3.37667e+01 -7.07342e+00 -5.54746e+00 -4.95459e+00 -1.61584e+02
-0.39200 -4.24850e+01  1.47670e-01 -1.24896e+01 -9.17852e+00 -3.42699e+01 -6.86579e+00 -5.72487e+00 -4.93896e+00 -1.59692e+02
-0.39100 -4.31390e+01  4.71659e-01 -1.27437e+01 -8.65881e+00 -3.47944e+01 -6.66555e+00 -5.89188e+00 -4.92471e+00 -1.57836e+02
-0.39000 -4.37809e+01  7.52379e-01 -1.29871e+01 -8.17476e+00 -3.53372e+01 -6.47205e+00 -6.04692e+00 -4.91174e+00 -1.56016e+02
-0.38900 -4.44063e+01  9.88515e-01 -1.32208e+01 -7.72882e+00 -3.58957e+01 -6.28473e+00 -6.18875e+00 -4.89989e+00 -1.54236e+02
-0.38800 -4.50119e+01  1.17956e+00 -1.34458e+01 -7.32263e+00 -3.64677e+01 -6.10303e+00 -6.31638e+00 -4.88894e+00 -1.52494e+02
-0.38700 -4.55953e+01  1.32575e+00 -1.36631e+01 -6.95712e+00 -3.70513e+01 -5.92647e+00 -6.42908e+00 -4.87865e+00 -1.50794e+02
-0.38600 -4.61547e+01  1.42793e+00 -1.38737e+01 -6.63251e+00 -3.76449e+01 -5.75458e+00 -6.52639e+00 -4.86875e+00 -1.49136e+02
-0.38500 -4.66893e+01  1.48750e+00 -1.40787e+01 -6.34844e+00 -3.82471e+01 -5.58696e+00 -6.60806e+00 -4.85896e+00 -1.47521e+02
-0.38400 -4.71987e+01  1.50633e+00 -1.42791e+01 -6.10401e+00 -3.88565e+01 -5.42322e+00 -6.67404e+00 -4.84901e+00 -1.45949e+02
-0.38300 -4.76829e+01  1.48663e+00 -1.44758e+01 -5.89789e+00 -3.94719e+01 -5.26304e+00 -6.72444e+00 -4.83864e+00 -1.44422e+02
-0.38200 -4.81425e+01  1.43091e+00 -1.46699e+01 -5.72838e+00 -4.00921e+01 -5.10611e+00 -6.75954e+00 -4.82763e+00 -1.42939e+02
-0.38100 -4.85783e+01  1.34186e+00 -1.48622e+01 -5.59348e+00 -4.07157e+01 -4.95216e+00 -6.77973e+00 -4.81579e+00 -1.41502e+02
-0.38000 -4.89911e+01  1.22231e+00 -1.50538e+01 -5.49095e+00 -4.13415e+01 -4.80096e+00 -6.78548e+00 -4.80294e+00 -1.40111e+02
-0.37900 -4.93822e+01  1.07515e+00 -1.52455e+01 -5.41843e+00 -4.19680e+01 -4.65228e+00 -6.77737e+00 -4.78898e+00 -1.38766e+02
-0.37800 -4.97526e+01  9.03301e-01 -1.54381e+01 -5.37342e+00 -4.25939e+01 -4.50595e+00 -6.75600e+00 -4.77382e+00 -1.37467e+02
-0.37700 -5.01036e+01  7.09637e-01 -1.56323e+01 -5.35338e+00 -4.32175e+01 -4.36179e+00 -6.72203e+00 -4.75744e+00 -1.36214e+02
-0.37600 -5.04362e+01  4.96974e-01 -1.58290e+01 -5.35577e+00 -4.38374e+01 -4.21965e+00 -6.67613e+00 -4.73984e+00 -1.35007e+02
-0.37500 -5.07517e+01  2.68031e-01 -1.60286e+01 -5.37806e+00 -4.44518e+01 -4.07941e+00 -6.61897e+00 -4.72105e+00 -1.33847e+02
-0.37400 -5.10510e+01  2.54095e-02 -1.62319e+01 -5.41781e+00 -4.50592e+01 -3.94096e+00 -6.55123e+00 -4.70116e+00 -1.32733e+02
-0.37300 -5.13351e+01 -2.28420e-01 -1.64392e+01 -5.47262e+00 -4.56578e+01 -3.80420e+00 -6.47357e+00 -4.68026e+00 -1.31666e+02
-0.37200 -5.16049e+01 -4.91129e-01 -1.66510e+01 -5.54022e+00 -4.62462e+01 -3.66904e+00 -6.38661e+00 -4.65848e+00 -1.30643e+02
-0.37100 -5.18613e+01 -7.60539e-01 -1.68676e+01 -5.61844e+00 -4.68228e+01 -3.53541e+00 -6.29098e+00 -4.63595e+00 -1.29667e+02
-0.37000 -5.21049e+01 -1.03462e+00 -1.70892e+01 -5.70525e+00 -4.73860e+01 -3.40325e+00 -6.18725e+00 -4.61284e+00 -1.28735e+02
-0.36900 -5.23366e+01 -1.31150e+00 -1.73159e+01 -5.79872e+00 -4.79346e+01 -3.27249e+00 -6.07596e+00 -4.58930e+00 -1.27848e+02
-0.36800 -5.25569e+01 -1.58943e+00 -1.75478e+01 -5.89708e+00 -4.84673e+01 -3.14309e+00 -5.95761e+00 -4.56550e+00 -1.27006e+02
-0.36700 -5.27665e+01 -1.86684e+00 -1.77850e+01 -5.99867e+00 -4.89830e+01 -3.01499e+00 -5.83270e+00 -4.54161e+00 -1.26207e+02
-0.36600 -5.29659e+01 -2.14226e+00 -1.80272e+01 -6.10195e+00 -4.94807e+01 -2.88817e+00 -5.70165e+00 -4.51778e+00 -1.25451e+02
-0.36500 -5.31557e+01 -2.41438e+00 -1.82743e+01 -6.20552e+00 -4.99598e+01 -2.76258e+00 -5.56488e+00 -4.49417e+00 -1.24738e+02
-0.36400 -5.33365e+01 -2.68198e+00 -1.85260e+01 -6.30809e+00 -5.04197e+01 -2.63817e+00 -5.42275e+00 -4.47093e+00 -1.24067e+02
-0.36300 -5.35089e+01 -2.94399e+00 -1.87821e+01 -6.40847e+00 -5.08599e+01 -2.51492e+00 -5.27563e+00 -4.44820e+00 -1.23437e+02
-0.36200 -5.36734e+01 -3.19942e+00 -1.90420e+01 -6.50559e+00 -5.12802e+01 -2.39278e+00 -5.12382e+00 -4.42609e+00 -1.22848e+02
-0.36100 -5.38307e+01 -3.44740e+00 -1.93053e+01 -6.59845e+00 -5.16805e+01 -2.27172e+00 -4.96763e+00 -4.40471e+00 -1.22300e+02
-0.36000 -5.39813e+01 -3.68714e+00 -1.95715e+01 -6.68617e+00 -5.20610e+01 -2.15170e+00 -4.80732e+00 -4.38416e+00 -1.21790e+02
-0.35900 -5.41259e+01 -3.91793e+00 -1.98401e+01 -6.76793e+00 -5.24219e+01 -2.03268e+00 -4.64317e+00 -4.36453e+00 -1.21320e+02
-0.35800 -5.42651e+01 -4.13916e+00 -2.01103e+01 -6.84300e+00 -5.27637e+01 -1.91463e+00 -4.47541e+00 -4.34588e+00 -1.20887e+02
-0.35700 -5.43997e+01 -4.35028e+00 -2.03816e+01 -6.91071e+00 -5.30870e+01 -1.79751e+00 -4.30426e+00 -4.32826e+00 -1.20492e+02
-0.35600 -5.45302e+01 -4.55081e+00 -2.06532e+01 -6.97046e+00 -5.33923e+01 -1.68128e+00 -4.12996e+00 -4.31172e+00 -1.20133e+02
-0.35500 -5.46575e+01 -4.74034e+00 -2.09245e+01 -7.02171e+00 -5.36804e+01 -1.56590e+00 -3.95271e+00 -4.29630e+00 -1.19810e+02
-0.35400 -5.47822e+01 -4.91850e+00 -2.11946e+01 -7.06398e+00 -5.39524e+01 -1.45134e+00 -3.77272e+00 -4.28200e+00 -1.19522e+02
-0.35300 -5.49050e+01 -5.08501e+00 -2.14628e+01 -7.09684e+00 -5.42090e+01 -1.33758e+00 -3.59018e+00 -4.26885e+00 -1.19269e+02
-0.35200 -5.50267e+01 -5.23961e+00 -2.17283e+01 -7.11991e+00 -5.44513e+01 -1.22459e+00 -3.40532e+00 -4.25683e+00 -1.19049e+02
-0.35100 -5.51479e+01 -5.38210e+00 -2.19904e+01 -7.13287e+00 -5.46804e+01 -1.11234e+00 -3.21833e+00 -4.24595e+00 -1.18861e+02
-0.35000 -5.52693e+01 -5.51232e+00 -2.22482e+01 -7.13543e+00 -5.48972e+01 -1.00082e+00 -3.02941e+00 -4.23619e+00 -1.18706e+02
-0.34900 -5.53916e+01 -5.63016e+00 -2.25010e+01 -7.12736e+00 -5.51030e+01 -8.90014e-01 -2.83879e+00 -4.22753e+00 -1.18582e+02
-0.34800 -5.55153e+01 -5.73554e+00 -2.27479e+01 -7.10848e+00 -5.52988e+01 -7.79927e-01 -2.64668e+00 -4.21994e+00 -1.18489e+02
-0.34700 -5.56412e+01 -5.82844e+00 -2.29881e+01 -7.07864e+00 -5.54856e+01 -6.70560e-01 -2.45330e+00 -4.21340e+00 -1.18426e+02
-0.34600 -5.57696e+01 -5.90885e+00 -2.32211e+01 -7.03775e+00 -5.56645e+01 -5.61926e-01 -2.25890e+00 -4.20785e+00 -1.18391e+02
-0.34500 -5.59012e+01 -5.97683e+00 -2.34458e+01 -6.98576e+00 -5.58364e+01 -4.54046e-01 -2.06372e+00 -4.20327e+00 -1.18385e+02
-0.34400 -5.60363e+01 -6.03244e+00 -2.36618e+01 -6.92269e+00 -5.60025e+01 -3.46953e-01 -1.86800e+00 -4.19962e+00 -1.18406e+02
-0.34300 -5.61753e+01 -6.07581e+00 -2.38682e+01 -6.84857e+00 -5.61634e+01 -2.40687e-01 -1.67202e+00 -4.19684e+00 -1.18454e+02
-0.34200 -5.63185e+01 -6.10709e+00 -2.40644e+01 -6.76350e+00 -5.63202e+01 -1.35299e-01 -1.47605e+00 -4.19489e+00 -1.18527e+02
-0.34100 -5.64663e+01 -6.12646e+00 -2.42497e+01 -6.66764e+00 -5.64734e+01 -3.08503e-02 -1.28037e+00 -4.19372e+00 -1.18626e+02
-0.34000 -5.66186e+01 -6.13414e+00 -2.44235e+01 -6.56119e+00 -5.66239e+01  7.25882e-02 -1.08528e+00 -4.19328e+00 -1.18750e+02
-0.33900 -5.67758e+01 -6.13039e+00 -2.45853e+01 -6.44438e+00 -5.67721e+01  1.74935e-01 -8.91094e-01 -4.19351e+00 -1.18896e+02
-0.33800 -5.69377e+01 -6.11549e+00 -2.47345e+01 -6.31753e+00 -5.69186e+01  2.76100e-01 -6.98120e-01 -4.19436e+00 -1.19066e+02
-0.33700 -5.71043e+01 -6.08977e+00 -2.48707e+01 -6.18098e+00 -5.70639e+01  3.75981e-01 -5.06685e-01 -4.19578e+00 -1.19258e+02
-0.33600 -5.72754e+01 -6.05358e+00 -2.49932e+01 -6.03512e+00 -5.72082e+01  4.74469e-01 -3.17124e-01 -4.19770e+00 -1.19470e+02
-0.33500 -5.74510e+01 -6.00732e+00 -2.51018e+01 -5.88040e+00 -5.73518e+01  5.71446e-01 -1.29779e-01 -4.20006e+00 -1.19704e+02
-0.33400 -5.76306e+01 -5.95140e+00 -2.51959e+01 -5.71731e+00 -5.74949e+01  6.66785e-01  5.50054e-02 -4.20281e+00 -1.19956e+02
-0.33300 -5.78140e+01 -5.88626e+00 -2.52754e+01 -5.54639e+00 -5.76376e+01  7.60353e-01  2.36875e-01 -4.20588e+00 -1.20228e+02
-0.33200 -5.80006e+01 -5.81240e+00 -2.53398e+01 -5.36821e+00 -5.77797e+01  8.52009e-01  4.15476e-01 -4.20921e+00 -1.20518e+02
-0.33100 -5.81899e+01 -5.73031e+00 -2.53889e+01 -5.18338e+00 -5.79214e+01  9.41606e-01  5.90450e-01 -4.21274e+00 -1.20824e+02
-0.33000 -5.83815e+01 -5.64053e+00 -2.54226e+01 -4.99256e+00 -5.80622e+01  1.02899e+00  7.61441e-01 -4.21639e+00 -1.21147e+02
-0.32900 -5.85745e+01 -5.54362e+00 -2.54405e+01 -4.79643e+00 -5.82022e+01  1.11401e+00  9.28093e-01 -4.22010e+00 -1.21486e+02
-0.32800 -5.87684e+01 -5.44016e+00 -2.54425e+01 -4.59572e+00 -5.83408e+01  1.19651e+00  1.09005e+00 -4.22381e+00 -1.21839e+02
-0.32700 -5.89623e+01 -5.33073e+00 -2.54286e+01 -4.39115e+00 -5.84778e+01  1.27632e+00  1.24698e+00 -4.22745e+00 -1.22205e+02
-0.32600 -5.91553e+01 -5.21598e+00 -2.53986e+01 -4.18350e+00 -5.86128e+01  1.35327e+00  1.39853e+00 -4.23094e+00 -1.22585e+02
-0.32500 -5.93467e+01 -5.09652e+00 -2.53526e+01 -3.97354e+00 -5.87452e+01  1.42722e+00  1.54437e+00 -4.23421e+00 -1.22977e+02
-0.32400 -5.95355e+01 -4.97300e+00 -2.52906e+01 -3.76207e+00 -5.88745e+01  1.49798e+00  1.68419e+00 -4.23719e+00 -1.23380e+02
-0.32300 -5.97206e+01 -4.84608e+00 -2.52125e+01 -3.54990e+00 -5.90002e+01  1.56540e+00  1.81769e+00 -4.23982e+00 -1.23793e+02
-0.32200 -5.99011e+01 -4.71642e+00 -2.51184e+01 -3.33784e+00 -5.91217e+01  1.62932e+00  1.94457e+00 -4.24201e+00 -1.24215e+02
-0.32100 -6.00759e+01 -4.58470e+00 -2.50085e+01 -3.12670e+00 -5.92383e+01  1.68958e+00  2.06456e+00 -4.24370e+00 -1.24646e+02
-0.32000 -6.02440e+01 -4.45157e+00 -2.48828e+01 -2.91729e+00 -5.93494e+01  1.74603e+00  2.17742e+00 -4.24481e+00 -1.25084e+02
-0.31900 -6.04042e+01 -4.31772e+00 -2.47415e+01 -2.71042e+00 -5.94542e+01  1.79851e+00  2.28290e+00 -4.24527e+00 -1.25529e+02
-0.31800 -6.05553e+01 -4.18380e+00 -2.45848e+01 -2.50688e+00 -5.95522e+01  1.84687e+00  2.38081e+00 -4.24502e+00 -1.25980e+02
-0.31700 -6.06964e+01 -4.05047e+00 -2.44129e+01 -2.30744e+00 -5.96425e+01  1.89099e+00  2.47096e+00 -4.24397e+00 -1.26435e+02
-0.31600 -6.08261e+01 -3.91837e+00 -2.42260e+01 -2.11289e+00 -5.97246e+01  1.93071e+00  2.55318e+00 -4.24206e+00 -1.26894e+02
-0.31500 -6.09433e+01 -3.78816e+00 -2.40244e+01 -1.92394e+00 -5.97975e+01  1.96591e+00  2.62736e+00 -4.23923e+00 -1.27356e+02
-0.31400 -6.10469e+01 -3.66043e+00 -2.38083e+01 -1.74133e+00 -5.98608e+01  1.99647e+00  2.69338e+00 -4.23540e+00 -1.27820e+02
-0.31300 -6.11356e+01 -3.53579e+00 -2.35779e+01 -1.56575e+00 -5.99135e+01  2.02227e+00  2.75117e+00 -4.23052e+00 -1.28285e+02
-0.31200 -6.12084e+01 -3.41483e+00 -2.33336e+01 -1.39785e+00 -5.99550e+01  2.04320e+00  2.80068e+00 -4.22452e+00 -1.28750e+02
-0.31100 -6.12640e+01 -3.29808e+00 -2.30758e+01 -1.23827e+00 -5.99845e+01  2.05915e+00  2.84190e+00 -4.21735e+00 -1.29214e+02
-0.31000 -6.13013e+01 -3.18609e+00 -2.28046e+01 -1.08761e+00 -6.00014e+01  2.07002e+00  2.87484e+00 -4.20895e+00 -1.29676e+02
-0.30900 -6.13192e+01 -3.07934e+00 -2.25205e+01 -9.46406e-01 -6.00048e+01  2.07571e+00  2.89954e+00 -4.19927e+00 -1.30135e+02
-0.30800 -6.13165e+01 -2.97830e+00 -2.22238e+01 -8.15192e-01 -5.99942e+01  2.07614e+00  2.91608e+00 -4.18828e+00 -1.30590e+02
-0.30700 -6.12922e+01 -2.88339e+00 -2.19148e+01 -6.94440e-01 -5.99687e+01  2.07121e+00  2.92454e+00 -4.17593e+00 -1.31040e+02
-0.30600 -6.12452e+01 -2.79500e+00 -2.15940e+01 -5.84579e-01 -5.99276e+01  2.06085e+00  2.92507e+00 -4.16218e+00 -1.31485e+02
-0.30500 -6.11746e+01 -2.71346e+00 -2.12618e+01 -4.85992e-01 -5.98702e+01  2.04497e+00  2.91781e+00 -4.14701e+00 -1.31922e+02
-0.30400 -6.10792e+01 -2.63908e+00 -2.09184e+01 -3.99012e-01 -5.97959e+01  2.02349e+00  2.90293e+00 -4.13041e+00 -1.32352e+02
-0.30300 -6.09582e+01 -2.57210e+00 -2.05644e+01 -3.23921e-01 -5.97037e+01  1.99633e+00  2.88065e+00 -4.11235e+00 -1.32774e+02
-0.30200 -6.08106e+01 -2.51272e+00 -2.02002e+01 -2.60941e-01 -5.95931e+01  1.96341e+00  2.85118e+00 -4.09284e+00 -1.33186e+02
-0.30100 -6.06358e+01 -2.46107e+00 -1.98263e+01 -2.10242e-01 -5.94633e+01  1.92464e+00  2.81475e+00 -4.07189e+00 -1.33587e+02
-0.30000 -6.04328e+01 -2.41723e+00 -1.94431e+01 -1.71927e-01 -5.93135e+01  1.87994e+00  2.77163e+00 -4.04950e+00 -1.33977e+02
-0.29900 -6.02009e+01 -2.38122e+00 -1.90511e+01 -1.46039e-01 -5.91430e+01  1.82923e+00  2.72207e+00 -4.02570e+00 -1.34354e+02
-0.29800 -5.99396e+01 -2.35299e+00 -1.86509e+01 -1.32551e-01 -5.89511e+01  1.77240e+00  2.66637e+00 -4.00054e+00 -1.34719e+02
-0.29700 -5.96484e+01 -2.33243e+00 -1.82430e+01 -1.31370e-01 -5.87370e+01  1.70937e+00  2.60481e+00 -3.97406e+00 -1.35069e+02
-0.29600 -5.93266e+01 -2.31935e+00 -1.78279e+01 -1.42326e-01 -5.84999e+01  1.64003e+00  2.53767e+00 -3.94631e+00 -1.35405e+02
-0.29500 -5.89741e+01 -2.31350e+00 -1.74063e+01 -1.65178e-01 -5.82393e+01  1.56428e+00  2.46526e+00 -3.91738e+00 -1.35724e+02
-0.29400 -5.85906e+01 -2.31455e+00 -1.69788e+01 -1.99608e-01 -5.79543e+01  1.48201e+00  2.38787e+00 -3.88735e+00 -1.36027e+02
-0.29300 -5.81760e+01 -2.32212e+00 -1.65460e+01 -2.45218e-01 -5.76443e+01  1.39312e+00  2.30579e+00 -3.85631e+00 -1.36313e+02
-0.29200 -5.77302e+01 -2.33574e+00 -1.61087e+01 -3.01534e-01 -5.73086e+01  1.29751e+00  2.21929e+00 -3.82436e+00 -1.36581e+02
-0.29100 -5.72535e+01 -2.35489e+00 -1.56676e+01 -3.68002e-01 -5.69469e+01  1.19507e+00  2.12867e+00 -3.79164e+00 -1.36830e+02
-0.29000 -5.67461e+01 -2.37897e+00 -1.52233e+01 -4.43992e-01 -5.65584e+01  1.08571e+00  2.03417e+00 -3.75825e+00 -1.37060e+02
-0.28900 -5.62085e+01 -2.40735e+00 -1.47768e+01 -5.28798e-01 -5.61429e+01  9.69348e-01  1.93607e+00 -3.72434e+00 -1.37270e+02
-0.28800 -5.56413e+01 -2.43933e+00 -1.43287e+01 -6.21646e-01 -5.57001e+01  8.45921e-01  1.83458e+00 -3.69005e+00 -1.37459e+02
-0.28700 -5.50454e+01 -2.47418e+00 -1.38800e+01 -7.21690e-01 -5.52297e+01  7.15386e-01  1.72995e+00 -3.65552e+00 -1.37627e+02
-0.28600 -5.44218e+01 -2.51112e+00 -1.34314e+01 -8.28028e-01 -5.47319e+01  5.77729e-01  1.62237e+00 -3.62091e+00 -1.37773e+02
-0.28500 -5.37715e+01 -2.54938e+00 -1.29838e+01 -9.39702e-01 -5.42066e+01  4.32969e-01  1.51203e+00 -3.58635e+00 -1.37897e+02
-0.28400 -5.30961e+01 -2.58815e+00 -1.25382e+01 -1.05571e+00 -5.36543e+01  2.81168e-01  1.39912e+00 -3.55199e+00 -1.37998e+02
-0.28300 -5.23970e+01 -2.62665e+00 -1.20953e+01 -1.17502e+00 -5.30755e+01  1.22438e-01  1.28378e+00 -3.51798e+00 -1.38076e+02
-0.28200 -5.16761e+01 -2.66412e+00 -1.16560e+01 -1.29657e+00 -5.24710e+01 -4.30564e-02  1.16616e+00 -3.48443e+00 -1.38132e+02
-0.28100 -5.09353e+01 -2.69981e+00 -1.12212e+01 -1.41929e+00 -5.18419e+01 -2.15084e-01  1.04639e+00 -3.45146e+00 -1.38163e+02
-0.28000 -5.01769e+01 -2.73304e+00 -1.07918e+01 -1.54212e+00 -5.11894e+01 -3.93344e-01  9.24576e-01 -3.41918e+00 -1.38171e+02
-0.27900 -4.94032e+01 -2.76319e+00 -1.03685e+01 -1.66400e+00 -5.05151e+01 -5.77459e-01  8.00831e-01 -3.38766e+00 -1.38155e+02
-0.27800 -4.86167e+01 -2.78973e+00 -9.95210e+00 -1.78391e+00 -4.98210e+01 -7.66972e-01  6.75247e-01 -3.35696e+00 -1.38115e+02
-0.27700 -4.78202e+01 -2.81222e+00 -9.54337e+00 -1.90088e+00 -4.91092e+01 -9.61337e-01  5.47911e-01 -3.32711e+00 -1.38051e+02
-0.27600 -4.70166e+01 -2.83031e+00 -9.14299e+00 -2.01400e+00 -4.83821e+01 -1.15992e+00  4.18907e-01 -3.29811e+00 -1.37962e+02
-0.27500 -4.62089e+01 -2.84380e+00 -8.75158e+00 -2.12240e+00 -4.76427e+01 -1.36199e+00  2.88316e-01 -3.26994e+00 -1.37850e+02
-0.27400 -4.54003e+01 -2.85258e+00 -8.36971e+00 -2.22534e+00 -4.68938e+01 -1.56675e+00  1.56220e-01 -3.24253e+00 -1.37714e+02
-0.27300 -4.45941e+01 -2.85672e+00 -7.99788e+00 -2.32213e+00 -4.61389e+01 -1.77328e+00  2.27030e-02 -3.21581e+00 -1.37554e+02
-0.27200 -4.37936e+01 -2.85637e+00 -7.63650e+00 -2.41221e+00 -4.53816e+01 -1.98060e+00 -1.12147e-01 -3.18964e+00 -1.37371e+02
-0.27100 -4.30021e+01 -2.85187e+00 -7.28593e+00 -2.49512e+00 -4.46255e+01 -2.18766e+00 -2.48233e-01 -3.16388e+00 -1.37164e+02
-0.27000 -4.22231e+01 -2.84366e+00 -6.94643e+00 -2.57051e+00 -4.38747e+01 -2.39332e+00 -3.85452e-01 -3.13833e+00 -1.36935e+02
-0.26900 -4.14599e+01 -2.83231e+00 -6.61819e+00 -2.63815e+00 -4.31333e+01 -2.59639e+00 -5.23691e-01 -3.11279e+00 -1.36683e+02
-0.26800 -4.07159e+01 -2.81853e+00 -6.30133e+00 -2.69793e+00 -4.24054e+01 -2.79567e+00 -6.62826e-01 -3.08702e+00 -1.36409e+02
-0.26700 -3.99942e+01 -2.80308e+00 -5.99589e+00 -2.74983e+00 -4.16953e+01 -2.98988e+00 -8.02721e-01 -3.06075e+00 -1.36113e+02
-0.26600 -3.92979e+01 -2.78687e+00 -5.70182e+00 -2.79397e+00 -4.10070e+01 -3.17778e+00 -9.43231e-01 -3.03373e+00 -1.35796e+02
-0.26500 -3.86301e+01 -2.77084e+00 -5.41904e+00 -2.83053e+00 -4.03447e+01 -3.35811e+00 -1.08420e+00 -3.00565e+00 -1.35458e+02
-0.26400 -3.79933e+01 -2.75597e+00 -5.14738e+00 -2.85982e+00 -3.97123e+01 -3.52964e+00 -1.22545e+00 -2.97624e+00 -1.35100e+02
-0.26300 -3.73902e+01 -2.74328e+00 -4.88663e+00 -2.88220e+00 -3.91136e+01 -3.69119e+00 -1.36682e+00 -2.94520e+00 -1.34721e+02
-0.26200 -3.68228e+01 -2.73377e+00 -4.63653e+00 -2.89809e+00 -3.85518e+01 -3.84164e+00 -1.50811e+00 -2.91224e+00 -1.34324e+02
-0.26100 -3.62932e+01 -2.72844e+00 -4.39680e+00 -2.90798e+00 -3.80303e+01 -3.97999e+00 -1.64914e+00 -2.87710e+00 -1.33908e+02
-0.26000 -3.58029e+01 -2.72821e+00 -4.16712e+00 -2.91238e+00 -3.75516e+01 -4.10529e+00 -1.78970e+00 -2.83953e+00 -1.33473e+02
-0.25900 -3.53531e+01 -2.73394e+00 -3.94716e+00 -2.91182e+00 -3.71181e+01 -4.21674e+00 -1.92959e+00 -2.79929e+00 -1.33020e+02
-0.25800 -3.49449e+01 -2.74639e+00 -3.73658e+00 -2.90685e+00 -3.67315e+01 -4.31369e+00 -2.06862e+00 -2.75619e+00 -1.32551e+02
-0.25700 -3.45786e+01 -2.76620e+00 -3.53502e+00 -2.89800e+00 -3.63931e+01 -4.39560e+00 -2.20657e+00 -2.71007e+00 -1.32064e+02
-0.25600 -3.42545e+01 -2.79389e+00 -3.34216e+00 -2.88576e+00 -3.61037e+01 -4.46211e+00 -2.34325e+00 -2.66080e+00 -1.31561e+02
-0.25500 -3.39723e+01 -2.82981e+00 -3.15768e+00 -2.87062e+00 -3.58634e+01 -4.51303e+00 -2.47846e+00 -2.60829e+00 -1.31042e+02
-0.25400 -3.37314e+01 -2.87419e+00 -2.98127e+00 -2.85301e+00 -3.56719e+01 -4.54832e+00 -2.61201e+00 -2.55251e+00 -1.30508e+02
-0.25300 -3.35308e+01 -2.92708e+00 -2.81265e+00 -2.83331e+00 -3.55283e+01 -4.56811e+00 -2.74372e+00 -2.49346e+00 -1.29959e+02
-0.25200 -3.33692e+01 -2.98837e+00 -2.65156e+00 -2.81183e+00 -3.54311e+01 -4.57270e+00 -2.87340e+00 -2.43119e+00 -1.29395e+02
-0.25100 -3.32451e+01 -3.05779e+00 -2.49779e+00 -2.78886e+00 -3.53783e+01 -4.56254e+00 -3.00089e+00 -2.36579e+00 -1.28816e+02
-0.25000 -3.31563e+01 -3.13493e+00 -2.35113e+00 -2.76460e+00 -3.53677e+01 -4.53824e+00 -3.12604e+00 -2.29738e+00 -1.28224e+02
-0.24900 -3.31008e+01 -3.21923e+00 -2.21140e+00 -2.73920e+00 -3.53962e+01 -4.50053e+00 -3.24868e+00 -2.22615e+00 -1.27618e+02
-0.24800 -3.30761e+01 -3.31002e+00 -2.07847e+00 -2.71275e+00 -3.54607e+01 -4.45026e+00 -3.36869e+00 -2.15228e+00 -1.26999e+02
-0.24700 -3.30796e+01 -3.40650e+00 -1.95220e+00 -2.68529e+00 -3.55577e+01 -4.38840e+00 -3.48593e+00 -2.07602e+00 -1.26367e+02
-0.24600 -3.31084e+01 -3.50780e+00 -1.83248e+00 -2.65684e+00 -3.56834e+01 -4.31599e+00 -3.60027e+00 -1.99762e+00 -1.25723e+02
-0.24500 -3.31597e+01 -3.61298e+00 -1.71923e+00 -2.62736e+00 -3.58337e+01 -4.23414e+00 -3.71162e+00 -1.91736e+00 -1.25066e+02
-0.24400 -3.32305e+01 -3.72102e+00 -1.61235e+00 -2.59680e+00 -3.60046e+01 -4.14401e+00 -3.81985e+00 -1.83552e+00 -1.24397e+02
-0.24300 -3.33177e+01 -3.83092e+00 -1.51176e+00 -2.56506e+00 -3.61920e+01 -4.04678e+00 -3.92488e+00 -1.75242e+00 -1.23716e+02
-0.24200 -3.34184e+01 -3.94165e+00 -1.41738e+00 -2.53208e+00 -3.63916e+01 -3.94363e+00 -4.02661e+00 -1.66834e+00 -1.23024e+02
-0.24100 -3.35295e+01 -4.05220e+00 -1.32911e+00 -2.49776e+00 -3.65995e+01 -3.83574e+00 -4.12496e+00 -1.58359e+00 -1.22320e+02
-0.24000 -3.36482e+01 -4.16161e+00 -1.24686e+00 -2.46202e+00 -3.68116e+01 -3.72426e+00 -4.21986e+00 -1.49845e+00 -1.21606e+02
-0.23900 -3.37716e+01 -4.26895e+00 -1.17051e+00 -2.42480e+00 -3.70243e+01 -3.61027e+00 -4.31123e+00 -1.41320e+00 -1.20881e+02
-0.23800 -3.38970e+01 -4.37337e+00 -1.09994e+00 -2.38606e+00 -3.72339e+01 -3.49482e+00 -4.39900e+00 -1.32811e+00 -1.20146e+02
-0.23700 -3.40220e+01 -4.47412e+00 -1.03498e+00 -2.34577e+00 -3.74373e+01 -3.37886e+00 -4.48311e+00 -1.24341e+00 -1.19401e+02
-0.23600 -3.41443e+01 -4.57050e+00 -9.75483e-01 -2.30394e+00 -3.76313e+01 -3.26329e+00 -4.56351e+00 -1.15933e+00 -1.18646e+02
-0.23500 -3.42617e+01 -4.66193e+00 -9.21245e-01 -2.26061e+00 -3.78135e+01 -3.14889e+00 -4.64014e+00 -1.07605e+00 -1.17882e+02
-0.23400 -3.43722e+01 -4.74795e+00 -8.72060e-01 -2.21585e+00 -3.79813e+01 -3.03636e+00 -4.71296e+00 -9.93756e-01 -1.17109e+02
-0.23300 -3.44742e+01 -4.82816e+00 -8.27698e-01 -2.16976e+00 -3.81330e+01 -2.92630e+00 -4.78193e+00 -9.12582e-01 -1.16328e+02
-0.23200 -3.45663e+01 -4.90230e+00 -7.87912e-01 -2.12246e+00 -3.82668e+01 -2.81922e+00 -4.84701e+00 -8.32649e-01 -1.15539e+02
-0.23100 -3.46471e+01 -4.97019e+00 -7.52439e-01 -2.07410e+00 -3.83815e+01 -2.71554e+00 -4.90817e+00 -7.54051e-01 -1.14743e+02
-0.23000 -3.47155e+01 -5.03173e+00 -7.21006e-01 -2.02486e+00 -3.84761e+01 -2.61556e+00 -4.96540e+00 -6.76858e-01 -1.13939e+02
-0.22900 -3.47709e+01 -5.08693e+00 -6.93326e-01 -1.97493e+00 -3.85499e+01 -2.51952e+00 -5.01868e+00 -6.01119e-01 -1.13128e+02
-0.22800 -3.48126e+01 -5.13587e+00 -6.69112e-01 -1.92450e+00 -3.86027e+01 -2.42757e+00 -5.06800e+00 -5.26861e-01 -1.12312e+02
-0.22700 -3.48400e+01 -5.17868e+00 -6.48072e-01 -1.87380e+00 -3.86343e+01 -2.33978e+00 -5.11337e+00 -4.54095e-01 -1.11489e+02
-0.22600 -3.48531e+01 -5.21558e+00 -6.29913e-01 -1.82303e+00 -3.86449e+01 -2.25618e+00 -5.15481e+00 -3.82817e-01 -1.10661e+02
-0.22500 -3.48517e+01 -5.24680e+00 -6.14351e-01 -1.77241e+00 -3.86348e+01 -2.17670e+00 -5.19232e+00 -3.13010e-01 -1.09828e+02
-0.22400 -3.48359e+01 -5.27264e+00 -6.01108e-01 -1.72213e+00 -3.86048e+01 -2.10125e+00 -5.22595e+00 -2.44644e-01 -1.08991e+02
-0.22300 -3.48060e+01 -5.29341e+00 -5.89915e-01 -1.67239e+00 -3.85554e+01 -2.02970e+00 -5.25574e+00 -1.77684e-01 -1.08149e+02
-0.22200 -3.47621e+01 -5.30943e+00 -5.80519e-01 -1.62337e+00 -3.84876e+01 -1.96188e+00 -5.28173e+00 -1.12089e-01 -1.07304e+02
-0.22100 -3.47049e+01 -5.32106e+00 -5.72681e-01 -1.57524e+00 -3.84023e+01 -1.89757e+00 -5.30398e+00 -4.78136e-02 -1.06456e+02
-0.22000 -3.46347e+01 -5.32864e+00 -5.66179e-01 -1.52812e+00 -3.83005e+01 -1.83658e+00 -5.32256e+00  1.51888e-02 -1.05606e+02
-0.21900 -3.45522e+01 -5.33251e+00 -5.60810e-01 -1.48215e+00 -3.81835e+01 -1.77867e+00 -5.33755e+00  7.69651e-02 -1.04753e+02
-0.21800 -3.44581e+01 -5.33300e+00 -5.56389e-01 -1.43741e+00 -3.80522e+01 -1.72361e+00 -5.34903e+00  1.37560e-01 -1.03898e+02
-0.21700 -3.43530e+01 -5.33042e+00 -5.52752e-01 -1.39399e+00 -3.79079e+01 -1.67116e+00 -5.35708e+00  1.97017e-01 -1.03042e+02
-0.21600 -3.42376e+01 -5.32507e+00 -5.49754e-01 -1.35194e+00 -3.77516e+01 -1.62110e+00 -5.36182e+00  2.55374e-01 -1.02185e+02
-0.21500 -3.41126e+01 -5.31723e+00 -5.47267e-01 -1.31129e+00 -3.75846e+01 -1.57321e+00 -5.36333e+00  3.12666e-01 -1.01327e+02
-0.21400 -3.39789e+01 -5.30716e+00 -5.45184e-01 -1.27205e+00 -3.74079e+01 -1.52727e+00 -5.36173e+00  3.68922e-01 -1.00469e+02
-0.21300 -3.38370e+01 -5.29508e+00 -5.43415e-01 -1.23422e+00 -3.72224e+01 -1.48309e+00 -5.35713e+00  4.24168e-01 -9.96104e+01
-0.21200 -3.36879e+01 -5.28120e+00 -5.41884e-01 -1.19776e+00 -3.70294e+01 -1.44047e+00 -5.34963e+00  4.78423e-01 -9.87526e+01
-0.21100 -3.35320e+01 -5.26570e+00 -5.40534e-01 -1.16264e+00 -3.68295e+01 -1.39925e+00 -5.33936e+00  5.31702e-01 -9.78954e+01
-0.21000 -3.33702e+01 -5.24875e+00 -5.39317e-01 -1.12881e+00 -3.66238e+01 -1.35927e+00 -5.32644e+00  5.84013e-01 -9.70392e+01
-0.20900 -3.32031e+01 -5.23049e+00 -5.38200e-01 -1.09620e+00 -3.64131e+01 -1.32039e+00 -5.31097e+00  6.35362e-01 -9.61842e+01
-0.20800 -3.30313e+01 -5.21102e+00 -5.37159e-01 -1.06475e+00 -3.61980e+01 -1.28250e+00 -5.29308e+00  6.85750e-01 -9.53306e+01
-0.20700 -3.28553e+01 -5.19047e+00 -5.36179e-01 -1.03437e+00 -3.59793e+01 -1.24547e+00 -5.27288e+00  7.35174e-01 -9.44786e+01
-0.20600 -3.26757e+01 -5.16891e+00 -5.35253e-01 -1.00498e+00 -3.57576e+01 -1.20923e+00 -5.25048e+00  7.83626e-01 -9.36286e+01
-0.20500 -3.24930e+01 -5.14641e+00 -5.34380e-01 -9.76504e-01 -3.55334e+01 -1.17369e+00 -5.22600e+00  8.31099e-01 -9.27806e+01
-0.20400 -3.23077e+01 -5.12303e+00 -5.33563e-01 -9.48850e-01 -3.53073e+01 -1.13877e+00 -5.19954e+00  8.77580e-01 -9.19349e+01
-0.20300 -3.21202e+01 -5.09883e+00 -5.32809e-01 -9.21937e-01 -3.50796e+01 -1.10443e+00 -5.17121e+00  9.23056e-01 -9.10916e+01
-0.20200 -3.19309e+01 -5.07383e+00 -5.32127e-01 -8.95683e-01 -3.48508e+01 -1.07062e+00 -5.14110e+00  9.67512e-01 -9.02508e+01
-0.20100 -3.17401e+01 -5.04807e+00 -5.31530e-01 -8.70010e-01 -3.46212e+01 -1.03730e+00 -5.10933e+00  1.01093e+00 -8.94127e+01
-0.20000 -3.15481e+01 -5.02158e+00 -5.31028e-01 -8.44842e-01 -3.43911e+01 -1.00445e+00 -5.07597e+00  1.05330e+00 -8.85775e+01
-0.19900 -3.13553e+01 -4.99437e+00 -5.30634e-01 -8.20110e-01 -3.41607e+01 -9.72033e-01 -5.04112e+00  1.09460e+00 -8.77451e+01
-0.19800 -3.11618e+01 -4.96646e+00 -5.30359e-01 -7.95749e-01 -3.39302e+01 -9.40042e-01 -5.00486e+00  1.13482e+00 -8.69157e+01
-0.19700 -3.09678e+01 -4.93788e+00 -5.30214e-01 -7.71701e-01 -3.36998e+01 -9.08465e-01 -4.96728e+00  1.17393e+00 -8.60894e+01
-0.19600 -3.07736e+01 -4.90862e+00 -5.30208e-01 -7.47912e-01 -3.34697e+01 -8.77294e-01 -4.92845e+00  1.21192e+00 -8.52661e+01
-0.19500 -3.05792e+01 -4.87870e+00 -5.30351e-01 -7.24336e-01 -3.32399e+01 -8.46527e-01 -4.88845e+00  1.24879e+00 -8.44461e+01
-0.19400 -3.03849e+01 -4.84814e+00 -5.30648e-01 -7.00929e-01 -3.30106e+01 -8.16164e-01 -4.84733e+00  1.28451e+00 -8.36293e+01
-0.19300 -3.01907e+01 -4.81693e+00 -5.31103e-01 -6.77656e-01 -3.27818e+01 -7.86205e-01 -4.80518e+00  1.31907e+00 -8.28158e+01
-0.19200 -2.99967e+01 -4.78510e+00 -5.31722e-01 -6.54486e-01 -3.25536e+01 -7.56655e-01 -4.76204e+00  1.35247e+00 -8.20055e+01
-0.19100 -2.98029e+01 -4.75266e+00 -5.32504e-01 -6.31393e-01 -3.23259e+01 -7.27518e-01 -4.71798e+00  1.38468e+00 -8.11985e+01
-0.19000 -2.96094e+01 -4.71960e+00 -5.33450e-01 -6.08357e-01 -3.20989e+01 -6.98800e-01 -4.67305e+00  1.41571e+00 -8.03949e+01
-0.18900 -2.94163e+01 -4.68596e+00 -5.34558e-01 -5.85361e-01 -3.18725e+01 -6.70506e-01 -4.62730e+00  1.44555e+00 -7.95945e+01
-0.18800 -2.92235e+01 -4.65173e+00 -5.35826e-01 -5.62391e-01 -3.16466e+01 -6.42642e-01 -4.58078e+00  1.47419e+00 -7.87974e+01
-0.18700 -2.90311e+01 -4.61694e+00 -5.37249e-01 -5.39440e-01 -3.14214e+01 -6.15216e-01 -4.53355e+00  1.50162e+00 -7.80036e+01
-0.18600 -2.88390e+01 -4.58160e+00 -5.38822e-01 -5.16501e-01 -3.11966e+01 -5.88231e-01 -4.48563e+00  1.52785e+00 -7.72131e+01
-0.18500 -2.86472e+01 -4.54571e+00 -5.40540e-01 -4.93573e-01 -3.09724e+01 -5.61695e-01 -4.43708e+00  1.55287e+00 -7.64259e+01
-0.18400 -2.84558e+01 -4.50930e+00 -5.42394e-01 -4.70654e-01 -3.07487e+01 -5.35612e-01 -4.38793e+00  1.57669e+00 -7.56418e+01
-0.18300 -2.82646e+01 -4.47238e+00 -5.44378e-01 -4.47746e-01 -3.05254e+01 -5.09986e-01 -4.33822e+00  1.59930e+00 -7.48610e+01
-0.18200 -2.80736e+01 -4.43497e+00 -5.46483e-01 -4.24855e-01 -3.03025e+01 -4.84822e-01 -4.28799e+00  1.62070e+00 -7.40833e+01
-0.18100 -2.78828e+01 -4.39709e+00 -5.48701e-01 -4.01986e-01 -3.00798e+01 -4.60123e-01 -4.23727e+00  1.64092e+00 -7.33088e+01
-0.18000 -2.76922e+01 -4.35874e+00 -5.51024e-01 -3.79146e-01 -2.98575e+01 -4.35891e-01 -4.18609e+00  1.65993e+00 -7.25374e+01
-0.17900 -2.75016e+01 -4.31994e+00 -5.53442e-01 -3.56344e-01 -2.96354e+01 -4.12128e-01 -4.13449e+00  1.67777e+00 -7.17690e+01
-0.17800 -2.73111e+01 -4.28072e+00 -5.55946e-01 -3.33589e-01 -2.94134e+01 -3.88835e-01 -4.08250e+00  1.69442e+00 -7.10037e+01
-0.17700 -2.71206e+01 -4.24109e+00 -5.58528e-01 -3.10890e-01 -2.91915e+01 -3.66012e-01 -4.03015e+00  1.70991e+00 -7.02413e+01
-0.17600 -2.69301e+01 -4.20106e+00 -5.61180e-01 -2.88260e-01 -2.89697e+01 -3.43660e-01 -3.97746e+00  1.72424e+00 -6.94819e+01
-0.17500 -2.67394e+01 -4.16066e+00 -5.63891e-01 -2.65709e-01 -2.87479e+01 -3.21777e-01 -3.92447e+00  1.73742e+00 -6.87254e+01
-0.17400 -2.65485e+01 -4.11989e+00 -5.66655e-01 -2.43249e-01 -2.85260e+01 -3.00362e-01 -3.87120e+00  1.74947e+00 -6.79718e+01
-0.17300 -2.63575e+01 -4.07878e+00 -5.69462e-01 -2.20892e-01 -2.83039e+01 -2.79412e-01 -3.81768e+00  1.76039e+00 -6.72210e+01
-0.17200 -2.61661e+01 -4.03734e+00 -5.72306e-01 -1.98650e-01 -2.80817e+01 -2.58924e-01 -3.76393e+00  1.77021e+00 -6.64729e+01
-0.17100 -2.59745e+01 -3.99558e+00 -5.75178e-01 -1.76535e-01 -2.78593e+01 -2.38896e-01 -3.70999e+00  1.77893e+00 -6.57277e+01
-0.17000 -2.57824e+01 -3.95353e+00 -5.78071e-01 -1.54559e-01 -2.76366e+01 -2.19323e-01 -3.65587e+00  1.78658e+00 -6.49851e+01
-0.16900 -2.55900e+01 -3.91120e+00 -5.80979e-01 -1.32734e-01 -2.74136e+01 -2.00202e-01 -3.60160e+00  1.79317e+00 -6.42453e+01
-0.16800 -2.53970e+01 -3.86861e+00 -5.83896e-01 -1.11072e-01 -2.71903e+01 -1.81526e-01 -3.54720e+00  1.79871e+00 -6.35081e+01
-0.16700 -2.52036e+01 -3.82576e+00 -5.86814e-01 -8.95852e-02 -2.69665e+01 -1.63292e-01 -3.49271e+00  1.80322e+00 -6.27735e+01
-0.16600 -2.50097e+01 -3.78268e+00 -5.89728e-01 -6.82842e-02 -2.67423e+01 -1.45493e-01 -3.43814e+00  1.80673e+00 -6.20416e+01
-0.16500 -2.48151e+01 -3.73939e+00 -5.92634e-01 -4.71808e-02 -2.65176e+01 -1.28124e-01 -3.38351e+00  1.80924e+00 -6.13122e+01
-0.16400 -2.46200e+01 -3.69589e+00 -5.95525e-01 -2.62858e-02 -2.62924e+01 -1.11178e-01 -3.32884e+00  1.81079e+00 -6.05853e+01
-0.16300 -2.44241e+01 -3.65220e+00 -5.98397e-01 -5.61009e-03 -2.60667e+01 -9.46500e-02 -3.27417e+00  1.81138e+00 -5.98610e+01
-0.16200 -2.42277e+01 -3.60834e+00 -6.01247e-01  1.48360e-02 -2.58404e+01 -7.85322e-02 -3.21951e+00  1.81104e+00 -5.91392e+01
-0.16100 -2.40305e+01 -3.56432e+00 -6.04069e-01  3.50423e-02 -2.56135e+01 -6.28181e-02 -3.16488e+00  1.80980e+00 -5.84200e+01
-0.16000 -2.38325e+01 -3.52015e+00 -6.06859e-01  5.49990e-02 -2.53860e+01 -4.75007e-02 -3.11031e+00  1.80766e+00 -5.77032e+01
-0.15900 -2.36339e+01 -3.47586e+00 -6.09616e-01  7.46966e-02 -2.51579e+01 -3.25728e-02 -3.05581e+00  1.80466e+00 -5.69889e+01
-0.15800 -2.34345e+01 -3.43145e+00 -6.12334e-01  9.41261e-02 -2.49291e+01 -1.80273e-02 -3.00141e+00  1.80081e+00 -5.62771e+01
-0.15700 -2.32343e+01 -3.38694e+00 -6.15012e-01  1.13279e-01 -2.46997e+01 -3.85685e-03 -2.94712e+00  1.79614e+00 -5.55677e+01
-0.15600 -2.30333e+01 -3.34235e+00 -6.17647e-01  1.32146e-01 -2.44696e+01  9.94594e-03 -2.89297e+00  1.79066e+00 -5.48609e+01
-0.15500 -2.28315e+01 -3.29768e+00 -6.20235e-01  1.50719e-01 -2.42388e+01  2.33885e-02 -2.83897e+00  1.78440e+00 -5.41565e+01
-0.15400 -2.26289e+01 -3.25296e+00 -6.22775e-01  1.68991e-01 -2.40074e+01  3.64781e-02 -2.78515e+00  1.77739e+00 -5.34547e+01
-0.15300 -2.24255e+01 -3.20819e+00 -6.25265e-01  1.86955e-01 -2.37753e+01  4.92224e-02 -2.73152e+00  1.76964e+00 -5.27553e+01
-0.15200 -2.22214e+01 -3.16339e+00 -6.27702e-01  2.04603e-01 -2.35425e+01  6.16285e-02 -2.67810e+00  1.76118e+00 -5.20585e+01
-0.15100 -2.20164e+01 -3.11858e+00 -6.30086e-01  2.21928e-01 -2.33091e+01  7.37039e-02 -2.62491e+00  1.75202e+00 -5.13642e+01
-0.15000 -2.18106e+01 -3.07377e+00 -6.32413e-01  2.38924e-01 -2.30751e+01  8.54558e-02 -2.57196e+00  1.74220e+00 -5.06725e+01
-0.14900 -2.16041e+01 -3.02896e+00 -6.34684e-01  2.55585e-01 -2.28404e+01  9.68914e-02 -2.51928e+00  1.73174e+00 -4.99834e+01
-0.14800 -2.13968e+01 -2.98418e+00 -6.36896e-01  2.71906e-01 -2.26051e+01  1.08018e-01 -2.46688e+00  1.72065e+00 -4.92969e+01
-0.14700 -2.11888e+01 -2.93945e+00 -6.39048e-01  2.87881e-01 -2.23692e+01  1.18842e-01 -2.41477e+00  1.70896e+00 -4.86130e+01
-0.14600 -2.09800e+01 -2.89476e+00 -6.41140e-01  3.03504e-01 -2.21327e+01  1.29371e-01 -2.36298e+00  1.69670e+00 -4.79319e+01
-0.14500 -2.07706e+01 -2.85014e+00 -6.43170e-01  3.18772e-01 -2.18957e+01  1.39611e-01 -2.31152e+00  1.68388e+00 -4.72534e+01
-0.14400 -2.05604e+01 -2.80561e+00 -6.45137e-01  3.33680e-01 -2.16582e+01  1.49570e-01 -2.26040e+00  1.67052e+00 -4.65777e+01
-0.14300 -2.03496e+01 -2.76116e+00 -6.47041e-01  3.48224e-01 -2.14202e+01  1.59253e-01 -2.20963e+00  1.65666e+00 -4.59048e+01
-0.14200 -2.01382e+01 -2.71683e+00 -6.48881e-01  3.62399e-01 -2.11818e+01  1.68667e-01 -2.15924e+00  1.64231e+00 -4.52348e+01
-0.14100 -1.99262e+01 -2.67261e+00 -6.50656e-01  3.76204e-01 -2.09430e+01  1.77818e-01 -2.10924e+00  1.62749e+00 -4.45676e+01
-0.14000 -1.97137e+01 -2.62853e+00 -6.52366e-01  3.89634e-01 -2.07037e+01  1.86712e-01 -2.05963e+00  1.61222e+00 -4.39034e+01
-0.13900 -1.95006e+01 -2.58459e+00 -6.54009e-01  4.02687e-01 -2.04642e+01  1.95355e-01 -2.01044e+00  1.59653e+00 -4.32422e+01
-0.13800 -1.92870e+01 -2.54082e+00 -6.55586e-01  4.15361e-01 -2.02244e+01  2.03753e-01 -1.96167e+00  1.58044e+00 -4.25840e+01
-0.13700 -1.90730e+01 -2.49722e+00 -6.57097e-01  4.27652e-01 -1.99843e+01  2.11912e-01 -1.91334e+00  1.56397e+00 -4.19289e+01
-0.13600 -1.88586e+01 -2.45380e+00 -6.58539e-01  4.39560e-01 -1.97441e+01  2.19836e-01 -1.86546e+00  1.54713e+00 -4.12770e+01
-0.13500 -1.86439e+01 -2.41059e+00 -6.59915e-01  4.51083e-01 -1.95037e+01  2.27530e-01 -1.81804e+00  1.52996e+00 -4.06283e+01
-0.13400 -1.84288e+01 -2.36758e+00 -6.61222e-01  4.62220e-01 -1.92632e+01  2.35001e-01 -1.77109e+00  1.51246e+00 -3.99828e+01
-0.13300 -1.82135e+01 -2.32480e+00 -6.62461e-01  4.72969e-01 -1.90227e+01  2.42253e-01 -1.72462e+00  1.49467e+00 -3.93407e+01
-0.13200 -1.79979e+01 -2.28226e+00 -6.63632e-01  4.83330e-01 -1.87822e+01  2.49290e-01 -1.67864e+00  1.47659e+00 -3.87020e+01
-0.13100 -1.77822e+01 -2.23996e+00 -6.64734e-01  4.93303e-01 -1.85418e+01  2.56118e-01 -1.63316e+00  1.45824e+00 -3.80668e+01
-0.13000 -1.75664e+01 -2.19793e+00 -6.65767e-01  5.02887e-01 -1.83015e+01  2.62740e-01 -1.58820e+00  1.43966e+00 -3.74351e+01
-0.12900 -1.73505e+01 -2.15617e+00 -6.66730e-01  5.12083e-01 -1.80614e+01  2.69160e-01 -1.54375e+00  1.42085e+00 -3.68070e+01
-0.12800 -1.71346e+01 -2.11469e+00 -6.67624e-01  5.20890e-01 -1.78215e+01  2.75384e-01 -1.49982e+00  1.40183e+00 -3.61826e+01
-0.12700 -1.69188e+01 -2.07351e+00 -6.68449e-01  5.29310e-01 -1.75820e+01  2.81415e-01 -1.45643e+00  1.38263e+00 -3.55619e+01
-0.12600 -1.67031e+01 -2.03264e+00 -6.69204e-01  5.37344e-01 -1.73428e+01  2.87256e-01 -1.41359e+00  1.36325e+00 -3.49451e+01
-0.12500 -1.64875e+01 -1.99208e+00 -6.69890e-01  5.44993e-01 -1.71041e+01  2.92912e-01 -1.37129e+00  1.34372e+00 -3.43321e+01
-0.12400 -1.62722e+01 -1.95186e+00 -6.70505e-01  5.52259e-01 -1.68659e+01  2.98385e-01 -1.32955e+00  1.32405e+00 -3.37230e+01
-0.12300 -1.60571e+01 -1.91197e+00 -6.71050e-01  5.59142e-01 -1.66282e+01  3.03680e-01 -1.28836e+00  1.30426e+00 -3.31180e+01
-0.12200 -1.58424e+01 -1.87244e+00 -6.71525e-01  5.65645e-01 -1.63912e+01  3.08799e-01 -1.24775e+00  1.28436e+00 -3.25170e+01
-0.12100 -1.56280e+01 -1.83326e+00 -6.71930e-01  5.71771e-01 -1.61549e+01  3.13746e-01 -1.20771e+00  1.26438e+00 -3.19202e+01
-0.12000 -1.54141e+01 -1.79446e+00 -6.72264e-01  5.77522e-01 -1.59193e+01  3.18524e-01 -1.16824e+00  1.24432e+00 -3.13277e+01
-0.11900 -1.52007e+01 -1.75604e+00 -6.72528e-01  5.82900e-01 -1.56845e+01  3.23135e-01 -1.12935e+00  1.22420e+00 -3.07394e+01
-0.11800 -1.49879e+01 -1.71801e+00 -6.72721e-01  5.87909e-01 -1.54506e+01  3.27583e-01 -1.09105e+00  1.20404e+00 -3.01555e+01
-0.11700 -1.47757e+01 -1.68037e+00 -6.72844e-01  5.92551e-01 -1.52177e+01  3.31870e-01 -1.05334e+00  1.18384e+00 -2.95760e+01
-0.11600 -1.45642e+01 -1.64315e+00 -6.72896e-01  5.96830e-01 -1.49857e+01  3.35999e-01 -1.01622e+00  1.16363e+00 -2.90010e+01
-0.11500 -1.43534e+01 -1.60634e+00 -6.72878e-01  6.00750e-01 -1.47549e+01  3.39972e-01 -9.79700e-01  1.14341e+00 -2.84306e+01
-0.11400 -1.41435e+01 -1.56995e+00 -6.72788e-01  6.04314e-01 -1.45251e+01  3.43792e-01 -9.43774e-01  1.12320e+00 -2.78649e+01
-0.11300 -1.39343e+01 -1.53400e+00 -6.72628e-01  6.07526e-01 -1.42966e+01  3.47461e-01 -9.08448e-01  1.10302e+00 -2.73038e+01
-0.11200 -1.37261e+01 -1.49848e+00 -6.72397e-01  6.10391e-01 -1.40693e+01  3.50981e-01 -8.73724e-01  1.08286e+00 -2.67475e+01
-0.11100 -1.35189e+01 -1.46341e+00 -6.72096e-01  6.12914e-01 -1.38433e+01  3.54355e-01 -8.39602e-01  1.06275e+00 -2.61960e+01
-0.11000 -1.33127e+01 -1.42880e+00 -6.71723e-01  6.15097e-01 -1.36187e+01  3.57585e-01 -8.06085e-01  1.04270e+00 -2.56494e+01
-0.10900 -1.31076e+01 -1.39464e+00 -6.71280e-01  6.16948e-01 -1.33955e+01  3.60673e-01 -7.73172e-01  1.02272e+00 -2.51078e+01
-0.10800 -1.29036e+01 -1.36095e+00 -6.70766e-01  6.18469e-01 -1.31738e+01  3.63621e-01 -7.40865e-01  1.00281e+00 -2.45712e+01
-0.10700 -1.27007e+01 -1.32773e+00 -6.70181e-01  6.19668e-01 -1.29537e+01  3.66431e-01 -7.09163e-01  9.82992e-01 -2.40396e+01
-0.10600 -1.24992e+01 -1.29498e+00 -6.69525e-01  6.20548e-01 -1.27351e+01  3.69104e-01 -6.78066e-01  9.63271e-01 -2.35132e+01
-0.10500 -1.22989e+01 -1.26272e+00 -6.68799e-01  6.21115e-01 -1.25183e+01  3.71644e-01 -6.47574e-01  9.43658e-01 -2.29920e+01
-0.10400 -1.20999e+01 -1.23094e+00 -6.68003e-01  6.21376e-01 -1.23031e+01  3.74051e-01 -6.17686e-01  9.24161e-01 -2.24760e+01
-0.10300 -1.19024e+01 -1.19965e+00 -6.67136e-01  6.21335e-01 -1.20896e+01  3.76328e-01 -5.88400e-01  9.04789e-01 -2.19652e+01
-0.10200 -1.17062e+01 -1.16885e+00 -6.66198e-01  6.20999e-01 -1.18780e+01  3.78476e-01 -5.59715e-01  8.85550e-01 -2.14599e+01
-0.10100 -1.15116e+01 -1.13855e+00 -6.65191e-01  6.20374e-01 -1.16682e+01  3.80497e-01 -5.31630e-01  8.66452e-01 -2.09599e+01
-0.10000 -1.13185e+01 -1.10875e+00 -6.64113e-01  6.19465e-01 -1.14603e+01  3.82393e-01 -5.04142e-01  8.47503e-01 -2.04653e+01
-0.09900 -1.11269e+01 -1.07945e+00 -6.62966e-01  6.18280e-01 -1.12543e+01  3.84166e-01 -4.77249e-01  8.28710e-01 -1.99762e+01
-0.09800 -1.09370e+01 -1.05065e+00 -6.61749e-01  6.16824e-01 -1.10504e+01  3.85817e-01 -4.50949e-01  8.10079e-01 -1.94926e+01
-0.09700 -1.07487e+01 -1.02236e+00 -6.60462e-01  6.15104e-01 -1.08484e+01  3.87348e-01 -4.25238e-01  7.91618e-01 -1.90146e+01
-0.09600 -1.05621e+01 -9.94580e-01 -6.59106e-01  6.13128e-01 -1.06485e+01  3.88761e-01 -4.00114e-01  7.73332e-01 -1.85422e+01
-0.09500 -1.03772e+01 -9.67304e-01 -6.57681e-01  6.10900e-01 -1.04507e+01  3.90058e-01 -3.75574e-01  7.55226e-01 -1.80754e+01
-0.09400 -1.01941e+01 -9.40536e-01 -6.56188e-01  6.08429e-01 -1.02550e+01  3.91239e-01 -3.51613e-01  7.37308e-01 -1.76142e+01
-0.09300 -1.00128e+01 -9.14276e-01 -6.54626e-01  6.05721e-01 -1.00615e+01  3.92308e-01 -3.28229e-01  7.19581e-01 -1.71588e+01
-0.09200 -9.83328e+00 -8.88525e-01 -6.52995e-01  6.02783e-01 -9.87023e+00  3.93265e-01 -3.05416e-01  7.02050e-01 -1.67091e+01
-0.09100 -9.65566e+00 -8.63281e-01 -6.51297e-01  5.99622e-01 -9.68115e+00  3.94112e-01 -2.83172e-01  6.84720e-01 -1.62651e+01
-0.09000 -9.47993e+00 -8.38543e-01 -6.49532e-01  5.96245e-01 -9.49432e+00  3.94851e-01 -2.61491e-01  6.67595e-01 -1.58269e+01
-0.08900 -9.30612e+00 -8.14311e-01 -6.47700e-01  5.92659e-01 -9.30976e+00  3.95483e-01 -2.40368e-01  6.50679e-01 -1.53946e+01
-0.08800 -9.13426e+00 -7.90583e-01 -6.45801e-01  5.88872e-01 -9.12751e+00  3.96011e-01 -2.19800e-01  6.33976e-01 -1.49680e+01
-0.08700 -8.96438e+00 -7.67356e-01 -6.43836e-01  5.84890e-01 -8.94758e+00  3.96435e-01 -1.99781e-01  6.17488e-01 -1.45472e+01
-0.08600 -8.79649e+00 -7.44629e-01 -6.41805e-01  5.80720e-01 -8.77000e+00  3.96759e-01 -1.80306e-01  6.01219e-01 -1.41324e+01
-0.08500 -8.63061e+00 -7.22398e-01 -6.39709e-01  5.76371e-01 -8.59478e+00  3.96982e-01 -1.61370e-01  5.85172e-01 -1.37234e+01
-0.08400 -8.46677e+00 -7.00662e-01 -6.37548e-01  5.71849e-01 -8.42194e+00  3.97108e-01 -1.42967e-01  5.69348e-01 -1.33202e+01
-0.08300 -8.30499e+00 -6.79415e-01 -6.35323e-01  5.67161e-01 -8.25149e+00  3.97137e-01 -1.25091e-01  5.53750e-01 -1.29230e+01
-0.08200 -8.14528e+00 -6.58655e-01 -6.33035e-01  5.62315e-01 -8.08345e+00  3.97072e-01 -1.07737e-01  5.38380e-01 -1.25316e+01
-0.08100 -7.98766e+00 -6.38379e-01 -6.30684e-01  5.57317e-01 -7.91783e+00  3.96914e-01 -9.08982e-02  5.23240e-01 -1.21461e+01
-0.08000 -7.83214e+00 -6.18581e-01 -6.28270e-01  5.52175e-01 -7.75463e+00  3.96665e-01 -7.45693e-02  5.08331e-01 -1.17666e+01
-0.07900 -7.67873e+00 -5.99258e-01 -6.25795e-01  5.46897e-01 -7.59386e+00  3.96326e-01 -5.87439e-02  4.93654e-01 -1.13929e+01
-0.07800 -7.52744e+00 -5.80404e-01 -6.23259e-01  5.41488e-01 -7.43553e+00  3.95900e-01 -4.34155e-02  4.79210e-01 -1.10252e+01
-0.07700 -7.37829e+00 -5.62016e-01 -6.20662e-01  5.35957e-01 -7.27964e+00  3.95388e-01 -2.85777e-02  4.65000e-01 -1.06633e+01
-0.07600 -7.23127e+00 -5.44087e-01 -6.18006e-01  5.30309e-01 -7.12619e+00  3.94792e-01 -1.42239e-02  4.51024e-01 -1.03073e+01
-0.07500 -7.08640e+00 -5.26612e-01 -6.15291e-01  5.24553e-01 -6.97519e+00  3.94114e-01 -3.47393e-04  4.37283e-01 -9.95720e+00
-0.07400 -6.94368e+00 -5.09586e-01 -6.12518e-01  5.18695e-01 -6.82664e+00  3.93355e-01  1.30585e-02  4.23776e-01 -9.61297e+00
-0.07300 -6.80311e+00 -4.93003e-01 -6.09688e-01  5.12742e-01 -6.68052e+00  3.92517e-01  2.60008e-02  4.10504e-01 -9.27458e+00
-0.07200 -6.66469e+00 -4.76857e-01 -6.06802e-01  5.06701e-01 -6.53684e+00  3.91603e-01  3.84863e-02  3.97467e-01 -8.94204e+00
-0.07100 -6.52843e+00 -4.61141e-01 -6.03860e-01  5.00577e-01 -6.39558e+00  3.90613e-01  5.05221e-02  3.84663e-01 -8.61532e+00
-0.07000 -6.39432e+00 -4.45850e-01 -6.00864e-01  4.94379e-01 -6.25675e+00  3.89550e-01  6.21154e-02  3.72093e-01 -8.29440e+00
-0.06900 -6.26236e+00 -4.30977e-01 -5.97814e-01  4.88112e-01 -6.12034e+00  3.88415e-01  7.32732e-02  3.59755e-01 -7.97927e+00
-0.06800 -6.13254e+00 -4.16515e-01 -5.94711e-01  4.81782e-01 -5.98632e+00  3.87210e-01  8.40029e-02  3.47648e-01 -7.66990e+00
-0.06700 -6.00487e+00 -4.02458e-01 -5.91557e-01  4.75397e-01 -5.85470e+00  3.85937e-01  9.43118e-02  3.35772e-01 -7.36626e+00
-0.06600 -5.87933e+00 -3.88799e-01 -5.88352e-01  4.68961e-01 -5.72546e+00  3.84598e-01  1.04207e-01  3.24125e-01 -7.06833e+00
-0.06500 -5.75591e+00 -3.75530e-01 -5.85097e-01  4.62482e-01 -5.59858e+00  3.83194e-01  1.13696e-01  3.12706e-01 -6.77608e+00
-0.06400 -5.63461e+00 -3.62645e-01 -5.81793e-01  4.55964e-01 -5.47405e+00  3.81728e-01  1.22787e-01  3.01513e-01 -6.48949e+00
-0.06300 -5.51542e+00 -3.50137e-01 -5.78442e-01  4.49415e-01 -5.35185e+00  3.80201e-01  1.31486e-01  2.90545e-01 -6.20851e+00
-0.06200 -5.39833e+00 -3.37997e-01 -5.75043e-01  4.42839e-01 -5.23197e+00  3.78614e-01  1.39802e-01  2.79799e-01 -5.93312e+00
-0.06100 -5.28331e+00 -3.26220e-01 -5.71600e-01  4.36242e-01 -5.11439e+00  3.76971e-01  1.47741e-01  2.69275e-01 -5.66327e+00
-0.06000 -5.17038e+00 -3.14798e-01 -5.68112e-01  4.29629e-01 -4.99909e+00  3.75271e-01  1.55312e-01  2.58970e-01 -5.39895e+00
-0.05900 -5.05949e+00 -3.03722e-01 -5.64580e-01  4.23006e-01 -4.88604e+00  3.73518e-01  1.62522e-01  2.48882e-01 -5.14009e+00
-0.05800 -4.95065e+00 -2.92987e-01 -5.61007e-01  4.16379e-01 -4.77522e+00  3.71712e-01  1.69378e-01  2.39008e-01 -4.88668e+00
-0.05700 -4.84384e+00 -2.82583e-01 -5.57392e-01  4.09751e-01 -4.66663e+00  3.69856e-01  1.75888e-01  2.29348e-01 -4.63865e+00
-0.05600 -4.73903e+00 -2.72505e-01 -5.53738e-01  4.03127e-01 -4.56022e+00  3.67951e-01  1.82059e-01  2.19898e-01 -4.39598e+00
-0.05500 -4.63622e+00 -2.62745e-01 -5.50045e-01  3.96513e-01 -4.45597e+00  3.65999e-01  1.87900e-01  2.10656e-01 -4.15862e+00
-0.05400 -4.53538e+00 -2.53294e-01 -5.46314e-01  3.89913e-01 -4.35387e+00  3.64002e-01  1.93417e-01  2.01620e-01 -3.92652e+00
-0.05300 -4.43649e+00 -2.44146e-01 -5.42547e-01  3.83332e-01 -4.25389e+00  3.61961e-01  1.98619e-01  1.92786e-01 -3.69964e+00
-0.05200 -4.33954e+00 -2.35294e-01 -5.38745e-01  3.76772e-01 -4.15600e+00  3.59878e-01  2.03512e-01  1.84154e-01 -3.47793e+00
-0.05100 -4.24451e+00 -2.26729e-01 -5.34909e-01  3.70240e-01 -4.06017e+00  3.57755e-01  2.08104e-01  1.75719e-01 -3.26133e+00
-0.05000 -4.15136e+00 -2.18445e-01 -5.31041e-01  3.63738e-01 -3.96638e+00  3.55593e-01  2.12403e-01  1.67480e-01 -3.04981e+00
-0.04900 -4.06009e+00 -2.10434e-01 -5.27141e-01  3.57271e-01 -3.87460e+00  3.53393e-01  2.16415e-01  1.59434e-01 -2.84331e+00
-0.04800 -3.97067e+00 -2.02690e-01 -5.23211e-01  3.50841e-01 -3.78480e+00  3.51159e-01  2.20149e-01  1.51577e-01 -2.64177e+00
-0.04700 -3.88308e+00 -1.95204e-01 -5.19252e-01  3.44453e-01 -3.69695e+00  3.48890e-01  2.23612e-01  1.43908e-01 -2.44515e+00
-0.04600 -3.79729e+00 -1.87971e-01 -5.15265e-01  3.38110e-01 -3.61103e+00  3.46588e-01  2.26810e-01  1.36423e-01 -2.25338e+00
-0.04500 -3.71329e+00 -1.80982e-01 -5.11253e-01  3.31815e-01 -3.52701e+00  3.44256e-01  2.29752e-01  1.29120e-01 -2.06642e+00
-0.04400 -3.63104e+00 -1.74232e-01 -5.07215e-01  3.25570e-01 -3.44485e+00  3.41894e-01  2.32443e-01  1.21996e-01 -1.88421e+00
-0.04300 -3.55052e+00 -1.67713e-01 -5.03153e-01  3.19380e-01 -3.36454e+00  3.39505e-01  2.34892e-01  1.15048e-01 -1.70670e+00
-0.04200 -3.47171e+00 -1.61418e-01 -4.99068e-01  3.13246e-01 -3.28603e+00  3.37088e-01  2.37106e-01  1.08274e-01 -1.53382e+00
-0.04100 -3.39459e+00 -1.55341e-01 -4.94963e-01  3.07171e-01 -3.20929e+00  3.34647e-01  2.39091e-01  1.01669e-01 -1.36551e+00
-0.04000 -3.31912e+00 -1.49475e-01 -4.90837e-01  3.01158e-01 -3.13431e+00  3.32182e-01  2.40854e-01  9.52329e-02 -1.20173e+00
-0.03900 -3.24529e+00 -1.43815e-01 -4.86693e-01  2.95208e-01 -3.06104e+00  3.29695e-01  2.42403e-01  8.89611e-02 -1.04241e+00
-0.03800 -3.17306e+00 -1.38353e-01 -4.82531e-01  2.89324e-01 -2.98946e+00  3.27187e-01  2.43743e-01  8.28514e-02 -8.87485e-01
-0.03700 -3.10242e+00 -1.33083e-01 -4.78353e-01  2.83509e-01 -2.91954e+00  3.24659e-01  2.44882e-01  7.69008e-02 -7.36903e-01
-0.03600 -3.03334e+00 -1.28000e-01 -4.74159e-01  2.77762e-01 -2.85125e+00  3.22114e-01  2.45826e-01  7.11065e-02 -5.90601e-01
-0.03500 -2.96579e+00 -1.23097e-01 -4.69953e-01  2.72088e-01 -2.78455e+00  3.19551e-01  2.46582e-01  6.54659e-02 -4.48518e-01
-0.03400 -2.89974e+00 -1.18369e-01 -4.65733e-01  2.66486e-01 -2.71942e+00  3.16972e-01  2.47157e-01  5.99760e-02 -3.10592e-01
-0.03300 -2.83517e+00 -1.13809e-01 -4.61502e-01  2.60959e-01 -2.65583e+00  3.14379e-01  2.47555e-01  5.46341e-02 -1.76763e-01
-0.03200 -2.77206e+00 -1.09413e-01 -4.57262e-01  2.55507e-01 -2.59375e+00  3.11773e-01  2.47785e-01  4.94375e-02 -4.69663e-02
-0.03100 -2.71037e+00 -1.05174e-01 -4.53012e-01  2.50133e-01 -2.53315e+00  3.09154e-01  2.47852e-01  4.43834e-02  7.88584e-02
-0.03000 -2.65009e+00 -1.01088e-01 -4.48755e-01  2.44836e-01 -2.47399e+00  3.06525e-01  2.47761e-01  3.94692e-02  2.00774e-01
-0.02900 -2.59118e+00 -9.71496e-02 -4.44491e-01  2.39618e-01 -2.41625e+00  3.03886e-01  2.47520e-01  3.46922e-02  3.18844e-01
-0.02800 -2.53362e+00 -9.33530e-02 -4.40222e-01  2.34480e-01 -2.35991e+00  3.01238e-01  2.47134e-01  3.00497e-02  4.33129e-01
-0.02700 -2.47739e+00 -8.96935e-02 -4.35949e-01  2.29423e-01 -2.30492e+00  2.98583e-01  2.46608e-01  2.55390e-02  5.43694e-01
-0.02600 -2.42245e+00 -8.61665e-02 -4.31674e-01  2.24446e-01 -2.25127e+00  2.95921e-01  2.45949e-01  2.11577e-02  6.50601e-01
-0.02500 -2.36879e+00 -8.27672e-02 -4.27396e-01  2.19551e-01 -2.19892e+00  2.93253e-01  2.45162e-01  1.69031e-02  7.53914e-01
-0.02400 -2.31638e+00 -7.94910e-02 -4.23117e-01  2.14738e-01 -2.14784e+00  2.90581e-01  2.44253e-01  1.27727e-02  8.53694e-01
-0.02300 -2.26519e+00 -7.63335e-02 -4.18840e-01  2.10007e-01 -2.09802e+00  2.87905e-01  2.43226e-01  8.76400e-03  9.50005e-01
-0.02200 -2.21520e+00 -7.32905e-02 -4.14563e-01  2.05358e-01 -2.04941e+00  2.85227e-01  2.42088e-01  4.87453e-03  1.04291e+00
-0.02100 -2.16638e+00 -7.03577e-02 -4.10290e-01  2.00792e-01 -2.00200e+00  2.82547e-01  2.40842e-01  1.10185e-03  1.13247e+00
-0.02000 -2.11872e+00 -6.75311e-02 -4.06020e-01  1.96309e-01 -1.95576e+00  2.79866e-01  2.39496e-01 -2.55645e-03  1.21875e+00
-0.01900 -2.07218e+00 -6.48068e-02 -4.01754e-01  1.91907e-01 -1.91065e+00  2.77185e-01  2.38052e-01 -6.10272e-03  1.30181e+00
-0.01800 -2.02674e+00 -6.21810e-02 -3.97495e-01  1.87588e-01 -1.86666e+00  2.74505e-01  2.36517e-01 -9.53931e-03  1.38171e+00
-0.01700 -1.98237e+00 -5.96501e-02 -3.93242e-01  1.83351e-01 -1.82376e+00  2.71827e-01  2.34895e-01 -1.28685e-02  1.45852e+00
-0.01600 -1.93907e+00 -5.72103e-02 -3.88998e-01  1.79196e-01 -1.78192e+00  2.69151e-01  2.33190e-01 -1.60926e-02  1.53230e+00
-0.01500 -1.89679e+00 -5.48584e-02 -3.84762e-01  1.75122e-01 -1.74112e+00  2.66478e-01  2.31407e-01 -1.92137e-02  1.60310e+00
-0.01400 -1.85552e+00 -5.25910e-02 -3.80535e-01  1.71129e-01 -1.70133e+00  2.63810e-01  2.29551e-01 -2.22342e-02  1.67099e+00
-0.01300 -1.81524e+00 -5.04049e-02 -3.76320e-01  1.67216e-01 -1.66253e+00  2.61146e-01  2.27626e-01 -2.51561e-02  1.73603e+00
-0.01200 -1.77592e+00 -4.82970e-02 -3.72116e-01  1.63383e-01 -1.62469e+00  2.58487e-01  2.25635e-01 -2.79816e-02  1.79828e+00
-0.01100 -1.73754e+00 -4.62644e-02 -3.67924e-01  1.59630e-01 -1.58780e+00  2.55835e-01  2.23584e-01 -3.07127e-02  1.85780e+00
-0.01000 -1.70008e+00 -4.43040e-02 -3.63746e-01  1.55954e-01 -1.55183e+00  2.53189e-01  2.21476e-01 -3.33515e-02  1.91465e+00
-0.00900 -1.66352e+00 -4.24133e-02 -3.59582e-01  1.52357e-01 -1.51675e+00  2.50550e-01  2.19314e-01 -3.59000e-02  1.96888e+00
-0.00800 -1.62784e+00 -4.05894e-02 -3.55433e-01  1.48836e-01 -1.48255e+00  2.47920e-01  2.17104e-01 -3.83601e-02  2.02056e+00
-0.00700 -1.59302e+00 -3.88299e-02 -3.51300e-01  1.45391e-01 -1.44919e+00  2.45298e-01  2.14847e-01 -4.07339e-02  2.06975e+00
-0.00600 -1.55903e+00 -3.71322e-02 -3.47183e-01  1.42022e-01 -1.41668e+00  2.42685e-01  2.12548e-01 -4.30232e-02  2.11649e+00
-0.00500 -1.52586e+00 -3.54941e-02 -3.43084e-01  1.38727e-01 -1.38497e+00  2.40082e-01  2.10211e-01 -4.52299e-02  2.16086e+00
-0.00400 -1.49349e+00 -3.39131e-02 -3.39003e-01  1.35505e-01 -1.35405e+00  2.37489e-01  2.07838e-01 -4.73559e-02  2.20290e+00
-0.00300 -1.46189e+00 -3.23872e-02 -3.34942e-01  1.32356e-01 -1.32390e+00  2.34906e-01  2.05433e-01 -4.94028e-02  2.24267e+00
-0.00200 -1.43106e+00 -3.09142e-02 -3.30899e-01  1.29278e-01 -1.29450e+00  2.32335e-01  2.02999e-01 -5.13726e-02  2.28023e+00
-0.00100 -1.40096e+00 -2.94921e-02 -3.26877e-01  1.26270e-01 -1.26583e+00  2.29775e-01  2.00539e-01 -5.32669e-02  2.31562e+00
 0.00000 -1.37159e+00 -2.81190e-02 -3.22876e-01  1.23332e-01 -1.23787e+00  2.27227e-01  1.98056e-01 -5.50875e-02  2.34891e+00
