-1.00000 2.570794727669702e+01
-0.99836 2.605051705228018e+01
-0.99672 2.639420635216715e+01
-0.99508 2.673907403383008e+01
-0.99345 2.708517723364970e+01
-0.99181 2.743257126256282e+01
-0.99017 2.778130952754158e+01
-0.98853 2.813144347599385e+01
-0.98689 2.848302256032260e+01
-0.98525 2.883609422017119e+01
-0.98362 2.919070388001018e+01
-0.98198 2.954689495997724e+01
-0.98034 2.990470889804873e+01
-0.97870 3.026418518181944e+01
-0.97706 3.062536138835095e+01
-0.97542 3.098827323069769e+01
-0.97378 3.135295460990040e+01
-0.97215 3.171943767135064e+01
-0.97051 3.208775286458791e+01
-0.96887 3.245792900569930e+01
-0.96723 3.282999334158132e+01
-0.96559 3.320397161545737e+01
-0.96395 3.357988813309492e+01
-0.96231 3.395776582925057e+01
-0.96068 3.433762633395463e+01
-0.95904 3.471949003826718e+01
-0.95740 3.510337615921792e+01
-0.95576 3.548930280366267e+01
-0.95412 3.587728703083167e+01
-0.95248 3.626734491335731e+01
-0.95085 3.665949159661628e+01
-0.94921 3.705374135620052e+01
-0.94757 3.745010765337840e+01
-0.94593 3.784860318839475e+01
-0.94429 3.824923995147336e+01
-0.94265 3.865202927137443e+01
-0.94101 3.905698186139273e+01
-0.93938 3.946410786264197e+01
-0.93774 3.987341688450369e+01
-0.93610 4.028491804210663e+01
-0.93446 4.069861999069711e+01
-0.93282 4.111453095677417e+01
-0.93118 4.153265876586480e+01
-0.92955 4.195301086680088e+01
-0.92791 4.237559435239549e+01
-0.92627 4.280041597639341e+01
-0.92463 4.322748216661567e+01
-0.92299 4.365679903418469e+01
-0.92135 4.408837237878907e+01
-0.91971 4.452220768991177e+01
-0.91808 4.495831014400953e+01
-0.91644 4.539668459762425e+01
-0.91480 4.583733557645147e+01
-0.91316 4.628026726042233e+01
-0.91152 4.672548346486641e+01
-0.90988 4.717298761788573e+01
-0.90824 4.762278273407711e+01
-0.90661 4.807487138480115e+01
-0.90497 4.852925566521769e+01
-0.90333 4.898593715834775e+01
-0.90169 4.944491689648135e+01
-0.90005 4.990619532024678e+01
-0.89841 5.036977223574244e+01
-0.89678 5.083564677013652e+01
-0.89514 5.130381732617795e+01
-0.89350 5.177428153610620e+01
-0.89186 5.224703621546107e+01
-0.89022 5.272207731733409e+01
-0.88858 5.319939988759153e+01
-0.88694 5.367899802166376e+01
-0.88531 5.416086482345121e+01
-0.88367 5.464499236694314e+01
-0.88203 5.513137855140121e+01
-0.88039 5.595562117048905e+01
-0.87875 5.697332046581015e+01
-0.87711 5.746646636683916e+01
-0.87548 5.811851553214053e+01
-0.87384 5.895252073989425e+01
-0.87220 5.945219878196323e+01
-0.87056 5.995399377968355e+01
-0.86892 6.045792756353902e+01
-0.86728 6.096398078362530e+01
-0.86564 6.147213309152562e+01
-0.86401 6.199648955674280e+01
-0.86237 6.278025539253279e+01
-0.86073 6.331211458114421e+01
-0.85909 6.382344572310225e+01
-0.85745 6.430574903686546e+01
-0.85581 6.482545058759538e+01
-0.85417 6.534763658792434e+01
-0.85254 6.587172277260102e+01
-0.85090 6.639768089807922e+01
-0.84926 6.692548224442889e+01
-0.84762 6.745509771324595e+01
-0.84598 6.798649792996463e+01
-0.84434 6.851965334939032e+01
-0.84271 6.905453436363223e+01
-0.84107 6.959111141153154e+01
-0.83943 7.012935508863134e+01
-0.83779 7.066923625655491e+01
-0.83615 7.121072615048777e+01
-0.83451 7.175379648303266e+01
-0.83287 7.229841954208216e+01
-0.83124 7.284456827911588e+01
-0.82960 7.339221638230562e+01
-0.82796 7.394133832528783e+01
-0.82632 7.449190937662775e+01
-0.82468 7.504390554548776e+01
-0.82304 7.559730342386163e+01
-0.82141 7.615207986212930e+01
-0.81977 7.670821137887725e+01
-0.81813 7.726567315262434e+01
-0.81649 7.782443736602822e+01
-0.81485 7.838447056406585e+01
-0.81321 7.894572953735603e+01
-0.81157 7.950815503944951e+01
-0.80994 8.007166238113604e+01
-0.80830 8.063612760322263e+01
-0.80666 8.120136749869864e+01
-0.80502 8.176711122050962e+01
-0.80338 8.233296055313588e+01
-0.80174 8.289833511906424e+01
-0.80010 8.346239780113207e+01
-0.79847 8.402395445123834e+01
-0.79683 8.458132050297223e+01
-0.79519 8.513214544975166e+01
-0.79355 8.567318448090674e+01
-0.79191 8.620000536742363e+01
-0.79027 8.670661891564956e+01
-0.78864 8.718502457796508e+01
-0.78700 8.762467146374216e+01
-0.78536 8.801185186466142e+01
-0.78372 8.832907208535059e+01
-0.78208 8.855448480793291e+01
-0.78044 8.866151577055143e+01
-0.77880 8.861886691165166e+01
-0.77717 8.839111325490255e+01
-0.77553 8.794011096463458e+01
-0.77389 8.722737733900627e+01
-0.77225 8.621747509579619e+01
-0.77061 8.488223502288444e+01
-0.76897 8.320540966045961e+01
-0.76734 8.118711921481203e+01
-0.76570 7.884729977841147e+01
-0.76406 7.622736124517989e+01
-0.76242 7.338944839783584e+01
-0.76078 7.041306418453790e+01
-0.75914 6.738929233326839e+01
-0.75750 6.441333541579895e+01
-0.75587 6.157643922658747e+01
-0.75423 5.895840681690769e+01
-0.75259 5.662177816121270e+01
-0.75095 5.460840035859214e+01
-0.74931 5.293863562125782e+01
-0.74767 5.161297497109669e+01
-0.74603 5.061545693585673e+01
-0.74440 4.991810056194729e+01
-0.74276 4.948556119982477e+01
-0.74112 4.927936625007480e+01
-0.73948 4.926131859401842e+01
-0.73784 4.939589719849501e+01
-0.73620 4.965168385390812e+01
-0.73457 5.000197489076816e+01
-0.73293 5.042479471110449e+01
-0.73129 5.090252875823291e+01
-0.72965 5.142135892711171e+01
-0.72801 5.197063518200260e+01
-0.72637 5.254226849701318e+01
-0.72473 5.313019058911348e+01
-0.72310 5.372989801221237e+01
-0.72146 5.433808112180561e+01
-0.71982 5.495232963067942e+01
-0.71818 5.557090312119992e+01
-0.71654 5.619255460719913e+01
-0.71490 5.681639641806234e+01
-0.71327 5.744179933971147e+01
-0.71163 5.806831760277962e+01
-0.70999 5.869563376361076e+01
-0.70835 5.932351873725499e+01
-0.70671 5.995180323472910e+01
-0.70507 6.058035766673387e+01
-0.70343 6.120907823653898e+01
-0.70180 6.183787748181261e+01
-0.70016 6.246667795783340e+01
-0.69852 6.309540809805700e+01
-0.69688 6.372399955547910e+01
-0.69524 6.435238553203536e+01
-0.69360 6.498049975478841e+01
-0.69196 6.560827586768889e+01
-0.69033 6.623564708554918e+01
-0.68869 6.686254601067498e+01
-0.68705 6.748890454889496e+01
-0.68541 6.811465388561156e+01
-0.68377 6.873972449787522e+01
-0.68213 6.936404618815955e+01
-0.68050 6.998754813145011e+01
-0.67886 7.061015893084040e+01
-0.67722 7.123180667895737e+01
-0.67558 7.185241902370034e+01
-0.67394 7.247192323751541e+01
-0.67230 7.309024628976064e+01
-0.67066 7.370731492193485e+01
-0.66903 7.432305572563159e+01
-0.66739 7.493739522315180e+01
-0.66575 7.555025995068647e+01
-0.66411 7.616157654403740e+01
-0.66247 7.677127182679183e+01
-0.66083 7.737927290090087e+01
-0.65920 7.798550723957315e+01
-0.65756 7.858990278240638e+01
-0.65592 7.919238803265748e+01
-0.65428 7.979289215654855e+01
-0.65264 8.039134508450223e+01
-0.65100 8.098767761416863e+01
-0.64936 8.158182151513300e+01
-0.64773 8.217370963514840e+01
-0.64609 8.276327600775736e+01
-0.64445 8.335045596113638e+01
-0.64281 8.393518622801315e+01
-0.64117 8.451740505647510e+01
-0.63953 8.509705232149982e+01
-0.63789 8.567406963702130e+01
-0.63626 8.624840046834240e+01
-0.63462 8.681999024470130e+01
-0.63298 8.738878647178970e+01
-0.63134 8.795473884402064e+01
-0.62970 8.371772061760244e+01
-0.62806 8.427784367659402e+01
-0.62643 8.483498621076546e+01
-0.62479 7.416162550795205e+01
-0.62315 7.471268840469229e+01
-0.62151 7.526065778323006e+01
-0.61987 7.580550173136274e+01
-0.61823 7.634719139416185e+01
-0.61659 7.688570106897546e+01
-0.61496 7.742100830321792e+01
-0.61332 7.795309398947293e+01
-0.61168 7.848194245769962e+01
-0.61004 7.900754156430882e+01
-0.60840 7.952988277789268e+01
-0.60676 8.004896126139302e+01
-0.60513 8.056477570466916e+01
-0.60349 8.107651725639805e+01
-0.60185 8.134423310391526e+01
-0.60021 7.432457954480978e+01
-0.59857 4.100197154346199e+01
-0.59693 1.085296342518370e+01
-0.59529 5.947591368124934e+00
-0.59366 6.311320832370600e+00
-0.59202 6.801147108860600e+00
-0.59038 7.288195522300484e+00
-0.58874 7.772191209614175e+00
-0.58710 8.253178616491338e+00
-0.58546 2.907133910743148e+01
-0.58382 2.954645980131891e+01
-0.58219 3.001873115333794e+01
-0.58055 3.048821493716173e+01
-0.57891 3.095497728527442e+01
-0.57727 4.516342965425994e+01
-0.57563 9.401653694219583e+01
-0.57399 9.447557514994523e+01
-0.57236 9.493219970124790e+01
-0.57072 9.538649820762325e+01
-0.56908 9.583856246583048e+01
-0.56744 9.628848840546856e+01
-0.56580 9.673637602990037e+01
-0.56416 9.718232935048469e+01
-0.56252 9.762645631415850e+01
-0.56089 9.806886872438835e+01
-0.55925 9.850968215553296e+01
-0.55761 9.894901586068019e+01
-0.55597 9.938699267301764e+01
-0.55433 9.982373890081625e+01
-0.55269 1.002593842161192e+02
-0.55106 1.006940615372388e+02
-0.54942 1.011279069051640e+02
-0.54778 1.015610593540141e+02
-0.54614 1.019936607756660e+02
-0.54450 1.024258557787032e+02
-0.54286 1.028577915418415e+02
-0.54122 1.032896176620001e+02
-0.53959 1.037214859971981e+02
-0.53795 1.041535505044602e+02
-0.53631 1.045859670729323e+02
-0.53467 1.050188933524278e+02
-0.53303 1.054524885776062e+02
-0.53139 1.058869133880387e+02
-0.52975 1.063223296443895e+02
-0.52812 1.067589002409797e+02
-0.52648 1.071967889149931e+02
-0.52484 1.076361600526204e+02
-0.52320 1.080771784924265e+02
-0.52156 1.085200093262570e+02
-0.51992 1.089648176980201e+02
-0.51829 1.094117686006761e+02
-0.51665 1.098610266718100e+02
-0.51501 1.103127559881541e+02
-0.51337 1.107671198594455e+02
-0.51173 1.112242806219765e+02
-0.51009 1.116843994321087e+02
-0.50845 1.121476360598053e+02
-0.50682 1.126141486817284e+02
-0.50518 1.130840936723558e+02
-0.50354 1.135576253893331e+02
-0.50190 1.140348959449738e+02
-0.50026 1.145160549476814e+02
-0.49862 1.150012491826542e+02
-0.49699 1.154906221764155e+02
-0.49535 1.159843135492664e+02
-0.49371 1.164824579969279e+02
-0.49207 1.169851836503721e+02
-0.49043 1.174926094362361e+02
-0.48879 1.180048408999047e+02
-0.48715 1.185219637721318e+02
-0.48552 1.190440343892822e+02
-0.48388 1.195710659743043e+02
-0.48224 1.201030098363729e+02
-0.48060 1.206397308618831e+02
-0.47896 1.211809773641250e+02
-0.47732 1.217263465216948e+02
-0.47568 1.222752482779395e+02
-0.47405 1.228268725752942e+02
-0.47241 1.233801668632241e+02
-0.47077 1.239338324645711e+02
-0.46913 1.244863489920445e+02
-0.46749 1.250360349354080e+02
-0.46585 1.255811493163797e+02
-0.46422 1.261200338361490e+02
-0.46258 1.266512876766083e+02
-0.46094 1.271739591161697e+02
-0.45930 1.276877307679350e+02
-0.45766 1.281930691283339e+02
-0.45602 1.286913008378499e+02
-0.45438 1.291845555809995e+02
-0.45275 1.296754666258284e+02
-0.45111 1.301664906422861e+02
-0.44947 1.306588944367666e+02
-0.44783 1.311520718805464e+02
-0.44619 1.316444982240335e+02
-0.44455 1.321369465038271e+02
-0.44292 1.326359877597846e+02
-0.44128 1.331539075189566e+02
-0.43964 1.337036372193969e+02
-0.43800 1.342924744806062e+02
-0.43636 1.349198049869541e+02
-0.43472 1.355797780674236e+02
-0.43308 1.362655251809192e+02
-0.43145 1.369716734479934e+02
-0.42981 1.376947042922269e+02
-0.42817 1.384323573712844e+02
-0.42653 1.391830603905133e+02
-0.42489 1.399456389038631e+02
-0.42325 1.407192066153853e+02
-0.42162 1.415031186133854e+02
-0.41998 1.422969352389691e+02
-0.41834 1.431003848960785e+02
-0.41670 1.439133271579002e+02
-0.41506 2.127746458472537e+02
-0.41342 2.136065138938486e+02
-0.41178 2.144479306897039e+02
-0.41015 2.152989981100334e+02
-0.40851 2.161598345776905e+02
-0.40687 2.170305662074851e+02
-0.40523 2.179113208701797e+02
-0.40359 2.188022245181787e+02
-0.40195 2.197033993324915e+02
-0.40031 2.206149634640284e+02
-0.39868 2.215370323307120e+02
-0.39704 2.224697215885867e+02
-0.39540 2.234131520210521e+02
-0.39376 2.243674566891835e+02
-0.39212 2.253327907607299e+02
-0.39048 2.263093444864364e+02
-0.38885 2.272973598177455e+02
-0.38721 2.282971511547257e+02
-0.38557 2.293091306701351e+02
-0.38393 2.303338385663041e+02
-0.38229 2.313719784768577e+02
-0.38065 2.324244580166989e+02
-0.37901 2.334924342045552e+02
-0.37738 2.345773631295986e+02
-0.37574 2.356810528088537e+02
-0.37410 2.368057176936336e+02
-0.37246 2.379540327469958e+02
-0.37082 2.391291844551216e+02
-0.36918 2.403349155874218e+02
-0.36755 1.908678489089802e+02
-0.36591 1.921483524755352e+02
-0.36427 1.934742754561788e+02
-0.36263 1.948517724970702e+02
-0.36099 1.962875457988393e+02
-0.35935 1.977887680872214e+02
-0.35771 1.993629727291754e+02
-0.35608 2.010179095957349e+02
-0.35444 2.027613668279120e+02
-0.35280 2.046009604915168e+02
-0.35116 2.065438961318068e+02
-0.34952 2.085967083515989e+02
-0.34788 2.107649866041820e+02
-0.34624 2.130530972656279e+02
-0.34461 2.154639135733823e+02
-0.34297 2.179985660387471e+02
-0.34133 2.206562263286505e+02
-0.33969 2.234339372685118e+02
-0.33805 2.263265004894140e+02
-0.33641 2.293264313301225e+02
-0.33478 2.324239879675750e+02
-0.33314 2.356072785081393e+02
-0.33150 2.396255492601403e+02
-0.32986 2.430136164449898e+02
-0.32822 2.463644708088189e+02
-0.32658 2.497367563468185e+02
-0.32494 2.531119553866932e+02
-0.32331 2.564714201652012e+02
-0.32167 2.597968258475604e+02
-0.32003 2.630706117142778e+02
-0.31839 2.662763928569853e+02
-0.31675 2.693993263726265e+02
-0.31511 2.724264185612435e+02
-0.31348 2.753467628379927e+02
-0.31184 2.781517017412027e+02
-0.31020 2.808349103061720e+02
-0.30856 2.833924019241745e+02
-0.30692 2.858224613786017e+02
-0.30528 2.881255128384730e+02
-0.30364 2.903039330345059e+02
-0.30201 2.923618215410019e+02
-0.30037 2.943047409951237e+02
-0.29873 2.961394402184334e+02
-0.29709 2.978735726314145e+02
-0.29545 2.995154211786506e+02
-0.29381 3.010736393486948e+02
-0.29217 3.025570159318640e+02
-0.29054 3.039742690667899e+02
-0.28890 3.053338730282176e+02
-0.28726 3.066439192304391e+02
-0.28562 3.079120111629420e+02
-0.28398 3.091451915075644e+02
-0.28234 3.103498985497835e+02
-0.28071 3.115319482021512e+02
-0.27907 3.126965374924203e+02
-0.27743 3.138482652003917e+02
-0.27579 3.149911654101300e+02
-0.27415 3.161287500247665e+02
-0.27251 3.172640567138416e+02
-0.27087 3.183996992746575e+02
-0.26924 3.195379179414209e+02
-0.26760 3.206806277288631e+02
-0.26596 3.218294634192439e+02
-0.26432 3.229858202710799e+02
-0.26268 3.241508899308612e+02
-0.26104 3.253256913593920e+02
-0.25941 3.265110968420310e+02
-0.25777 3.277078533415927e+02
-0.25613 3.289165995813980e+02
-0.25449 3.301378793233625e+02
-0.25285 3.313721513418427e+02
-0.25121 3.326197965980626e+02
-0.24957 3.338811231009731e+02
-0.24794 3.351563689062820e+02
-0.24630 3.364457036621542e+02
-0.24466 3.377492290629002e+02
-0.24302 3.390669785242316e+02
-0.24138 3.403989163480598e+02
-0.23974 3.417449366027429e+02
-0.23810 3.431048619070124e+02
-0.23647 3.444784422728182e+02
-0.23483 3.458653541338666e+02
-0.23319 3.472651996623325e+02
-0.23155 3.486775064557328e+02
-0.22991 3.501017276586569e+02
-0.22827 3.515372425696014e+02
-0.22664 3.529833577711129e+02
-0.22500 3.544393088115952e+02
-0.22336 3.555626566823773e+02
-0.22172 3.570357137657326e+02
-0.22008 3.585159126115101e+02
-0.21844 3.600022330882485e+02
-0.21680 3.614936012648582e+02
-0.21517 3.629888946956260e+02
-0.21353 3.644869483481733e+02
-0.21189 3.659865611978741e+02
-0.21025 3.674865035207768e+02
-0.20861 3.689855249263511e+02
-0.20697 3.704823631797986e+02
-0.20534 3.719757538693817e+02
-0.20370 3.734644409743779e+02
-0.20206 3.749471883808263e+02
-0.20042 3.764227923714889e+02
-0.19878 3.778900950798867e+02
-0.19714 3.793479988430873e+02
-0.19550 3.807954813130285e+02
-0.19387 3.822316110948290e+02
-0.19223 3.836555635835010e+02
-0.19059 3.850666365933853e+02
-0.18895 3.864642653689426e+02
-0.18731 3.878480367253348e+02
-0.18567 3.892177025490022e+02
-0.18403 3.905731939228070e+02
-0.18240 3.919146390118534e+02
-0.18076 3.932423908008889e+02
-0.17912 3.945570748079278e+02
-0.17748 3.958596714103713e+02
-0.17584 3.971516508008934e+02
-0.17420 3.984351779766419e+02
-0.17257 3.997133967335420e+02
-0.17093 4.009907818504854e+02
-0.16929 4.022735165568197e+02
-0.16765 4.035698123803444e+02
-0.16601 4.048900520470883e+02
-0.16437 4.062625896242728e+02
-0.16273 4.076692808928117e+02
-0.16110 4.091402378752679e+02
-0.15946 4.106884894892698e+02
-0.15782 4.123242659264540e+02
-0.15618 4.140533579604892e+02
-0.15454 4.158758052816318e+02
-0.15290 4.177851411950507e+02
-0.15127 4.197683087045296e+02
-0.14963 4.218062413126381e+02
-0.14799 4.238750152446233e+02
-0.14635 4.259474466531577e+02
-0.14471 4.279950105513446e+02
-0.14307 4.299899590777409e+02
-0.14143 4.319074845066455e+02
-0.13980 4.337277096702821e+02
-0.13816 4.354372336739465e+02
-0.13652 4.370299655593486e+02
-0.13488 4.385070733323142e+02
-0.13324 4.398760466699438e+02
-0.13160 4.411490636001217e+02
-0.12996 4.423409952667307e+02
-0.12833 4.434674292349216e+02
-0.12669 4.445430327593393e+02
-0.12505 4.455804454794428e+02
-0.12341 4.465897392290104e+02
-0.12177 4.475783597521706e+02
-0.12013 4.485513979933457e+02
-0.11850 4.495120285606183e+02
-0.11686 4.504619831674539e+02
-0.11522 4.514019744630823e+02
-0.11358 4.523320316037616e+02
-0.11194 4.532517425731489e+02
-0.11030 4.568535400648865e+02
-0.10866 4.577503141367150e+02
-0.10703 4.586342153597342e+02
-0.10539 4.595042059871810e+02
-0.10375 4.603592139237167e+02
-0.10211 4.644047390177245e+02
-0.10047 4.652265577555445e+02
-0.09883 4.660302297862623e+02
-0.09720 4.668148043842057e+02
-0.09556 4.675794280146063e+02
-0.09392 4.683233712583849e+02
-0.09228 4.690460538500271e+02
-0.09064 4.697470663859283e+02
-0.08900 4.704261873521256e+02
-0.08736 4.710833943579378e+02
-0.08573 4.717188688101101e+02
-0.08409 4.723329936793684e+02
-0.08245 4.729263444534656e+02
-0.08081 4.734996737947751e+02
-0.07917 4.740538907887713e+02
-0.07753 4.745900359537409e+02
-0.07589 4.751092533640247e+02
-0.07426 4.756127613126540e+02
-0.07262 4.761018229088428e+02
-0.07098 4.765777178845532e+02
-0.06934 4.770417166919745e+02
-0.06770 4.774950577332677e+02
-0.06606 4.779389282997402e+02
-0.06443 4.783744495319903e+02
-0.06279 4.788026654651399e+02
-0.06115 4.792245360086204e+02
-0.05951 4.796409335379753e+02
-0.05787 4.800526426514445e+02
-0.05623 4.804603625669364e+02
-0.05459 4.808647116018419e+02
-0.05296 4.812662331828926e+02
-0.05132 4.816654028681240e+02
-0.04968 4.820626359194702e+02
-0.04804 4.824582950344740e+02
-0.04640 4.828526979215013e+02
-0.04476 4.832461244785646e+02
-0.04313 4.836388234066706e+02
-0.04149 4.840310181511152e+02
-0.03985 4.844229121166491e+02
-0.03821 4.848146931440542e+02
-0.03657 4.852065372667526e+02
-0.03493 4.855986117874888e+02
-0.03329 4.859910777282013e+02
-0.03166 4.863840917125818e+02
-0.03002 4.867778073419212e+02
-0.02838 4.871723761223990e+02
-0.02674 4.875679479970485e+02
-0.02510 4.879646715295394e+02
-0.02346 4.883626937803846e+02
-0.02182 4.887621599099228e+02
-0.02019 4.891632125367470e+02
-0.01855 4.895659908756780e+02
-0.01691 4.899706296756485e+02
-0.01527 4.903772579753724e+02
-0.01363 4.907859976931152e+02
-0.01199 4.911969620662763e+02
-0.01036 4.916102539566638e+02
-0.00872 4.920259640381379e+02
-0.00708 4.924441688846520e+02
-0.00544 4.928649289783345e+02
-0.00380 4.932882866591487e+02
-0.00216 4.937142640396413e+02
-0.00052 4.941428609101616e+02
0.00111 4.945740526617879e+02
0.00275 4.950077882556845e+02
0.00439 4.954439882689152e+02
0.00603 4.958825430475444e+02
0.00767 4.963233109983332e+02
0.00931 4.967661170502236e+02
0.01094 4.972107513162898e+02
0.01258 4.976569679856970e+02
0.01422 4.981044844736023e+02
0.01586 4.985529808547761e+02
0.01750 4.990020996041129e+02
0.01914 4.994514456640636e+02
0.02078 4.999005868555712e+02
0.02241 5.003490546451849e+02
0.02405 5.007963452769539e+02
0.02569 5.012419212732963e+02
0.02733 5.016852133045900e+02
0.02897 5.021256224226351e+02
0.03061 5.025625226486484e+02
0.03225 5.029952639018988e+02
0.03388 5.034231752508258e+02
0.03552 5.038455684642963e+02
0.03716 5.042617418367670e+02
0.03880 5.046709842575051e+02
0.04044 5.050725794906754e+02
0.04208 5.103085560331369e+02
0.04371 5.106927100932622e+02
0.04535 5.110670826943625e+02
0.04699 5.114309828001757e+02
0.04863 5.117837374624762e+02
0.05027 5.121246965272165e+02
0.05191 5.124532372555470e+02
0.05355 5.127687688126645e+02
0.05518 5.130707365771968e+02
0.05682 5.133586262237847e+02
0.05846 5.136319675311017e+02
0.06010 5.138903378659226e+02
0.06174 5.141333652887516e+02
0.06338 5.143607312136954e+02
0.06501 5.145721725261028e+02
0.06665 5.147674830003351e+02
0.06829 5.149465137395481e+02
0.06993 5.151091721354710e+02
0.07157 5.152554184528171e+02
0.07321 5.153852584913570e+02
0.07485 5.154987297658786e+02
0.07648 5.155958771810604e+02
0.07812 5.156767122445418e+02
0.07976 5.157411475969367e+02
0.08140 5.157888964588115e+02
0.08304 5.158193253131565e+02
0.08468 5.158312490212835e+02
0.08632 5.158226622382019e+02
0.08795 5.157904111158767e+02
0.08959 5.157298259416909e+02
0.09123 5.156343581898586e+02
0.09287 5.154952917489621e+02
0.09451 5.153016221987860e+02
0.09615 5.150402116522913e+02
0.09778 5.146963203627225e+02
0.09942 5.142545820667294e+02
0.10106 5.137004250006305e+02
0.10270 5.130218500948381e+02
0.10434 5.122113772174835e+02
0.10598 5.112678829438757e+02
0.10762 5.101980058038199e+02
0.10925 5.090168094050993e+02
0.11089 5.077474796631907e+02
0.11253 5.064199806934406e+02
0.11417 5.050687770926531e+02
0.11581 5.037299077221856e+02
0.11745 5.024378248877346e+02
0.11908 5.012224604886152e+02
0.12072 5.001069350354156e+02
0.12236 4.991061982483564e+02
0.12400 4.982267134874587e+02
0.12564 4.974671153055596e+02
0.12728 4.968196207592684e+02
0.12892 4.962718886898387e+02
0.13055 4.958090061061754e+02
0.13219 4.954153276443867e+02
0.13383 4.950759804111618e+02
0.13547 4.947779450869434e+02
0.13711 4.945107108007699e+02
0.13875 4.942665603112303e+02
0.14039 4.940405682285461e+02
0.14202 4.938303925533702e+02
0.14366 4.936359191417908e+02
0.14530 4.934587927609747e+02
0.14694 4.933018489941023e+02
0.14858 4.931684563008580e+02
0.15022 4.930617893330808e+02
0.15185 4.929840793571447e+02
0.15349 4.929359164375841e+02
0.15513 4.915776022602434e+02
0.15677 4.915812340892033e+02
0.15841 4.916021415233654e+02
0.16005 4.916316454163706e+02
0.16169 4.916596527602176e+02
0.16332 4.916755746498692e+02
0.16496 4.916693291877761e+02
0.16660 4.916322698427605e+02
0.16824 4.915578957000137e+02
0.16988 4.914422459083440e+02
0.17152 4.912839443722127e+02
0.17315 4.910839261952834e+02
0.17479 4.908449293511802e+02
0.17643 4.905708634926109e+02
0.17807 4.902661699309120e+02
0.17971 4.899352666934236e+02
0.18135 4.895821387636808e+02
0.18299 4.892100960456760e+02
0.18462 4.888216887442912e+02
0.18626 4.884187470705203e+02
0.18790 4.880025012830015e+02
0.18954 4.875737379454633e+02
0.19118 4.871329559476356e+02
0.19282 4.866804976527744e+02
0.19446 4.862166430901233e+02
0.19609 4.857416658361618e+02
0.19773 4.852558566524927e+02
0.19937 4.847595246779961e+02
0.20101 4.842529864745395e+02
0.20265 4.837365514862606e+02
0.20429 4.832105096386219e+02
0.20592 4.826751238772768e+02
0.20756 4.821306281013988e+02
0.20920 4.815772294761650e+02
0.21084 4.810151134925450e+02
0.21248 4.804444501642141e+02
0.21412 4.798654001314363e+02
0.21576 4.792781199340323e+02
0.21739 4.786827661551361e+02
0.21903 4.780794984478125e+02
0.22067 4.774684816281945e+02
0.22231 4.770192110823108e+02
0.22395 4.763932177102172e+02
0.22559 4.757600126336527e+02
0.22722 4.751197917683370e+02
0.22886 4.744727603910326e+02
0.23050 4.738191337517328e+02
0.23214 4.731591377712412e+02
0.23378 4.724930098454083e+02
0.23542 4.718209997656146e+02
0.23706 4.711433707564627e+02
0.23869 4.704604006243191e+02
0.24033 4.697723830033102e+02
0.24197 4.690796286780189e+02
0.24361 4.683824669540845e+02
0.24525 4.676812470390943e+02
0.24689 4.669763393862803e+02
0.24853 4.662681369426948e+02
0.25016 4.655570562313677e+02
0.25180 4.648435381831454e+02
0.25344 4.641280486181392e+02
0.25508 4.634110782580734e+02
0.25672 4.626931421288627e+02
0.25836 4.619747781863202e+02
0.25999 4.612565449667850e+02
0.26163 4.605390180283458e+02
0.26327 4.598227849085341e+02
0.26491 4.591084382836577e+02
0.26655 4.583965669787769e+02
0.26819 4.576877444543298e+02
0.26983 4.569825143981425e+02
0.27146 4.562813730960412e+02
0.27310 4.555847483597479e+02
0.27474 4.548929749772713e+02
0.27638 4.542062669364060e+02
0.27802 4.535246870674970e+02
0.27966 4.483904620538123e+02
0.28129 4.477185637688858e+02
0.28293 4.470507612956042e+02
0.28457 4.463862106901273e+02
0.28621 4.474614405534350e+02
0.28785 4.467997411273461e+02
0.28949 4.461370959306647e+02
0.29113 4.454716081945751e+02
0.29276 4.448012129828460e+02
0.29440 4.427904060984699e+02
0.29604 4.421040072356603e+02
0.29768 4.414062075866524e+02
0.29932 4.406955567876057e+02
0.30096 4.399708045307426e+02
0.30260 4.388202899271116e+02
0.30423 4.380660352894246e+02
0.30587 4.367403468385787e+02
0.30751 4.359600110343005e+02
0.30915 4.351700317547054e+02
0.31079 4.343737381713940e+02
0.31243 4.335751050797446e+02
0.31406 4.327785619417874e+02
0.31570 4.319887716967990e+02
0.31734 4.312104220089062e+02
0.31898 4.304480840969540e+02
0.32062 4.297061894044445e+02
0.32226 4.289891374189741e+02
0.32390 4.283014758068840e+02
0.32553 4.276480172019679e+02
0.32717 4.270337456996621e+02
0.32881 4.264634647707771e+02
0.33045 4.259412195295919e+02
0.33209 4.254693008759130e+02
0.33373 4.250461965577036e+02
0.33536 4.246632377391825e+02
0.33700 4.243017632619517e+02
0.33864 4.239345235542973e+02
0.34028 4.235330644680031e+02
0.34192 4.230773288070816e+02
0.34356 4.225608934622547e+02
0.34520 4.219890248698940e+02
0.34683 4.213726353401793e+02
0.34847 4.207228974502334e+02
0.35011 4.200486524522096e+02
0.35175 4.193560050707602e+02
0.35339 4.186488123302397e+02
0.35503 4.179293085625631e+02
0.35667 4.171986291885469e+02
0.35830 4.164571902096655e+02
0.35994 4.157049186361153e+02
0.36158 4.149413431736152e+02
0.36322 4.141655687863159e+02
0.36486 4.133761695967453e+02
0.36650 4.125710441000074e+02
0.36813 4.117472886213160e+02
0.36977 4.109011578960079e+02
0.37141 4.100281883043782e+02
0.37305 4.058827979421217e+02
0.37469 4.049419055293994e+02
0.37633 4.039612650966886e+02
0.37797 4.040433564945723e+02
0.37960 4.029819246556738e+02
0.38124 4.018861036702535e+02
0.38288 4.007649798614702e+02
0.38452 3.996311051616507e+02
0.38616 3.984994973130393e+02
0.38780 3.973861724739809e+02
0.38943 3.963064649168007e+02
0.39107 3.952734448324479e+02
0.39271 3.942967205009930e+02
0.39435 3.933818132166861e+02
0.39599 3.925301539927876e+02
0.39763 3.917396131550859e+02
0.39927 3.910053758828728e+02
0.40090 3.903209399684968e+02
0.40254 3.896790363678909e+02
0.40418 3.890723406254966e+02
0.40582 3.884939274460253e+02
0.40746 3.879374959751385e+02
0.40910 3.873974417763500e+02
0.41074 3.868688653657946e+02
0.41237 3.863475887536480e+02
0.41401 3.858302111340229e+02
0.41565 3.853141885241394e+02
0.41729 3.847978872621401e+02
0.41893 3.842805516867683e+02
0.42057 3.837621467775899e+02
0.42220 3.832430795805301e+02
0.42384 3.827238511889929e+02
0.42548 3.822047232179884e+02
0.42712 3.816854851984954e+02
0.42876 3.811653865082544e+02
0.43040 3.806433254850168e+02
0.43204 3.801189896249887e+02
0.43367 3.795990337293731e+02
0.43531 3.791218192233670e+02
0.43695 3.806173543437228e+02
0.43859 3.807522353602415e+02
0.44023 3.816155425862256e+02
0.44187 3.831728136155198e+02
0.44350 3.848861384803495e+02
0.44514 3.860874144398925e+02
0.44678 3.993588193111149e+02
0.44842 3.992136809665541e+02
0.45006 3.988054779209266e+02
0.45170 3.983279692966242e+02
0.45334 3.978549869018086e+02
0.45497 3.974071011599139e+02
0.45661 3.969902264249807e+02
0.45825 3.966073021099756e+02
0.45989 3.962608611037741e+02
0.46153 3.959538726577416e+02
0.46317 3.956899559857918e+02
0.46481 3.954723816163084e+02
0.46644 3.953015976696653e+02
0.46808 3.951724238291653e+02
0.46972 3.950732171741763e+02
0.47136 3.949885416122427e+02
0.47300 3.949041938725999e+02
0.47464 3.948113012596094e+02
0.47627 3.947068924915554e+02
0.47791 3.945911404238709e+02
0.47955 3.944635769582054e+02
0.48119 3.943204202025739e+02
0.48283 3.941536736695167e+02
0.48447 3.939515336223005e+02
0.48611 3.936994595428039e+02
0.48774 3.933815640630308e+02
0.48938 3.929822160706902e+02
0.49102 3.924877709958134e+02
0.49266 3.918882518380557e+02
0.49430 3.911787289529749e+02
0.49594 3.903601431933505e+02
0.49757 3.894393895611487e+02
0.49921 3.884286052296382e+02
0.50085 3.873437533893866e+02
0.50249 3.862027263845303e+02
0.50413 3.850232767137215e+02
0.50577 3.838211043663177e+02
0.50741 3.826083827202429e+02
0.50904 3.677620035091388e+02
0.51068 3.665470329213949e+02
0.51232 3.653317514450080e+02
0.51396 3.641122219519901e+02
0.51560 3.628826036359892e+02
0.51724 3.616364069581638e+02
0.51888 3.603675625590767e+02
0.52051 3.590711231541717e+02
0.52215 3.577434859394347e+02
0.52379 3.563821141673466e+02
0.52543 3.549848392043085e+02
0.52707 3.535489184811689e+02
0.52871 3.488659118918384e+02
0.53034 3.473376538064219e+02
0.53198 3.457509092097733e+02
0.53362 3.440942470289265e+02
0.53526 3.423544889611111e+02
0.53690 3.405176192349072e+02
0.53854 3.385697762610548e+02
0.54018 3.364981257964275e+02
0.54181 3.342914717204516e+02
0.54345 3.319405444497576e+02
0.54509 3.294379915058753e+02
0.54673 3.267781581750928e+02
0.54837 3.239567750441194e+02
0.55001 3.209706526172906e+02
0.55164 3.178174041977414e+02
0.55328 3.144950642895707e+02
0.55492 3.110013082315932e+02
0.55656 3.073321049943252e+02
0.55820 3.034805804110201e+02
0.55984 2.994386523334409e+02
0.56148 2.952043809176766e+02
0.56311 2.907927176048190e+02
0.56475 2.862381261288843e+02
0.56639 2.815793687889480e+02
0.56803 2.768379764120106e+02
0.56967 2.720151295562322e+02
0.57131 2.671091785059920e+02
0.57295 2.621296645763942e+02
0.57458 2.570952980487778e+02
0.57622 2.520276742570934e+02
0.57786 2.469506434253800e+02
0.57950 2.418912285390084e+02
0.58114 2.368771003907193e+02
0.58278 2.319312687020186e+02
0.58441 2.270517259990514e+02
0.58605 2.221984206213390e+02
0.58769 2.171412516783195e+02
0.58933 2.122087877839202e+02
0.59097 2.079603597319305e+02
0.59261 2.040640130970075e+02
0.59425 2.005538559888974e+02
0.59588 1.975250290382940e+02
0.59752 1.950690239552677e+02
0.59916 1.932540259784842e+02
0.60080 1.921091510858483e+02
0.60244 1.899566796146593e+02
0.60408 1.900153222034453e+02
0.60571 1.907937828302150e+02
0.60735 1.922904756915221e+02
0.60899 1.944058595525065e+02
0.61063 1.973491070239408e+02
0.61227 2.030093897257032e+02
0.61391 2.066298884887541e+02
0.61555 2.084402448477841e+02
0.61718 2.092153501962966e+02
0.61882 2.112087259061747e+02
0.62046 2.135748063060387e+02
0.62210 2.162513829591544e+02
0.62374 2.374727884173516e+02
0.62538 2.391134707526630e+02
0.62702 2.409740297283897e+02
0.62865 2.418894531049048e+02
0.63029 2.419925224368705e+02
0.63193 2.452621879310281e+02
0.63357 2.543426443375871e+02
0.63521 2.687566084216014e+02
0.63685 2.815136806596445e+02
0.63848 1.911276309729334e+02
